77 77
0 3e-06 -7e-06 -1e-06 1e-06 0.000121 1e-06 -0.000205 -0.005357 -1.6e-05 0.000246 0.000175 -4e-06 6e-06 -7.3e-05 8e-06 -2.4e-05 2.5e-05 -6.2e-05 0.000439 0.000165 0.004595 0.003719 -0.000169 -0.000826 -9.7e-05 0.015637 -0.001947 -0.000229 0.001213 0.005131 -4.7e-05 0.000503 -0.000216 -0.007019 0.133606 0.594234 -0.007251 -0.01947 -0.20572 0.037147 -0.05898 0.022971 0.14897 -0.004308 -0.190044 0.04507 0.009345 -0.624921 -0.013182 -0.20074 0.182025 -0.041066 0.11262 0.017869 0.14563 0.092384 -0.101615 0.002966 0.016761 0.012601 0.021317 -0.015101 -0.006509 -0.0 0.0 0.0 -0.0 -0.0 0.0 0.0 0.0 0.0 0.0 0.0 0.0 -0.0 -0.0
1 7e-06 7e-06 0.000143 -0.035216 -5.6e-05 -0.000715 5.7e-05 2.2e-05 -3e-06 0.000301 0.000696 0.000232 0.000426 0.000336 0.001363 -0.013757 0.001938 -0.002059 -0.001412 0.001794 -9.3e-05 0.000181 0.000155 0.000145 0.01257 0.000356 -0.000711 -0.078523 -0.039591 0.003794 0.09578 -0.01225 -0.026354 0.000104 3.2e-05 0.000128 4e-05 1.9e-05 -0.000484 0.007181 -0.004791 -0.000872 -0.00525 -5e-06 -0.000193 6e-05 -0.000585 0.000322 -0.014013 -0.000193 -8e-05 0.001208 0.002261 -0.003887 -0.005103 0.001301 -0.020624 0.316635 -0.018458 -0.177601 0.116436 0.43483 -0.803168 -0.0 0.0 0.0 0.0 0.0 0.0 0.0 -0.0 0.0 0.0 0.0 -0.0 0.0 -0.0
2 -4.5e-05 5e-05 2.8e-05 9e-06 0.012209 0.000212 -0.006884 -0.384924 -0.001214 0.014091 0.009617 -0.000224 0.00023 -0.000165 8.5e-05 0.000189 0.000659 -0.001481 0.004066 0.000786 -0.001158 0.000177 0.002361 -0.003398 0.00192 -0.103862 0.027895 0.001385 0.000528 -0.006214 0.001697 -0.003089 -0.000393 0.00202 -0.014082 -0.097986 -0.001225 0.003952 -0.187609 0.038561 -0.044428 0.026994 0.165584 0.001606 0.053974 -0.008891 0.077141 0.12601 -0.022721 0.043321 -0.047462 -0.066918 0.333555 0.04384 0.576893 0.165485 -0.470608 0.006144 0.061236 0.052379 0.13321 -0.090502 -0.04243 0.0 0.0 0.0 -0.0 -0.0 0.0 -0.0 0.0 -0.0 -0.0 0.0 -0.0 0.0 -0.0
3 0.000122 -0.00028 -1.2e-05 -8e-06 -0.007038 -0.00016 0.006225 0.35722 0.00119 -0.013917 -0.009629 0.000239 -0.000239 0.000459 -0.000153 0.000164 -0.00029 0.000279 -0.002889 -0.001207 -0.003451 0.001865 0.004984 0.010625 0.003394 -0.201125 0.054748 0.002609 -0.000533 -0.02938 0.003215 -0.005462 -0.00016 0.003303 -0.015077 -0.109516 -0.001652 0.00414 -0.227965 0.046979 -0.053215 0.032528 0.199505 0.001618 0.053042 -0.008493 0.089475 0.109018 -0.026478 0.037836 -0.042195 -0.069417 0.338719 0.046308 0.570875 0.161186 -0.433758 0.005146 0.0528 0.043313 0.12752 -0.081978 -0.035806 0.0 0.0 0.0 -0.0 -0.0 0.0 -0.0 0.0 0.0 -0.0 0.0 -0.0 0.0 -0.0
4 7e-06 7e-06 0.000143 -0.035216 -5.6e-05 -0.000715 5.7e-05 2.2e-05 -3e-06 0.000301 0.000696 0.000232 0.000426 0.000336 0.001363 -0.013757 0.001938 -0.002059 -0.001412 0.001794 -9.3e-05 0.000181 0.000155 0.000145 0.01257 0.000356 -0.000711 -0.078523 -0.039591 0.003794 0.09578 -0.01225 -0.026354 0.000104 3.2e-05 0.000128 4e-05 1.9e-05 -0.000484 0.007181 -0.004791 -0.000872 -0.00525 -5e-06 -0.000193 6e-05 -0.000585 0.000322 -0.014013 -0.000193 -8e-05 0.001208 0.002261 -0.003887 -0.005103 0.001301 -0.020624 0.316635 -0.018458 -0.177601 0.116436 0.43483 -0.803168 -0.0 0.0 0.0 0.0 0.0 0.0 0.0 -0.0 0.0 0.0 0.0 -0.0 0.0 -0.0
5 7e-06 7e-06 0.000143 -0.035216 -5.6e-05 -0.000715 5.7e-05 2.2e-05 -3e-06 0.000301 0.000696 0.000232 0.000426 0.000336 0.001363 -0.013757 0.001938 -0.002059 -0.001412 0.001794 -9.3e-05 0.000181 0.000155 0.000145 0.01257 0.000356 -0.000711 -0.078523 -0.039591 0.003794 0.09578 -0.01225 -0.026354 0.000104 3.2e-05 0.000128 4e-05 1.9e-05 -0.000484 0.007181 -0.004791 -0.000872 -0.00525 -5e-06 -0.000193 6e-05 -0.000585 0.000322 -0.014013 -0.000193 -8e-05 0.001208 0.002261 -0.003887 -0.005103 0.001301 -0.020624 0.316635 -0.018458 -0.177601 0.116436 0.43483 -0.803168 -0.0 0.0 0.0 0.0 0.0 0.0 0.0 -0.0 0.0 0.0 0.0 -0.0 0.0 -0.0
6 7e-06 7e-06 0.000143 -0.035216 -5.6e-05 -0.000715 5.7e-05 2.2e-05 -3e-06 0.000301 0.000696 0.000232 0.000426 0.000336 0.001363 -0.013757 0.001938 -0.002059 -0.001412 0.001794 -9.3e-05 0.000181 0.000155 0.000145 0.01257 0.000356 -0.000711 -0.078523 -0.039591 0.003794 0.09578 -0.01225 -0.026354 0.000104 3.2e-05 0.000128 4e-05 1.9e-05 -0.000484 0.007181 -0.004791 -0.000872 -0.00525 -5e-06 -0.000193 6e-05 -0.000585 0.000322 -0.014013 -0.000193 -8e-05 0.001208 0.002261 -0.003887 -0.005103 0.001301 -0.020624 0.316635 -0.018458 -0.177601 0.116436 0.43483 -0.803168 -0.0 0.0 0.0 0.0 0.0 0.0 0.0 -0.0 0.0 0.0 0.0 -0.0 0.0 -0.0
7 7e-06 7e-06 0.000143 -0.035216 -5.6e-05 -0.000715 5.7e-05 2.2e-05 -3e-06 0.000301 0.000696 0.000232 0.000426 0.000336 0.001363 -0.013757 0.001938 -0.002059 -0.001412 0.001794 -9.3e-05 0.000181 0.000155 0.000145 0.01257 0.000356 -0.000711 -0.078523 -0.039591 0.003794 0.09578 -0.01225 -0.026354 0.000104 3.2e-05 0.000128 4e-05 1.9e-05 -0.000484 0.007181 -0.004791 -0.000872 -0.00525 -5e-06 -0.000193 6e-05 -0.000585 0.000322 -0.014013 -0.000193 -8e-05 0.001208 0.002261 -0.003887 -0.005103 0.001301 -0.020624 0.316635 -0.018458 -0.177601 0.116436 0.43483 -0.803168 -0.0 0.0 0.0 0.0 0.0 0.0 0.0 -0.0 0.0 0.0 0.0 -0.0 0.0 -0.0
8 0.000107 8.9e-05 -0.03751 0.000979 -0.00038 -0.014549 0.001511 -0.000301 0.018434 -0.003265 0.009368 0.107482 0.013236 0.011191 -0.005108 -0.005515 0.032144 -0.016724 -0.101973 0.404634 -0.080873 0.103171 0.015814 0.008471 0.003427 0.005475 -0.005609 0.326931 -0.003796 -0.011546 0.289747 0.285595 0.022862 0.002859 -0.000701 -0.005064 0.000367 0.000223 -0.009942 0.000557 -0.0068 0.001909 0.011693 5.1e-05 0.001674 -0.000234 0.011465 -0.004797 0.249056 0.003074 0.000398 0.005254 -0.020418 0.01117 0.0283 0.004982 0.026924 0.004501 0.046951 -0.276326 -0.221028 -0.425218 -0.383481 -0.0 0.0 0.0 0.0 0.0 0.0 -0.0 -0.0 0.0 -0.0 0.0 -0.0 0.0 -0.0
9 7e-06 7e-06 0.000143 -0.035216 -5.6e-05 -0.000715 5.7e-05 2.2e-05 -3e-06 0.000301 0.000696 0.000232 0.000426 0.000336 0.001363 -0.013757 0.001938 -0.002059 -0.001412 0.001794 -9.3e-05 0.000181 0.000155 0.000145 0.01257 0.000356 -0.000711 -0.078523 -0.039591 0.003794 0.09578 -0.01225 -0.026354 0.000104 3.2e-05 0.000128 4e-05 1.9e-05 -0.000484 0.007181 -0.004791 -0.000872 -0.00525 -5e-06 -0.000193 6e-05 -0.000585 0.000322 -0.014013 -0.000193 -8e-05 0.001208 0.002261 -0.003887 -0.005103 0.001301 -0.020624 0.316635 -0.018458 -0.177601 0.116436 0.43483 -0.803168 -0.0 0.0 0.0 0.0 0.0 0.0 0.0 -0.0 0.0 0.0 0.0 -0.0 0.0 -0.0
10 -2e-06 -0.0 1.2e-05 -0.002086 4.6e-05 0.000536 -2.3e-05 6.4e-05 -0.000437 0.00036 -0.000193 0.001029 -0.000176 0.000606 -0.00209 0.014462 -0.000652 0.000481 -0.000229 -0.000702 0.000533 -0.001159 -0.000703 -6e-05 0.002504 3.4e-05 8.8e-05 -0.020054 -0.010893 0.001107 0.030768 -0.002898 -0.002973 0.000587 7.6e-05 0.000453 0.000266 7.2e-05 0.000328 0.00617 -0.003307 -0.000744 -0.004462 -8e-06 -0.000125 -1.9e-05 -0.000714 -0.000144 0.011665 0.000205 0.000158 0.010848 -0.017123 -0.002631 0.037418 0.013384 0.067758 -0.696979 0.09486 0.231639 0.048453 0.172904 -0.640945 -0.0 0.0 0.0 0.0 0.0 0.0 0.0 -0.0 0.0 0.0 0.0 -0.0 0.0 -0.0
11 -0.0 -0.0 -0.0 -0.0 0.0 -0.0 0.0 6e-06 0.0 -0.0 -0.0 0.0 0.0 -0.0 -0.0 -0.0 -0.0 1e-06 -2e-06 -1e-06 2.7e-05 2.8e-05 1e-06 3e-06 1e-06 -2.2e-05 4.7e-05 -0.0 -1e-05 -1.5e-05 -4e-06 2e-06 1e-06 0.000265 0.006028 -0.003267 -0.009351 0.020236 -0.000252 -0.000511 -0.001339 -0.703814 0.120196 -0.12942 -0.311609 -0.591411 0.048772 0.101656 0.001884 -0.08458 0.078487 -0.00085 0.001149 0.000284 0.000933 0.001366 -0.000594 3.4e-05 0.000131 8.8e-05 7.8e-05 -6.5e-05 -2.7e-05 0.0 0.0 0.0 0.0 0.0 -0.0 0.0 -0.0 -0.0 0.0 -0.0 0.0 0.0 -0.0
12 3.8e-05 4.1e-05 -0.013955 4e-05 0.0005 -0.011453 6.6e-05 -0.000263 0.034431 -0.010575 -0.007779 -0.008271 0.00183 0.01 0.112755 0.037266 0.208903 -0.100954 0.04078 -0.234463 -0.02844 0.040258 0.032524 0.007354 -0.026248 0.002626 0.002363 -0.032331 0.190459 -0.035622 0.10392 0.482291 -0.013981 0.00305 -0.000172 0.000351 0.00138 0.000343 0.012731 -0.014496 0.026516 0.001683 0.010145 -5.6e-05 -0.000421 -0.000634 -0.0148 0.004748 -0.504724 -0.007142 0.001173 -0.029192 0.056564 -0.048183 -0.104027 -0.036646 -0.083573 -0.035976 0.06425 -0.120881 -0.161786 -0.39055 -0.32657 -0.0 0.0 0.0 0.0 0.0 0.0 -0.0 -0.0 0.0 -0.0 0.0 -0.0 0.0 -0.0
13 -2e-06 -0.0 1.2e-05 -0.002086 4.6e-05 0.000536 -2.3e-05 6.4e-05 -0.000437 0.00036 -0.000193 0.001029 -0.000176 0.000606 -0.00209 0.014462 -0.000652 0.000481 -0.000229 -0.000702 0.000533 -0.001159 -0.000703 -6e-05 0.002504 3.4e-05 8.8e-05 -0.020054 -0.010893 0.001107 0.030768 -0.002898 -0.002973 0.000587 7.6e-05 0.000453 0.000266 7.2e-05 0.000328 0.00617 -0.003307 -0.000744 -0.004462 -8e-06 -0.000125 -1.9e-05 -0.000714 -0.000144 0.011665 0.000205 0.000158 0.010848 -0.017123 -0.002631 0.037418 0.013384 0.067758 -0.696979 0.09486 0.231639 0.048453 0.172904 -0.640945 -0.0 0.0 0.0 0.0 0.0 0.0 0.0 -0.0 0.0 0.0 0.0 -0.0 0.0 -0.0
14 -2e-06 -0.0 1.2e-05 -0.002086 4.6e-05 0.000536 -2.3e-05 6.4e-05 -0.000437 0.00036 -0.000193 0.001029 -0.000176 0.000606 -0.00209 0.014462 -0.000652 0.000481 -0.000229 -0.000702 0.000533 -0.001159 -0.000703 -6e-05 0.002504 3.4e-05 8.8e-05 -0.020054 -0.010893 0.001107 0.030768 -0.002898 -0.002973 0.000587 7.6e-05 0.000453 0.000266 7.2e-05 0.000328 0.00617 -0.003307 -0.000744 -0.004462 -8e-06 -0.000125 -1.9e-05 -0.000714 -0.000144 0.011665 0.000205 0.000158 0.010848 -0.017123 -0.002631 0.037418 0.013384 0.067758 -0.696979 0.09486 0.231639 0.048453 0.172904 -0.640945 -0.0 0.0 0.0 0.0 0.0 0.0 0.0 -0.0 0.0 0.0 0.0 -0.0 0.0 -0.0
15 -2e-06 -0.0 1.2e-05 -0.002086 4.6e-05 0.000536 -2.3e-05 6.4e-05 -0.000437 0.00036 -0.000193 0.001029 -0.000176 0.000606 -0.00209 0.014462 -0.000652 0.000481 -0.000229 -0.000702 0.000533 -0.001159 -0.000703 -6e-05 0.002504 3.4e-05 8.8e-05 -0.020054 -0.010893 0.001107 0.030768 -0.002898 -0.002973 0.000587 7.6e-05 0.000453 0.000266 7.2e-05 0.000328 0.00617 -0.003307 -0.000744 -0.004462 -8e-06 -0.000125 -1.9e-05 -0.000714 -0.000144 0.011665 0.000205 0.000158 0.010848 -0.017123 -0.002631 0.037418 0.013384 0.067758 -0.696979 0.09486 0.231639 0.048453 0.172904 -0.640945 -0.0 0.0 0.0 0.0 0.0 0.0 0.0 -0.0 0.0 0.0 0.0 -0.0 0.0 -0.0
16 0.004126 0.018639 -8e-06 -1.7e-05 -0.001817 -0.000127 -0.068198 -0.004739 4.8e-05 0.000514 0.000228 0.000292 4.7e-05 -0.000991 -0.000189 -0.000606 0.000842 0.000107 0.002426 0.001757 0.005844 -0.006929 -0.007973 0.256221 0.002374 0.058191 -0.016952 0.000224 -0.019443 -0.708179 0.012934 -0.049357 0.000235 0.003183 0.006605 0.039566 0.002355 -0.000326 0.054655 -0.006448 0.022319 -0.007307 -0.044643 -0.000111 -0.002192 3.2e-05 -0.022791 0.013423 0.004828 0.004383 -0.003556 -0.002207 0.037145 -0.009579 0.026039 0.021265 0.066729 -0.006611 -0.032028 -0.066262 0.580233 -0.247629 -0.050058 0.0 0.0 0.0 -0.0 -0.0 0.0 -0.0 0.0 -0.0 -0.0 0.0 -0.0 0.0 -0.0
17 -0.0055 0.124839 3.3e-05 1.5e-05 -0.003615 -0.000147 -0.084277 0.002603 -5e-06 -0.000115 -7.8e-05 0.000163 3.6e-05 0.000104 -0.00016 -0.000127 -0.000685 0.002647 -0.012643 -0.006172 -0.012999 0.015952 0.011464 -0.333203 -0.001109 -0.015309 0.003525 0.001148 -0.001135 -0.008136 0.001437 0.000516 0.000247 -8.7e-05 -0.000379 -0.00285 -0.000188 2.3e-05 -0.005642 0.001125 -0.002912 0.000663 0.004079 1.1e-05 0.000149 3.3e-05 0.002187 -0.001164 0.000629 -0.000223 3e-05 -0.016853 0.056223 -0.014488 -0.032683 0.02705 0.195197 -0.010427 -0.056395 -0.107396 0.826273 -0.345626 -0.067236 0.0 0.0 0.0 0.0 -0.0 0.0 -0.0 0.0 -0.0 -0.0 0.0 -0.0 0.0 -0.0
18 -0.0055 0.124839 3.3e-05 1.5e-05 -0.003615 -0.000147 -0.084277 0.002603 -5e-06 -0.000115 -7.8e-05 0.000163 3.6e-05 0.000104 -0.00016 -0.000127 -0.000685 0.002647 -0.012643 -0.006172 -0.012999 0.015952 0.011464 -0.333203 -0.001109 -0.015309 0.003525 0.001148 -0.001135 -0.008136 0.001437 0.000516 0.000247 -8.7e-05 -0.000379 -0.00285 -0.000188 2.3e-05 -0.005642 0.001125 -0.002912 0.000663 0.004079 1.1e-05 0.000149 3.3e-05 0.002187 -0.001164 0.000629 -0.000223 3e-05 -0.016853 0.056223 -0.014488 -0.032683 0.02705 0.195197 -0.010427 -0.056395 -0.107396 0.826273 -0.345626 -0.067236 0.0 0.0 0.0 0.0 -0.0 0.0 -0.0 0.0 -0.0 -0.0 0.0 -0.0 0.0 -0.0
19 0.020375 -0.297648 -7.9e-05 -6.3e-05 0.003224 0.000227 0.179561 -0.003452 -7.2e-05 0.001179 0.00126 -0.000605 0.000146 0.000214 5.2e-05 8.8e-05 -0.000926 0.003522 -0.016284 -0.007748 -0.013409 0.016078 0.008864 -0.243353 -0.000876 -0.00396 0.000367 0.000351 -0.002966 -0.082385 0.001849 -0.005919 -0.000136 5.3e-05 0.000122 0.000115 -3.6e-05 0.0 -0.001082 0.000718 -0.001787 0.000148 0.00092 9e-06 0.000278 -2.7e-05 0.001457 9.7e-05 0.000516 0.000233 -0.000446 -0.01858 0.063532 -0.014784 -0.027998 0.030608 0.196668 -0.010391 -0.055542 -0.105447 0.798922 -0.332131 -0.062357 0.0 0.0 0.0 0.0 -0.0 0.0 -0.0 0.0 -0.0 -0.0 0.0 -0.0 0.0 -0.0
20 -0.136174 0.112672 -3.9e-05 -3.8e-05 0.007991 0.000474 0.333174 -0.006866 -7.7e-05 0.001418 0.001561 -0.00115 9.6e-05 0.000491 0.000468 0.000687 -0.000104 -0.001074 0.003498 0.001157 0.005642 -0.007425 -0.008155 0.249049 0.000157 0.008202 -0.00168 -0.002501 0.004488 0.128513 -0.005296 0.00549 -0.001241 -0.00108 -0.001468 -0.008866 -0.000629 6.9e-05 -0.01094 0.002028 -0.006696 0.001799 0.01096 4.5e-05 0.001308 -0.000158 0.007983 -0.002127 -0.002757 -0.000519 -6e-06 -0.014199 0.045943 -0.007526 -0.02022 0.027317 0.181175 -0.010209 -0.052819 -0.102207 0.785959 -0.327351 -0.061172 0.0 0.0 0.0 -0.0 -0.0 0.0 -0.0 0.0 -0.0 -0.0 0.0 -0.0 0.0 -0.0
21 0.239228 0.031798 5e-05 4.6e-05 0.000605 2.2e-05 0.00887 -0.000864 1.7e-05 -0.000144 -0.000103 -0.000224 -5.8e-05 0.000255 0.000285 0.000492 0.000504 -0.003257 0.013041 0.005442 0.011131 -0.013695 -0.009618 0.275131 0.000288 0.000822 0.000644 -0.002171 0.007234 0.224399 -0.006646 0.012992 -0.00101 -0.001332 -0.002075 -0.012354 -0.000824 9.2e-05 -0.015891 0.002444 -0.007946 0.002396 0.014616 4.8e-05 0.001199 -9.5e-05 0.008956 -0.003533 -0.003092 -0.001053 0.000534 -0.011014 0.033652 -0.005688 -0.023136 0.022417 0.174143 -0.010107 -0.052675 -0.102684 0.805792 -0.338016 -0.065638 0.0 0.0 0.0 -0.0 -0.0 0.0 -0.0 0.0 -0.0 -0.0 0.0 -0.0 0.0 -0.0
22 -0.124442 -0.121311 5.7e-05 7.7e-05 -0.006323 -0.000423 -0.312757 0.005454 0.00011 -0.001691 -0.001809 0.000905 -0.000195 -0.000233 -5.7e-05 1.6e-05 0.001124 -0.004779 0.020563 0.009139 0.015211 -0.018165 -0.009455 0.254061 0.000551 -0.004997 0.002365 -0.001161 0.007902 0.254398 -0.006032 0.016974 -0.000425 -0.001219 -0.00214 -0.012687 -0.000809 9.3e-05 -0.017062 0.002227 -0.007152 0.002451 0.014964 3.9e-05 0.00078 -6e-06 0.007846 -0.004306 -0.00287 -0.001454 0.001065 -0.004593 0.01141 -0.002038 -0.022104 0.01274 0.142666 -0.008959 -0.047401 -0.094188 0.771693 -0.328153 -0.068182 0.0 0.0 0.0 -0.0 -0.0 0.0 -0.0 0.0 -0.0 -0.0 0.0 -0.0 0.0 -0.0
23 -0.0 -0.0 -0.0 -0.0 -7e-06 -0.0 -1e-06 1.1e-05 0.0 8e-06 6e-06 0.0 -0.0 -6e-06 0.0 -1e-06 2e-06 4e-06 -1.9e-05 -7e-06 -0.000117 -8e-05 5e-06 -3.5e-05 9e-06 0.000553 0.000123 2e-06 5.6e-05 0.000317 9e-06 2.3e-05 3.1e-05 -0.002649 0.624653 -0.158932 -0.010263 0.001691 0.032718 -0.004424 0.001545 0.017492 -0.014905 0.014308 0.087516 0.090614 -0.010092 0.229307 0.011558 -0.570849 0.43292 -0.007831 0.014193 0.002003 0.012889 0.01173 -0.007564 0.000356 0.001462 0.001016 0.001223 -0.000936 -0.000377 0.0 -0.0 0.0 0.0 -0.0 -0.0 0.0 0.0 0.0 -0.0 0.0 0.0 0.0 -0.0
24 5.3e-05 -5e-06 4.1e-05 9e-05 0.003737 8e-06 -0.000312 0.001925 0.000112 -0.000783 -0.00055 -5.1e-05 0.000114 0.000338 0.000134 0.000541 -0.000143 -0.002936 0.013339 0.005916 0.008092 -0.004984 -0.000165 -0.004348 -0.001002 0.001076 0.011319 0.001116 0.001624 -0.003183 0.002632 -0.004619 0.002402 0.013012 -0.007348 -0.039694 0.012995 0.007367 0.555666 -0.102228 -0.435751 0.028668 0.169767 0.001727 0.126268 -0.03908 0.62369 -0.178211 -0.035528 -0.028088 0.013523 -0.043678 -0.034178 0.025648 0.059016 0.022991 -0.075824 0.011065 0.042119 0.029978 0.029118 -0.028162 -0.018082 0.0 0.0 0.0 -0.0 -0.0 0.0 0.0 -0.0 -0.0 -0.0 -0.0 -0.0 0.0 -0.0
25 1e-05 -3e-06 -0.0 0.0 -7e-06 -3e-06 -7.3e-05 -0.000289 0.0 3.6e-05 2.6e-05 -3e-06 1e-06 -1.6e-05 4e-06 -6e-06 4.2e-05 -9.3e-05 0.00022 5e-05 1.4e-05 -0.000109 6.7e-05 -0.000549 7e-05 0.000165 -0.00045 -2.2e-05 0.000172 0.000607 -1.5e-05 0.000222 -0.000197 -0.001522 0.005702 -0.019947 -0.002853 -0.001034 -0.220949 0.078628 0.531771 -0.066005 -0.415 0.001254 0.196459 -0.075671 0.647656 -0.141118 -0.008962 -0.028749 0.018734 -0.006855 -5e-06 0.002321 0.009973 0.003395 -0.006787 0.000945 0.003103 0.001857 0.003294 -0.002239 -0.000951 0.0 -0.0 -0.0 0.0 0.0 0.0 -0.0 0.0 0.0 0.0 -0.0 -0.0 -0.0 -0.0
26 -0.0 0.0 -0.0 0.0 -0.0 -0.0 0.0 0.0 -0.0 -0.0 -0.0 -0.0 -0.0 -0.0 0.0 0.0 0.0 0.0 -0.0 -0.0 -0.0 -0.0 0.0 -0.0 0.0 0.0 -0.0 0.0 0.0 0.0 0.0 -0.0 -0.0 0.0 -6.2e-05 5e-06 7e-06 3.4e-05 8.1e-05 -4.2e-05 0.000298 -0.070005 0.011067 0.990765 -0.054262 -0.101985 0.002926 0.002749 2.3e-05 -0.000776 0.00049 -3e-06 3e-06 0.0 2e-06 2e-06 -1e-06 0.0 0.0 0.0 0.0 -0.0 -0.0 -0.0 0.0 -0.0 -0.0 0.0 0.0 0.0 -0.0 0.0 -0.0 -0.0 0.0 -0.0 0.0
27 1e-06 -1e-06 0.0 0.0 -1.1e-05 -0.0 -4e-06 -4.4e-05 0.0 1e-05 7e-06 -1e-06 -0.0 -7e-06 1e-06 -0.0 1e-06 1e-06 -2.2e-05 -9e-06 -0.000128 -9.8e-05 6.1e-05 -5.1e-05 4e-05 -0.000282 9.1e-05 3.2e-05 0.000268 -5.7e-05 0.000137 -0.000194 -4.9e-05 0.00281 -0.63472 0.114528 0.019971 0.006287 0.002526 -0.001411 -0.003001 0.021151 -0.004591 0.012423 0.07782 0.077262 0.01295 0.222004 0.010717 -0.58707 0.419468 -0.008778 0.014969 0.002011 0.014818 0.01138 -0.008132 0.000431 0.001742 0.001162 0.001457 -0.001075 -0.000437 0.0 -0.0 0.0 -0.0 0.0 0.0 -0.0 -0.0 0.0 -0.0 0.0 0.0 -0.0 -0.0
28 -7e-06 1.1e-05 6.6e-05 -4.8e-05 -0.00064 0.000129 -0.000124 0.001939 0.000422 -0.000121 -8e-06 -0.000171 -0.000438 0.014333 -0.000287 0.000595 -0.000173 -0.003579 -0.00344 -0.001114 -0.002267 0.000414 -0.035375 0.000667 -0.023961 0.001154 0.001656 -0.016534 -0.182819 -0.005417 -0.079492 0.101032 0.026835 -0.009322 -0.00194 -0.025588 -0.008635 -0.00229 -0.325628 -0.458195 -0.505521 -0.088415 -0.535751 -0.000402 0.004503 -0.005652 0.000485 -0.015098 -0.002558 -0.002613 0.002803 -0.131163 0.035625 0.045063 -0.001643 -0.00939 -0.042713 0.055625 0.180621 0.120379 0.018119 -0.05913 -0.054786 0.0 0.0 0.0 -0.0 -0.0 0.0 0.0 0.0 -0.0 -0.0 0.0 -0.0 0.0 -0.0
29 -2.2e-05 -1.2e-05 -5.2e-05 -2.6e-05 0.000259 0.000104 -0.000192 0.000524 -0.000344 -0.001562 -3.1e-05 0.000743 5.8e-05 -0.010098 -0.000362 -0.000982 -0.001155 0.021345 0.010503 0.005381 0.020415 -0.040941 0.514882 0.013103 0.181552 0.014467 -0.015851 0.039956 0.362645 0.006616 0.131494 -0.191968 -0.011165 -0.002397 0.000258 -0.00178 -0.001577 -0.000443 -0.055765 -0.058197 -0.094 -0.017394 -0.105212 -8.5e-05 -0.000135 -0.00064 -0.004152 0.00034 0.005649 0.000431 -0.000393 0.076103 0.104752 0.144879 -0.049255 -0.050372 0.074234 0.175708 0.526264 0.31788 0.011212 -0.120001 -0.112662 0.0 0.0 0.0 0.0 -0.0 0.0 0.0 -0.0 -0.0 -0.0 0.0 -0.0 0.0 -0.0
30 4e-06 4e-06 0.001505 -0.000852 -0.000318 0.24752 -0.000661 -0.000461 0.162627 0.00535 -0.014818 -0.23288 -0.027616 -0.003575 -0.270204 -0.041361 0.015267 -0.011058 0.012592 -0.029291 -0.00718 0.007832 0.011006 0.000845 -0.020082 -0.000784 0.003178 -0.155428 0.099621 -0.013591 -0.058346 0.134664 -0.051198 -0.002044 -0.000461 -0.003256 -0.000984 -0.000173 -0.006209 0.011464 -0.011184 0.001037 0.006305 5.8e-05 0.000816 0.00036 0.012735 -0.003802 0.314238 0.00427 -0.000714 0.001963 -0.030595 0.043652 0.057503 0.017354 0.061379 -0.008692 0.062375 -0.3234 -0.277951 -0.508984 -0.40923 -0.0 0.0 0.0 0.0 0.0 0.0 -0.0 -0.0 0.0 -0.0 0.0 -0.0 0.0 -0.0
31 -1e-06 2.6e-05 0.000176 -0.000158 -0.001227 0.002607 -2.8e-05 0.001331 -0.006133 0.003136 0.002046 0.012012 -0.000378 -0.244027 -0.012635 -0.015638 0.010729 -0.022042 -0.014503 -0.008213 -0.011296 0.022902 -0.383398 -0.009911 -0.0563 -0.00529 0.002197 0.031763 0.331878 0.004773 0.153887 -0.175398 0.008958 0.000519 0.000963 0.004603 0.000169 -1.2e-05 -0.015964 0.034984 -0.051279 -0.011771 -0.070969 -6.8e-05 -0.002181 0.00051 -0.013314 0.008629 0.016984 0.00398 -0.004347 -0.323016 0.184152 0.412846 -0.256228 -0.197252 -0.152836 0.060471 0.261925 0.211275 0.017759 -0.158305 -0.183141 0.0 0.0 0.0 0.0 -0.0 0.0 0.0 -0.0 -0.0 -0.0 0.0 -0.0 0.0 -0.0
32 -2e-06 -0.0 1.2e-05 -0.002086 4.6e-05 0.000536 -2.3e-05 6.4e-05 -0.000437 0.00036 -0.000193 0.001029 -0.000176 0.000606 -0.00209 0.014462 -0.000652 0.000481 -0.000229 -0.000702 0.000533 -0.001159 -0.000703 -6e-05 0.002504 3.4e-05 8.8e-05 -0.020054 -0.010893 0.001107 0.030768 -0.002898 -0.002973 0.000587 7.6e-05 0.000453 0.000266 7.2e-05 0.000328 0.00617 -0.003307 -0.000744 -0.004462 -8e-06 -0.000125 -1.9e-05 -0.000714 -0.000144 0.011665 0.000205 0.000158 0.010848 -0.017123 -0.002631 0.037418 0.013384 0.067758 -0.696979 0.09486 0.231639 0.048453 0.172904 -0.640945 -0.0 0.0 0.0 0.0 0.0 0.0 0.0 -0.0 0.0 0.0 0.0 -0.0 0.0 -0.0
33 -1.6e-05 -1.7e-05 0.00174 -0.000486 -0.000298 -0.120074 -0.000273 0.00026 -0.04489 0.007808 0.002138 -0.157074 -0.015441 0.004602 0.003031 -0.015651 -0.465272 0.17327 0.085962 0.138378 -0.067045 0.06422 -0.005996 0.001795 -0.036477 -0.002954 0.010264 -0.092424 0.081908 -0.009642 -0.032885 0.081979 -0.032476 0.002493 0.000664 0.005025 0.001218 0.000164 0.010737 -0.020534 0.017746 -0.001124 -0.006899 -7.3e-05 -0.001041 -0.00043 -0.016265 0.00544 -0.350083 -0.004205 0.000217 -0.016882 0.024131 -0.003161 -0.020678 -0.005142 0.008117 -0.039146 0.067985 -0.235905 -0.248981 -0.48651 -0.406545 -0.0 0.0 0.0 0.0 0.0 0.0 -0.0 -0.0 0.0 -0.0 0.0 -0.0 0.0 -0.0
34 -5e-06 -0.0 4e-06 1.7e-05 0.000116 4e-06 -4.5e-05 0.000475 3.7e-05 -0.000292 -0.000169 2.5e-05 1.6e-05 0.000149 -3.7e-05 -1.1e-05 -0.000227 0.000378 0.000107 0.000226 -0.000617 -0.001322 0.000421 0.000165 0.000681 0.000289 0.002314 0.000864 0.008427 -1e-05 0.003719 -0.005424 -0.000543 -0.002169 1.5e-05 0.000967 -0.000749 -0.00021 0.009263 0.033162 0.043841 0.004756 0.028817 -6e-06 -0.003989 0.001744 -0.019934 0.011586 0.005589 0.004711 -0.004283 -0.593543 -0.320409 -0.420004 0.156596 0.137062 0.12691 0.167246 0.458862 0.242714 0.011433 -0.068407 -0.047627 0.0 -0.0 0.0 -0.0 0.0 0.0 -0.0 -0.0 -0.0 -0.0 -0.0 -0.0 -0.0 -0.0
35 -5e-06 -0.0 4e-06 1.7e-05 0.000116 4e-06 -4.5e-05 0.000475 3.7e-05 -0.000292 -0.000169 2.5e-05 1.6e-05 0.000149 -3.7e-05 -1.1e-05 -0.000227 0.000378 0.000107 0.000226 -0.000617 -0.001322 0.000421 0.000165 0.000681 0.000289 0.002314 0.000864 0.008427 -1e-05 0.003719 -0.005424 -0.000543 -0.002169 1.5e-05 0.000967 -0.000749 -0.00021 0.009263 0.033162 0.043841 0.004756 0.028817 -6e-06 -0.003989 0.001744 -0.019934 0.011586 0.005589 0.004711 -0.004283 -0.593543 -0.320409 -0.420004 0.156596 0.137062 0.12691 0.167246 0.458862 0.242714 0.011433 -0.068407 -0.047627 0.0 -0.0 0.0 -0.0 0.0 0.0 -0.0 -0.0 -0.0 -0.0 -0.0 -0.0 -0.0 -0.0
36 -1e-06 -0.0 -1e-06 6.2e-05 6.9e-05 5.5e-05 1e-06 -1.7e-05 -4.5e-05 -0.000122 -3.8e-05 6.9e-05 0.000167 -0.000792 -1.5e-05 -7e-06 0.000385 -0.001789 -0.000954 -0.000745 -0.003096 0.005995 -0.09129 -0.002498 -0.034343 -0.002837 0.003498 -0.007535 -0.078157 -0.00143 -0.027203 0.04394 0.005306 0.001689 -2.5e-05 0.000891 0.001017 0.000285 0.020476 0.02043 0.037866 0.007151 0.04335 2.8e-05 0.000429 -1.6e-05 0.002517 -0.002379 -0.002713 -0.001533 0.002231 0.341124 0.056071 0.000992 0.05556 0.015 0.208947 0.26376 0.741608 0.407745 0.010374 -0.12291 -0.099025 0.0 -0.0 0.0 0.0 -0.0 0.0 0.0 -0.0 -0.0 -0.0 0.0 -0.0 -0.0 -0.0
37 -1e-06 -0.0 -1e-06 6.2e-05 6.9e-05 5.5e-05 1e-06 -1.7e-05 -4.5e-05 -0.000122 -3.8e-05 6.9e-05 0.000167 -0.000792 -1.5e-05 -7e-06 0.000385 -0.001789 -0.000954 -0.000745 -0.003096 0.005995 -0.09129 -0.002498 -0.034343 -0.002837 0.003498 -0.007535 -0.078157 -0.00143 -0.027203 0.04394 0.005306 0.001689 -2.5e-05 0.000891 0.001017 0.000285 0.020476 0.02043 0.037866 0.007151 0.04335 2.8e-05 0.000429 -1.6e-05 0.002517 -0.002379 -0.002713 -0.001533 0.002231 0.341124 0.056071 0.000992 0.05556 0.015 0.208947 0.26376 0.741608 0.407745 0.010374 -0.12291 -0.099025 0.0 -0.0 0.0 0.0 -0.0 0.0 0.0 -0.0 -0.0 -0.0 0.0 -0.0 -0.0 -0.0
38 -1e-06 -0.0 -1e-06 6.2e-05 6.9e-05 5.5e-05 1e-06 -1.7e-05 -4.5e-05 -0.000122 -3.8e-05 6.9e-05 0.000167 -0.000792 -1.5e-05 -7e-06 0.000385 -0.001789 -0.000954 -0.000745 -0.003096 0.005995 -0.09129 -0.002498 -0.034343 -0.002837 0.003498 -0.007535 -0.078157 -0.00143 -0.027203 0.04394 0.005306 0.001689 -2.5e-05 0.000891 0.001017 0.000285 0.020476 0.02043 0.037866 0.007151 0.04335 2.8e-05 0.000429 -1.6e-05 0.002517 -0.002379 -0.002713 -0.001533 0.002231 0.341124 0.056071 0.000992 0.05556 0.015 0.208947 0.26376 0.741608 0.407745 0.010374 -0.12291 -0.099025 0.0 -0.0 0.0 0.0 -0.0 0.0 0.0 -0.0 -0.0 -0.0 0.0 -0.0 -0.0 -0.0
39 1.8e-05 9e-06 0.060037 0.000958 0.000125 0.207492 0.000392 0.000852 -0.216772 -0.002757 0.014921 0.287635 0.025345 0.02724 -0.222533 -0.027922 -0.049063 0.026363 0.041864 -0.065149 -0.004437 0.000978 -0.005139 -0.000287 0.024724 -0.000478 -0.000642 0.041614 -0.063138 0.009214 0.011115 -0.101129 0.022082 0.00132 0.000649 0.004718 0.000896 0.000131 0.009869 0.004797 0.005363 -0.002523 -0.01529 -6.9e-05 -0.001501 -9.7e-05 -0.014245 0.004772 -0.311251 -0.004001 0.000221 0.009408 0.002798 -0.024987 0.00869 0.01333 0.025744 -0.036441 0.065745 -0.307509 -0.285502 -0.544911 -0.409241 -0.0 0.0 0.0 0.0 0.0 0.0 -0.0 -0.0 0.0 -0.0 0.0 -0.0 0.0 -0.0
40 3.2e-05 2.9e-05 0.00103 -0.017673 0.000425 0.003422 0.000386 5.3e-05 -0.001886 0.002066 -0.000719 -0.000343 -0.004254 0.013546 0.061865 -0.490296 0.01154 0.011807 0.018572 -0.035523 0.000729 -0.00126 -0.000237 -0.000147 -0.021882 -0.000828 0.000811 0.281338 0.129123 -0.012783 -0.336012 0.048648 0.084723 -0.00088 -0.000134 -0.000451 -0.000257 -7.9e-05 0.002931 -0.00989 0.010372 0.001945 0.011693 1.1e-05 0.000215 -1.1e-05 0.001278 -0.00043 0.007922 1.8e-05 2.9e-05 -0.000546 -0.004376 0.004294 0.006349 0.002017 0.007696 0.018843 0.002157 -0.042962 0.069177 0.275279 -0.671653 -0.0 0.0 0.0 0.0 0.0 0.0 0.0 -0.0 0.0 0.0 0.0 -0.0 0.0 -0.0
41 1e-05 -0.000393 6e-06 -5.4e-05 0.002253 -0.000285 0.003976 -0.00598 0.000209 -0.006886 -0.004374 -3.8e-05 -0.000151 -0.001392 -8.1e-05 -0.001161 -0.001189 0.010774 -0.053489 -0.022594 -0.042016 0.037165 0.017022 0.014457 0.006051 -0.37415 0.093796 0.001404 -0.004992 0.048315 -0.002153 0.002675 0.004399 0.013195 0.045486 0.298081 0.015851 -0.003811 0.499818 -0.071742 0.176782 -0.067613 -0.413295 -0.001361 -0.031996 0.002281 -0.203842 0.07987 0.069169 0.030399 -0.021714 0.025216 0.140017 -0.102766 0.160317 0.041839 -0.368381 0.003206 0.036555 0.052836 0.138896 -0.11113 -0.060676 0.0 0.0 0.0 -0.0 -0.0 0.0 0.0 0.0 -0.0 -0.0 0.0 -0.0 0.0 -0.0
42 3.6e-05 2.9e-05 0.0007 0.000619 0.000169 0.00408 0.000407 9.7e-05 -0.005163 0.090615 -0.131594 -0.016218 0.18797 0.00463 0.009972 0.017763 -0.027941 -0.016246 9.8e-05 0.001251 -0.014006 0.024987 -0.106117 -0.003411 0.432132 -0.000408 -0.017035 -0.090659 0.014139 -0.003194 -0.019974 0.057222 0.420634 -0.001623 1.2e-05 0.001447 -0.001499 -0.000855 0.010133 -0.21818 0.111273 0.017081 0.102341 5.8e-05 0.00359 -0.001483 0.004619 -0.002968 0.049211 0.000628 0.000716 -0.003003 -0.018448 0.01981 0.039773 0.00667 0.071528 0.151229 -0.344154 0.403028 -0.089175 -0.231196 -0.321299 -0.0 0.0 0.0 0.0 0.0 0.0 0.0 -0.0 -0.0 0.0 0.0 -0.0 0.0 -0.0
43 3.3e-05 2.9e-05 0.000249 -0.001187 -8.2e-05 0.00094 0.000282 0.000107 0.003098 -0.063517 0.099894 -0.006719 -0.035071 0.006385 1.5e-05 0.018825 0.171706 0.42486 0.090345 -0.005282 0.006549 -0.014271 -0.059455 -0.003438 0.103627 -0.00256 0.001669 0.072479 -0.012489 0.000716 -0.00288 0.000616 -0.31145 -0.003181 0.000751 0.005997 -0.002719 -0.001593 0.011978 -0.387404 0.173784 0.024966 0.149283 7.3e-05 0.006008 -0.002705 0.004032 -0.002607 0.021243 0.000813 0.000543 -0.040338 0.012863 0.047387 -0.00297 -0.017547 0.039231 0.129524 -0.29859 0.422667 -0.073783 -0.226209 -0.313314 -0.0 0.0 0.0 0.0 0.0 0.0 0.0 -0.0 -0.0 0.0 0.0 -0.0 0.0 -0.0
44 -2.5e-05 -1.6e-05 -0.000365 0.00083 0.000239 0.002355 -0.000251 5e-05 -0.005397 0.048989 -0.073003 0.023556 -0.132288 0.000435 0.005658 -0.005038 -0.143704 -0.384526 -0.08817 -0.003115 -0.000153 0.00591 -0.028104 -0.001261 0.181579 0.00167 -0.005981 0.067954 -0.027053 -0.000308 -0.077112 -0.007873 -0.464099 -0.004627 0.000509 0.004116 -0.002217 -0.001043 0.010339 -0.178514 0.083661 0.011627 0.069402 3.5e-05 0.002083 -0.00086 0.000924 0.000406 -0.018555 0.00018 -0.000571 -0.02749 0.00733 0.046192 0.011324 -0.001266 0.05971 0.130113 -0.311843 0.460515 -0.087154 -0.245736 -0.303407 -0.0 0.0 0.0 0.0 0.0 0.0 0.0 -0.0 -0.0 0.0 0.0 -0.0 0.0 -0.0
45 -4e-06 -4e-06 0.034228 0.004358 8.4e-05 -0.103004 0.000596 -0.000476 0.060849 -0.009091 0.009894 0.289173 0.027634 0.011994 0.110771 0.005246 -0.016452 0.026559 -0.010743 0.032072 0.016527 -0.023805 0.00194 -0.003649 -0.057697 -0.005425 0.01021 -0.396618 0.196661 -0.018674 -0.243847 0.092481 -0.08202 -0.004181 -0.000402 -0.002906 -0.001686 -0.000389 -0.007567 -0.000574 -0.010557 0.001213 0.007274 6.7e-05 0.000892 0.000445 0.014469 -0.003986 0.365002 0.00505 -0.00104 0.004902 -0.033164 0.047658 0.066896 0.022414 0.070412 -8.3e-05 0.041171 -0.270555 -0.244696 -0.434445 -0.373366 -0.0 0.0 0.0 0.0 0.0 0.0 -0.0 -0.0 0.0 -0.0 0.0 -0.0 0.0 -0.0
46 -1.7e-05 -1.2e-05 0.001357 -0.186483 -0.000533 0.001697 -0.000371 -2.5e-05 -0.003766 -0.000367 0.002275 -0.001836 0.000311 -0.006781 -0.050415 0.37078 -0.019188 -0.004451 -0.000246 -0.007418 0.001495 -0.001427 -0.00167 -0.000473 -0.064931 -0.001336 0.003246 0.30018 0.163849 -0.014466 -0.383344 0.028914 0.084069 -0.000969 1.4e-05 0.000364 -0.000284 -0.000104 0.001751 -0.006857 0.004845 0.000688 0.004092 3e-06 -5.2e-05 5.9e-05 0.000403 -6e-05 0.019118 0.000301 -0.000162 0.003549 -0.004882 0.003745 0.012321 0.007187 0.008403 0.148409 -0.011929 -0.107092 0.062898 0.284782 -0.654947 -0.0 0.0 0.0 0.0 0.0 0.0 0.0 -0.0 0.0 0.0 0.0 -0.0 0.0 -0.0
47 -2.4e-05 -1.8e-05 0.023381 0.001522 -7.9e-05 -0.028906 -0.000256 -0.000177 0.025499 0.002013 -0.007986 -0.099189 -0.009768 -0.011053 0.005072 -0.008975 0.294307 -0.060839 -0.16785 0.350022 0.025164 -0.026821 -0.002531 -0.006125 0.006361 -0.004704 0.001246 -0.156033 -0.029438 0.01278 -0.210662 -0.250407 0.019057 -0.002222 0.000852 0.006452 -7.2e-05 -0.000195 0.013754 -0.005067 0.013765 -0.002419 -0.014826 -8.4e-05 -0.002458 0.000194 -0.01907 0.007258 -0.43681 -0.005691 -0.000171 0.007776 0.016634 -0.03618 -0.009346 0.014603 0.018002 -0.048112 0.035468 -0.185909 -0.226639 -0.431485 -0.377573 -0.0 0.0 0.0 0.0 0.0 0.0 -0.0 -0.0 0.0 -0.0 0.0 -0.0 0.0 -0.0
48 -3e-06 2e-06 -2e-06 8e-06 -9.7e-05 1.3e-05 -2.8e-05 0.000318 1.7e-05 0.00031 0.000416 0.00011 -9.6e-05 -3e-05 -0.000152 -0.00011 -0.000796 0.001991 0.000156 -0.000497 0.068185 0.064684 0.001619 0.001018 -0.006157 -0.05103 -0.203622 -0.004545 0.000547 0.00181 -0.006312 -0.00118 -0.004008 0.727499 0.006441 -0.006673 0.232746 0.062914 -0.023603 -0.007469 -0.001216 -0.001429 0.00953 -0.000537 0.124226 -0.071812 -0.052679 -0.037744 0.003642 0.023492 0.036568 0.00924 -0.066276 0.10393 -0.187335 0.518131 -0.105534 0.003693 0.025852 0.029765 0.006597 -0.018105 -0.013958 0.0 0.0 -0.0 0.0 0.0 0.0 0.0 -0.0 0.0 0.0 -0.0 -0.0 0.0 -0.0
49 -6e-06 -6e-06 1e-06 -3e-06 -0.000336 -1.1e-05 -0.000119 -0.003418 -2.9e-05 -2.7e-05 -3e-06 4e-06 -3e-05 -2e-06 -7.3e-05 -3.1e-05 -4.9e-05 -0.000208 0.001265 0.00048 0.00661 0.003994 3.6e-05 0.001747 0.000318 -0.034065 -0.002711 0.000482 0.001821 -0.01015 0.001519 -0.002739 -0.001088 -0.023709 -0.126483 -0.587267 -0.020816 -0.003337 0.149562 -0.006473 0.108848 -0.020061 -0.128454 -0.006495 -0.214097 0.02991 -0.218933 -0.622284 0.007983 -0.135036 0.167439 -0.028108 0.117984 0.008723 0.126138 0.110242 -0.11425 0.002179 0.015024 0.013393 0.024202 -0.018542 -0.008319 0.0 0.0 0.0 0.0 -0.0 0.0 0.0 0.0 0.0 -0.0 0.0 0.0 0.0 -0.0
50 1.4e-05 2.9e-05 -0.222957 0.001444 0.000579 -0.269167 0.00035 -0.000208 -0.005211 -0.000405 -0.003295 0.00191 -0.001131 0.00037 -0.242071 -0.027795 0.08286 -0.03947 0.03134 -0.184943 0.027124 -0.030214 -0.005154 -0.000995 0.036216 0.001494 -0.005054 0.065343 -0.087324 0.01209 0.019232 -0.127084 0.018391 -0.000635 5.9e-05 0.000148 -0.000201 -3.2e-05 -0.001348 0.016645 -0.010646 -0.001338 -0.008049 4e-06 -0.000272 0.000243 0.001994 -0.000516 0.074948 0.001027 -0.000276 0.018327 -0.026316 0.004345 0.053331 0.025118 0.059179 -0.022278 0.060645 -0.350602 -0.30653 -0.562842 -0.436971 -0.0 0.0 0.0 0.0 0.0 0.0 -0.0 -0.0 0.0 -0.0 0.0 -0.0 0.0 -0.0
51 2.5e-05 -0.000342 1.9e-05 2.6e-05 0.002735 1.6e-05 0.001189 0.051774 0.000155 -0.005385 -0.003976 0.000125 -0.000105 -0.000232 -0.000312 -0.000286 -0.001565 -0.000702 0.01404 0.009199 0.026577 -0.015748 -0.011605 -0.041993 -0.009615 0.584551 -0.149269 -0.004807 -0.000793 0.086429 -0.00766 0.017784 0.001756 0.003162 0.010521 0.090886 0.006594 -0.000784 0.227006 -0.024704 0.100235 -0.028788 -0.176202 -0.000281 -0.001851 -0.001338 -0.100059 0.095953 0.01942 0.037692 -0.034553 -0.025035 0.250483 -0.006836 0.42716 0.130695 -0.443659 0.005956 0.05169 0.050959 0.14157 -0.10097 -0.046263 0.0 0.0 0.0 -0.0 -0.0 0.0 -0.0 -0.0 -0.0 -0.0 0.0 -0.0 0.0 -0.0
52 -1.9e-05 -1.6e-05 -0.016457 0.00021 0.000193 0.045188 -0.000851 0.001691 -0.366255 0.004361 0.005852 -0.188679 -0.014034 -0.002385 0.243279 0.033552 0.078586 -0.033029 -0.010336 -0.062614 0.020855 -0.02084 -0.002477 -0.000824 -0.011984 0.000456 -0.001576 -0.017509 2.6e-05 0.001476 0.00484 -0.024223 -0.020272 -0.001693 -0.00034 -0.002934 -0.000893 -0.000136 -0.010076 0.019207 -0.022675 -0.000887 -0.005282 5.1e-05 0.000689 0.000377 0.012716 -0.003999 0.33252 0.004461 -0.000626 0.020924 -0.040063 0.023014 0.075026 0.029701 0.071634 -0.007292 0.055702 -0.345772 -0.285851 -0.513056 -0.400086 -0.0 0.0 0.0 0.0 0.0 0.0 -0.0 -0.0 0.0 -0.0 0.0 -0.0 0.0 -0.0
53 -1.5e-05 -2.5e-05 -0.001858 0.412324 0.000522 0.005226 -1.5e-05 -0.000163 0.000725 -0.002764 -0.00255 -0.003823 -0.001314 -0.002379 -0.016341 0.140434 -0.009531 0.000262 0.001586 -0.006184 0.000609 -0.000754 -4e-06 -0.00013 -0.028519 -0.000365 0.001389 0.111128 0.057009 -0.004895 -0.134155 0.005272 0.030189 -0.000223 1.3e-05 0.000154 -6.3e-05 -2.8e-05 0.000281 -0.003147 0.001485 0.000134 0.000787 -1e-06 -2.4e-05 1e-06 -0.000192 6e-05 -0.000758 3e-06 -3.3e-05 0.002451 0.000156 -0.003048 0.001365 0.003271 -0.006977 0.213726 -0.016027 -0.128392 0.093876 0.368879 -0.753013 -0.0 0.0 0.0 0.0 0.0 0.0 0.0 -0.0 0.0 0.0 0.0 -0.0 0.0 -0.0
54 2e-05 1.3e-05 -0.000204 -0.003361 -0.000258 -0.000954 0.000622 0.00034 -0.006529 0.133013 -0.164393 0.038987 -0.316871 0.000669 -0.003242 -0.004548 0.016321 0.037071 0.010773 -0.006851 0.006731 -0.011186 0.079053 0.003364 -0.32694 -0.000851 0.008479 -0.043292 0.018381 0.003455 0.099067 -0.046359 0.291323 0.000982 0.000106 0.001094 -0.000624 -0.000547 0.000881 -0.196784 0.08684 0.012923 0.077409 3.6e-05 0.003556 -0.001677 0.002521 -0.002805 0.026599 0.000347 0.001166 0.012759 -0.011286 -0.018381 0.034205 0.010639 0.066029 0.166693 -0.392328 0.464264 -0.094637 -0.257903 -0.326892 -0.0 0.0 0.0 0.0 0.0 0.0 0.0 -0.0 -0.0 0.0 0.0 -0.0 0.0 -0.0
55 0.0 0.0 -0.0 -0.0 -0.0 -0.0 -0.0 -1e-06 -0.0 0.0 0.0 0.0 0.0 -0.0 -0.0 -0.0 0.0 -0.0 0.0 0.0 1e-06 0.0 -0.0 1e-06 0.0 -3e-06 1e-06 0.0 1e-06 -2e-06 1e-06 -1e-06 -0.0 -6.1e-05 0.009013 -0.00043 -0.000354 -0.002858 -0.002487 0.000878 -0.004789 0.677081 -0.104005 -0.033378 -0.313869 -0.644968 0.040285 0.085721 0.001527 -0.064109 0.043924 -0.000428 0.000548 6.7e-05 0.000453 0.000369 -0.000192 1.5e-05 5.1e-05 3.1e-05 2.8e-05 -2.2e-05 -9e-06 0.0 -0.0 -0.0 -0.0 -0.0 -0.0 0.0 0.0 -0.0 0.0 -0.0 0.0 0.0 -0.0
56 -1.3e-05 -0.0 -0.147715 -0.005185 -0.000893 0.172032 -0.000385 -0.000792 0.226871 -0.001492 -0.000671 0.059879 0.008785 -0.015849 0.308631 0.042969 -0.10305 0.036063 0.028881 -0.082203 0.025776 -0.032507 -0.0148 -0.002622 0.014143 0.000275 -0.002454 0.114562 -0.134232 0.020398 0.032795 -0.237111 0.030743 0.001121 0.00046 0.002733 0.000572 0.000107 0.001236 0.009395 -0.006627 -0.002664 -0.016069 -3.6e-05 -0.000773 -1.7e-05 -0.00622 0.001865 -0.089457 -0.001009 6.9e-05 0.018612 -0.011093 -0.016606 0.033954 0.021213 0.045251 -0.026621 0.058279 -0.324717 -0.293775 -0.544551 -0.423521 -0.0 0.0 0.0 0.0 0.0 0.0 -0.0 -0.0 0.0 -0.0 0.0 -0.0 0.0 -0.0
57 0.00023 7.4e-05 -0.000168 7.2e-05 0.008468 0.000799 0.002641 0.003671 -0.004844 0.076693 0.059849 -0.004528 0.005041 0.011376 -0.022643 -0.005225 -0.086732 0.065195 -0.242959 -0.005785 0.333707 -0.389941 -0.039749 -0.020375 0.01738 -0.011996 0.008677 0.032766 0.026012 -0.012011 0.045433 0.103826 0.013376 0.015848 -0.002176 -0.018018 0.005605 0.002267 -0.03899 0.023262 -0.021169 0.005706 0.035744 0.000101 0.008278 -0.003256 0.021609 -0.013892 0.036565 -0.002513 0.008102 0.07032 0.152987 -0.412976 -0.354363 -0.131431 -0.426714 -0.013604 0.031372 0.103712 0.058202 -0.218126 -0.211456 0.0 0.0 0.0 0.0 -0.0 0.0 0.0 -0.0 -0.0 -0.0 0.0 -0.0 0.0 -0.0
58 -0.0 0.0 -0.0 0.0 -0.0 0.0 0.0 3e-06 0.0 1e-06 1e-06 -0.0 0.0 -0.0 0.0 0.0 2e-06 -2e-06 -1e-06 -1e-06 -8.4e-05 -6.3e-05 2e-06 3e-06 9e-06 1.9e-05 0.000295 3e-06 5e-06 -1.6e-05 4e-06 -2.1e-05 6e-06 -0.013419 -0.003038 -0.015016 0.327784 -0.673191 -0.005957 -0.00314 0.006534 -0.003794 -0.006349 -0.000251 -0.256545 0.141354 0.109162 0.10979 -0.00578 0.352498 0.452397 -0.000669 -0.000253 0.002694 -0.00206 0.009008 -0.001546 6e-05 0.000298 0.000256 9.8e-05 -0.000142 -7.7e-05 -0.0 0.0 -0.0 -0.0 -0.0 0.0 -0.0 0.0 0.0 0.0 0.0 -0.0 0.0 0.0
59 -0.0 0.0 0.0 -0.0 -1e-06 -1e-06 0.0 2.5e-05 -0.0 -7e-06 -3e-06 1e-06 -2e-06 -1e-06 -3e-06 -2e-06 -3e-06 3e-06 1e-06 1e-06 3e-05 1.4e-05 -1e-05 -1.2e-05 -2.4e-05 5.7e-05 -0.001355 -5.2e-05 2e-06 0.000123 -0.000116 -1e-06 -3.4e-05 0.143044 -0.018698 0.025588 -0.716469 -0.019761 0.012008 0.007045 -0.011932 0.009001 0.008335 0.001805 0.172965 -0.081574 -0.043668 -0.003274 -0.004791 0.383897 0.526965 -0.001128 -0.000109 0.006634 -0.00538 0.02526 -0.005298 0.000149 0.000904 0.000874 0.00043 -0.000583 -0.000336 0.0 0.0 -0.0 0.0 -0.0 0.0 0.0 -0.0 -0.0 -0.0 -0.0 0.0 -0.0 0.0
60 -5.3e-05 -1.1e-05 0.000186 0.001421 0.009279 -0.000626 -0.002988 0.017174 0.008311 0.277096 0.200671 0.001271 -0.000559 0.004141 0.006561 0.005515 0.04464 -0.035373 0.119141 -0.005712 -0.20941 0.242341 0.017744 0.016817 0.016902 0.03249 -0.012009 -0.029723 -0.016309 0.006818 -0.051535 -0.094476 -0.013861 -0.002401 -0.004179 -0.029383 -0.000836 0.000833 -0.054507 0.036366 -0.043763 0.006239 0.038591 0.000196 0.007395 -0.001564 0.036846 -0.014048 0.105151 -0.002312 0.00561 0.080198 0.20643 -0.47713 -0.392489 -0.097848 -0.438992 -0.021556 0.031394 0.142442 0.052902 -0.179231 -0.190424 0.0 0.0 0.0 0.0 -0.0 0.0 0.0 -0.0 -0.0 -0.0 0.0 -0.0 0.0 -0.0
61 -6e-06 4e-06 8e-06 -2e-05 -0.000167 7.6e-05 -4.1e-05 0.000239 -0.000256 -0.005006 -0.003755 0.000463 -0.000681 -1e-06 -0.001049 -0.000725 -0.005978 0.009413 -0.006984 -0.003574 0.388487 0.33808 0.011015 0.002255 0.006944 0.05719 0.271194 0.001384 0.000498 -0.002556 0.002566 -0.005464 0.002025 -0.18992 -0.001598 0.003311 -0.082153 -0.024603 -0.00717 0.000658 0.007137 0.001351 -0.001109 0.000511 -0.061226 0.038603 0.025575 0.055724 0.003166 -0.014864 -0.051931 0.027804 -0.075595 0.117695 -0.271911 0.688735 -0.166352 9.7e-05 0.034284 0.048093 0.011281 -0.034352 -0.030706 -0.0 0.0 -0.0 0.0 0.0 0.0 -0.0 -0.0 -0.0 0.0 -0.0 -0.0 0.0 -0.0
62 0.0 -0.0 0.0 -0.0 0.0 -0.0 0.0 -1e-06 0.0 0.0 0.0 -0.0 0.0 0.0 0.0 0.0 0.0 -0.0 0.0 -0.0 7e-06 7e-06 1e-06 -0.0 1e-06 5e-06 8.8e-05 5e-06 -2e-06 -8e-06 1.3e-05 5e-06 4e-06 -0.03709 0.002566 -0.001092 0.191467 0.657882 -0.009872 -0.009039 0.019571 0.021612 -0.02245 0.00366 -0.415415 0.247085 0.157451 0.131092 -0.00564 0.317988 0.388374 -0.000397 8.4e-05 0.001448 -0.000863 0.004335 -0.000739 1.9e-05 0.000106 9.6e-05 4.8e-05 -5.9e-05 -3e-05 -0.0 0.0 0.0 0.0 0.0 0.0 -0.0 0.0 0.0 0.0 0.0 0.0 -0.0 -0.0
63 -1e-06 2e-06 1.4e-05 7.3e-05 0.001286 0.000117 -6.7e-05 0.001813 -2.8e-05 -0.00443 -0.003387 0.000176 5.5e-05 -0.00013 -0.000171 0.000419 -0.004255 0.004472 0.001574 0.00251 -0.075922 -0.081764 -0.006874 -0.000672 -0.019615 -0.140475 -0.542522 -0.002018 -0.00066 -0.001424 -0.000938 0.009188 -0.001251 -0.354855 -0.00091 0.012536 -0.130424 -0.037962 0.003516 0.004316 -0.001377 0.003476 0.008607 0.000683 -0.083875 0.052792 0.051313 0.061513 -0.001572 -0.02077 -0.060222 0.024064 -0.070546 0.107698 -0.243012 0.631637 -0.16364 0.00097 0.033818 0.048303 0.013437 -0.036372 -0.031516 0.0 0.0 -0.0 0.0 0.0 0.0 -0.0 -0.0 -0.0 0.0 0.0 -0.0 0.0 -0.0
64 -0.0 0.0 0.0 -1e-06 -8e-06 -2e-06 1e-06 7.5e-05 -1e-06 -2.8e-05 -2.2e-05 0.0 -7e-06 -3e-06 -8e-06 -5e-06 -7.2e-05 6.6e-05 -7.4e-05 -9e-06 0.002469 0.001819 9e-06 -3.3e-05 1.3e-05 0.00105 0.002906 0.000254 4.9e-05 -0.000116 0.000543 0.000309 0.000149 -0.304824 0.005368 0.02474 0.388297 0.151071 -0.003221 0.009391 -0.027213 -0.005349 0.032133 -0.001439 0.59886 -0.335824 -0.212693 -0.155279 0.000128 0.23064 0.350067 -0.00016 -0.010757 0.025372 -0.034099 0.109518 -0.021229 0.000681 0.004426 0.004491 0.001427 -0.002688 -0.001766 0.0 0.0 0.0 -0.0 0.0 0.0 -0.0 -0.0 -0.0 -0.0 -0.0 -0.0 0.0 -0.0
65 1e-06 1e-06 -3e-06 -1.2e-05 1.2e-05 -7.9e-05 9e-06 0.000893 9.4e-05 0.001561 0.001214 -0.000284 0.000234 -5.7e-05 0.000559 0.000218 0.006028 -0.010217 0.00381 0.002125 -0.356532 -0.317162 -0.00877 -0.002188 0.01449 0.100042 0.37428 0.007269 -0.000814 -0.002331 0.007937 0.001372 0.00828 0.018075 -0.000795 -0.003463 -0.010643 -0.004502 -0.008337 -0.002333 0.010784 0.001097 0.003879 0.000116 -0.023475 0.013878 0.003615 0.019303 0.006638 -0.009328 -0.028282 0.026186 -0.0784 0.136917 -0.258552 0.704647 -0.16191 0.001809 0.030221 0.03805 0.01261 -0.026685 -0.020085 -0.0 0.0 -0.0 0.0 0.0 0.0 -0.0 -0.0 -0.0 0.0 -0.0 -0.0 0.0 -0.0
66 2.3e-05 1e-06 -5.7e-05 -0.003495 -0.006966 0.001672 0.001814 -0.016692 -0.010145 -0.335429 -0.244056 0.002649 -0.004762 -0.004654 -0.001029 -0.000153 0.003058 0.004244 0.035279 0.001238 -0.104372 0.105909 0.007613 0.009397 0.000304 0.028431 -0.003445 -0.013305 -0.015753 0.000671 -0.028592 -0.066009 -0.005208 0.009876 -0.004822 -0.03494 0.003315 0.002149 -0.066233 0.024355 -0.038702 0.008999 0.055784 0.000204 0.010895 -0.003407 0.039347 -0.0187 0.104871 -0.00272 0.0086 0.075614 0.211936 -0.486167 -0.411662 -0.127266 -0.434024 -0.016202 0.016503 0.152104 0.047539 -0.195994 -0.218937 0.0 0.0 0.0 0.0 -0.0 0.0 0.0 -0.0 -0.0 -0.0 0.0 -0.0 0.0 -0.0
67 -1e-05 -3.8e-05 0.31059 0.001364 0.000228 -0.138385 0.000244 -0.000548 0.121266 -0.000333 -0.005343 -0.04541 -0.003719 -0.011432 0.021983 0.009907 0.019306 -0.024265 0.02996 -0.154658 0.019636 -0.020321 -0.005749 0.000231 0.032255 0.003058 -0.006566 0.186019 -0.127938 0.014843 0.111833 -0.122003 0.031144 0.000884 7e-06 -0.00042 0.000222 0.000101 -0.003619 0.017268 -0.012558 -0.001434 -0.008567 4e-06 1.3e-05 9.3e-05 0.002392 -0.001074 0.089367 0.001197 -1.1e-05 0.019189 -0.023874 -0.00193 0.048019 0.022135 0.052645 -0.019806 0.063488 -0.358 -0.307162 -0.568732 -0.440638 -0.0 0.0 0.0 0.0 0.0 0.0 -0.0 -0.0 0.0 -0.0 0.0 -0.0 0.0 -0.0
68 0.000902 0.000669 -9.5e-05 -0.000499 0.366949 0.000512 -0.003116 0.013119 0.000411 -0.010282 -0.007698 -0.00011 -7.5e-05 0.000865 0.000216 0.000266 -0.008748 0.025791 -0.09622 -0.033962 -0.046635 0.051553 0.007714 -0.008764 -0.003659 0.010247 -0.000598 -0.003459 0.003145 0.000401 -0.004041 -0.015702 -0.003135 -0.000891 -0.002958 -0.019744 -0.001694 -0.000226 -0.053483 0.000434 0.001645 0.003622 0.022257 -0.000152 -0.009453 0.002549 -0.011965 -0.025972 -0.021894 -0.013238 0.014106 0.145732 -0.579946 0.171078 0.079892 -0.194607 -0.511172 0.011724 0.070758 0.065789 0.302381 -0.200153 -0.097774 0.0 0.0 0.0 -0.0 -0.0 0.0 -0.0 -0.0 -0.0 -0.0 0.0 -0.0 0.0 -0.0
69 0.00061 9.5e-05 0.000132 0.000571 -0.289983 -0.000482 0.008723 -0.007133 -0.000443 0.008221 0.006257 5.8e-05 9.1e-05 -0.001742 -0.002199 -0.002637 -0.026353 0.078805 -0.296684 -0.104038 -0.110284 0.117321 0.020492 0.013823 -0.003802 0.035246 -0.010059 -0.007016 0.001637 0.008976 -0.00951 -0.018888 -0.004238 -0.003468 -0.00436 -0.028226 -0.002639 -0.000177 -0.052888 0.001688 -0.009592 0.006115 0.03729 -5.1e-05 -0.005537 0.001826 0.006271 -0.026858 -0.02686 -0.012992 0.01272 0.140736 -0.557868 0.169109 0.096699 -0.17614 -0.494122 0.010911 0.069423 0.063839 0.280339 -0.185867 -0.090062 0.0 0.0 0.0 -0.0 -0.0 0.0 -0.0 -0.0 -0.0 -0.0 0.0 -0.0 0.0 -0.0
70 0.000906 9.5e-05 0.000103 0.000151 -0.105442 -0.000218 0.020399 7e-06 0.000513 -0.003915 -0.002895 -0.000759 0.000227 0.007988 0.004007 0.005336 0.041292 -0.127332 0.470058 0.162903 0.155335 -0.162563 -0.024431 -0.054932 0.004255 -0.053277 0.016371 0.006646 0.004099 -0.013492 0.009098 0.007145 0.000892 0.003046 0.002308 0.012797 0.000835 -0.000332 -0.013031 -0.000585 0.021884 -0.003014 -0.018056 -0.000246 -0.011207 0.002494 -0.036509 -0.010535 0.001522 -0.007462 0.010009 0.125669 -0.445892 0.084957 0.021478 -0.182383 -0.513549 0.008427 0.068009 0.075973 0.2785 -0.204129 -0.115606 0.0 0.0 0.0 -0.0 -0.0 0.0 -0.0 0.0 -0.0 -0.0 0.0 -0.0 0.0 -0.0
71 -4e-05 -2.6e-05 -0.00012 -0.000234 -0.000447 -0.001685 -0.000863 -0.000267 0.009788 -0.002619 -0.003369 -0.015487 0.002108 0.454222 0.009894 0.015967 0.005295 -0.005476 -0.011778 -0.003445 -0.005548 0.00729 -0.033527 0.002321 -0.030506 -2e-05 0.001166 -0.001457 -0.061565 0.001803 -0.014641 -0.032517 0.02957 0.000805 0.000663 0.006381 0.001161 0.000271 0.042233 0.115273 0.045093 0.005673 0.034597 7e-06 -0.003567 0.00182 -0.011987 0.009457 0.042441 0.004421 -0.004897 -0.377607 0.199084 0.48216 -0.296295 -0.225682 -0.160716 0.063263 0.249198 0.230019 0.016169 -0.163227 -0.197568 0.0 0.0 0.0 0.0 -0.0 0.0 0.0 -0.0 -0.0 0.0 0.0 -0.0 0.0 -0.0
72 -1.8e-05 -1.3e-05 0.000286 -0.001566 -0.000179 0.000689 -0.000372 0.000427 -0.000925 0.020796 -0.02057 -0.032273 0.386467 -0.005091 -0.017013 -0.020836 -0.019374 -0.084782 -0.014018 -0.010174 0.006741 -0.011135 0.101739 0.004434 -0.406807 0.000543 0.013009 0.025785 0.004333 0.004711 0.059833 -0.074 -0.104984 -0.000417 0.000251 0.001658 -0.000801 -0.000502 -0.001282 -0.138015 0.053468 0.007346 0.043865 1.6e-05 0.002147 -0.001069 0.000335 -0.000883 -0.003997 0.00011 0.000434 0.007362 -0.003973 -0.011114 0.029197 0.013194 0.067139 0.156724 -0.393381 0.505213 -0.093532 -0.259608 -0.320635 -0.0 0.0 0.0 0.0 0.0 0.0 0.0 -0.0 -0.0 0.0 0.0 -0.0 0.0 -0.0
73 1e-06 2e-06 1.4e-05 0.00043 1.5e-05 -0.000737 0.000106 1.7e-05 0.000521 0.032934 -0.048694 0.002592 -0.006099 -0.00091 0.002097 0.003665 0.031941 0.101143 0.021182 0.003611 0.000104 -0.00332 -0.017115 -0.001184 0.053824 -0.000236 0.001466 0.019049 -0.005354 -0.002127 -0.017065 0.034505 -0.072781 0.004071 -0.000353 -0.003816 0.003444 0.001851 -0.011242 0.447453 -0.207043 -0.031076 -0.185992 -0.000105 -0.007196 0.003048 -0.007502 0.004283 -0.021953 -0.000304 -0.001058 0.041933 -0.044662 -0.010774 0.087792 0.043877 0.108341 0.186107 -0.447395 0.535994 -0.095546 -0.251748 -0.274089 -0.0 0.0 0.0 0.0 0.0 0.0 0.0 -0.0 -0.0 0.0 0.0 -0.0 0.0 -0.0
74 1e-06 2e-06 1.4e-05 0.00043 1.5e-05 -0.000737 0.000106 1.7e-05 0.000521 0.032934 -0.048694 0.002592 -0.006099 -0.00091 0.002097 0.003665 0.031941 0.101143 0.021182 0.003611 0.000104 -0.00332 -0.017115 -0.001184 0.053824 -0.000236 0.001466 0.019049 -0.005354 -0.002127 -0.017065 0.034505 -0.072781 0.004071 -0.000353 -0.003816 0.003444 0.001851 -0.011242 0.447453 -0.207043 -0.031076 -0.185992 -0.000105 -0.007196 0.003048 -0.007502 0.004283 -0.021953 -0.000304 -0.001058 0.041933 -0.044662 -0.010774 0.087792 0.043877 0.108341 0.186107 -0.447395 0.535994 -0.095546 -0.251748 -0.274089 -0.0 0.0 0.0 0.0 0.0 0.0 0.0 -0.0 -0.0 0.0 0.0 -0.0 0.0 -0.0
75 6.2e-05 8.3e-05 -0.00038 0.000228 0.00093 0.00114 0.000548 0.000166 -0.013781 0.003338 0.006783 0.013309 0.002314 -0.277345 0.00063 0.002955 -0.009906 0.021268 0.008513 0.007795 0.008937 -0.016351 0.257965 0.009405 0.006709 0.002902 0.001562 -0.035602 -0.389047 -0.004494 -0.164122 0.171914 0.043333 0.001145 -0.000197 0.003006 0.00149 0.000425 0.065528 0.122096 0.102736 0.017445 0.105744 6.5e-05 -0.003021 0.001997 -0.006229 0.005896 0.040091 0.003019 -0.003366 -0.345245 0.157431 0.411275 -0.275979 -0.207485 -0.164443 0.036442 0.165456 0.184574 0.008194 -0.165315 -0.226682 0.0 0.0 0.0 0.0 -0.0 0.0 0.0 -0.0 -0.0 0.0 0.0 -0.0 0.0 -0.0
76 -1.2e-05 -1.3e-05 0.00028 0.00032 0.000222 0.002124 -0.000605 -0.000555 0.006226 -0.261635 0.363609 -0.012297 -0.078884 0.00132 -0.004684 -0.006566 -0.06345 -0.157329 -0.029374 -0.005566 -0.004515 0.008899 0.008675 0.001191 -0.003737 0.001002 -0.002808 -0.054583 0.010716 0.000484 0.021282 -0.007186 0.252465 0.000272 -0.000147 -0.000767 0.000107 5.4e-05 -0.000522 0.004738 1.1e-05 0.000141 0.000887 -1e-06 -6.9e-05 1.7e-05 -9.1e-05 -0.000351 0.008408 3.4e-05 0.00022 0.02244 -0.027009 -0.008412 0.060737 0.0258 0.093514 0.176811 -0.434769 0.519022 -0.10339 -0.268599 -0.329604 -0.0 0.0 0.0 0.0 0.0 0.0 0.0 -0.0 -0.0 0.0 0.0 -0.0 0.0 -0.0
