id,x_0,x_1,x_2,x_3,x_4,x_5,x_6,x_7,x_8,x_9,x_10,x_11,x_12,x_13,x_14,x_15,x_16,x_17,x_18
0.0,0.7442104042525021,0.00895727942122615,0.8996749797360692,0.053655210945307175,0.2125030747086748,0.6513672875039914,2.220446049250313e-16,0.0037689121865824983,0.0065481010963204895,2.220446049250313e-16,2.220446049250313e-16,2.220446049250313e-16,0.5126987375516336,2.220446049250313e-16,0.21860403624255845,0.6156929975537248,0.6192133830725832,2.220446049250313e-16,0.07651398274784604
1.0,0.4841885610880817,0.5602552162669432,0.6473810974887176,0.15362361961673962,2.220446049250313e-16,0.008943030740473921,2.220446049250313e-16,0.232451926389514,2.220446049250313e-16,0.08669120915878092,2.220446049250313e-16,0.040615971577230334,0.7396002234214055,2.220446049250313e-16,0.11748074237527205,0.6235077020505868,2.220446049250313e-16,2.220446049250313e-16,0.35191850588544404
2.0,0.2846202241097837,2.220446049250313e-16,0.5624596105039517,2.220446049250313e-16,0.004974330141904521,0.6005598253262139,2.220446049250313e-16,2.220446049250313e-16,0.011691545799901651,2.220446049250313e-16,0.16582475546998576,2.220446049250313e-16,0.0461372416088346,2.220446049250313e-16,0.8403374928547215,1.0912755963760092,2.220446049250313e-16,2.220446049250313e-16,0.6510052340526382
3.0,0.17817168439264544,0.32482802632534713,2.220446049250313e-16,2.220446049250313e-16,0.6008342653686567,2.220446049250313e-16,0.31427890846333867,2.220446049250313e-16,0.01781901075189073,0.8376518522498453,0.4663348875683062,2.220446049250313e-16,0.8318210146978923,0.001162639565591644,2.220446049250313e-16,2.220446049250313e-16,0.6455659705908369,0.14018889136167922,2.220446049250313e-16
4.0,2.220446049250313e-16,2.220446049250313e-16,0.10966046259999941,0.00013455612618717971,2.220446049250313e-16,2.220446049250313e-16,2.220446049250313e-16,2.220446049250313e-16,2.220446049250313e-16,0.16896251763326328,0.7339347071227411,2.220446049250313e-16,2.220446049250313e-16,0.7798756246839726,0.18324963342404094,1.105481267518164,2.220446049250313e-16,0.04313190010603161,0.3400194304091235
5.0,0.18624125787009027,0.8078140952346903,2.220446049250313e-16,2.220446049250313e-16,0.594161000795832,2.220446049250313e-16,0.3142966911848079,2.220446049250313e-16,0.005706686187542028,0.8864815238337891,0.2766179549990994,2.220446049250313e-16,0.8364435569656438,0.0013206281450231464,0.3163956914817903,2.220446049250313e-16,0.1560438594653396,0.13107969075552792,2.220446049250313e-16
6.0,2.220446049250313e-16,2.220446049250313e-16,0.11827804610202605,0.0049374510862985055,2.220446049250313e-16,0.5913852651319199,2.220446049250313e-16,2.220446049250313e-16,2.220446049250313e-16,0.1686146592572667,0.7359604837195209,2.220446049250313e-16,2.220446049250313e-16,0.7124885030331949,0.18278280908960443,1.1123437715797446,2.220446049250313e-16,0.04776332695619253,0.05825685434930611
7.0,0.7620388151249303,0.8708537882160247,0.009806352178275694,0.163654544062932,0.050967480464458176,2.220446049250313e-16,2.220446049250313e-16,0.013036466267375433,2.220446049250313e-16,1.3076776594798276,0.0767533696525359,0.06535455700019455,2.220446049250313e-16,0.0017095247922035693,0.19316001000463112,2.220446049250313e-16,0.22039751367997748,2.220446049250313e-16,2.220446049250313e-16
8.0,2.220446049250313e-16,2.220446049250313e-16,2.220446049250313e-16,2.220446049250313e-16,2.220446049250313e-16,0.6300828943325907,0.29956826324706887,0.5503141541913438,2.220446049250313e-16,2.220446049250313e-16,0.5335616287042164,2.220446049250313e-16,2.220446049250313e-16,0.7727443029120373,0.4725766210850867,1.013294618881769,2.220446049250313e-16,2.220446049250313e-16,2.220446049250313e-16
9.0,0.232070595454507,2.220446049250313e-16,0.4383187125268547,0.293749392990081,0.03604812913981469,2.220446049250313e-16,0.6460072793993551,2.220446049250313e-16,2.220446049250313e-16,0.7193057612539879,2.220446049250313e-16,0.7179347005486837,0.09366439776673477,0.009615552211631096,2.220446049250313e-16,2.220446049250313e-16,1.0843449977326454,2.220446049250313e-16,2.220446049250313e-16
10.0,2.220446049250313e-16,2.220446049250313e-16,0.5297002583124075,0.008644686591634088,0.0852579533831008,0.6236459546793097,2.220446049250313e-16,0.4388308781678789,0.8850017718590913,2.220446049250313e-16,2.220446049250313e-16,0.33305012248219756,0.6380618213317011,0.8108252501404185,0.28412975814784597,0.31730404526866224,2.220446049250313e-16,2.220446049250313e-16,2.220446049250313e-16
11.0,2.220446049250313e-16,0.023645795084221006,0.358918390573006,1.1418022450911118,2.220446049250313e-16,2.220446049250313e-16,2.220446049250313e-16,0.5158624226619775,2.220446049250313e-16,2.220446049250313e-16,2.220446049250313e-16,0.004725419226005471,2.220446049250313e-16,2.220446049250313e-16,2.220446049250313e-16,0.0491808073075865,0.12014384763700646,0.006419029476418295,0.8466647176174324
12.0,2.220446049250313e-16,2.220446049250313e-16,0.016452991727483407,0.14514591466786353,0.7208986979711361,0.7042870182474696,2.220446049250313e-16,1.0337957715187143,0.5384676986524031,0.06515608778819669,2.220446049250313e-16,0.12975743741285,2.220446049250313e-16,0.8154566694938317,2.220446049250313e-16,0.13448508741703383,2.220446049250313e-16,2.220446049250313e-16,2.220446049250313e-16
13.0,2.220446049250313e-16,0.031468609042054584,0.22030108511796453,1.1784107975418536,2.220446049250313e-16,2.220446049250313e-16,0.32638867238814995,0.4069549217491542,2.220446049250313e-16,0.15487055832441693,2.220446049250313e-16,0.03034785399792402,2.220446049250313e-16,2.220446049250313e-16,2.220446049250313e-16,2.220446049250313e-16,0.6288502501653256,0.010294932466891846,0.274898020702278
14.0,0.21516709049399046,2.220446049250313e-16,0.06628650145589005,2.220446049250313e-16,2.220446049250313e-16,2.220446049250313e-16,0.3248145966892651,2.220446049250313e-16,0.11269038752042385,0.2119316104808434,0.40534876553925436,2.220446049250313e-16,0.015842615327261965,0.36002013242019815,0.2537015629716277,1.0507554944691597,2.220446049250313e-16,0.03344797035412435,0.6787240059506019
15.0,0.2581574219227671,2.220446049250313e-16,2.220446049250313e-16,2.220446049250313e-16,0.8013206510543537,2.220446049250313e-16,0.3277339437295018,2.220446049250313e-16,0.01614181243621752,0.8791970379361447,2.220446049250313e-16,0.307525642446667,0.3264614125570148,2.220446049250313e-16,0.6286781595844149,2.220446049250313e-16,0.8390279370598958,0.15330620663268024,0.000441476243560773
16.0,0.20834142654460008,2.220446049250313e-16,2.220446049250313e-16,2.220446049250313e-16,0.8382243829923784,0.009330186975614337,0.6230343219415423,0.8154469987721641,0.6629673091320946,0.026372289446864882,2.220446049250313e-16,0.4250701455371946,2.220446049250313e-16,0.8878365950140146,2.220446049250313e-16,2.220446049250313e-16,2.220446049250313e-16,2.220446049250313e-16,0.21553140224929646
17.0,0.2727524609116271,2.220446049250313e-16,2.220446049250313e-16,2.220446049250313e-16,0.829734125261323,2.220446049250313e-16,0.3276482584738957,2.220446049250313e-16,0.008716004617436648,0.9955557173402847,2.220446049250313e-16,0.40330511848710565,0.047028746272705854,2.220446049250313e-16,0.6190197121771619,2.220446049250313e-16,0.5249927800976695,0.1456881440227379,0.2968511532101528
18.0,0.2671491595205044,2.220446049250313e-16,0.7519436534720031,2.220446049250313e-16,2.220446049250313e-16,0.5749974278558347,0.31781543767193,0.08034519463128982,0.16305143064670793,2.220446049250313e-16,2.220446049250313e-16,0.3427124462882457,0.34311495561302674,0.782155964394852,0.3298521009566224,0.9091795568200013,2.220446049250313e-16,2.220446049250313e-16,2.220446049250313e-16
19.0,0.5125555262774529,2.220446049250313e-16,0.0032639868285389007,2.220446049250313e-16,0.30951913096827277,2.220446049250313e-16,2.220446049250313e-16,2.220446049250313e-16,0.5880507434929538,0.41704234275013047,2.220446049250313e-16,2.220446049250313e-16,0.8170330574136713,0.01275619961197482,0.8208842561298411,2.220446049250313e-16,0.8192639092948725,0.37109779819831556,0.13533680850439997
20.0,0.5210523810529232,0.005745743784095314,0.8998505455199157,0.054721546974409035,0.2129260277163558,0.6505423935111768,2.220446049250313e-16,0.0038674758562877746,0.006077264893640481,2.220446049250313e-16,0.08004611126229781,2.220446049250313e-16,0.4794209644075532,2.220446049250313e-16,0.2198231122509273,0.623354127754877,0.6230389611889265,2.220446049250313e-16,0.07547795865201572
21.0,0.006127213662426802,0.5546554054448021,2.220446049250313e-16,2.220446049250313e-16,0.32784649796125753,2.220446049250313e-16,0.3151193770492618,2.220446049250313e-16,0.5681362762317438,0.24735191139106985,0.6344489391701587,2.220446049250313e-16,0.8523706673998636,2.220446049250313e-16,2.220446049250313e-16,2.220446049250313e-16,0.37010364651719635,0.6992316250166803,2.220446049250313e-16
22.0,2.220446049250313e-16,2.220446049250313e-16,0.07426658187748948,2.220446049250313e-16,0.010000595142368063,2.220446049250313e-16,2.220446049250313e-16,2.220446049250313e-16,2.220446049250313e-16,0.0038303148490176253,0.859357615311208,2.220446049250313e-16,2.220446049250313e-16,0.3435692587894655,2.220446049250313e-16,1.0924013576232983,2.220446049250313e-16,0.4196617786618421,0.6539829541191292
23.0,2.220446049250313e-16,0.8947188641176708,2.220446049250313e-16,2.220446049250313e-16,0.5968062087323043,2.220446049250313e-16,2.220446049250313e-16,0.007335460042240217,0.01797634544182263,0.32969714447769416,0.8182836619817554,2.220446049250313e-16,0.7075290630518056,2.220446049250313e-16,2.220446049250313e-16,2.220446049250313e-16,2.220446049250313e-16,0.8118440070776338,0.00844520813054617
24.0,0.7568027396705926,0.9496583609138893,0.02678625931474934,0.1397570989827305,2.220446049250313e-16,2.220446049250313e-16,2.220446049250313e-16,0.012481831102714062,2.220446049250313e-16,1.1733279088516928,0.0941152990409571,0.020598458476467196,0.2825791079473722,0.002072693329240101,0.16102145545312546,2.220446049250313e-16,0.009745296467815636,0.12312773198002838,2.220446049250313e-16
25.0,0.7539260610240631,0.39254082817263836,0.01145793433175725,0.1671856838996248,0.053083872512312016,2.220446049250313e-16,2.220446049250313e-16,0.015561624959363448,2.220446049250313e-16,1.2919721892952334,0.097124993435543,0.062059505834563586,2.220446049250313e-16,0.0016132845275872516,0.142405219472638,2.220446049250313e-16,0.6891237855013085,2.220446049250313e-16,2.220446049250313e-16
26.0,2.220446049250313e-16,2.220446049250313e-16,0.40503920202252125,2.220446049250313e-16,2.220446049250313e-16,0.6460754008164635,0.31661234620091777,0.2059430495701274,0.018808019827871232,2.220446049250313e-16,0.5362236978253365,2.220446049250313e-16,2.220446049250313e-16,0.7849965105286221,0.5161463104748715,0.9928744886280878,2.220446049250313e-16,2.220446049250313e-16,2.220446049250313e-16
27.0,2.220446049250313e-16,0.903197011272609,0.7288800624968563,1.0490811900755057,2.220446049250313e-16,2.220446049250313e-16,2.220446049250313e-16,2.220446049250313e-16,2.220446049250313e-16,0.1735927499221311,2.220446049250313e-16,0.6654167907353016,2.220446049250313e-16,2.220446049250313e-16,0.11545025564101484,2.220446049250313e-16,2.220446049250313e-16,0.0015594152959785366,2.220446049250313e-16
28.0,0.5069215667324644,0.9164156319226824,2.220446049250313e-16,0.7998440733939717,0.07989203333667183,2.0816681711721685e-17,2.220446049250313e-16,2.220446049250313e-16,2.220446049250313e-16,0.060647062949081725,0.4636588006316973,0.0026691715720512416,0.013226910808699515,2.220446049250313e-16,2.220446049250313e-16,2.220446049250313e-16,2.220446049250313e-16,0.8351867559695225,2.220446049250313e-16
29.0,0.5227577820745495,2.220446049250313e-16,0.22029207187029065,0.09004504509798046,0.055529522640188414,2.220446049250313e-16,0.3157918534610104,2.220446049250313e-16,2.220446049250313e-16,1.172022769294507,2.220446049250313e-16,0.419751041727333,0.05752808893959194,0.010035621364625533,0.13321609383216268,0.005188331505231004,1.044463468179752,2.220446049250313e-16,2.220446049250313e-16
30.0,2.220446049250313e-16,0.8360314197909283,0.6169801541916491,1.0628526981307898,2.220446049250313e-16,2.220446049250313e-16,2.220446049250313e-16,0.11229943551746885,2.220446049250313e-16,2.220446049250313e-16,2.220446049250313e-16,0.6546917494942158,2.220446049250313e-16,2.220446049250313e-16,0.1676474378560987,0.040480973584793696,0.15245868106687424,0.00728184500328844,2.220446049250313e-16
31.0,0.7203563075086267,2.220446049250313e-16,2.220446049250313e-16,2.220446049250313e-16,2.220446049250313e-16,0.6177744764830025,0.297197380440336,0.829457033142414,2.220446049250313e-16,2.220446049250313e-16,0.01923356362243153,2.220446049250313e-16,0.00355110370320048,0.7586132198385573,2.220446049250313e-16,1.0241155017729107,2.220446049250313e-16,2.220446049250313e-16,2.220446049250313e-16
32.0,0.20528843670286306,0.6689486147935236,2.220446049250313e-16,1.0665685743001774,2.220446049250313e-16,2.220446049250313e-16,2.220446049250313e-16,0.007897831457713044,0.016595554423668675,2.220446049250313e-16,2.220446049250313e-16,2.220446049250313e-16,2.220446049250313e-16,0.0061713353407844345,0.8250176298015431,2.220446049250313e-16,0.18251961349443852,0.7735365683660403,2.220446049250313e-16
33.0,0.20528843670286306,0.6689486147935236,2.220446049250313e-16,1.0665685743001774,2.220446049250313e-16,2.220446049250313e-16,2.220446049250313e-16,0.007897831457713044,0.016595554423668675,2.220446049250313e-16,2.220446049250313e-16,2.220446049250313e-16,2.220446049250313e-16,0.0061713353407844345,0.8250176298015431,2.220446049250313e-16,0.18251961349443852,0.7735365683660403,2.220446049250313e-16
34.0,0.2052884367028631,0.6689486147935236,2.220446049250313e-16,1.0665685743001783,2.220446049250313e-16,2.220446049250313e-16,2.220446049250313e-16,0.007897831457712948,0.01659555442366824,2.220446049250313e-16,2.220446049250313e-16,2.220446049250313e-16,2.220446049250313e-16,0.006171335340784301,0.8250176298015437,2.220446049250313e-16,0.18251961349443835,0.77353656836604,2.220446049250313e-16
35.0,2.220446049250313e-16,0.8361882448361532,0.8378587537570223,1.0576036786166598,2.220446049250313e-16,2.220446049250313e-16,2.220446049250313e-16,2.220446049250313e-16,2.220446049250313e-16,0.009989719502693457,2.220446049250313e-16,0.6640163075223676,2.220446049250313e-16,2.220446049250313e-16,0.160643191483426,0.03382007249277262,0.15374332035289567,0.007224501669908952,2.220446049250313e-16
36.0,0.7203563075086267,2.220446049250313e-16,2.220446049250313e-16,2.220446049250313e-16,2.220446049250313e-16,0.6177744764830025,0.297197380440336,0.829457033142414,2.220446049250313e-16,2.220446049250313e-16,0.01923356362243153,2.220446049250313e-16,0.00355110370320048,0.7586132198385573,2.220446049250313e-16,1.0241155017729107,2.220446049250313e-16,2.220446049250313e-16,2.220446049250313e-16
37.0,2.220446049250313e-16,2.220446049250313e-16,0.4521986468047873,1.1142423315048395,2.220446049250313e-16,2.220446049250313e-16,2.220446049250313e-16,0.33946892170367604,2.220446049250313e-16,0.33320225065429154,2.220446049250313e-16,0.021258056671385375,2.220446049250313e-16,2.220446049250313e-16,2.220446049250313e-16,2.220446049250313e-16,0.1695848012327415,2.220446049250313e-16,0.7489474665066524
38.0,2.220446049250313e-16,0.4933427602951064,2.220446049250313e-16,1.0703806509101073,0.022052073909377093,2.220446049250313e-16,2.220446049250313e-16,0.004861442973445005,2.220446049250313e-16,2.220446049250313e-16,2.220446049250313e-16,2.220446049250313e-16,0.05760471550250474,2.220446049250313e-16,0.6763882301605949,0.010765317421283848,0.3465474463815625,0.8576116016827171,0.021028758776401903
39.0,2.220446049250313e-16,0.4933427602951064,2.220446049250313e-16,1.0703806509101073,0.022052073909377093,2.220446049250313e-16,2.220446049250313e-16,0.004861442973445005,2.220446049250313e-16,2.220446049250313e-16,2.220446049250313e-16,2.220446049250313e-16,0.05760471550250474,2.220446049250313e-16,0.6763882301605949,0.010765317421283848,0.3465474463815625,0.8576116016827171,0.021028758776401903
40.0,2.220446049250313e-16,0.002853356843643232,2.220446049250313e-16,2.220446049250313e-16,0.622061486620078,2.220446049250313e-16,2.220446049250313e-16,2.220446049250313e-16,0.640929141347337,0.14433571164298123,0.6375863820404002,2.220446049250313e-16,0.7854230223425968,2.220446049250313e-16,0.34302776884817976,2.220446049250313e-16,0.8913321405050579,0.5359223956163537,2.220446049250313e-16
41.0,2.220446049250313e-16,2.220446049250313e-16,2.220446049250313e-16,2.220446049250313e-16,0.2215543497366548,2.220446049250313e-16,2.220446049250313e-16,0.015248482599855118,0.8972389954903905,2.220446049250313e-16,0.9067003988478718,2.220446049250313e-16,2.220446049250313e-16,2.220446049250313e-16,0.2498529942259437,0.29868265060635396,0.8671655262908672,0.7220230988709534,2.220446049250313e-16
42.0,2.220446049250313e-16,2.220446049250313e-16,0.06551240774678321,2.220446049250313e-16,0.007656535166089107,2.220446049250313e-16,2.220446049250313e-16,2.220446049250313e-16,2.220446049250313e-16,0.004269816824782088,0.8596384172592373,2.220446049250313e-16,2.220446049250313e-16,2.220446049250313e-16,2.220446049250313e-16,1.0649359212015452,2.220446049250313e-16,0.4144361584818323,0.9727696487104776
43.0,2.220446049250313e-16,0.8938245577772961,2.220446049250313e-16,0.006346453964091614,0.6096057793802401,2.220446049250313e-16,2.220446049250313e-16,2.220446049250313e-16,0.6055104379244988,2.220446049250313e-16,0.9154262053371234,2.220446049250313e-16,0.4104323669694911,2.220446049250313e-16,2.220446049250313e-16,0.004260578851362058,0.02394461246105716,0.8141730425531576,0.0018346800366070566
44.0,0.1811533887246952,0.16353272464442492,2.220446049250313e-16,2.220446049250313e-16,0.6212503560379246,5.551115123125783e-16,2.220446049250313e-16,2.220446049250313e-16,0.6404853442923957,0.1438271233509037,0.46782988232452827,2.220446049250313e-16,0.8265179845119536,2.220446049250313e-16,0.3571949957379695,2.220446049250313e-16,0.7429741406984122,0.5437026588996208,2.220446049250313e-16
45.0,0.02773455292175728,2.220446049250313e-16,2.220446049250313e-16,0.6796626634884011,2.220446049250313e-16,0.44702957768423557,0.3218014225254259,0.903210586916363,2.220446049250313e-16,0.20196555154450513,2.220446049250313e-16,2.220446049250313e-16,0.14110619194953788,2.220446049250313e-16,2.220446049250313e-16,0.047638938617130304,0.2630248843806825,2.220446049250313e-16,0.5711077584191983
46.0,2.220446049250313e-16,2.220446049250313e-16,0.01767118318575415,2.220446049250313e-16,0.8279904211378786,2.220446049250313e-16,0.6306187019625494,0.6749501278335684,0.6704329285174395,0.01480142076175814,2.220446049250313e-16,0.7531584968574028,2.220446049250313e-16,0.46581320697750017,2.220446049250313e-16,2.220446049250313e-16,2.220446049250313e-16,2.220446049250313e-16,0.6439523454855215
47.0,2.220446049250313e-16,2.220446049250313e-16,0.01767118318575415,2.220446049250313e-16,0.8279904211378786,2.220446049250313e-16,0.6306187019625494,0.6749501278335684,0.6704329285174395,0.01480142076175814,2.220446049250313e-16,0.7531584968574028,2.220446049250313e-16,0.46581320697750017,2.220446049250313e-16,2.220446049250313e-16,2.220446049250313e-16,2.220446049250313e-16,0.6439523454855215
48.0,2.220446049250313e-16,2.220446049250313e-16,2.220446049250313e-16,2.220446049250313e-16,0.9288322700969748,2.220446049250313e-16,2.220446049250313e-16,0.07724281065655814,0.0209733950795153,0.8051712931043727,0.014653572621678278,0.6595150709711607,0.0626940226552512,0.007403486490351379,0.3325034348708083,0.011788325605426213,2.220446049250313e-16,0.20793106460697763,1.030228546445377
49.0,0.7022147337256196,2.220446049250313e-16,0.7296106506782636,2.220446049250313e-16,0.1611805113863731,2.220446049250313e-16,0.6312186389219571,0.09376832810805569,0.9178099864452054,2.220446049250313e-16,2.220446049250313e-16,2.220446049250313e-16,0.5569110096525667,0.9234895407314491,2.220446049250313e-16,0.15680627902328287,2.220446049250313e-16,2.220446049250313e-16,0.3047333185913465
50.0,2.220446049250313e-16,2.220446049250313e-16,2.220446049250313e-16,1.0489302399500162,2.220446049250313e-16,0.00964758565539059,2.220446049250313e-16,1.0094316593649961,0.09114820375706749,2.220446049250313e-16,2.220446049250313e-16,2.220446049250313e-16,2.220446049250313e-16,0.0472714934962014,0.013478994317263668,2.220446049250313e-16,0.3818284101143521,2.220446049250313e-16,0.4385728003732571
51.0,0.4998395131297788,2.220446049250313e-16,2.220446049250313e-16,2.220446049250313e-16,0.011949385530759193,0.6181058586641867,2.220446049250313e-16,0.8256118694454763,0.004297402181915619,2.220446049250313e-16,0.019246196373325117,2.220446049250313e-16,0.10239630839024468,0.7452811511755414,0.37158546117175506,1.023681677952263,2.220446049250313e-16,2.220446049250313e-16,2.220446049250313e-16
52.0,2.220446049250313e-16,2.220446049250313e-16,0.7513048821369406,2.220446049250313e-16,2.220446049250313e-16,0.6545062972079083,2.220446049250313e-16,0.16962393761345146,2.220446049250313e-16,2.220446049250313e-16,0.08505889417221582,0.6114300951958235,0.5432142570338282,0.7613504625533523,2.220446049250313e-16,0.9300396927250354,2.220446049250313e-16,0.06605706968392665,2.220446049250313e-16
53.0,0.016192212519385855,2.220446049250313e-16,0.4364835490061424,0.6284599489524432,2.220446049250313e-16,2.220446049250313e-16,0.6462207609447702,2.220446049250313e-16,2.220446049250313e-16,0.3479340737609741,2.220446049250313e-16,0.75977656738023,0.04381613495118315,0.002546334171586207,2.220446049250313e-16,2.220446049250313e-16,1.0981606964469017,0.02709335336972153,2.220446049250313e-16
54.0,0.016192212519385855,2.220446049250313e-16,0.4364835490061424,0.6284599489524432,2.220446049250313e-16,2.220446049250313e-16,0.6462207609447702,2.220446049250313e-16,2.220446049250313e-16,0.3479340737609741,2.220446049250313e-16,0.75977656738023,0.04381613495118315,0.002546334171586207,2.220446049250313e-16,2.220446049250313e-16,1.0981606964469017,0.02709335336972153,2.220446049250313e-16
55.0,2.220446049250313e-16,2.220446049250313e-16,2.220446049250313e-16,2.220446049250313e-16,0.2818928900221065,2.220446049250313e-16,2.220446049250313e-16,0.02492565384367229,0.32065514043980753,2.220446049250313e-16,0.917768566973105,2.220446049250313e-16,2.220446049250313e-16,2.220446049250313e-16,0.01832219266622293,0.5686177646962453,0.8821591955149058,0.7946496574573811,0.023355639359916056
56.0,2.220446049250313e-16,0.8516645920982587,2.220446049250313e-16,2.220446049250313e-16,0.22268034554069804,2.220446049250313e-16,2.220446049250313e-16,0.017123849112540685,0.899516360526119,2.220446049250313e-16,0.8951888244006826,2.220446049250313e-16,2.220446049250313e-16,2.220446049250313e-16,0.1864451002906854,0.301448575736976,2.220446049250313e-16,0.7038169594157963,2.220446049250313e-16
57.0,2.220446049250313e-16,2.220446049250313e-16,0.020704406097954802,2.220446049250313e-16,0.002358405661279095,2.220446049250313e-16,2.220446049250313e-16,2.220446049250313e-16,2.220446049250313e-16,0.07106902910295806,0.8623992403243639,0.019240530865597134,2.220446049250313e-16,2.220446049250313e-16,2.220446049250313e-16,1.0420304174651773,0.04780077829270743,0.41466271461472715,0.8782841391176411
58.0,2.220446049250313e-16,0.9562801416145269,2.220446049250313e-16,0.06699514686054109,0.6149863099921489,2.220446049250313e-16,2.220446049250313e-16,2.220446049250313e-16,0.6007748777702758,2.220446049250313e-16,0.9586889497583189,2.220446049250313e-16,2.220446049250313e-16,2.220446049250313e-16,2.220446049250313e-16,0.09007883863765132,2.220446049250313e-16,0.8072258164171829,2.220446049250313e-16
59.0,2.220446049250313e-16,0.9562801416145269,2.220446049250313e-16,0.06699514686054109,0.6149863099921489,2.220446049250313e-16,2.220446049250313e-16,2.220446049250313e-16,0.6007748777702758,2.220446049250313e-16,0.9586889497583189,2.220446049250313e-16,2.220446049250313e-16,2.220446049250313e-16,2.220446049250313e-16,0.09007883863765132,2.220446049250313e-16,0.8072258164171829,2.220446049250313e-16
60.0,2.220446049250313e-16,2.220446049250313e-16,2.220446049250313e-16,0.9951050822836487,2.220446049250313e-16,0.4441022225066249,2.220446049250313e-16,0.9809003189110695,2.220446049250313e-16,2.220446049250313e-16,2.220446049250313e-16,0.002436589487623307,0.12324883828910892,2.220446049250313e-16,2.220446049250313e-16,0.04564416123997682,0.020783181785863594,2.220446049250313e-16,0.7402394714067588
61.0,0.20622265395934633,2.220446049250313e-16,2.220446049250313e-16,0.03224673818592827,0.9293635250364813,0.0016840433569439877,0.29090543189401996,1.0054096602656657,0.1306195775568579,0.3191673664400175,2.220446049250313e-16,0.05209170502602517,2.220446049250313e-16,0.8843032709242084,2.220446049250313e-16,2.220446049250313e-16,2.220446049250313e-16,2.220446049250313e-16,0.2627721996343432
62.0,0.20622265395934633,2.220446049250313e-16,2.220446049250313e-16,0.03224673818592827,0.9293635250364813,0.0016840433569439877,0.29090543189401996,1.0054096602656657,0.1306195775568579,0.3191673664400175,2.220446049250313e-16,0.05209170502602517,2.220446049250313e-16,0.8843032709242084,2.220446049250313e-16,2.220446049250313e-16,2.220446049250313e-16,2.220446049250313e-16,0.2627721996343432
63.0,2.220446049250313e-16,2.220446049250313e-16,0.21175928726432738,2.220446049250313e-16,0.8328642818108971,2.220446049250313e-16,2.220446049250313e-16,0.13160825173429067,2.220446049250313e-16,0.9513896217759646,0.0124910854156045,0.31630443420041326,0.10578581645822771,2.220446049250313e-16,0.03457028063972526,0.005461962771054102,2.220446049250313e-16,0.20848192553164746,1.0485756345641533
64.0,2.220446049250313e-16,2.220446049250313e-16,0.21175928726432738,2.220446049250313e-16,0.8328642818108971,2.220446049250313e-16,2.220446049250313e-16,0.13160825173429067,2.220446049250313e-16,0.9513896217759646,0.0124910854156045,0.31630443420041326,0.10578581645822771,2.220446049250313e-16,0.03457028063972526,0.005461962771054102,2.220446049250313e-16,0.20848192553164746,1.0485756345641533
65.0,2.220446049250313e-16,2.220446049250313e-16,2.220446049250313e-16,0.7666097248791237,0.004439615289420384,0.008057803542997144,2.220446049250313e-16,1.0545084463725523,0.08610978371580995,0.2682173043346679,2.220446049250313e-16,2.220446049250313e-16,0.09303977808003498,0.023298909227843567,2.220446049250313e-16,2.220446049250313e-16,0.14440548144306706,2.220446049250313e-16,0.7382250608891913
66.0,0.7070009789583237,2.220446049250313e-16,0.8386961405563964,2.220446049250313e-16,0.29243488466677287,2.220446049250313e-16,0.638480174748864,2.220446049250313e-16,0.9092866845792109,2.220446049250313e-16,2.220446049250313e-16,2.220446049250313e-16,0.5533879718848427,0.46531595839807927,2.220446049250313e-16,0.09910121673367794,2.220446049250313e-16,2.220446049250313e-16,0.6509746155973055
67.0,0.49459592375266537,2.220446049250313e-16,0.6872156279474065,2.220446049250313e-16,2.220446049250313e-16,2.220446049250313e-16,0.32289508791206617,0.10990422154264233,0.6903814991967031,2.220446049250313e-16,2.220446049250313e-16,2.220446049250313e-16,0.3782873435455045,0.420986687235501,0.3030520249354077,0.6370252838869831,2.220446049250313e-16,2.220446049250313e-16,0.6215876131398096
68.0,2.220446049250313e-16,2.220446049250313e-16,2.220446049250313e-16,0.7678662300568507,0.0020456937600870084,0.008328990340588803,2.220446049250313e-16,1.0412628162027526,0.08659259090251473,0.27021444667629957,2.220446049250313e-16,2.220446049250313e-16,0.09967865512301488,0.050528374324474275,2.220446049250313e-16,2.220446049250313e-16,0.003784079002376627,2.220446049250313e-16,0.888932529358027
69.0,0.2798798086147716,0.1696018554273203,0.010011307396627067,0.03306074180953137,0.8366248416933324,2.220446049250313e-16,2.220446049250313e-16,2.220446049250313e-16,2.220446049250313e-16,0.4361215460830584,0.32471405245040935,0.407561726788938,2.220446049250313e-16,2.220446049250313e-16,0.14815194477381174,2.220446049250313e-16,0.4036739955242584,0.842373227922726,0.3161616751634055
