id,x_0,x_1,x_2,x_3,x_4,x_5,x_6,x_7,x_8,x_9,x_10,x_11,x_12,x_13,x_14,x_15,x_16,x_17,x_18
0.0,0.27382658483522604,2.220446049250313e-16,2.220446049250313e-16,0.5324192264800722,0.19278634633662492,0.36658356723372443,2.220446049250313e-16,2.220446049250313e-16,2.220446049250313e-16,2.220446049250313e-16,2.220446049250313e-16,2.220446049250313e-16,0.8175193626033177,2.220446049250313e-16,2.220446049250313e-16,2.220446049250313e-16,0.8493843099783913,0.6076368592104398,2.220446049250313e-16
1.0,2.220446049250313e-16,0.5599897515725258,2.220446049250313e-16,2.220446049250313e-16,2.220446049250313e-16,0.12075961784391986,0.0582429304244632,2.220446049250313e-16,0.5122369672774154,2.220446049250313e-16,0.751360416259226,0.3172799036065336,0.8256841261359009,0.384705881278171,2.220446049250313e-16,2.220446049250313e-16,2.220446049250313e-16,2.220446049250313e-16,0.03797622841716813
2.0,0.5634438639555905,2.220446049250313e-16,2.220446049250313e-16,0.4818612403077861,0.212326952377341,0.4750149836967683,0.6170435871205668,2.220446049250313e-16,0.4199414177875081,2.220446049250313e-16,2.220446049250313e-16,2.220446049250313e-16,0.3285309930620108,2.220446049250313e-16,2.220446049250313e-16,2.220446049250313e-16,0.7685741003743856,2.220446049250313e-16,2.220446049250313e-16
3.0,2.220446049250313e-16,0.5183450363759089,2.220446049250313e-16,0.1405774876307203,2.220446049250313e-16,2.220446049250313e-16,0.38126201137498283,2.220446049250313e-16,2.220446049250313e-16,2.220446049250313e-16,0.6131397972499276,2.220446049250313e-16,0.9596976777328416,0.3998739254329687,2.220446049250313e-16,2.220446049250313e-16,0.4382504826372248,2.220446049250313e-16,0.035473489388832546
4.0,0.27623381693048243,2.220446049250313e-16,2.220446049250313e-16,0.18638721584576484,0.4587751876871135,0.3405122205257361,2.220446049250313e-16,2.220446049250313e-16,2.220446049250313e-16,2.220446049250313e-16,2.220446049250313e-16,2.220446049250313e-16,0.816615496107963,2.220446049250313e-16,2.220446049250313e-16,2.220446049250313e-16,0.8431823503836738,0.6291486790148434,2.220446049250313e-16
5.0,0.6791657098925478,0.903189790998335,0.5210614931375516,2.220446049250313e-16,2.220446049250313e-16,2.220446049250313e-16,2.220446049250313e-16,2.220446049250313e-16,0.3151465217904616,2.220446049250313e-16,0.2879161826375815,0.44358542520544214,0.23290788508091642,0.3619966438578819,2.220446049250313e-16,2.220446049250313e-16,0.0036322528776956985,2.220446049250313e-16,2.220446049250313e-16
6.0,2.220446049250313e-16,0.3381412627102337,2.220446049250313e-16,0.8560726357592675,2.220446049250313e-16,2.220446049250313e-16,0.31257853370070876,2.220446049250313e-16,2.220446049250313e-16,2.220446049250313e-16,2.220446049250313e-16,2.220446049250313e-16,0.9411332786193057,0.000210068517448207,2.220446049250313e-16,2.220446049250313e-16,0.8007679691517786,0.24303956169228114,2.220446049250313e-16
7.0,2.220446049250313e-16,0.7321030181258399,2.220446049250313e-16,2.220446049250313e-16,2.220446049250313e-16,2.220446049250313e-16,0.05314308010578439,2.220446049250313e-16,0.23443229589831424,2.220446049250313e-16,0.7677496417259263,2.220446049250313e-16,0.9241960812701574,0.7788203092307212,2.220446049250313e-16,2.220446049250313e-16,2.220446049250313e-16,2.220446049250313e-16,0.03632364439862724
8.0,0.45873867682620995,2.220446049250313e-16,2.220446049250313e-16,0.0010463812604669651,0.8673874707635832,2.220446049250313e-16,2.220446049250313e-16,2.220446049250313e-16,2.220446049250313e-16,0.6152819993038617,2.220446049250313e-16,2.220446049250313e-16,0.6717101881392695,2.220446049250313e-16,2.220446049250313e-16,2.220446049250313e-16,0.8349043784876536,2.220446049250313e-16,2.220446049250313e-16
9.0,0.24704769093416937,2.220446049250313e-16,0.013930581534023156,2.220446049250313e-16,0.06450391511290757,0.6008437971966683,0.6466401418084564,0.5378637289838264,2.220446049250313e-16,0.32672486244194743,0.9414915305095634,0.5038302486023872,2.220446049250313e-16,2.220446049250313e-16,2.220446049250313e-16,2.220446049250313e-16,2.220446049250313e-16,2.220446049250313e-16,0.38568818221379925
10.0,2.220446049250313e-16,2.220446049250313e-16,0.010562055967177018,2.220446049250313e-16,1.0318187989992424,0.1638134017101178,2.220446049250313e-16,0.4512268499765055,0.4406829327253415,2.220446049250313e-16,0.0025202067990078183,2.220446049250313e-16,2.220446049250313e-16,2.220446049250313e-16,0.6490209137557045,0.05180677840380064,0.8036140687509286,2.220446049250313e-16,2.220446049250313e-16
11.0,0.3159766134847387,0.013142331919235528,2.220446049250313e-16,0.3562734045547194,2.220446049250313e-16,2.220446049250313e-16,2.220446049250313e-16,0.5569607883283397,2.220446049250313e-16,0.31893606010999,0.731747698871086,0.12112335078175487,2.220446049250313e-16,2.220446049250313e-16,0.2587648896457237,0.4187317380009216,5.551115123125783e-17,0.6185873408540622,0.7261996215247903
12.0,2.220446049250313e-16,2.220446049250313e-16,0.010562055967177018,2.220446049250313e-16,1.0318187989992424,0.1638134017101178,2.220446049250313e-16,0.4512268499765055,0.4406829327253415,2.220446049250313e-16,0.0025202067990078183,2.220446049250313e-16,2.220446049250313e-16,2.220446049250313e-16,0.6490209137557045,0.05180677840380064,0.8036140687509286,2.220446049250313e-16,2.220446049250313e-16
13.0,2.220446049250313e-16,2.220446049250313e-16,0.002845945557440226,0.8447801004053304,0.0077786067366380635,0.2864439589957972,0.06475131028624513,0.5213733470710148,2.220446049250313e-16,0.6264411380746174,0.1654533519509716,0.9481185985886358,2.220446049250313e-16,0.019171155190712375,0.10607545810052905,0.14812977705928415,2.220446049250313e-16,0.5882182776130062,2.220446049250313e-16
14.0,0.8202651086431522,2.220446049250313e-16,2.220446049250313e-16,0.8390048051799435,2.220446049250313e-16,0.49011520192439256,2.220446049250313e-16,2.220446049250313e-16,0.7653113272500711,2.220446049250313e-16,2.220446049250313e-16,2.220446049250313e-16,0.010099705040301674,0.8088185077014833,2.220446049250313e-16,2.220446049250313e-16,2.220446049250313e-16,0.5885773111890563,2.220446049250313e-16
15.0,2.220446049250313e-16,0.3381412620753065,2.220446049250313e-16,0.8270049814707489,2.220446049250313e-16,2.220446049250313e-16,0.6124786813960824,2.220446049250313e-16,2.220446049250313e-16,2.220446049250313e-16,2.220446049250313e-16,2.220446049250313e-16,0.9411332896406754,2.220446049250313e-16,2.220446049250313e-16,2.220446049250313e-16,0.8007679680470847,2.220446049250313e-16,2.220446049250313e-16
16.0,2.220446049250313e-16,0.15138711640429423,2.220446049250313e-16,0.8202666561669407,2.220446049250313e-16,0.19435224474041551,0.6032006098041343,2.220446049250313e-16,2.220446049250313e-16,2.220446049250313e-16,2.220446049250313e-16,2.220446049250313e-16,1.0013793103339956,0.7702525068130026,2.220446049250313e-16,2.220446049250313e-16,0.07192876892580964,2.220446049250313e-16,2.220446049250313e-16
17.0,0.01596699962444492,2.220446049250313e-16,2.220446049250313e-16,0.13348179021886408,0.02335061873679559,0.7385641925620693,0.7447079702598904,0.5557093706613234,2.220446049250313e-16,0.01518830220901852,0.845460587041613,0.11787061400572951,2.220446049250313e-16,0.8453985851929346,0.08589001108704364,2.220446049250313e-16,2.220446049250313e-16,2.220446049250313e-16,0.015066363659310049
18.0,0.2391281928733878,2.220446049250313e-16,2.220446049250313e-16,7.08623478070658e-05,1.0124833751456592,0.035639539841357676,2.220446049250313e-16,0.07222956165469532,0.7602491465031794,0.6336350251413174,0.03284748379317286,0.07186128556647413,2.220446049250313e-16,0.04674870235144371,2.220446049250313e-16,0.04799103171884938,0.7218352932564297,2.220446049250313e-16,2.220446049250313e-16
19.0,0.47574671652787637,2.220446049250313e-16,2.220446049250313e-16,2.220446049250313e-16,2.220446049250313e-16,0.7895086133444691,0.6564266080445667,0.4348750028480106,2.220446049250313e-16,2.220446049250313e-16,0.955845861144445,0.7747918753129066,2.220446049250313e-16,0.024477194210305395,2.220446049250313e-16,2.220446049250313e-16,2.220446049250313e-16,2.220446049250313e-16,0.012915895348408979
20.0,0.7292151735103684,0.9107159802184951,0.6183757513997215,2.220446049250313e-16,0.011061702802822275,2.220446049250313e-16,2.220446049250313e-16,2.220446049250313e-16,0.5216352461043711,2.220446049250313e-16,0.11310476535390253,2.220446049250313e-16,0.11001537629570121,0.7996684091078029,2.220446049250313e-16,0.05507047009514982,2.220446049250313e-16,2.220446049250313e-16,2.220446049250313e-16
21.0,2.220446049250313e-16,0.15946773327356958,2.220446049250313e-16,0.33151465646053535,0.47521910807222895,0.13412194158324167,2.220446049250313e-16,2.220446049250313e-16,2.220446049250313e-16,2.220446049250313e-16,2.220446049250313e-16,2.220446049250313e-16,0.9471032708882752,2.220446049250313e-16,2.220446049250313e-16,2.220446049250313e-16,0.8206350222294174,0.3238673738733558,0.004031801710881129
22.0,0.6142760834575198,0.7826676458045054,0.15371613952538618,2.220446049250313e-16,0.01604034008263146,0.2249118706791954,0.017982483400862618,0.0031752909003478547,0.31085312758537725,2.220446049250313e-16,0.8704673904878093,0.02413999096112762,0.06424469001121948,0.3578853622114561,2.220446049250313e-16,2.220446049250313e-16,0.3802993363545252,2.220446049250313e-16,0.02593606032571114
23.0,0.025453386780663164,0.7830822689365291,0.15726923496332937,2.220446049250313e-16,2.220446049250313e-16,2.220446049250313e-16,0.034958846023848675,2.220446049250313e-16,0.5138712914845676,2.220446049250313e-16,0.6490397667894328,0.7205248695601347,0.6888127919766123,0.034442380135747984,2.220446049250313e-16,2.220446049250313e-16,2.220446049250313e-16,2.220446049250313e-16,0.04196683063145525
24.0,0.08251140334354787,0.8444701178011338,0.7631935541039823,2.220446049250313e-16,0.04451240770864487,2.220446049250313e-16,2.220446049250313e-16,0.06912670006257718,2.220446049250313e-16,0.014656407031136784,2.220446049250313e-16,0.4780079214764033,2.220446049250313e-16,0.43594002752926087,2.220446049250313e-16,0.7835965109691396,2.220446049250313e-16,2.220446049250313e-16,2.220446049250313e-16
25.0,2.220446049250313e-16,2.220446049250313e-16,0.1958832021013098,0.011513926957491538,0.0816891338420847,0.4157044801132558,0.0298278540982542,0.5524439946134827,2.220446049250313e-16,0.6330672534509437,0.8574384972969429,0.1382056763518586,0.09651885124039314,0.0032837937113940293,2.220446049250313e-16,2.220446049250313e-16,2.220446049250313e-16,0.6400200509213683,0.787025097725435
26.0,2.220446049250313e-16,2.220446049250313e-16,2.220446049250313e-16,0.0035136958578054463,0.969200181932335,0.05411130006453162,2.220446049250313e-16,2.220446049250313e-16,0.22871849258081062,2.220446049250313e-16,0.010397213822217475,2.220446049250313e-16,0.129727202675266,2.220446049250313e-16,0.687882333520458,0.31433448242061035,0.8015460691573747,2.220446049250313e-16,0.007197796831447908
27.0,2.220446049250313e-16,0.0011804972426079662,0.8104825942339279,2.220446049250313e-16,2.220446049250313e-16,2.220446049250313e-16,0.3896237397449152,2.220446049250313e-16,2.220446049250313e-16,2.220446049250313e-16,0.04916308212409143,2.220446049250313e-16,2.220446049250313e-16,0.00823610479172697,0.758513402100845,0.805862303543193,2.220446049250313e-16,0.3444766913154771,0.7939116496022316
28.0,2.220446049250313e-16,0.0011804972426079662,0.8104825942339279,2.220446049250313e-16,2.220446049250313e-16,2.220446049250313e-16,0.3896237397449152,2.220446049250313e-16,2.220446049250313e-16,2.220446049250313e-16,0.04916308212409143,2.220446049250313e-16,2.220446049250313e-16,0.00823610479172697,0.758513402100845,0.805862303543193,2.220446049250313e-16,0.3444766913154771,0.7939116496022316
29.0,2.220446049250313e-16,0.0011804972426079415,0.8104825942339281,2.220446049250313e-16,2.220446049250313e-16,2.220446049250313e-16,0.38962373974491543,2.220446049250313e-16,2.220446049250313e-16,2.220446049250313e-16,0.04916308212409125,2.220446049250313e-16,2.220446049250313e-16,0.00823610479172701,0.758513402100845,0.8058623035431931,2.220446049250313e-16,0.3444766913154771,0.7939116496022317
30.0,0.04514754051413702,0.17762051700988057,0.8493472692369148,2.220446049250313e-16,0.0596356440494933,0.9573176222983212,0.34477220714934936,0.4626316924596973,0.20578117572377094,2.220446049250313e-16,0.044790781432220705,2.220446049250313e-16,0.10394905425713102,2.220446049250313e-16,2.220446049250313e-16,0.03592360218910816,2.220446049250313e-16,2.220446049250313e-16,0.8037089796833068
31.0,2.220446049250313e-16,2.220446049250313e-16,0.01058162815844528,2.220446049250313e-16,1.0363881088674038,0.161964018512495,2.220446049250313e-16,0.45117544386524033,0.16718718677624667,2.220446049250313e-16,0.0015739986987290766,2.220446049250313e-16,0.08570988085350617,2.220446049250313e-16,0.6488483326599824,0.051673187025381026,0.8497919545119406,2.220446049250313e-16,2.220446049250313e-16
32.0,2.220446049250313e-16,0.0011939618858809705,0.8104094276968702,0.022185888179341084,2.220446049250313e-16,2.220446049250313e-16,0.3986230756557961,2.220446049250313e-16,2.220446049250313e-16,2.220446049250313e-16,0.0487179387522409,2.220446049250313e-16,2.220446049250313e-16,0.00795564273479613,0.7581354896289095,0.8058228085310357,2.220446049250313e-16,0.29487991431843574,0.7937474099741371
33.0,2.220446049250313e-16,0.0011939618858809705,0.8104094276968702,0.022185888179341084,2.220446049250313e-16,2.220446049250313e-16,0.3986230756557961,2.220446049250313e-16,2.220446049250313e-16,2.220446049250313e-16,0.0487179387522409,2.220446049250313e-16,2.220446049250313e-16,0.00795564273479613,0.7581354896289095,0.8058228085310357,2.220446049250313e-16,0.29487991431843574,0.7937474099741371
34.0,2.220446049250313e-16,0.0011939618858809063,0.8104094276968707,0.022185888179341084,2.220446049250313e-16,2.220446049250313e-16,0.398623075655796,2.220446049250313e-16,2.220446049250313e-16,2.220446049250313e-16,0.04871793875224106,2.220446049250313e-16,2.220446049250313e-16,0.007955642734796117,0.7581354896289095,0.8058228085310357,2.220446049250313e-16,0.29487991431843574,0.7937474099741371
35.0,0.2205491782366588,2.220446049250313e-16,0.021181729909851787,0.13223269913366828,0.29041269499104366,0.9348294408868808,0.7926648758279923,2.220446049250313e-16,0.2961770267946881,2.220446049250313e-16,0.1634811171110057,2.220446049250313e-16,2.220446049250313e-16,0.8077042095567009,0.061131797765894766,0.1495036227422889,2.220446049250313e-16,2.220446049250313e-16,0.0389133836861828
36.0,2.220446049250313e-16,2.220446049250313e-16,2.220446049250313e-16,0.4943035579184119,0.4718817095421328,2.220446049250313e-16,0.027992431220856106,2.220446049250313e-16,0.22544626011155378,2.220446049250313e-16,2.220446049250313e-16,2.220446049250313e-16,2.220446049250313e-16,0.02363372985934065,0.7920031853929318,0.7406693740094082,2.220446049250313e-16,2.220446049250313e-16,0.7486971009163861
37.0,2.220446049250313e-16,2.220446049250313e-16,2.220446049250313e-16,2.220446049250313e-16,0.959052130032676,0.061649704483495604,2.220446049250313e-16,2.220446049250313e-16,0.16714653275782093,2.220446049250313e-16,2.220446049250313e-16,0.373155731171555,0.0492696186256377,0.3688970568343658,0.6666323740912776,0.4815925239718965,0.07993571511671267,2.220446049250313e-16,0.007027062230632654
38.0,2.220446049250313e-16,0.025224112231967175,0.03675439532754271,0.6880197941340909,0.2708914009138807,2.220446049250313e-16,2.220446049250313e-16,2.220446049250313e-16,2.220446049250313e-16,2.220446049250313e-16,0.1095140461745438,2.220446049250313e-16,2.220446049250313e-16,2.220446049250313e-16,0.6579236702840286,0.9147595186914335,2.220446049250313e-16,2.220446049250313e-16,0.7433622653720139
39.0,2.220446049250313e-16,0.025224112231967175,0.03675439532754271,0.6880197941340909,0.2708914009138807,2.220446049250313e-16,2.220446049250313e-16,2.220446049250313e-16,2.220446049250313e-16,2.220446049250313e-16,0.1095140461745438,2.220446049250313e-16,2.220446049250313e-16,2.220446049250313e-16,0.6579236702840286,0.9147595186914335,2.220446049250313e-16,2.220446049250313e-16,0.7433622653720139
40.0,0.24316599229053418,0.16912383911237583,0.8497089336099573,2.220446049250313e-16,0.060020388147205374,0.9615299948619183,0.3542925986651418,2.220446049250313e-16,0.2803537807133841,2.220446049250313e-16,0.040594664268661235,2.220446049250313e-16,0.10424046090525663,2.220446049250313e-16,2.220446049250313e-16,0.03627530282100569,2.220446049250313e-16,2.220446049250313e-16,0.8036754299092193
41.0,0.09410534162431877,2.220446049250313e-16,2.220446049250313e-16,2.220446049250313e-16,0.9789088218894184,0.041967128201078556,2.220446049250313e-16,0.4517383532293064,2.220446049250313e-16,2.220446049250313e-16,0.037135933200629204,2.220446049250313e-16,0.23543658656485877,0.0328496292704252,0.6504841772735838,0.05384243053349089,0.8454325695700249,2.220446049250313e-16,2.220446049250313e-16
42.0,0.2709319945178177,0.1816638500016261,0.3642182107073963,2.220446049250313e-16,0.029563696276733383,0.9769499278374256,0.3173941736113525,0.0028103581367903132,0.06491577443108038,2.220446049250313e-16,0.6827294400751073,0.057727717564125994,0.0981510850088329,2.220446049250313e-16,2.220446049250313e-16,2.220446049250313e-16,2.220446049250313e-16,2.220446049250313e-16,0.7860739181087705
43.0,2.220446049250313e-16,0.0018985402404045155,0.8023068082237018,2.220446049250313e-16,0.0244008022381124,2.220446049250313e-16,0.6498645655483555,2.220446049250313e-16,2.220446049250313e-16,0.6172620297073721,0.036019601744420884,2.220446049250313e-16,2.220446049250313e-16,2.220446049250313e-16,0.11459309146962139,0.9256634781110451,2.220446049250313e-16,2.220446049250313e-16,0.7909400565687557
44.0,2.220446049250313e-16,0.0018985402404045155,0.8023068082237018,2.220446049250313e-16,0.0244008022381124,2.220446049250313e-16,0.6498645655483555,2.220446049250313e-16,2.220446049250313e-16,0.6172620297073721,0.036019601744420884,2.220446049250313e-16,2.220446049250313e-16,2.220446049250313e-16,0.11459309146962139,0.9256634781110451,2.220446049250313e-16,2.220446049250313e-16,0.7909400565687557
45.0,0.5910356586055043,0.40677088383958016,0.5633717900148192,2.220446049250313e-16,0.0328418558376969,0.9698527267981584,0.025080593283738895,0.003785998246798627,0.04202797107429224,2.220446049250313e-16,0.4033409160322549,0.0688092789159976,2.220446049250313e-16,2.220446049250313e-16,2.220446049250313e-16,2.220446049250313e-16,2.220446049250313e-16,2.220446049250313e-16,0.7842484394293465
46.0,0.45873867682620995,2.220446049250313e-16,2.220446049250313e-16,0.0010463812604669651,0.8673874707635832,2.220446049250313e-16,2.220446049250313e-16,2.220446049250313e-16,2.220446049250313e-16,0.6152819993038617,2.220446049250313e-16,2.220446049250313e-16,0.6717101881392695,2.220446049250313e-16,2.220446049250313e-16,2.220446049250313e-16,0.8349043784876536,2.220446049250313e-16,2.220446049250313e-16
47.0,2.220446049250313e-16,0.8407955978262893,0.7816819934239262,2.220446049250313e-16,0.07169630631183978,0.05793857181126489,2.220446049250313e-16,0.05302488579376802,2.220446049250313e-16,0.01165826487644058,2.220446049250313e-16,0.861987683793136,2.220446049250313e-16,2.220446049250313e-16,2.220446049250313e-16,0.7753235588434068,2.220446049250313e-16,2.220446049250313e-16,2.220446049250313e-16
48.0,0.9252106949774194,0.8520880133804879,0.3121822644333732,2.220446049250313e-16,2.220446049250313e-16,0.20795132937602867,2.220446049250313e-16,2.220446049250313e-16,0.02878494936075491,2.220446049250313e-16,0.5736776078200179,0.8306515233237026,2.220446049250313e-16,0.01657057444318373,2.220446049250313e-16,2.220446049250313e-16,2.220446049250313e-16,2.220446049250313e-16,2.220446049250313e-16
49.0,0.7868686127713169,0.8718704044092104,0.7005734476796752,2.220446049250313e-16,2.220446049250313e-16,2.220446049250313e-16,2.220446049250313e-16,2.220446049250313e-16,0.3116268712101811,2.220446049250313e-16,0.14771860591586533,0.8445722848533609,0.11196895925027767,0.022203805153928582,2.220446049250313e-16,2.220446049250313e-16,2.220446049250313e-16,2.220446049250313e-16,2.220446049250313e-16
50.0,0.574038317066853,0.41667845849338847,0.1799596903878688,2.220446049250313e-16,0.026966282913639658,0.9301558247441953,0.012793099747539569,2.220446049250313e-16,0.04352836277052913,2.220446049250313e-16,0.8211682395073636,0.4187703148847057,2.220446049250313e-16,2.220446049250313e-16,2.220446049250313e-16,2.220446049250313e-16,2.220446049250313e-16,2.220446049250313e-16,0.4009473037361892
51.0,2.220446049250313e-16,2.220446049250313e-16,2.220446049250313e-16,0.0010458428580734404,0.8668940959947771,2.220446049250313e-16,2.220446049250313e-16,2.220446049250313e-16,2.220446049250313e-16,0.6152833560715902,2.220446049250313e-16,2.220446049250313e-16,0.9245497334941516,2.220446049250313e-16,2.220446049250313e-16,2.220446049250313e-16,0.8095892860335392,2.220446049250313e-16,0.004436549460322327
52.0,2.220446049250313e-16,0.8407955978262893,0.7816819934239262,2.220446049250313e-16,0.07169630631183978,0.05793857181126489,2.220446049250313e-16,0.05302488579376802,2.220446049250313e-16,0.01165826487644058,2.220446049250313e-16,0.861987683793136,2.220446049250313e-16,2.220446049250313e-16,2.220446049250313e-16,0.7753235588434068,2.220446049250313e-16,2.220446049250313e-16,2.220446049250313e-16
53.0,2.220446049250313e-16,0.8788749606209323,0.13990318754389386,2.220446049250313e-16,2.220446049250313e-16,2.220446049250313e-16,2.220446049250313e-16,2.220446049250313e-16,0.2339683082703496,2.220446049250313e-16,0.5279829977376569,2.220446049250313e-16,0.9195843877527234,0.7710719125164222,2.220446049250313e-16,2.220446049250313e-16,2.220446049250313e-16,2.220446049250313e-16,2.220446049250313e-16
54.0,2.220446049250313e-16,0.8407955978262893,0.7816819934239262,2.220446049250313e-16,0.07169630631183967,0.05793857181126492,2.220446049250313e-16,0.053024885793768156,2.220446049250313e-16,0.01165826487644058,2.220446049250313e-16,0.861987683793136,2.220446049250313e-16,2.220446049250313e-16,2.220446049250313e-16,0.7753235588434068,2.220446049250313e-16,2.220446049250313e-16,2.220446049250313e-16
55.0,0.8859294606256117,0.0005207298815257944,2.220446049250313e-16,0.010329171110991029,0.6196976314861427,0.00024317308916131216,2.220446049250313e-16,2.220446049250313e-16,0.7420002665189563,0.6159430739925098,2.220446049250313e-16,2.220446049250313e-16,2.220446049250313e-16,0.03197484622631185,2.220446049250313e-16,2.220446049250313e-16,0.7437542390881434,0.6400937038017344,2.220446049250313e-16
56.0,2.220446049250313e-16,2.220446049250313e-16,2.220446049250313e-16,0.8452378044604737,0.0673543397345967,0.28031995040334945,2.220446049250313e-16,0.5203757566858294,2.220446049250313e-16,0.6262398187583027,0.16856359769887708,0.9509726583471473,2.220446049250313e-16,2.220446049250313e-16,2.220446049250313e-16,0.23160388320407269,2.220446049250313e-16,0.5881898234617863,2.220446049250313e-16
57.0,2.220446049250313e-16,2.220446049250313e-16,0.012505669521449967,2.220446049250313e-16,1.016609904202032,0.1619024191806257,0.05347669525771105,0.5377614938615667,0.6801646343980744,0.31639119480674066,2.220446049250313e-16,0.06355427070172853,2.220446049250313e-16,0.7954101566367059,0.34849969560204086,2.220446049250313e-16,2.220446049250313e-16,2.220446049250313e-16,2.220446049250313e-16
58.0,0.07976052640354996,2.220446049250313e-16,2.220446049250313e-16,0.8389116311319492,0.003958644142457197,2.220446049250313e-16,2.220446049250313e-16,2.220446049250313e-16,2.220446049250313e-16,0.6171173568124858,0.02219862282478194,0.003011478201627552,0.8756907932573595,0.8178875547802683,2.220446049250313e-16,2.220446049250313e-16,0.05732879207042228,0.5885831035529677,0.0037615807906787027
59.0,2.220446049250313e-16,2.220446049250313e-16,0.046624718854932454,0.8478970974325085,0.0113555472363847,2.220446049250313e-16,2.220446049250313e-16,2.220446049250313e-16,2.220446049250313e-16,0.6108890341710994,2.220446049250313e-16,0.7475844338466829,2.220446049250313e-16,2.220446049250313e-16,0.1360120467674349,0.9494523409480222,2.220446049250313e-16,0.5880245028282499,0.004357103004893803
60.0,2.220446049250313e-16,0.754621851171174,2.220446049250313e-16,2.220446049250313e-16,0.0006065781453453711,2.220446049250313e-16,0.050147588402315584,2.220446049250313e-16,0.7225854340589286,2.220446049250313e-16,0.802624145340834,2.220446049250313e-16,0.5415433086357454,0.8193582328083254,2.220446049250313e-16,2.220446049250313e-16,2.220446049250313e-16,2.220446049250313e-16,0.03938278994719703
61.0,0.16120047494073136,2.220446049250313e-16,2.220446049250313e-16,0.0004241710265687204,1.0155197789243928,0.04063757931444516,2.220446049250313e-16,0.0730412255745961,0.49248480171934766,0.6337514602617076,0.0025609318563267645,0.0597680292023537,0.15363727437531793,0.005800535888803356,2.220446049250313e-16,0.04810699680781699,0.7882673059448582,2.220446049250313e-16,2.220446049250313e-16
62.0,2.220446049250313e-16,2.220446049250313e-16,2.220446049250313e-16,0.8393030474625276,2.220446049250313e-16,0.4008642286701368,2.220446049250313e-16,2.220446049250313e-16,2.220446049250313e-16,2.220446049250313e-16,2.220446049250313e-16,2.220446049250313e-16,1.0101283436142894,0.7750258583343203,2.220446049250313e-16,2.220446049250313e-16,0.0710518354295901,0.5885587703198778,0.0030867844926303124
63.0,0.15936776703195363,2.220446049250313e-16,2.220446049250313e-16,2.220446049250313e-16,2.220446049250313e-16,0.8283528580578194,0.7264554267768294,0.4498759677546429,2.220446049250313e-16,2.220446049250313e-16,0.9741522550077121,0.4075805430424127,2.220446049250313e-16,0.4418487097166136,0.09276983137240033,2.220446049250313e-16,2.220446049250313e-16,2.220446049250313e-16,0.010478289588275846
64.0,0.15936776703195363,2.220446049250313e-16,2.220446049250313e-16,2.220446049250313e-16,2.220446049250313e-16,0.8283528580578194,0.7264554267768294,0.4498759677546429,2.220446049250313e-16,2.220446049250313e-16,0.9741522550077121,0.4075805430424127,2.220446049250313e-16,0.4418487097166136,0.09276983137240033,2.220446049250313e-16,2.220446049250313e-16,2.220446049250313e-16,0.010478289588275846
65.0,0.45816846624724056,2.220446049250313e-16,2.220446049250313e-16,0.8508811754565444,2.220446049250313e-16,0.05473113288534376,2.220446049250313e-16,2.220446049250313e-16,0.7996527186249418,0.6113411322194418,2.220446049250313e-16,0.735334710649207,0.11927121307007126,2.220446049250313e-16,0.04691664623528456,0.08445389949929405,2.220446049250313e-16,0.5878389912375227,0.02702462165632351
66.0,0.11059282591601872,2.220446049250313e-16,0.012623050754418608,2.220446049250313e-16,1.0105067911324377,0.16032424000439977,0.04164107789296218,0.07451433160678544,0.7610984729389509,0.015483854293683222,2.220446049250313e-16,0.07508462273435984,2.220446049250313e-16,0.790686507108662,0.6031846064600154,2.220446049250313e-16,2.220446049250313e-16,2.220446049250313e-16,2.220446049250313e-16
67.0,0.11059282591601872,2.220446049250313e-16,0.012623050754418608,2.220446049250313e-16,1.0105067911324377,0.16032424000439977,0.04164107789296218,0.07451433160678544,0.7610984729389509,0.015483854293683222,2.220446049250313e-16,0.07508462273435984,2.220446049250313e-16,0.790686507108662,0.6031846064600154,2.220446049250313e-16,2.220446049250313e-16,2.220446049250313e-16,2.220446049250313e-16
68.0,2.220446049250313e-16,2.220446049250313e-16,2.220446049250313e-16,0.8636950978001999,0.09092984920219521,2.220446049250313e-16,0.0585138103001212,0.5257523609490028,2.220446049250313e-16,0.3232650895703495,0.046769411093999,0.8819029053924952,2.220446049250313e-16,0.017170715092719953,0.4123971436510638,0.5619031295941534,2.220446049250313e-16,0.24256569504165076,0.0045289643470899175
69.0,2.220446049250313e-16,2.220446049250313e-16,2.220446049250313e-16,0.8636950978001999,0.09092984920219521,2.220446049250313e-16,0.0585138103001212,0.5257523609490028,2.220446049250313e-16,0.3232650895703495,0.046769411093999,0.8819029053924952,2.220446049250313e-16,0.017170715092719953,0.4123971436510638,0.5619031295941534,2.220446049250313e-16,0.24256569504165076,0.0045289643470899175
