23 0.13382578569041598 0.3675663828109759 0.3058837646561823 0.4375918537806549 0.36756638246339984 0.298717035246143 0.23596940943730338 0.10805031615588961 0.27978821299809886 0.10059903899546914 0.27978821264323256 0.17740416189632727 0.4375918536356314 0.24910608115917812 0.5675005474208027 0.5675005474868956 0.12750633202120829 0.12532749961964476 0.2797882130438613 0.235969410342314
35 0.3451044650573749 0.25030328825232573 0.3484713199762268 0.2232885214034468 0.2503032885142602 0.2866513335186891 0.501827425789088 0.29086910525802523 0.4372184283347451 0.10837365064966731 0.43721842783270404 0.2379834856828893 0.22328852163627744 0.12403237144690138 0.18352478679298656 0.18352478681117645 0.22265963139943779 0.29971887875106873 0.4372184287640266 0.5018274271860719
59 0.0481330415517313 0.12031032725885929 0.29087192523393063 0.7533025308141776 0.12031032756554388 0.6266707218222446 0.22328852120851178 0.05861518233749273 0.25034917872905205 0.010751056968001792 0.25034917848850613 0.10033924070240008 0.7533025308168829 0.09852314248151123 0.1410663328819056 0.1410663329350152 0.0690873642467893 -0.029047209813739257 0.25034917913179994 0.2232885223179944
57 0.2708451143498376 0.4197706971634346 0.2645220469069312 0.1003392403783541 0.41977069763546065 0.15460413730133066 0.23798348489224536 0.30521065296262884 0.2183028124537216 0.32811527776677524 0.21830281200206864 0.7091063496065659 0.10033924099123301 0.347173147450233 0.339092119701827 0.3390921197331442 0.294383393995236 0.2513452491800689 0.218302813049761 0.2379834862517763
66 0.3061719455256929 0.28792998407195536 0.4767831848868627 0.2908719246339 0.2879299847495503 0.2066255937369007 0.34847131933271497 0.32715573734627507 0.4095658834421233 0.12774787726639888 0.40956588278829664 0.26452204691130127 0.2908719254007198 0.2491450986498365 0.26367575907728197 0.2636757592286339 0.34159875252138927 0.20973751026347606 0.4095658838707685 0.3484713206303931
53 0.13382578569041598 0.3675663828109759 0.3058837646561823 0.4375918537806549 0.36756638246339984 0.298717035246143 0.23596940943730338 0.10805031615588961 0.27978821299809886 0.10059903899546914 0.27978821264323256 0.17740416189632727 0.4375918536356314 0.24910608115917812 0.5675005474208027 0.5675005474868956 0.12750633202120829 0.12532749961964476 0.2797882130438613 0.235969410342314
13 0.3401476196894219 0.2572422324136697 0.40956588338079625 0.25034917851905164 0.2572422330538267 0.22902503283229736 0.4372184277578576 0.3217960827064234 0.4402203179863754 0.11623735072878899 0.4402203175719376 0.21830281253396955 0.25034917875754165 0.1675266316736496 0.21248125745116114 0.21248125757227637 0.2961215682799323 0.26820698359787964 0.4402203182697948 0.4372184291077369
16 0.45000658728674925 0.31013891003590716 0.327155737771662 0.05861518224225319 0.3101389106211714 0.04374356581525262 0.29086910526428367 0.46090118712204986 0.321796083457093 0.2661387679345444 0.3217960829147674 0.3052106536737999 0.0586151831057606 0.2795595719031688 0.24328550158161638 0.2432855015534769 0.4625923477858963 0.4717031916961737 0.32179608373576557 0.2908691065828843
58 0.0481330415517313 0.12031032725885929 0.29087192523393063 0.7533025308141776 0.12031032756554388 0.6266707218222446 0.22328852120851178 0.05861518233749273 0.25034917872905205 0.010751056968001792 0.25034917848850613 0.10033924070240008 0.7533025308168829 0.09852314248151123 0.1410663328819056 0.1410663329350152 0.0690873642467893 -0.029047209813739257 0.25034917913179994 0.2232885223179944
3 0.3401476196894219 0.2572422324136697 0.40956588338079625 0.25034917851905164 0.2572422330538267 0.22902503283229736 0.4372184277578576 0.3217960827064234 0.4402203179863754 0.11623735072878899 0.4402203175719376 0.21830281253396955 0.25034917875754165 0.1675266316736496 0.21248125745116114 0.21248125757227637 0.2961215682799323 0.26820698359787964 0.4402203182697948 0.4372184291077369
43 0.13382578569041598 0.3675663828109759 0.3058837646561823 0.4375918537806549 0.36756638246339984 0.298717035246143 0.23596940943730338 0.10805031615588961 0.27978821299809886 0.10059903899546914 0.27978821264323256 0.17740416189632727 0.4375918536356314 0.24910608115917812 0.5675005474208027 0.5675005474868956 0.12750633202120829 0.12532749961964476 0.2797882130438613 0.235969410342314
52 0.21059832188941122 0.45092796197773655 0.2636757592401704 0.1410663325629227 0.4509279625375313 0.11399041159700517 0.1835247860265638 0.24328550089807435 0.2124812575852095 0.4003625428815083 0.212481257016 0.3390921198088978 0.14106633325371812 0.41616124128058785 0.5487420849378466 0.5487420850132644 0.2863817276624143 0.17874202611482437 0.21248125804758086 0.18352478734948338
67 0.21973575984155702 0.2990350084409398 0.24914509865321832 0.0985231423206633 0.29903500915413295 0.06457687605845347 0.12403237088149144 0.27955957129530945 0.16752663175958055 0.5984110404944049 0.1675266313742212 0.3471731474589819 0.09852314260565546 0.7012457634978622 0.4161612411941736 0.41616124115847297 0.3738775918323869 0.193811046630155 0.16752663220231112 0.12403237201025777
14 0.40761973907462706 0.30780703284821476 0.34159875216646673 0.06908736383262121 0.3078070335001031 0.029767697203705666 0.22265963010320294 0.46259234685996464 0.2961215677990651 0.3407288965820319 0.29612156710845355 0.29438339355593796 0.06908736411536293 0.3738775914415151 0.2863817271548221 0.2863817271956162 0.5204524079512209 0.40445233913578665 0.296121568228622 0.2226596316938351
46 0.21059832188941122 0.45092796197773655 0.2636757592401704 0.1410663325629227 0.4509279625375313 0.11399041159700517 0.1835247860265638 0.24328550089807435 0.2124812575852095 0.4003625428815083 0.212481257016 0.3390921198088978 0.14106633325371812 0.41616124128058785 0.5487420849378466 0.5487420850132644 0.2863817276624143 0.17874202611482437 0.21248125804758086 0.18352478734948338
63 0.04745866931273591 0.12104053850692491 0.20662559373692307 0.6266707216740457 0.12104053860625505 0.8723065688227243 0.2866513330797004 0.043743565533923744 0.22902503274712327 0.02083506427172132 0.22902503263586857 0.15460413730347863 0.6266707219659807 0.06457687605609602 0.11399041149468432 0.11399041155600745 0.029767697421932995 -0.020284263820746287 0.22902503294368914 0.28665133400044523
64 0.04745866931273591 0.12104053850692491 0.20662559373692307 0.6266707216740457 0.12104053860625505 0.8723065688227243 0.2866513330797004 0.043743565533923744 0.22902503274712327 0.02083506427172132 0.22902503263586857 0.15460413730347863 0.6266707219659807 0.06457687605609602 0.11399041149468432 0.11399041155600745 0.029767697421932995 -0.020284263820746287 0.22902503294368914 0.28665133400044523
33 0.04745866931273591 0.12104053850692491 0.20662559373692307 0.6266707216740457 0.12104053860625505 0.8723065688227243 0.2866513330797004 0.043743565533923744 0.22902503274712327 0.02083506427172132 0.22902503263586857 0.15460413730347863 0.6266707219659807 0.06457687605609602 0.11399041149468432 0.11399041155600745 0.029767697421932995 -0.020284263820746287 0.22902503294368914 0.28665133400044523
8 0.4854631232755795 0.2873127455557895 0.3061719451176523 0.04813304084827562 0.28731274603210477 0.04745866908010941 0.34510446381734483 0.45000658627252416 0.3401476192215448 0.22012143765730405 0.34014761896843065 0.2708451139093072 0.04813304151628468 0.2197357594416404 0.21059832138718004 0.21059832146051108 0.40761973909955973 0.5346478839150305 0.34014761975659524 0.34510446518831894
12 0.45000658728674925 0.31013891003590716 0.327155737771662 0.05861518224225319 0.3101389106211714 0.04374356581525262 0.29086910526428367 0.46090118712204986 0.321796083457093 0.2661387679345444 0.3217960829147674 0.3052106536737999 0.0586151831057606 0.2795595719031688 0.24328550158161638 0.2432855015534769 0.4625923477858963 0.4717031916961737 0.32179608373576557 0.2908691065828843
28 0.0481330415517313 0.12031032725885929 0.29087192523393063 0.7533025308141776 0.12031032756554388 0.6266707218222446 0.22328852120851178 0.05861518233749273 0.25034917872905205 0.010751056968001792 0.25034917848850613 0.10033924070240008 0.7533025308168829 0.09852314248151123 0.1410663328819056 0.1410663329350152 0.0690873642467893 -0.029047209813739257 0.25034917913179994 0.2232885223179944
62 0.04745866931273591 0.12104053850692491 0.20662559373692307 0.6266707216740457 0.12104053860625505 0.8723065688227243 0.2866513330797004 0.043743565533923744 0.22902503274712327 0.02083506427172132 0.22902503263586857 0.15460413730347863 0.6266707219659807 0.06457687605609602 0.11399041149468432 0.11399041155600745 0.029767697421932995 -0.020284263820746287 0.22902503294368914 0.28665133400044523
29 0.0481330415517313 0.12031032725885929 0.29087192523393063 0.7533025308141776 0.12031032756554388 0.6266707218222446 0.22328852120851178 0.05861518233749273 0.25034917872905205 0.010751056968001792 0.25034917848850613 0.10033924070240008 0.7533025308168829 0.09852314248151123 0.1410663328819056 0.1410663329350152 0.0690873642467893 -0.029047209813739257 0.25034917913179994 0.2232885223179944
40 0.4008681955020357 0.4080908083079464 0.3100510538527784 0.08765135497737082 0.4080908092544323 0.07882178874268293 0.31230430064699355 0.3935439381184955 0.3166574338082926 0.23429571863799728 0.3166574333636486 0.2887960533690589 0.08765135527711478 0.22739316544827243 0.3483303943097261 0.3483303943779887 0.3653566639511409 0.4142450146835392 0.3166574342325792 0.3123043020232953
20 0.4008681955020357 0.4080908083079464 0.3100510538527784 0.08765135497737082 0.4080908092544323 0.07882178874268293 0.31230430064699355 0.3935439381184955 0.3166574338082926 0.23429571863799728 0.3166574333636486 0.2887960533690589 0.08765135527711478 0.22739316544827243 0.3483303943097261 0.3483303943779887 0.3653566639511409 0.4142450146835392 0.3166574342325792 0.3123043020232953
44 0.4293537931244846 0.3966616028624321 0.28413049433368304 0.07444981465553584 0.3966616032426005 0.09777070085856891 0.37221137845714913 0.37866079863705593 0.3268611265674286 0.1893060803453066 0.32686112611648477 0.3385168662779584 0.07444981521846729 0.17377342886583969 0.2933669099732932 0.2933669100114165 0.2955578773657785 0.4674484416322151 0.3268611271111538 0.3722113799791467
15 0.3401476196894219 0.2572422324136697 0.40956588338079625 0.25034917851905164 0.2572422330538267 0.22902503283229736 0.4372184277578576 0.3217960827064234 0.4402203179863754 0.11623735072878899 0.4402203175719376 0.21830281253396955 0.25034917875754165 0.1675266316736496 0.21248125745116114 0.21248125757227637 0.2961215682799323 0.26820698359787964 0.4402203182697948 0.4372184291077369
48 0.13382578569041598 0.3675663828109759 0.3058837646561823 0.4375918537806549 0.36756638246339984 0.298717035246143 0.23596940943730338 0.10805031615588961 0.27978821299809886 0.10059903899546914 0.27978821264323256 0.17740416189632727 0.4375918536356314 0.24910608115917812 0.5675005474208027 0.5675005474868956 0.12750633202120829 0.12532749961964476 0.2797882130438613 0.235969410342314
1 0.3401476196894219 0.2572422324136697 0.40956588338079625 0.25034917851905164 0.2572422330538267 0.22902503283229736 0.4372184277578576 0.3217960827064234 0.4402203179863754 0.11623735072878899 0.4402203175719376 0.21830281253396955 0.25034917875754165 0.1675266316736496 0.21248125745116114 0.21248125757227637 0.2961215682799323 0.26820698359787964 0.4402203182697948 0.4372184291077369
45 0.4008681955020357 0.4080908083079464 0.3100510538527784 0.08765135497737082 0.4080908092544323 0.07882178874268293 0.31230430064699355 0.3935439381184955 0.3166574338082926 0.23429571863799728 0.3166574333636486 0.2887960533690589 0.08765135527711478 0.22739316544827243 0.3483303943097261 0.3483303943779887 0.3653566639511409 0.4142450146835392 0.3166574342325792 0.3123043020232953
32 0.04745866931273591 0.12104053850692491 0.20662559373692307 0.6266707216740457 0.12104053860625505 0.8723065688227243 0.2866513330797004 0.043743565533923744 0.22902503274712327 0.02083506427172132 0.22902503263586857 0.15460413730347863 0.6266707219659807 0.06457687605609602 0.11399041149468432 0.11399041155600745 0.029767697421932995 -0.020284263820746287 0.22902503294368914 0.28665133400044523
68 0.0481330415517313 0.12031032725885929 0.29087192523393063 0.7533025308141776 0.12031032756554388 0.6266707218222446 0.22328852120851178 0.05861518233749273 0.25034917872905205 0.010751056968001792 0.25034917848850613 0.10033924070240008 0.7533025308168829 0.09852314248151123 0.1410663328819056 0.1410663329350152 0.0690873642467893 -0.029047209813739257 0.25034917913179994 0.2232885223179944
41 0.2873127461200278 0.4706038511829231 0.287929984184682 0.12031032689094892 0.47060385178335484 0.12104053839832848 0.2503032876719791 0.31013890961197266 0.25724223236756183 0.2989723021283572 0.2572422319598313 0.41977069715634624 0.12031032752621085 0.29903500878090594 0.450927961964551 0.45092796202951363 0.3078070334959336 0.26752650102470854 0.25724223302758636 0.25030328867961066
49 0.13382578569041598 0.3675663828109759 0.3058837646561823 0.4375918537806549 0.36756638246339984 0.298717035246143 0.23596940943730338 0.10805031615588961 0.27978821299809886 0.10059903899546914 0.27978821264323256 0.17740416189632727 0.4375918536356314 0.24910608115917812 0.5675005474208027 0.5675005474868956 0.12750633202120829 0.12532749961964476 0.2797882130438613 0.235969410342314
11 0.3401476196894219 0.2572422324136697 0.40956588338079625 0.25034917851905164 0.2572422330538267 0.22902503283229736 0.4372184277578576 0.3217960827064234 0.4402203179863754 0.11623735072878899 0.4402203175719376 0.21830281253396955 0.25034917875754165 0.1675266316736496 0.21248125745116114 0.21248125757227637 0.2961215682799323 0.26820698359787964 0.4402203182697948 0.4372184291077369
34 0.04745866931273591 0.12104053850692491 0.20662559373692307 0.6266707216740457 0.12104053860625505 0.8723065688227243 0.2866513330797004 0.043743565533923744 0.22902503274712327 0.02083506427172132 0.22902503263586857 0.15460413730347863 0.6266707219659807 0.06457687605609602 0.11399041149468432 0.11399041155600745 0.029767697421932995 -0.020284263820746287 0.22902503294368914 0.28665133400044523
2 0.40761973907462706 0.30780703284821476 0.34159875216646673 0.06908736383262121 0.3078070335001031 0.029767697203705666 0.22265963010320294 0.46259234685996464 0.2961215677990651 0.3407288965820319 0.29612156710845355 0.29438339355593796 0.06908736411536293 0.3738775914415151 0.2863817271548221 0.2863817271956162 0.5204524079512209 0.40445233913578665 0.296121568228622 0.2226596316938351
19 0.3451044650573749 0.25030328825232573 0.3484713199762268 0.2232885214034468 0.2503032885142602 0.2866513335186891 0.501827425789088 0.29086910525802523 0.4372184283347451 0.10837365064966731 0.43721842783270404 0.2379834856828893 0.22328852163627744 0.12403237144690138 0.18352478679298656 0.18352478681117645 0.22265963139943779 0.29971887875106873 0.4372184287640266 0.5018274271860719
30 0.3451044650573749 0.25030328825232573 0.3484713199762268 0.2232885214034468 0.2503032885142602 0.2866513335186891 0.501827425789088 0.29086910525802523 0.4372184283347451 0.10837365064966731 0.43721842783270404 0.2379834856828893 0.22328852163627744 0.12403237144690138 0.18352478679298656 0.18352478681117645 0.22265963139943779 0.29971887875106873 0.4372184287640266 0.5018274271860719
25 0.3061719455256929 0.28792998407195536 0.4767831848868627 0.2908719246339 0.2879299847495503 0.2066255937369007 0.34847131933271497 0.32715573734627507 0.4095658834421233 0.12774787726639888 0.40956588278829664 0.26452204691130127 0.2908719254007198 0.2491450986498365 0.26367575907728197 0.2636757592286339 0.34159875252138927 0.20973751026347606 0.4095658838707685 0.3484713206303931
18 0.47808101892662225 0.3060992211910305 0.21643705672717894 -0.021919223533886822 0.30609922180260957 -0.017020032439156865 0.2377617023172142 0.49195282845951926 0.242833227527154 0.3508725724081212 0.24283322668091586 0.31489119624557893 -0.021919222966477334 0.26154873363806325 0.21752176678441734 0.21752176692367373 0.49214698553590047 0.6135559113611619 0.24283322793733586 0.23776170386804824
47 0.21059832188941122 0.45092796197773655 0.2636757592401704 0.1410663325629227 0.4509279625375313 0.11399041159700517 0.1835247860265638 0.24328550089807435 0.2124812575852095 0.4003625428815083 0.212481257016 0.3390921198088978 0.14106633325371812 0.41616124128058785 0.5487420849378466 0.5487420850132644 0.2863817276624143 0.17874202611482437 0.21248125804758086 0.18352478734948338
0 0.45000658728674925 0.31013891003590716 0.327155737771662 0.05861518224225319 0.3101389106211714 0.04374356581525262 0.29086910526428367 0.46090118712204986 0.321796083457093 0.2661387679345444 0.3217960829147674 0.3052106536737999 0.0586151831057606 0.2795595719031688 0.24328550158161638 0.2432855015534769 0.4625923477858963 0.4717031916961737 0.32179608373576557 0.2908691065828843
69 0.0481330415517313 0.12031032725885929 0.29087192523393063 0.7533025308141776 0.12031032756554388 0.6266707218222446 0.22328852120851178 0.05861518233749273 0.25034917872905205 0.010751056968001792 0.25034917848850613 0.10033924070240008 0.7533025308168829 0.09852314248151123 0.1410663328819056 0.1410663329350152 0.0690873642467893 -0.029047209813739257 0.25034917913179994 0.2232885223179944
7 0.5217964088433154 0.2456978450532946 0.2621168421210136 0.03457953965541842 0.2456978455748671 0.05600028111757205 0.41950743571812166 0.4122351080770501 0.35528474779379343 0.17504058750033985 0.35528474745569427 0.21735554852742786 0.03457954014607714 0.15945481992746055 0.17321073417211139 0.17321073421014055 0.3048919198482294 0.6131043033737705 0.35528474822097195 0.41950743662994977
22 0.21059832188941122 0.45092796197773655 0.2636757592401704 0.1410663325629227 0.4509279625375313 0.11399041159700517 0.1835247860265638 0.24328550089807435 0.2124812575852095 0.4003625428815083 0.212481257016 0.3390921198088978 0.14106633325371812 0.41616124128058785 0.5487420849378466 0.5487420850132644 0.2863817276624143 0.17874202611482437 0.21248125804758086 0.18352478734948338
50 0.4008681955020357 0.4080908083079464 0.3100510538527784 0.08765135497737082 0.4080908092544323 0.07882178874268293 0.31230430064699355 0.3935439381184955 0.3166574338082926 0.23429571863799728 0.3166574333636486 0.2887960533690589 0.08765135527711478 0.22739316544827243 0.3483303943097261 0.3483303943779887 0.3653566639511409 0.4142450146835392 0.3166574342325792 0.3123043020232953
24 0.13382578569041598 0.3675663828109759 0.3058837646561823 0.4375918537806549 0.36756638246339984 0.298717035246143 0.23596940943730338 0.10805031615588961 0.27978821299809886 0.10059903899546914 0.27978821264323256 0.17740416189632727 0.4375918536356314 0.24910608115917812 0.5675005474208027 0.5675005474868956 0.12750633202120829 0.12532749961964476 0.2797882130438613 0.235969410342314
27 0.21973575984155702 0.2990350084409398 0.24914509865321832 0.0985231423206633 0.29903500915413295 0.06457687605845347 0.12403237088149144 0.27955957129530945 0.16752663175958055 0.5984110404944049 0.1675266313742212 0.3471731474589819 0.09852314260565546 0.7012457634978622 0.4161612411941736 0.41616124115847297 0.3738775918323869 0.193811046630155 0.16752663220231112 0.12403237201025777
39 0.04745866931273591 0.12104053850692491 0.20662559373692307 0.6266707216740457 0.12104053860625505 0.8723065688227243 0.2866513330797004 0.043743565533923744 0.22902503274712327 0.02083506427172132 0.22902503263586857 0.15460413730347863 0.6266707219659807 0.06457687605609602 0.11399041149468432 0.11399041155600745 0.029767697421932995 -0.020284263820746287 0.22902503294368914 0.28665133400044523
21 0.21059832188941122 0.45092796197773655 0.2636757592401704 0.1410663325629227 0.4509279625375313 0.11399041159700517 0.1835247860265638 0.24328550089807435 0.2124812575852095 0.4003625428815083 0.212481257016 0.3390921198088978 0.14106633325371812 0.41616124128058785 0.5487420849378466 0.5487420850132644 0.2863817276624143 0.17874202611482437 0.21248125804758086 0.18352478734948338
26 0.3061719455256929 0.28792998407195536 0.4767831848868627 0.2908719246339 0.2879299847495503 0.2066255937369007 0.34847131933271497 0.32715573734627507 0.4095658834421233 0.12774787726639888 0.40956588278829664 0.26452204691130127 0.2908719254007198 0.2491450986498365 0.26367575907728197 0.2636757592286339 0.34159875252138927 0.20973751026347606 0.4095658838707685 0.3484713206303931
38 0.04745866931273591 0.12104053850692491 0.20662559373692307 0.6266707216740457 0.12104053860625505 0.8723065688227243 0.2866513330797004 0.043743565533923744 0.22902503274712327 0.02083506427172132 0.22902503263586857 0.15460413730347863 0.6266707219659807 0.06457687605609602 0.11399041149468432 0.11399041155600745 0.029767697421932995 -0.020284263820746287 0.22902503294368914 0.28665133400044523
42 0.2873127461200278 0.4706038511829231 0.287929984184682 0.12031032689094892 0.47060385178335484 0.12104053839832848 0.2503032876719791 0.31013890961197266 0.25724223236756183 0.2989723021283572 0.2572422319598313 0.41977069715634624 0.12031032752621085 0.29903500878090594 0.450927961964551 0.45092796202951363 0.3078070334959336 0.26752650102470854 0.25724223302758636 0.25030328867961066
51 0.21059832188941122 0.45092796197773655 0.2636757592401704 0.1410663325629227 0.4509279625375313 0.11399041159700517 0.1835247860265638 0.24328550089807435 0.2124812575852095 0.4003625428815083 0.212481257016 0.3390921198088978 0.14106633325371812 0.41616124128058785 0.5487420849378466 0.5487420850132644 0.2863817276624143 0.17874202611482437 0.21248125804758086 0.18352478734948338
54 0.13382578569041598 0.3675663828109759 0.3058837646561823 0.4375918537806549 0.36756638246339984 0.298717035246143 0.23596940943730338 0.10805031615588961 0.27978821299809886 0.10059903899546914 0.27978821264323256 0.17740416189632727 0.4375918536356314 0.24910608115917812 0.5675005474208027 0.5675005474868956 0.12750633202120829 0.12532749961964476 0.2797882130438613 0.235969410342314
56 0.5346478843083138 0.2675265009664474 0.20973751026351653 -0.02904721023331456 0.2675265015087243 -0.020284263820715347 0.29971887807069086 0.4717031909163941 0.26820698356658523 0.25904684581907234 0.2682069830055466 0.2513452491839639 -0.029047209549058414 0.1938110466263469 0.17874202595615304 0.17874202608519363 0.40445233957574694 0.7152823307952353 0.2682069840520112 0.2997188790596116
61 0.24712871519961863 0.3657065319592903 0.1433849138289467 0.011404567096178627 0.3657065329000575 0.020384544560718386 0.13099644813987038 0.3340929515264543 0.13833641141359185 0.665342957350474 0.13833641099484617 0.5077301034565757 0.01140456747947004 0.48583220013905604 0.36306150027131645 0.36306150030781875 0.40800899049114076 0.28329872147660146 0.13833641206820693 0.13099644916849598
10 0.45000658728674925 0.31013891003590716 0.327155737771662 0.05861518224225319 0.3101389106211714 0.04374356581525262 0.29086910526428367 0.46090118712204986 0.321796083457093 0.2661387679345444 0.3217960829147674 0.3052106536737999 0.0586151831057606 0.2795595719031688 0.24328550158161638 0.2432855015534769 0.4625923477858963 0.4717031916961737 0.32179608373576557 0.2908691065828843
65 0.30525378858744373 0.3081527608964901 0.4054303414949759 0.26088860947765613 0.30815276168532213 0.3227224120180037 0.4346136257585593 0.2795115357179605 0.4040163013528481 0.10603439776992622 0.4040163008830598 0.34344018215838756 0.2608886106064739 0.15949956985614902 0.22550894617810585 0.22550894625070755 0.224335091881132 0.24493475566589978 0.404016301843002 0.4346136272769309
36 0.2201214380033605 0.2989723019694198 0.12774787726641582 0.010751056717154806 0.2989723026505904 0.02083506427170991 0.10837365001364666 0.2661387673057732 0.11623735080705148 0.8070952808757886 0.11623735028591 0.32811527776994515 0.010751057058292572 0.5984110404910462 0.4003625427398987 0.4003625427887403 0.34072889696534325 0.2590468458190345 0.11623735113878246 0.10837365135750729
31 0.2201214380033605 0.2989723019694198 0.12774787726641582 0.010751056717154806 0.2989723026505904 0.02083506427170991 0.10837365001364666 0.2661387673057732 0.11623735080705148 0.8070952808757886 0.11623735028591 0.32811527776994515 0.010751057058292572 0.5984110404910462 0.4003625427398987 0.4003625427887403 0.34072889696534325 0.2590468458190345 0.11623735113878246 0.10837365135750729
37 0.04745866931273591 0.12104053850692491 0.20662559373692307 0.6266707216740457 0.12104053860625505 0.8723065688227243 0.2866513330797004 0.043743565533923744 0.22902503274712327 0.02083506427172132 0.22902503263586857 0.15460413730347863 0.6266707219659807 0.06457687605609602 0.11399041149468432 0.11399041155600745 0.029767697421932995 -0.020284263820746287 0.22902503294368914 0.28665133400044523
5 0.3401476196894219 0.2572422324136697 0.40956588338079625 0.25034917851905164 0.2572422330538267 0.22902503283229736 0.4372184277578576 0.3217960827064234 0.4402203179863754 0.11623735072878899 0.4402203175719376 0.21830281253396955 0.25034917875754165 0.1675266316736496 0.21248125745116114 0.21248125757227637 0.2961215682799323 0.26820698359787964 0.4402203182697948 0.4372184291077369
6 0.45000658728674925 0.31013891003590716 0.327155737771662 0.05861518224225319 0.3101389106211714 0.04374356581525262 0.29086910526428367 0.46090118712204986 0.321796083457093 0.2661387679345444 0.3217960829147674 0.3052106536737999 0.0586151831057606 0.2795595719031688 0.24328550158161638 0.2432855015534769 0.4625923477858963 0.4717031916961737 0.32179608373576557 0.2908691065828843
60 0.5306580204747384 0.2288617012324203 0.24328233625503662 0.030280784314981123 0.22886170190550534 0.05978216876829903 0.44433692644549333 0.39347080584732225 0.35766338460901 0.16464145025593674 0.3576633843257035 0.1978365377030271 0.03028078496699734 0.1448656691564016 0.1627220999760581 0.16272210007173749 0.26324742735567336 0.6372637938851989 0.35766338499102124 0.44433692740845276
17 0.3451044650573749 0.25030328825232573 0.3484713199762268 0.2232885214034468 0.2503032885142602 0.2866513335186891 0.501827425789088 0.29086910525802523 0.4372184283347451 0.10837365064966731 0.43721842783270404 0.2379834856828893 0.22328852163627744 0.12403237144690138 0.18352478679298656 0.18352478681117645 0.22265963139943779 0.29971887875106873 0.4372184287640266 0.5018274271860719
9 0.3401476196894219 0.2572422324136697 0.40956588338079625 0.25034917851905164 0.2572422330538267 0.22902503283229736 0.4372184277578576 0.3217960827064234 0.4402203179863754 0.11623735072878899 0.4402203175719376 0.21830281253396955 0.25034917875754165 0.1675266316736496 0.21248125745116114 0.21248125757227637 0.2961215682799323 0.26820698359787964 0.4402203182697948 0.4372184291077369
55 0.3451044650573749 0.25030328825232573 0.3484713199762268 0.2232885214034468 0.2503032885142602 0.2866513335186891 0.501827425789088 0.29086910525802523 0.4372184283347451 0.10837365064966731 0.43721842783270404 0.2379834856828893 0.22328852163627744 0.12403237144690138 0.18352478679298656 0.18352478681117645 0.22265963139943779 0.29971887875106873 0.4372184287640266 0.5018274271860719
4 0.40761973907462706 0.30780703284821476 0.34159875216646673 0.06908736383262121 0.3078070335001031 0.029767697203705666 0.22265963010320294 0.46259234685996464 0.2961215677990651 0.3407288965820319 0.29612156710845355 0.29438339355593796 0.06908736411536293 0.3738775914415151 0.2863817271548221 0.2863817271956162 0.5204524079512209 0.40445233913578665 0.296121568228622 0.2226596316938351
