id,x_0,x_1,x_2,x_3,x_4,x_5,x_6,x_7,x_8,x_9
0.0,0.0001913037436137941,2.220446049250313e-16,0.002670956339588828,2.220446049250313e-16,0.0018660625838940086,1.0480054801892194,0.3436538829478726,0.012282198151768448,2.220446049250313e-16,0.005140702510315538
1.0,0.7637328522825462,0.3397165333375489,0.2901904213491425,2.220446049250313e-16,2.220446049250313e-16,0.11711140896059442,2.220446049250313e-16,2.220446049250313e-16,2.220446049250313e-16,2.220446049250313e-16
2.0,2.220446049250313e-16,0.5888637241141694,2.220446049250313e-16,0.005232348813603016,2.220446049250313e-16,0.012586379286727905,0.3022083614721108,0.9246643451951925,2.220446049250313e-16,2.220446049250313e-16
3.0,0.5467601539405585,2.220446049250313e-16,0.6339997794060774,2.220446049250313e-16,2.220446049250313e-16,0.06582899324077807,0.18575767242433674,2.220446049250313e-16,0.022297278284618745,0.400679501612209
4.0,0.07674527733278198,0.6227990767502782,2.220446049250313e-16,2.220446049250313e-16,2.220446049250313e-16,0.015915245615997598,0.33550812943108577,0.6820864944738575,2.220446049250313e-16,0.2123095334535682
5.0,0.8367976483785693,0.6310324435147115,2.220446049250313e-16,2.220446049250313e-16,2.220446049250313e-16,2.220446049250313e-16,2.220446049250313e-16,2.220446049250313e-16,2.220446049250313e-16,2.220446049250313e-16
6.0,0.0001701223617435773,2.220446049250313e-16,0.003678376827190636,2.220446049250313e-16,0.008390003237424696,0.9244930528408022,0.37370588805696425,0.014418317118065993,2.220446049250313e-16,0.22033389679242718
7.0,0.8367976483785693,0.6310324435147115,2.220446049250313e-16,2.220446049250313e-16,2.220446049250313e-16,2.220446049250313e-16,2.220446049250313e-16,2.220446049250313e-16,2.220446049250313e-16,2.220446049250313e-16
8.0,0.07674527733278198,0.6227990767502782,2.220446049250313e-16,2.220446049250313e-16,2.220446049250313e-16,0.015915245615997598,0.33550812943108577,0.6820864944738575,2.220446049250313e-16,0.2123095334535682
9.0,0.6640315313224427,2.220446049250313e-16,0.623235662766596,2.220446049250313e-16,2.220446049250313e-16,0.11356609590373803,2.220446049250313e-16,2.220446049250313e-16,0.049609204829265396,0.16839733338761922
10.0,2.220446049250313e-16,0.5888637241141694,2.220446049250313e-16,0.005232348813603016,2.220446049250313e-16,0.012586379286727905,0.3022083614721108,0.9246643451951925,2.220446049250313e-16,2.220446049250313e-16
11.0,0.5467601539405585,2.220446049250313e-16,0.6339997794060774,2.220446049250313e-16,2.220446049250313e-16,0.06582899324077807,0.18575767242433674,2.220446049250313e-16,0.022297278284618745,0.400679501612209
12.0,2.220446049250313e-16,0.5888637241141694,2.220446049250313e-16,0.005232348813603016,2.220446049250313e-16,0.012586379286727905,0.3022083614721108,0.9246643451951925,2.220446049250313e-16,2.220446049250313e-16
13.0,0.5467601539405585,2.220446049250313e-16,0.6339997794060774,2.220446049250313e-16,2.220446049250313e-16,0.06582899324077807,0.18575767242433674,2.220446049250313e-16,0.022297278284618745,0.400679501612209
14.0,2.220446049250313e-16,0.5888637241141694,2.220446049250313e-16,0.005232348813603016,2.220446049250313e-16,0.012586379286727905,0.3022083614721108,0.9246643451951925,2.220446049250313e-16,2.220446049250313e-16
15.0,0.5467601539405585,2.220446049250313e-16,0.6339997794060774,2.220446049250313e-16,2.220446049250313e-16,0.06582899324077807,0.18575767242433674,2.220446049250313e-16,0.022297278284618745,0.400679501612209
16.0,2.220446049250313e-16,0.5888637241141694,2.220446049250313e-16,0.005232348813603016,2.220446049250313e-16,0.012586379286727905,0.3022083614721108,0.9246643451951925,2.220446049250313e-16,2.220446049250313e-16
17.0,0.7637328522825462,0.3397165333375489,0.2901904213491425,2.220446049250313e-16,2.220446049250313e-16,0.11711140896059442,2.220446049250313e-16,2.220446049250313e-16,2.220446049250313e-16,2.220446049250313e-16
18.0,0.0001913037436137941,2.220446049250313e-16,0.002670956339588828,2.220446049250313e-16,0.0018660625838940086,1.0480054801892194,0.3436538829478726,0.012282198151768448,2.220446049250313e-16,0.005140702510315538
19.0,0.8367976483785693,0.6310324435147115,2.220446049250313e-16,2.220446049250313e-16,2.220446049250313e-16,2.220446049250313e-16,2.220446049250313e-16,2.220446049250313e-16,2.220446049250313e-16,2.220446049250313e-16
20.0,0.6144291922276187,0.35251575092651577,2.220446049250313e-16,2.220446049250313e-16,0.03411126604942495,0.43753344160371627,2.220446049250313e-16,2.220446049250313e-16,2.220446049250313e-16,2.220446049250313e-16
21.0,0.0001913037436137941,2.220446049250313e-16,0.002670956339588828,2.220446049250313e-16,0.0018660625838940086,1.0480054801892194,0.3436538829478726,0.012282198151768448,2.220446049250313e-16,0.005140702510315538
22.0,0.0001913037436137941,2.220446049250313e-16,0.002670956339588828,2.220446049250313e-16,0.0018660625838940086,1.0480054801892194,0.3436538829478726,0.012282198151768448,2.220446049250313e-16,0.005140702510315538
23.0,0.8367976483785693,0.6310324435147115,2.220446049250313e-16,2.220446049250313e-16,2.220446049250313e-16,2.220446049250313e-16,2.220446049250313e-16,2.220446049250313e-16,2.220446049250313e-16,2.220446049250313e-16
24.0,0.8367976483785693,0.6310324435147115,2.220446049250313e-16,2.220446049250313e-16,2.220446049250313e-16,2.220446049250313e-16,2.220446049250313e-16,2.220446049250313e-16,2.220446049250313e-16,2.220446049250313e-16
25.0,0.2767108119732228,2.220446049250313e-16,0.6739571171953059,0.023375965321302206,2.220446049250313e-16,0.10265437856146277,2.220446049250313e-16,0.5882110095916775,2.220446049250313e-16,2.220446049250313e-16
26.0,0.27671081387301544,2.220446049250313e-16,0.6739245902807751,0.46071441782378164,2.220446049250313e-16,0.10543192699466933,2.220446049250313e-16,0.4953498371151806,2.220446049250313e-16,2.220446049250313e-16
27.0,0.09569301973378348,0.25395778170961336,0.38969048293379616,0.4503719273331256,2.220446049250313e-16,0.013434295519908539,0.354558981052531,0.6781087704107115,2.220446049250313e-16,2.220446049250313e-16
28.0,0.33010557879453195,2.220446049250313e-16,2.220446049250313e-16,0.6005839822494924,2.220446049250313e-16,0.060126348684045365,0.20323887079519456,0.302796231841867,2.220446049250313e-16,0.4154580703856691
29.0,0.33010557879453195,2.220446049250313e-16,2.220446049250313e-16,0.6005839822494924,2.220446049250313e-16,0.060126348684045365,0.20323887079519456,0.302796231841867,2.220446049250313e-16,0.4154580703856691
30.0,2.220446049250313e-16,2.220446049250313e-16,0.6079108870664531,2.220446049250313e-16,0.49964875152208105,0.2517221371333952,2.220446049250313e-16,0.14386169367138618,0.6400318480440981,0.11522566313355809
31.0,2.220446049250313e-16,0.32956031256315915,2.220446049250313e-16,0.44214681675164036,2.220446049250313e-16,0.16783257526287668,0.275205929010395,0.8413531477594824,2.220446049250313e-16,2.220446049250313e-16
32.0,2.220446049250313e-16,2.220446049250313e-16,2.220446049250313e-16,0.4883603687278127,2.220446049250313e-16,2.220446049250313e-16,2.220446049250313e-16,2.220446049250313e-16,0.6871908807367173,0.8205051395671744
33.0,2.220446049250313e-16,2.220446049250313e-16,2.220446049250313e-16,0.4883603687278127,2.220446049250313e-16,2.220446049250313e-16,2.220446049250313e-16,2.220446049250313e-16,0.6871908807367173,0.8205051395671744
34.0,2.220446049250313e-16,2.220446049250313e-16,2.220446049250313e-16,0.4883603687278127,2.220446049250313e-16,2.220446049250313e-16,2.220446049250313e-16,2.220446049250313e-16,0.6871908807367173,0.8205051395671744
35.0,0.6144291922276187,0.35251575092651577,2.220446049250313e-16,2.220446049250313e-16,0.03411126604942495,0.43753344160371627,2.220446049250313e-16,2.220446049250313e-16,2.220446049250313e-16,2.220446049250313e-16
36.0,0.0001913037436137941,2.220446049250313e-16,0.002670956339588828,2.220446049250313e-16,0.0018660625838940086,1.0480054801892194,0.3436538829478726,0.012282198151768448,2.220446049250313e-16,0.005140702510315538
37.0,0.0001913037436137941,2.220446049250313e-16,0.002670956339588828,2.220446049250313e-16,0.0018660625838940086,1.0480054801892194,0.3436538829478726,0.012282198151768448,2.220446049250313e-16,0.005140702510315538
38.0,0.8367976483785693,0.6310324435147115,2.220446049250313e-16,2.220446049250313e-16,2.220446049250313e-16,2.220446049250313e-16,2.220446049250313e-16,2.220446049250313e-16,2.220446049250313e-16,2.220446049250313e-16
39.0,0.8367976483785693,0.6310324435147115,2.220446049250313e-16,2.220446049250313e-16,2.220446049250313e-16,2.220446049250313e-16,2.220446049250313e-16,2.220446049250313e-16,2.220446049250313e-16,2.220446049250313e-16
40.0,2.220446049250313e-16,2.220446049250313e-16,0.6079108870664531,2.220446049250313e-16,0.49964875152208105,0.2517221371333952,2.220446049250313e-16,0.14386169367138618,0.6400318480440981,0.11522566313355809
41.0,2.220446049250313e-16,0.32956031256315915,2.220446049250313e-16,0.44214681675164036,2.220446049250313e-16,0.16783257526287668,0.275205929010395,0.8413531477594824,2.220446049250313e-16,2.220446049250313e-16
42.0,2.220446049250313e-16,2.220446049250313e-16,2.220446049250313e-16,0.4883603687278127,2.220446049250313e-16,2.220446049250313e-16,2.220446049250313e-16,2.220446049250313e-16,0.6871908807367173,0.8205051395671744
43.0,2.220446049250313e-16,2.220446049250313e-16,2.220446049250313e-16,0.4883603687278127,2.220446049250313e-16,2.220446049250313e-16,2.220446049250313e-16,2.220446049250313e-16,0.6871908807367173,0.8205051395671744
44.0,2.220446049250313e-16,2.220446049250313e-16,2.220446049250313e-16,0.4883603687278127,2.220446049250313e-16,2.220446049250313e-16,2.220446049250313e-16,2.220446049250313e-16,0.6871908807367173,0.8205051395671744
45.0,0.09871110538756858,0.004099340756146208,0.5998494158654611,2.220446049250313e-16,0.5110026051592902,0.13000811743768595,2.220446049250313e-16,0.1477392763649556,0.33563970150068995,0.35743232929910485
46.0,2.220446049250313e-16,0.32956031256315915,2.220446049250313e-16,0.44214681675164036,2.220446049250313e-16,0.16783257526287668,0.275205929010395,0.8413531477594824,2.220446049250313e-16,2.220446049250313e-16
47.0,2.220446049250313e-16,2.220446049250313e-16,2.220446049250313e-16,0.4883603687278127,2.220446049250313e-16,2.220446049250313e-16,2.220446049250313e-16,2.220446049250313e-16,0.6871908807367173,0.8205051395671744
48.0,2.220446049250313e-16,2.220446049250313e-16,2.220446049250313e-16,0.4883603687278127,2.220446049250313e-16,2.220446049250313e-16,2.220446049250313e-16,2.220446049250313e-16,0.6871908807367173,0.8205051395671744
49.0,2.220446049250313e-16,2.220446049250313e-16,2.220446049250313e-16,0.4883603687278127,2.220446049250313e-16,2.220446049250313e-16,2.220446049250313e-16,2.220446049250313e-16,0.6871908807367173,0.8205051395671744
50.0,0.09871110538756858,0.004099340756146208,0.5998494158654611,2.220446049250313e-16,0.5110026051592902,0.13000811743768595,2.220446049250313e-16,0.1477392763649556,0.33563970150068995,0.35743232929910485
51.0,2.220446049250313e-16,0.32956031256315915,2.220446049250313e-16,0.44214681675164036,2.220446049250313e-16,0.16783257526287668,0.275205929010395,0.8413531477594824,2.220446049250313e-16,2.220446049250313e-16
52.0,2.220446049250313e-16,2.220446049250313e-16,2.220446049250313e-16,0.4883603687278127,2.220446049250313e-16,2.220446049250313e-16,2.220446049250313e-16,2.220446049250313e-16,0.6871908807367173,0.8205051395671744
53.0,2.220446049250313e-16,2.220446049250313e-16,2.220446049250313e-16,0.4883603687278127,2.220446049250313e-16,2.220446049250313e-16,2.220446049250313e-16,2.220446049250313e-16,0.6871908807367173,0.8205051395671744
54.0,2.220446049250313e-16,2.220446049250313e-16,2.220446049250313e-16,0.4883603687278127,2.220446049250313e-16,2.220446049250313e-16,2.220446049250313e-16,2.220446049250313e-16,0.6871908807367173,0.8205051395671744
55.0,0.09871110538756857,0.004099340756146097,0.5998494158654611,2.220446049250313e-16,0.5110026051592902,0.13000811743768592,2.220446049250313e-16,0.1477392763649556,0.33563970150069,0.35743232929910485
56.0,2.220446049250313e-16,0.32956031256315915,2.220446049250313e-16,0.44214681675164036,2.220446049250313e-16,0.16783257526287668,0.275205929010395,0.8413531477594824,2.220446049250313e-16,2.220446049250313e-16
57.0,2.220446049250313e-16,2.220446049250313e-16,2.220446049250313e-16,0.4883603687278127,2.220446049250313e-16,2.220446049250313e-16,2.220446049250313e-16,2.220446049250313e-16,0.6871908807367173,0.8205051395671744
58.0,2.220446049250313e-16,2.220446049250313e-16,2.220446049250313e-16,0.4883603687278127,2.220446049250313e-16,2.220446049250313e-16,2.220446049250313e-16,2.220446049250313e-16,0.6871908807367173,0.8205051395671744
59.0,2.220446049250313e-16,2.220446049250313e-16,2.220446049250313e-16,0.4883603687278127,2.220446049250313e-16,2.220446049250313e-16,2.220446049250313e-16,2.220446049250313e-16,0.6871908807367173,0.8205051395671744
60.0,0.2767108119732228,2.220446049250313e-16,0.6739571171953059,0.023375965321302206,2.220446049250313e-16,0.10265437856146277,2.220446049250313e-16,0.5882110095916775,2.220446049250313e-16,2.220446049250313e-16
61.0,0.27671081387301544,2.220446049250313e-16,0.6739245902807751,0.46071441782378164,2.220446049250313e-16,0.10543192699466933,2.220446049250313e-16,0.4953498371151806,2.220446049250313e-16,2.220446049250313e-16
62.0,0.09569301973378348,0.25395778170961336,0.38969048293379616,0.4503719273331256,2.220446049250313e-16,0.013434295519908539,0.354558981052531,0.6781087704107115,2.220446049250313e-16,2.220446049250313e-16
63.0,0.33010557879453195,2.220446049250313e-16,2.220446049250313e-16,0.6005839822494924,2.220446049250313e-16,0.060126348684045365,0.20323887079519456,0.302796231841867,2.220446049250313e-16,0.4154580703856691
64.0,0.33010557879453195,2.220446049250313e-16,2.220446049250313e-16,0.6005839822494924,2.220446049250313e-16,0.060126348684045365,0.20323887079519456,0.302796231841867,2.220446049250313e-16,0.4154580703856691
65.0,0.6144291922276187,0.35251575092651577,2.220446049250313e-16,2.220446049250313e-16,0.03411126604942495,0.43753344160371627,2.220446049250313e-16,2.220446049250313e-16,2.220446049250313e-16,2.220446049250313e-16
66.0,0.0001913037436137941,2.220446049250313e-16,0.002670956339588828,2.220446049250313e-16,0.0018660625838940086,1.0480054801892194,0.3436538829478726,0.012282198151768448,2.220446049250313e-16,0.005140702510315538
67.0,0.0001913037436137941,2.220446049250313e-16,0.002670956339588828,2.220446049250313e-16,0.0018660625838940086,1.0480054801892194,0.3436538829478726,0.012282198151768448,2.220446049250313e-16,0.005140702510315538
68.0,0.8367976483785693,0.6310324435147115,2.220446049250313e-16,2.220446049250313e-16,2.220446049250313e-16,2.220446049250313e-16,2.220446049250313e-16,2.220446049250313e-16,2.220446049250313e-16,2.220446049250313e-16
69.0,0.8367976483785693,0.6310324435147115,2.220446049250313e-16,2.220446049250313e-16,2.220446049250313e-16,2.220446049250313e-16,2.220446049250313e-16,2.220446049250313e-16,2.220446049250313e-16,2.220446049250313e-16
