id,x_0,x_1,x_2,x_3,x_4,x_5,x_6,x_7,x_8,x_9,x_10
0.0,0.7209843992684061,2.220446049250313e-16,0.014614207625707198,2.220446049250313e-16,0.045575676489637736,1.290139852366492,0.029518279991786755,2.220446049250313e-16,2.220446049250313e-16,0.17665468600027387,2.220446049250313e-16
1.0,0.02576276138100397,2.220446049250313e-16,0.45831813746042993,0.3309694306325829,0.9977978662467069,2.220446049250313e-16,0.010304012602440644,2.220446049250313e-16,2.220446049250313e-16,0.2844961230076715,0.0239341658279801
2.0,0.3377577795046784,2.220446049250313e-16,2.220446049250313e-16,2.220446049250313e-16,0.10177235364756698,1.2118906015865711,0.6286805076105129,2.220446049250313e-16,2.220446049250313e-16,0.045635682242753814,0.13066444967865376
3.0,2.220446049250313e-16,0.5919930082748973,0.01896008214444933,0.08044705499543887,1.4250854828185466,0.013270564013412537,2.220446049250313e-16,2.220446049250313e-16,2.220446049250313e-16,0.020746838141814238,0.020478507372744297
4.0,1.3464888189546869,0.08126855235050567,2.220446049250313e-16,0.17604052883308274,2.220446049250313e-16,0.4578919418985188,2.220446049250313e-16,2.220446049250313e-16,2.220446049250313e-16,0.22413100499650396,0.10749797587903633
5.0,0.008749428700575684,0.5954029035135711,0.02631703059182267,0.09312849535008551,1.328017925445492,2.220446049250313e-16,2.220446049250313e-16,2.220446049250313e-16,2.220446049250313e-16,0.23412309999717593,0.018854739210717536
6.0,0.9731622037368951,2.220446049250313e-16,2.220446049250313e-16,2.220446049250313e-16,0.06041547698228289,0.962769022024466,2.220446049250313e-16,0.14617779411037418,0.0018553594626853733,0.18225363896419325,2.220446049250313e-16
7.0,2.220446049250313e-16,2.220446049250313e-16,2.220446049250313e-16,2.220446049250313e-16,0.7353340389311385,2.220446049250313e-16,2.220446049250313e-16,0.03610034229726011,0.15376998513807463,1.156325341126497,0.7058567747317329
8.0,0.46677708449873584,0.015340712934406087,2.220446049250313e-16,0.9455737417120748,0.10875467218318247,2.220446049250313e-16,0.38153652559362083,0.9907075611571708,2.220446049250313e-16,2.220446049250313e-16,2.220446049250313e-16
9.0,0.035750743092927396,2.220446049250313e-16,2.220446049250313e-16,2.220446049250313e-16,0.40471186984846064,2.220446049250313e-16,0.7690088709903997,2.220446049250313e-16,0.15059417947380907,1.1935337929138192,0.72349629044413
10.0,1.2463776256149042,0.17362649060009627,2.220446049250313e-16,0.18372638464066593,0.04658245916777471,0.3560595172703315,0.0036346022048649317,0.3235979771562302,0.01823974118610127,0.03937139158279572,2.220446049250313e-16
11.0,2.220446049250313e-16,0.1974836597906422,0.02173808047612824,0.18252921739793573,1.4149630223988905,0.005559250732717125,0.006456114428995076,2.220446049250313e-16,2.220446049250313e-16,0.18482477159569535,0.018127377884619742
12.0,0.7209843992684061,2.220446049250313e-16,0.014614207625707198,2.220446049250313e-16,0.045575676489637736,1.290139852366492,0.029518279991786755,2.220446049250313e-16,2.220446049250313e-16,0.17665468600027387,2.220446049250313e-16
13.0,2.220446049250313e-16,2.220446049250313e-16,0.8231412209792969,0.6017037536371161,0.5886756356524304,0.0488463165624613,0.0032590803169378845,2.220446049250313e-16,2.220446049250313e-16,0.2956024221992213,0.03224210675685968
14.0,0.13013076033523863,0.15750255704174476,0.06819242663581976,2.220446049250313e-16,0.08688199013043274,1.2709637086719971,0.8057224305679781,2.220446049250313e-16,2.220446049250313e-16,0.04606643341484744,2.220446049250313e-16
15.0,0.07512044530431346,0.03589397809529349,0.053753602048011266,0.7770690415027622,1.2010598080342774,0.005066971262189585,2.220446049250313e-16,2.220446049250313e-16,2.220446049250313e-16,2.220446049250313e-16,0.022993448763507507
16.0,0.8123158836863819,0.2222785212345545,2.220446049250313e-16,2.220446049250313e-16,0.08507644212080129,0.949442371394607,0.23837106623475274,2.220446049250313e-16,0.0022312516390388436,0.011933569575240695,0.12078914395609115
17.0,0.08640796400767789,2.220446049250313e-16,0.26113563265298456,0.30347395365600954,1.1720613181096233,2.220446049250313e-16,0.009382220619925474,2.220446049250313e-16,2.220446049250313e-16,0.24131680758982435,0.01944551004051177
18.0,0.07608544944368391,0.5133776481944536,0.6487944849501098,2.220446049250313e-16,0.25539897984296533,2.220446049250313e-16,2.220446049250313e-16,0.11362034124963147,0.21820206993411284,1.0264120971388853,2.220446049250313e-16
19.0,1.0113700478702319,2.220446049250313e-16,0.1411904776374675,2.220446049250313e-16,2.220446049250313e-16,0.975209237858792,2.220446049250313e-16,0.1348305214796836,2.220446049250313e-16,0.010993333494259424,0.11006497417291254
20.0,0.09086737331856448,2.220446049250313e-16,1.0698753751585277,2.220446049250313e-16,0.09297691195789239,2.220446049250313e-16,2.220446049250313e-16,2.220446049250313e-16,0.9252683137962283,2.220446049250313e-16,0.26757518220171694
21.0,0.09086737331856448,2.220446049250313e-16,1.0698753751585277,2.220446049250313e-16,0.09297691195789239,2.220446049250313e-16,2.220446049250313e-16,2.220446049250313e-16,0.9252683137962283,2.220446049250313e-16,0.26757518220171694
22.0,0.06065225597939561,2.220446049250313e-16,0.03239694713952734,0.7250536425071441,1.2288474893703452,0.005798420519657406,0.009732659237898067,2.220446049250313e-16,2.220446049250313e-16,0.08384631455169937,0.021518329120603846
23.0,0.00829751431421138,0.7082328767861465,0.22066753581830956,0.6593408712674825,0.2615547803120346,0.0831253618558804,0.8697542144821282,0.0074012515588526675,2.220446049250313e-16,0.11677442943013489,0.3538860394512525
24.0,2.220446049250313e-16,0.05761530854984241,2.220446049250313e-16,2.220446049250313e-16,0.2573459914822184,2.220446049250313e-16,0.1966570590614981,1.0277051571592004,0.8407133805315633,2.220446049250313e-16,0.6533561889855323
25.0,0.6941264184372283,0.010349564481942686,2.220446049250313e-16,0.9563543882606576,2.220446049250313e-16,2.220446049250313e-16,2.220446049250313e-16,1.0280586614388183,2.220446049250313e-16,2.220446049250313e-16,0.14609646879805935
26.0,2.220446049250313e-16,2.220446049250313e-16,2.220446049250313e-16,2.220446049250313e-16,0.3534585096462961,0.12264495849216894,0.0709222016273197,0.7563877912389604,0.9856705401502923,2.220446049250313e-16,0.6545135494340156
27.0,2.220446049250313e-16,2.220446049250313e-16,0.44187017106522253,2.220446049250313e-16,0.10026271083387239,0.02766230665029202,0.7666012416469695,0.11875674644718996,0.9200437346670288,2.220446049250313e-16,0.6719911101513224
28.0,2.220446049250313e-16,0.5909361322183899,2.220446049250313e-16,2.220446049250313e-16,0.1823599610924942,2.220446049250313e-16,0.7898281169219009,1.0111937025482494,2.220446049250313e-16,0.43870018011293166,0.3664317214422128
29.0,0.832832217937409,2.220446049250313e-16,2.220446049250313e-16,0.8995548811261689,2.220446049250313e-16,0.0001049765747891505,2.220446049250313e-16,1.0044246030880168,2.220446049250313e-16,2.220446049250313e-16,2.220446049250313e-16
30.0,0.6347536185187832,0.8292226545853596,2.220446049250313e-16,0.6719868344078853,2.220446049250313e-16,2.220446049250313e-16,0.012462275911145087,0.8333863802496713,2.220446049250313e-16,2.220446049250313e-16,0.37248446418643605
31.0,0.002787306855877172,0.06210007376518889,2.220446049250313e-16,2.220446049250313e-16,2.220446049250313e-16,2.220446049250313e-16,0.796495461206614,1.0114709308419636,0.712825319318562,0.16234735088058927,0.6648363985028198
32.0,2.220446049250313e-16,2.220446049250313e-16,2.220446049250313e-16,2.220446049250313e-16,2.220446049250313e-16,0.15574403713841597,0.8476109222468948,0.10018387533671008,0.663221931334088,0.9513543751599253,0.7301955268362943
33.0,2.220446049250313e-16,2.220446049250313e-16,0.40902913857945183,2.220446049250313e-16,0.05488504876003475,0.009621278531214666,2.220446049250313e-16,0.6172221168111042,0.9747773931983867,2.220446049250313e-16,0.8232715167122151
34.0,0.877826396925983,2.220446049250313e-16,2.220446049250313e-16,2.220446049250313e-16,2.220446049250313e-16,0.6860591190049095,2.220446049250313e-16,0.9794810234808413,2.220446049250313e-16,2.220446049250313e-16,2.220446049250313e-16
35.0,2.220446049250313e-16,2.220446049250313e-16,0.7191281407924426,2.220446049250313e-16,0.14411505908980504,2.220446049250313e-16,0.006394408756598639,0.13909656161850076,0.9162683636115895,0.025566895570560695,0.9026157626430272
36.0,2.220446049250313e-16,2.220446049250313e-16,0.7191281407924426,2.220446049250313e-16,0.14411505908980504,2.220446049250313e-16,0.006394408756598639,0.13909656161850076,0.9162683636115895,0.025566895570560695,0.9026157626430272
37.0,2.220446049250313e-16,2.220446049250313e-16,2.220446049250313e-16,2.220446049250313e-16,0.5748648742140953,2.220446049250313e-16,0.3827842057784425,0.45312256353770747,0.45995908195933455,0.18903247170054235,0.863012525718346
38.0,0.020988698033272937,0.8649392610418332,0.2025663662214945,0.6288137513735068,0.4969491135934443,0.0005241720596392202,0.786812642509182,0.05599674119659353,2.220446049250313e-16,2.220446049250313e-16,2.220446049250313e-16
39.0,2.220446049250313e-16,0.33857263841112345,1.127494853228007,0.7336769419502772,2.220446049250313e-16,0.3121565438875048,0.008256806271802811,0.0479343039865905,2.220446049250313e-16,2.220446049250313e-16,2.220446049250313e-16
40.0,0.09341719189895649,2.220446049250313e-16,0.41900952497359323,2.220446049250313e-16,2.220446049250313e-16,1.2371436794887278,0.8016867278870333,2.220446049250313e-16,2.220446049250313e-16,2.220446049250313e-16,2.220446049250313e-16
41.0,2.220446049250313e-16,2.220446049250313e-16,1.2432028080333466,0.777668668167141,0.06468830881448057,0.23649544314879745,2.220446049250313e-16,2.220446049250313e-16,0.15368753455826678,2.220446049250313e-16,2.220446049250313e-16
42.0,2.220446049250313e-16,2.220446049250313e-16,1.2432028080333466,0.777668668167141,0.06468830881448057,0.23649544314879745,2.220446049250313e-16,2.220446049250313e-16,0.15368753455826678,2.220446049250313e-16,2.220446049250313e-16
43.0,2.220446049250313e-16,0.33500180715526606,2.220446049250313e-16,0.0011154549269338787,0.26988263636808824,2.220446049250313e-16,0.5968834562768662,0.9477914486001852,2.220446049250313e-16,0.4525856824735607,0.4990184100221566
44.0,0.832832217937409,2.220446049250313e-16,2.220446049250313e-16,0.8995548811261689,2.220446049250313e-16,0.0001049765747891505,2.220446049250313e-16,1.0044246030880168,2.220446049250313e-16,2.220446049250313e-16,2.220446049250313e-16
45.0,1.1819656372223515,0.15950909032818122,2.220446049250313e-16,0.6261776771888006,2.220446049250313e-16,0.030929276303615732,0.01455400425766607,0.49983972231237334,2.220446049250313e-16,0.09992289421618872,2.220446049250313e-16
46.0,0.01846933400247599,2.220446049250313e-16,2.220446049250313e-16,2.220446049250313e-16,0.02180150677197401,0.05481870495303952,0.8503259427189758,2.220446049250313e-16,0.6223622884693483,1.0556217631060434,0.8904862743617284
47.0,0.01846933400247599,2.220446049250313e-16,2.220446049250313e-16,2.220446049250313e-16,0.02180150677197401,0.05481870495303952,0.8503259427189758,2.220446049250313e-16,0.6223622884693483,1.0556217631060434,0.8904862743617284
48.0,2.220446049250313e-16,0.5413921812414783,0.7284154158589053,2.220446049250313e-16,2.220446049250313e-16,0.07489657469771341,2.220446049250313e-16,0.1305507042239356,0.7328947096436471,0.6114000017496404,2.220446049250313e-16
49.0,0.8247790210535156,2.220446049250313e-16,0.2265020740190682,2.220446049250313e-16,2.220446049250313e-16,1.0770850454599763,2.220446049250313e-16,0.16090377677237963,2.220446049250313e-16,0.02280760886731477,2.220446049250313e-16
50.0,0.010423622911234396,0.6950876132336927,1.1616664747181549,2.220446049250313e-16,2.220446049250313e-16,0.02467771823742884,2.220446049250313e-16,2.220446049250313e-16,0.8414131953909513,0.011624633926347293,2.220446049250313e-16
51.0,0.010423622911234396,0.6950876132336927,1.1616664747181549,2.220446049250313e-16,2.220446049250313e-16,0.02467771823742884,2.220446049250313e-16,2.220446049250313e-16,0.8414131953909513,0.011624633926347293,2.220446049250313e-16
52.0,0.010423622911234396,0.6950876132336927,1.1616664747181549,2.220446049250313e-16,2.220446049250313e-16,0.02467771823742884,2.220446049250313e-16,2.220446049250313e-16,0.8414131953909513,0.011624633926347293,2.220446049250313e-16
53.0,2.220446049250313e-16,0.17131392893429442,0.6735286558427431,0.26363776118244825,0.43405717908717667,0.6894272768823788,2.220446049250313e-16,0.060785637727703914,2.220446049250313e-16,2.220446049250313e-16,2.220446049250313e-16
54.0,2.220446049250313e-16,0.3251717992231884,0.6827021080935555,0.6778444671429564,0.4040241420587586,0.3666378686930751,0.003693573780585891,0.05530744996611234,2.220446049250313e-16,2.220446049250313e-16,2.220446049250313e-16
55.0,0.07737279662411595,2.220446049250313e-16,0.2985613367374136,2.220446049250313e-16,0.07447821056721918,1.29879032101513,0.7989408666987945,2.220446049250313e-16,2.220446049250313e-16,2.220446049250313e-16,2.220446049250313e-16
56.0,2.220446049250313e-16,2.220446049250313e-16,1.2161200840347361,0.8742967930752927,0.08460264782620688,0.10661185209519959,0.005602635983277657,2.220446049250313e-16,0.03318429158412388,0.12868166403960205,2.220446049250313e-16
57.0,2.220446049250313e-16,0.21326813476175718,2.220446049250313e-16,2.220446049250313e-16,0.829987780958293,0.01711161388651432,2.220446049250313e-16,0.19510469097314886,0.16229355736266673,1.0922040634502426,0.10414657860167338
58.0,0.05125330922061803,0.4185786075563248,2.220446049250313e-16,0.24070888273294697,0.8332391677542601,0.04946694234699479,0.08826656795209079,0.7715849353382199,2.220446049250313e-16,2.220446049250313e-16,2.220446049250313e-16
59.0,1.161815703627345,0.1904180209544185,2.220446049250313e-16,0.03289542314661082,2.220446049250313e-16,0.5005486087816937,0.27722052197271935,0.003225036360520869,2.220446049250313e-16,0.23459938964833252,0.1109202565006678
60.0,1.161815703627345,0.1904180209544185,2.220446049250313e-16,0.03289542314661082,2.220446049250313e-16,0.5005486087816937,0.27722052197271935,0.003225036360520869,2.220446049250313e-16,0.23459938964833252,0.1109202565006678
61.0,0.030603226557154185,0.7597786812886742,0.027886458961984963,0.08214386481879701,1.3677346385116051,0.009799302638888547,2.220446049250313e-16,2.220446049250313e-16,2.220446049250313e-16,2.220446049250313e-16,2.220446049250313e-16
62.0,0.030603226557154185,0.7597786812886742,0.027886458961984963,0.08214386481879701,1.3677346385116051,0.009799302638888547,2.220446049250313e-16,2.220446049250313e-16,2.220446049250313e-16,2.220446049250313e-16,2.220446049250313e-16
