5 0.5023237683431986 0.3801172081829084 0.24281394402292056 0.2048337864618713 0.3781816989943365 0.10202959735108148 0.4301140758148369 0.24281394407559048 0.3684602274831247 0.24281394455379096 0.10771014612863362 0.45330048369737896 0.41282245140362306 0.24690129039106118 0.2991460531922697 0.29914605332102795 0.10771014684403296 0.46165409132258184 0.10771014813936185 0.21537625150913745
57 0.2295848250057821 0.46751409684506856 0.4425430001144722 0.28399122166342855 0.2705854827442217 0.12688097174575683 0.29215769614500864 0.4425430003769513 0.22952702577448778 0.4425430008829794 0.15332650563638414 0.224438649069208 0.15440326156982273 0.32604607227356613 0.42040073467167016 0.42040073483646384 0.1533265058956612 0.3032156251017323 0.15332650636826978 0.3697620094558944
16 0.3796311784036473 0.3030049386893726 0.26050064180087873 0.2518187614475417 0.3739559193800791 0.12508152427617808 0.3658684117212464 0.2605006417156996 0.503296603999483 0.26050064199500034 0.09518415668450525 0.4468486379441434 0.42145427649427986 0.41649226067629186 0.3132352007584278 0.3132352009682277 0.09518415537975515 0.37734232904592674 0.09518415380408742 0.19456374011625666
43 0.10771014707426192 0.15628443616107693 0.11384969838086789 0.07208576784848986 0.26013056502954296 0.5697122012519334 0.037684827466291856 0.11384969831620761 0.10222065473086331 0.11384969821084573 0.6768949903147387 0.08245387351327157 0.05044876544249572 0.1338042751197443 0.0430582869674746 0.043058287094550306 0.6768949902081518 0.12413872054416204 0.676894990169099 0.307988192484534
62 0.06084589005989707 0.24757087359938812 0.35638560615447995 0.4080107767353734 0.23667754450792536 0.03129470992730782 0.19510774914737927 0.35638560568043776 0.36260368685973615 0.35638560606133146 0.07261036590419703 0.2641267815820741 0.49029805587244 0.5616475753581142 0.4707198848742451 0.4707198850079075 0.07261036367835377 0.14017624664403885 0.07261036086151117 0.1717040973704108
2 0.3801172081827335 0.5544049020024798 0.27384420184029107 0.17600805344611067 0.32362574454329823 0.11348859937622262 0.41194809567599866 0.27384420199194254 0.2962105743219683 0.2738442023474583 0.1562844358461433 0.301092432301938 0.29113422625476904 0.332625933118591 0.39294110542375615 0.39294110567411017 0.1562844360047782 0.4396234914317576 0.15628443659524696 0.23608387997019506
27 0.24486919925614653 0.6120296527272475 0.36545427414426745 0.193881987665593 0.23701634620471576 0.12795015649556996 0.3220105376676426 0.3654542751022474 0.1964382890495313 0.36545427530972474 0.1843239904668351 0.1590672945319212 0.14432391138815162 0.3913918656336338 0.44465140652450497 0.4446514066661216 0.18432399299452323 0.3203953232576481 0.1843239974087659 0.336218668281921
1 0.3597376295204242 0.4962885499963582 0.270768573544757 0.09577045499543338 0.4365518156409992 0.3023680261366425 0.21803730536371094 0.2707685738160789 0.264502456577431 0.270768573765416 0.3695910722256851 0.2056940021137811 0.2050192989099556 0.31091449460370807 0.22532494726452948 0.22532494739788755 0.3695910732551857 0.39334548981818673 0.36959107559026205 0.3836477285726502
52 0.31278245889509665 0.3231549560543663 0.330260912496025 0.4097373757301331 0.3941406834026554 0.10439780216556212 0.36643718508496453 0.33026091197376684 0.32019183288165726 0.3302609121313948 0.09257531162374559 0.487304293281104 0.304705117111275 0.23252286828248678 0.4081755104285397 0.40817551055300844 0.09257530923434738 0.34767698647002643 0.09257530629789452 0.1881748355538096
15 0.3684602274830183 0.2962105743219882 0.24322909951764626 0.21262412110235168 0.3235048539262247 0.13854797386146234 0.3320567263379248 0.24322909966800768 0.5846045623008447 0.2432290999869762 0.10222065461089878 0.36575686707910804 0.44751014683531254 0.5493596287699184 0.2680398530275055 0.26803985315546347 0.10222065454713546 0.34993219313472174 0.10222065486828553 0.21118993376084028
31 0.3452974450612971 0.20875963137544884 0.43086619500312745 0.4426649760320171 0.1958966325751103 0.024593914760779472 0.3819363607559629 0.4308661950585161 0.3001979222786146 0.4308661956210404 0.020068248894751554 0.37831927455076997 0.29822055855622287 0.20441926928529575 0.4544121387799329 0.4544121388570596 0.020068249481707833 0.30018484108249205 0.02006825058777722 0.17493645560520166
33 0.22216639112576098 0.4454325678740051 0.36162588686112207 0.11064439110550417 0.30497844533903584 0.33445804989822453 0.17744923214850628 0.361625887245629 0.19400543048818217 0.361625887502564 0.3810761490285725 0.13278594041805789 0.11241376257725373 0.31683096767998825 0.21981213382509157 0.21981213403097488 0.38107615051448246 0.27054404828954126 0.3810761527855409 0.5799293829546127
46 0.46729303770183966 0.3087329145697889 0.15500768223053826 0.20209019280323606 0.2803309391599822 0.040954929057428625 0.42982637164755283 0.15500768251523014 0.38797510845988603 0.15500768273277812 0.048920793190267195 0.4391334811731369 0.7467769756241857 0.30043769075617777 0.2574796213450329 0.25747962146582604 0.04892079425268965 0.40037151406944976 0.04892079633936406 0.12766259480617417
66 0.24281394424246555 0.2738442020553324 0.5196409121324725 0.4383674558768434 0.2574527550783549 0.11793892323663523 0.23652147916598207 0.5196409122463271 0.2432290996957528 0.5196409126809869 0.11384969838913614 0.2527969845907641 0.1723094550005402 0.24493497274681592 0.3439477059289777 0.3439477059815215 0.11384969811573736 0.25510201698908314 0.11384969845555654 0.4175619858410039
18 0.45330048369730824 0.30109243230191096 0.2527969843300537 0.3111894634927174 0.4092895238318688 0.09849026810137582 0.4103783029084609 0.2527969842229997 0.3657568670790924 0.252796984759638 0.08245387337453022 0.540979633045887 0.40688154467044524 0.21547067945397932 0.32848517480844036 0.3284851749780621 0.08245387322685045 0.40531683886929404 0.08245387377679111 0.17542991009935222
40 0.5633803113492623 0.41550689585128886 0.16779317430756552 0.12900818993747792 0.539296198951156 0.2594639476453852 0.21747162490234465 0.1677931753911109 0.3283717503778333 0.16779317573087657 0.305191178632863 0.29812522262486774 0.3344712294075575 0.26554932936148384 0.17075185563701972 0.17075185583709296 0.3051911831341236 0.47267212743695575 0.3051911897119293 0.24981741981224093
35 0.5097499563043921 0.35155272519012837 0.19977025776010535 0.16994322468717024 0.6097365082582713 0.2749596696548948 0.21808115265817893 0.19977025862477601 0.3387711224662433 0.19977025880686541 0.2747149638403206 0.36616785389305234 0.32524699192386874 0.24089203098055106 0.17871325484971531 0.17871325509029343 0.2747149665496921 0.4331651329664139 0.27471497112886056 0.286736657808336
61 0.4128224514035946 0.2911342262547844 0.17230945478657325 0.2025273226149636 0.27336552567992806 0.046549451391190565 0.3978326821912319 0.17230945478100618 0.44751014683532614 0.17230945527224314 0.05044876536658837 0.4068815446704711 0.7469535977928985 0.38786985724638495 0.26467978640588063 0.2646797866011948 0.050448765231070156 0.37456447630695827 0.05044876573856396 0.1315976208200984
51 0.5097499563043921 0.35155272519012837 0.19977025776010535 0.16994322468717024 0.6097365082582713 0.2749596696548948 0.21808115265817893 0.19977025862477601 0.3387711224662433 0.19977025880686541 0.2747149638403206 0.36616785389305234 0.32524699192386874 0.24089203098055106 0.17871325484971531 0.17871325509029343 0.2747149665496921 0.4331651329664139 0.27471497112886056 0.286736657808336
54 0.5023237683431986 0.3801172081829084 0.24281394402292056 0.2048337864618713 0.3781816989943365 0.10202959735108148 0.4301140758148369 0.24281394407559048 0.3684602274831247 0.24281394455379096 0.10771014612863362 0.45330048369737896 0.41282245140362306 0.24690129039106118 0.2991460531922697 0.29914605332102795 0.10771014684403296 0.46165409132258184 0.10771014813936185 0.21537625150913745
25 0.5021391603611921 0.30109302437154983 0.19824289817184534 0.22224331308623035 0.12631226091240721 -0.01453317531070033 0.6248815699095074 0.198242898613104 0.35539078877405517 0.19824289896493316 -0.01661456987893421 0.47349718358273835 0.4953982360114986 0.21019778089557276 0.3614584354334402 0.3614584355726543 -0.016614567715664302 0.408416352825567 -0.01661456412108329 0.11675160052001879
7 0.546915603477908 0.42714581687887826 0.2018311262178303 0.16872600235165094 0.3528466655563975 0.09846942155715505 0.4485806789791692 0.20183112698806457 0.36365829205371175 0.20183112715393126 0.11869330388862258 0.41142355747431003 0.4321032109534317 0.26463231978362817 0.27550874388169533 0.27550874403151787 0.11869330616928271 0.48782845159367294 0.11869330979541516 0.20499047047593952
12 0.3796311784036473 0.3030049386893726 0.26050064180087873 0.2518187614475417 0.3739559193800791 0.12508152427617808 0.3658684117212464 0.2605006417156996 0.503296603999483 0.26050064199500034 0.09518415668450525 0.4468486379441434 0.42145427649427986 0.41649226067629186 0.3132352007584278 0.3132352009682277 0.09518415537975515 0.37734232904592674 0.09518415380408742 0.19456374011625666
50 0.3796311784036473 0.3030049386893726 0.26050064180087873 0.2518187614475417 0.3739559193800791 0.12508152427617808 0.3658684117212464 0.2605006417156996 0.503296603999483 0.26050064199500034 0.09518415668450525 0.4468486379441434 0.42145427649427986 0.41649226067629186 0.3132352007584278 0.3132352009682277 0.09518415537975515 0.37734232904592674 0.09518415380408742 0.19456374011625666
17 0.5097499563043921 0.35155272519012837 0.19977025776010535 0.16994322468717024 0.6097365082582713 0.2749596696548948 0.21808115265817893 0.19977025862477601 0.3387711224662433 0.19977025880686541 0.2747149638403206 0.36616785389305234 0.32524699192386874 0.24089203098055106 0.17871325484971531 0.17871325509029343 0.2747149665496921 0.4331651329664139 0.27471497112886056 0.286736657808336
23 0.0689802296527213 0.034630161086625824 0.11000805724611457 0.1174892364799146 0.44477507675614514 0.6431819177358608 0.10578715372142447 0.11000805686901972 0.11092772254821975 0.11000805701815419 0.5950123228674533 0.07358406793938292 0.0562988593090052 0.10194424451222608 0.036370610058551134 0.03637061022795003 0.5950123225582234 0.06150669888650548 0.5950123220751636 0.4670911843255747
63 0.10202959735105298 0.1134885993762094 0.11793892322705553 0.0816490349984339 0.29436064695830827 0.8265001958208767 0.02812276221340401 0.11793892329727204 0.13854797386145132 0.11793892342246313 0.5697122013540646 0.09849026810137598 0.04654945139118102 0.14370625237740042 0.03292235299973265 0.0329223531642253 0.5697122010601836 0.10603556583131504 0.5697122010124999 0.34486492772360916
10 0.4169298740807917 0.3585927783346792 0.30634115395200334 0.25890885667967317 0.3887631642260772 0.10788027236331554 0.39912872922002224 0.30634115403817286 0.35448993967796777 0.30634115445887394 0.1055964729825704 0.45607386602932 0.3573810650066822 0.24282913679808718 0.3454072352406321 0.34540723536579965 0.1055964713870704 0.42308336387497286 0.10559646999196202 0.2356185566296614
59 0.21537625150905493 0.23608387997017766 0.41756198592740645 0.21667521317640048 0.33770299679754956 0.344864927723618 0.14079109279818436 0.4175619859097197 0.2111899337608305 0.4175619859942121 0.30798819230888475 0.17542991009936748 0.13159762082008492 0.2380923395582335 0.15162411518536656 0.15162411541158383 0.3079881922342348 0.22047171844721536 0.3079881926752188 0.7392682752229192
30 0.47656617518241295 0.4261186624205031 0.28151064877333415 0.16264544793023036 0.35584743720171 0.10918313694173168 0.41836056754697437 0.2815106486259767 0.3548720413439589 0.28151064900585326 0.1262488285313801 0.38217496921100946 0.3731447323819222 0.27062454090561167 0.30882500509183247 0.30882500528969054 0.1262488287176536 0.4695010397962211 0.12624882908692234 0.2647179016343682
64 0.10202959735105298 0.1134885993762094 0.11793892322705553 0.0816490349984339 0.29436064695830827 0.8265001958208767 0.02812276221340401 0.11793892329727204 0.13854797386145132 0.11793892342246313 0.5697122013540646 0.09849026810137598 0.04654945139118102 0.14370625237740042 0.03292235299973265 0.0329223531642253 0.5697122010601836 0.10603556583131504 0.5697122010124999 0.34486492772360916
49 0.5633803113492623 0.41550689585128886 0.16779317430756552 0.12900818993747792 0.539296198951156 0.2594639476453852 0.21747162490234465 0.1677931753911109 0.3283717503778333 0.16779317573087657 0.305191178632863 0.29812522262486774 0.3344712294075575 0.26554932936148384 0.17075185563701972 0.17075185583709296 0.3051911831341236 0.47267212743695575 0.3051911897119293 0.24981741981224093
22 0.0689802296527213 0.034630161086625824 0.11000805724611457 0.1174892364799146 0.44477507675614514 0.6431819177358608 0.10578715372142447 0.11000805686901972 0.11092772254821975 0.11000805701815419 0.5950123228674533 0.07358406793938292 0.0562988593090052 0.10194424451222608 0.036370610058551134 0.03637061022795003 0.5950123225582234 0.06150669888650548 0.5950123220751636 0.4670911843255747
58 0.21537625150905493 0.23608387997017766 0.41756198592740645 0.21667521317640048 0.33770299679754956 0.344864927723618 0.14079109279818436 0.4175619859097197 0.2111899337608305 0.4175619859942121 0.30798819230888475 0.17542991009936748 0.13159762082008492 0.2380923395582335 0.15162411518536656 0.15162411541158383 0.3079881922342348 0.22047171844721536 0.3079881926752188 0.7392682752229192
48 0.0689802296527213 0.034630161086625824 0.11000805724611457 0.1174892364799146 0.44477507675614514 0.6431819177358608 0.10578715372142447 0.11000805686901972 0.11092772254821975 0.11000805701815419 0.5950123228674533 0.07358406793938292 0.0562988593090052 0.10194424451222608 0.036370610058551134 0.03637061022795003 0.5950123225582234 0.06150669888650548 0.5950123220751636 0.4670911843255747
6 0.4169298740807917 0.3585927783346792 0.30634115395200334 0.25890885667967317 0.3887631642260772 0.10788027236331554 0.39912872922002224 0.30634115403817286 0.35448993967796777 0.30634115445887394 0.1055964729825704 0.45607386602932 0.3573810650066822 0.24282913679808718 0.3454072352406321 0.34540723536579965 0.1055964713870704 0.42308336387497286 0.10559646999196202 0.2356185566296614
53 0.0689802296527213 0.034630161086625824 0.11000805724611457 0.1174892364799146 0.44477507675614514 0.6431819177358608 0.10578715372142447 0.11000805686901972 0.11092772254821975 0.11000805701815419 0.5950123228674533 0.07358406793938292 0.0562988593090052 0.10194424451222608 0.036370610058551134 0.03637061022795003 0.5950123225582234 0.06150669888650548 0.5950123220751636 0.4670911843255747
29 0.21537625150905493 0.23608387997017766 0.41756198592740645 0.21667521317640048 0.33770299679754956 0.344864927723618 0.14079109279818436 0.4175619859097197 0.2111899337608305 0.4175619859942121 0.30798819230888475 0.17542991009936748 0.13159762082008492 0.2380923395582335 0.15162411518536656 0.15162411541158383 0.3079881922342348 0.22047171844721536 0.3079881926752188 0.7392682752229192
3 0.5097499563043921 0.35155272519012837 0.19977025776010535 0.16994322468717024 0.6097365082582713 0.2749596696548948 0.21808115265817893 0.19977025862477601 0.3387711224662433 0.19977025880686541 0.2747149638403206 0.36616785389305234 0.32524699192386874 0.24089203098055106 0.17871325484971531 0.17871325509029343 0.2747149665496921 0.4331651329664139 0.27471497112886056 0.286736657808336
45 0.5967041384108509 0.42256271642282023 0.16854422407778782 0.15840179995598616 0.3317986072596473 0.11541978627735304 0.4517085575163882 0.16854422494277513 0.3889838614563658 0.168544225216808 0.1095570027862034 0.4119477809124486 0.45838934837322015 0.265012692207393 0.23813805884019576 0.23813805906114546 0.1095570072776798 0.48809969227273237 0.10955701393179733 0.19309708365340533
19 0.5633803113492623 0.41550689585128886 0.16779317430756552 0.12900818993747792 0.539296198951156 0.2594639476453852 0.21747162490234465 0.1677931753911109 0.3283717503778333 0.16779317573087657 0.305191178632863 0.29812522262486774 0.3344712294075575 0.26554932936148384 0.17075185563701972 0.17075185583709296 0.3051911831341236 0.47267212743695575 0.3051911897119293 0.24981741981224093
28 0.21537625150905493 0.23608387997017766 0.41756198592740645 0.21667521317640048 0.33770299679754956 0.344864927723618 0.14079109279818436 0.4175619859097197 0.2111899337608305 0.4175619859942121 0.30798819230888475 0.17542991009936748 0.13159762082008492 0.2380923395582335 0.15162411518536656 0.15162411541158383 0.3079881922342348 0.22047171844721536 0.3079881926752188 0.7392682752229192
60 0.428497927219592 0.3510507295623084 0.18288130669798627 0.1541248536558949 0.29030184377685264 0.13221092156709874 0.3758743020437146 0.18288130638532268 0.510813952754469 0.18288130669860367 0.11907895844677122 0.31959776041527477 0.4663061283402464 0.606971321394573 0.24189581609926766 0.24189581627969725 0.11907895757178362 0.4269973659827913 0.11907895652702093 0.18410273249190817
37 0.2991460532334116 0.3929411055004909 0.3439477057505425 0.3560037887644049 0.20641370341594148 0.03292235306853142 0.4296524846089625 0.3439477060096927 0.2680398530580502 0.3439477062988729 0.0430582868284795 0.328485174882692 0.2646797864793974 0.2830501139169298 0.5371636818518069 0.5371636819449377 0.04305828693149952 0.332590149762429 0.043058287181632966 0.15162411525296476
13 0.42903078602057365 0.30583718039441365 0.20397027251764907 0.18433513053127543 0.31187520198271956 0.14934709865708554 0.357217162842052 0.2039702726668674 0.5680345945589584 0.2039702730737971 0.09804857546323012 0.3749291650644377 0.4714907298002353 0.5470041669798528 0.2393121567005026 0.23931215691786112 0.09804857603956108 0.38668764222663105 0.09804857752646363 0.191737174797381
34 0.22216639112576098 0.4454325678740051 0.36162588686112207 0.11064439110550417 0.30497844533903584 0.33445804989822453 0.17744923214850628 0.361625887245629 0.19400543048818217 0.361625887502564 0.3810761490285725 0.13278594041805789 0.11241376257725373 0.31683096767998825 0.21981213382509157 0.21981213403097488 0.38107615051448246 0.27054404828954126 0.3810761527855409 0.5799293829546127
41 0.46165409132264185 0.4396234914318553 0.2551020165498464 0.19273571187574914 0.36580407019860306 0.10603556583134877 0.42841942297339275 0.2551020169060221 0.3499321931347239 0.2551020171098052 0.12413872028169663 0.40531683886947595 0.37456447630697454 0.27385926991272863 0.3325901497067493 0.3325901498381965 0.12413872036019673 0.4631694795028232 0.12413872075380299 0.2204717184472486
44 0.10771014707426192 0.15628443616107693 0.11384969838086789 0.07208576784848986 0.26013056502954296 0.5697122012519334 0.037684827466291856 0.11384969831620761 0.10222065473086331 0.11384969821084573 0.6768949903147387 0.08245387351327157 0.05044876544249572 0.1338042751197443 0.0430582869674746 0.043058287094550306 0.6768949902081518 0.12413872054416204 0.676894990169099 0.307988192484534
11 0.5097499563043921 0.35155272519012837 0.19977025776010535 0.16994322468717024 0.6097365082582713 0.2749596696548948 0.21808115265817893 0.19977025862477601 0.3387711224662433 0.19977025880686541 0.2747149638403206 0.36616785389305234 0.32524699192386874 0.24089203098055106 0.17871325484971531 0.17871325509029343 0.2747149665496921 0.4331651329664139 0.27471497112886056 0.286736657808336
8 0.4946035406022204 0.3063037342624127 0.217870059446072 0.25516650590570034 0.22891249149383674 0.022144265904083974 0.54472027156044 0.2178700597469826 0.3646764075929201 0.21787006004790888 0.019679770167154532 0.5075581636233762 0.46868562356183563 0.21448009323748154 0.3573364175722772 0.35733641773970815 0.01967977162815851 0.4177733046532583 0.019679773857386524 0.12984655063333006
20 0.42425100720603565 0.45066644133751665 0.22429937998555022 0.14769771993737996 0.5529316885719215 0.28373045188961915 0.2311474231347851 0.2242993800406491 0.30596091200292813 0.2242993802206988 0.32228267924220444 0.3077287224481737 0.2663873429063308 0.280915792455482 0.21794913603215252 0.21794913620006334 0.3222826805848472 0.4206010760042038 0.3222826833702654 0.28694436572196697
32 0.24281394424246555 0.2738442020553324 0.5196409121324725 0.4383674558768434 0.2574527550783549 0.11793892323663523 0.23652147916598207 0.5196409122463271 0.2432290996957528 0.5196409126809869 0.11384969838913614 0.2527969845907641 0.1723094550005402 0.24493497274681592 0.3439477059289777 0.3439477059815215 0.11384969811573736 0.25510201698908314 0.11384969845555654 0.4175619858410039
55 0.41050860148371426 0.2911068948280493 0.2935501784180438 0.24741838383713358 0.20394694063518035 0.041351405765820706 0.4539399831997752 0.29355017920275617 0.5431580180647088 0.293550179542723 0.01984563235213337 0.4007187472389941 0.45070753472559966 0.3386215072913944 0.35503603453750393 0.35503603459094846 0.019845634779535725 0.34547570388787313 0.019845638363290306 0.17262012300943194
47 0.34708918097254465 0.3999535553921523 0.28873831780722026 0.30552999149982357 0.3780804556251451 0.15773066539979125 0.38067028546844783 0.2887383179257988 0.3737543461594025 0.2887383184721024 0.09404785921339855 0.48054553098145747 0.30693717357606703 0.2728935539250641 0.40568034331094366 0.4056803434417893 0.09404785928828506 0.3602399893928177 0.09404785970833751 0.17869611506058675
68 0.21537625150905493 0.23608387997017766 0.41756198592740645 0.21667521317640048 0.33770299679754956 0.344864927723618 0.14079109279818436 0.4175619859097197 0.2111899337608305 0.4175619859942121 0.30798819230888475 0.17542991009936748 0.13159762082008492 0.2380923395582335 0.15162411518536656 0.15162411541158383 0.3079881922342348 0.22047171844721536 0.3079881926752188 0.7392682752229192
65 0.4364073161495038 0.33975891685039405 0.34097347946501316 0.22030595198866235 0.3745020582042194 0.11198257537003009 0.3846935920198094 0.34097347924032617 0.35981322185451264 0.3409734796052542 0.10814792908613974 0.4254414935747744 0.354998411048464 0.23864971918506192 0.31357044327465367 0.3135704434288791 0.10814792794487531 0.4291278059957916 0.10814792670128326 0.2944028003969338
26 0.24486919925614653 0.6120296527272475 0.36545427414426745 0.193881987665593 0.23701634620471576 0.12795015649556996 0.3220105376676426 0.3654542751022474 0.1964382890495313 0.36545427530972474 0.1843239904668351 0.1590672945319212 0.14432391138815162 0.3913918656336338 0.44465140652450497 0.4446514066661216 0.18432399299452323 0.3203953232576481 0.1843239974087659 0.336218668281921
4 0.5261178782620523 0.3356612080695861 0.2044440750741268 0.24713990337164882 0.3914323704980539 0.09515877292253096 0.435413129466812 0.20444407565126765 0.37392693342739014 0.20444407602046405 0.09021944649119541 0.5157047623737618 0.4466475121309136 0.22698395158530107 0.2873762502913424 0.2873762504282741 0.09021944842641799 0.44300887091074886 0.09021945153945247 0.17195342559217255
42 0.2991460532334116 0.3929411055004909 0.3439477057505425 0.3560037887644049 0.20641370341594148 0.03292235306853142 0.4296524846089625 0.3439477060096927 0.2680398530580502 0.3439477062988729 0.0430582868284795 0.328485174882692 0.2646797864793974 0.2830501139169298 0.5371636818518069 0.5371636819449377 0.04305828693149952 0.332590149762429 0.043058287181632966 0.15162411525296476
9 0.6160640018210489 0.476745424431347 0.14518516963902658 0.13965079020485002 0.30445610289420216 0.09114461374692819 0.4662698191969176 0.1451851707368717 0.3511571153578272 0.14518517107295717 0.13104003478646617 0.343788385650634 0.4608860402659326 0.28411100175737325 0.22805530803912386 0.2280553081323826 0.13104003994112015 0.5140483215618094 0.1310400474140266 0.19395004548855915
24 0.37818169899425136 0.3236257445433373 0.25745275492108327 0.2410738630874825 0.650097635671036 0.2943606469583224 0.22361216085145202 0.2574527549031285 0.3235048539262425 0.25745275528483913 0.260130564934919 0.4092895238319104 0.2733655256799367 0.23028280571668033 0.20641370336134535 0.2064137035904646 0.2601305647413287 0.3658040701985199 0.26013056511578464 0.337702996797564
38 0.10771014707426192 0.15628443616107693 0.11384969838086789 0.07208576784848986 0.26013056502954296 0.5697122012519334 0.037684827466291856 0.11384969831620761 0.10222065473086331 0.11384969821084573 0.6768949903147387 0.08245387351327157 0.05044876544249572 0.1338042751197443 0.0430582869674746 0.043058287094550306 0.6768949902081518 0.12413872054416204 0.676894990169099 0.307988192484534
0 0.4301140758147992 0.41194809567604 0.23652147926818415 0.23682309153636993 0.2236121608514515 0.02812276221342407 0.5353242157901992 0.2365214790271698 0.3320567263379515 0.23652147952515615 0.03768482722380224 0.4103783029084915 0.3978326821912425 0.26505053378930904 0.4296524845763079 0.4296524847534632 0.03768482736753925 0.4284194229734267 0.03768482783557691 0.1407910927981922
39 0.10771014707426192 0.15628443616107693 0.11384969838086789 0.07208576784848986 0.26013056502954296 0.5697122012519334 0.037684827466291856 0.11384969831620761 0.10222065473086331 0.11384969821084573 0.6768949903147387 0.08245387351327157 0.05044876544249572 0.1338042751197443 0.0430582869674746 0.043058287094550306 0.6768949902081518 0.12413872054416204 0.676894990169099 0.307988192484534
56 0.2295848250057821 0.46751409684506856 0.4425430001144722 0.28399122166342855 0.2705854827442217 0.12688097174575683 0.29215769614500864 0.4425430003769513 0.22952702577448778 0.4425430008829794 0.15332650563638414 0.224438649069208 0.15440326156982273 0.32604607227356613 0.42040073467167016 0.42040073483646384 0.1533265058956612 0.3032156251017323 0.15332650636826978 0.3697620094558944
14 0.24690129039098746 0.3326259331186584 0.24493497247690849 0.18512439761979158 0.2302828057166801 0.14370625237741463 0.2650505337893109 0.24493497251256602 0.5493596287699326 0.24493497309629847 0.1338042749455931 0.21547067945402187 0.38786985724639056 0.7911490653482376 0.2830501139074187 0.28305011403306374 0.13380427504350248 0.27385926991262266 0.13380427527982347 0.23809233955825537
69 0.21537625150905493 0.23608387997017766 0.41756198592740645 0.21667521317640048 0.33770299679754956 0.344864927723618 0.14079109279818436 0.4175619859097197 0.2111899337608305 0.4175619859942121 0.30798819230888475 0.17542991009936748 0.13159762082008492 0.2380923395582335 0.15162411518536656 0.15162411541158383 0.3079881922342348 0.22047171844721536 0.3079881926752188 0.7392682752229192
21 0.20483378646178496 0.17600805344613404 0.43836745561955953 0.811911280348128 0.24107386308747344 0.08164903499844821 0.23682309153635603 0.43836745581650766 0.21262412110235418 0.43836745615735545 0.07208576768085827 0.3111894634927416 0.2025273226149607 0.1851243976197766 0.3560037887123883 0.3560037888966271 0.07208576768737184 0.19273571187569064 0.07208576807635206 0.21667521317640587
67 0.24281394424246555 0.2738442020553324 0.5196409121324725 0.4383674558768434 0.2574527550783549 0.11793892323663523 0.23652147916598207 0.5196409122463271 0.2432290996957528 0.5196409126809869 0.11384969838913614 0.2527969845907641 0.1723094550005402 0.24493497274681592 0.3439477059289777 0.3439477059815215 0.11384969811573736 0.25510201698908314 0.11384969845555654 0.4175619858410039
36 0.46165409132264185 0.4396234914318553 0.2551020165498464 0.19273571187574914 0.36580407019860306 0.10603556583134877 0.42841942297339275 0.2551020169060221 0.3499321931347239 0.2551020171098052 0.12413872028169663 0.40531683886947595 0.37456447630697454 0.27385926991272863 0.3325901497067493 0.3325901498381965 0.12413872036019673 0.4631694795028232 0.12413872075380299 0.2204717184472486
