id,x_0,x_1,x_2,x_3,x_4,x_5,x_6,x_7,x_8,x_9
0.0,2.220446049250313e-16,0.3079702140067576,0.10837105325700153,2.220446049250313e-16,2.220446049250313e-16,2.220446049250313e-16,0.6271346934894199,2.220446049250313e-16,0.6244837603144333,0.09874201891986326
1.0,0.5965462713998192,2.220446049250313e-16,0.055397715739193554,0.5115573616046636,2.220446049250313e-16,2.220446049250313e-16,0.5334628133885329,2.220446049250313e-16,2.220446049250313e-16,0.10108788775572604
2.0,2.220446049250313e-16,0.3087349970511448,0.10050858886327307,2.220446049250313e-16,2.220446049250313e-16,2.220446049250313e-16,0.5570855883056499,2.220446049250313e-16,0.8149729758099474,2.220446049250313e-16
3.0,0.7809236814245187,2.220446049250313e-16,0.05438939090384513,0.6942564193206151,0.024051611114775707,2.220446049250313e-16,2.220446049250313e-16,2.220446049250313e-16,2.220446049250313e-16,2.220446049250313e-16
4.0,2.220446049250313e-16,0.17752267991796017,2.220446049250313e-16,2.220446049250313e-16,0.9050629521888822,2.220446049250313e-16,0.463822617658532,0.4836883061583672,2.220446049250313e-16,2.220446049250313e-16
5.0,0.24536133839536176,2.220446049250313e-16,0.08335680809942966,0.8404156654933761,2.220446049250313e-16,2.220446049250313e-16,2.220446049250313e-16,2.220446049250313e-16,0.2548585883877669,2.220446049250313e-16
6.0,2.220446049250313e-16,0.3079702140067576,0.10837105325700153,2.220446049250313e-16,2.220446049250313e-16,2.220446049250313e-16,0.6271346934894199,2.220446049250313e-16,0.6244837603144333,0.09874201891986326
7.0,0.5965462713998192,2.220446049250313e-16,0.055397715739193554,0.5115573616046636,2.220446049250313e-16,2.220446049250313e-16,0.5334628133885329,2.220446049250313e-16,2.220446049250313e-16,0.10108788775572604
8.0,2.220446049250313e-16,0.3087349970511448,0.10050858886327307,2.220446049250313e-16,2.220446049250313e-16,2.220446049250313e-16,0.5570855883056499,2.220446049250313e-16,0.8149729758099474,2.220446049250313e-16
9.0,0.7809236814245187,2.220446049250313e-16,0.05438939090384513,0.6942564193206151,0.024051611114775707,2.220446049250313e-16,2.220446049250313e-16,2.220446049250313e-16,2.220446049250313e-16,2.220446049250313e-16
10.0,2.220446049250313e-16,0.17752267991796017,2.220446049250313e-16,2.220446049250313e-16,0.9050629521888822,2.220446049250313e-16,0.463822617658532,0.4836883061583672,2.220446049250313e-16,2.220446049250313e-16
11.0,0.24536133839536176,2.220446049250313e-16,0.08335680809942966,0.8404156654933761,2.220446049250313e-16,2.220446049250313e-16,2.220446049250313e-16,2.220446049250313e-16,0.2548585883877669,2.220446049250313e-16
12.0,2.220446049250313e-16,0.3079702140067576,0.10837105325700153,2.220446049250313e-16,2.220446049250313e-16,2.220446049250313e-16,0.6271346934894199,2.220446049250313e-16,0.6244837603144333,0.09874201891986326
13.0,0.5965462713998192,2.220446049250313e-16,0.055397715739193554,0.5115573616046636,2.220446049250313e-16,2.220446049250313e-16,0.5334628133885329,2.220446049250313e-16,2.220446049250313e-16,0.10108788775572604
14.0,2.220446049250313e-16,0.3087349970511448,0.10050858886327307,2.220446049250313e-16,2.220446049250313e-16,2.220446049250313e-16,0.5570855883056499,2.220446049250313e-16,0.8149729758099474,2.220446049250313e-16
15.0,0.7809236814245187,2.220446049250313e-16,0.05438939090384513,0.6942564193206151,0.024051611114775707,2.220446049250313e-16,2.220446049250313e-16,2.220446049250313e-16,2.220446049250313e-16,2.220446049250313e-16
16.0,2.220446049250313e-16,0.17752267991796017,2.220446049250313e-16,2.220446049250313e-16,0.9050629521888822,2.220446049250313e-16,0.463822617658532,0.4836883061583672,2.220446049250313e-16,2.220446049250313e-16
17.0,0.24536133839536176,2.220446049250313e-16,0.08335680809942966,0.8404156654933761,2.220446049250313e-16,2.220446049250313e-16,2.220446049250313e-16,2.220446049250313e-16,0.2548585883877669,2.220446049250313e-16
18.0,0.7694861167951293,0.26738214074109945,0.11737009421844713,6.938893903907228e-18,0.26380852216850514,0.34620338143869944,0.07069212325452531,2.220446049250313e-16,2.220446049250313e-16,0.15781568073159952
19.0,2.220446049250313e-16,0.568849416043373,0.40195633730953995,2.220446049250313e-16,0.10698661996005389,2.220446049250313e-16,2.220446049250313e-16,2.220446049250313e-16,0.6658165751803609,0.14854547334664972
20.0,2.220446049250313e-16,2.220446049250313e-16,2.220446049250313e-16,2.220446049250313e-16,2.220446049250313e-16,0.24441634737088547,0.4844892637102106,2.220446049250313e-16,2.220446049250313e-16,0.7269462981809096
21.0,2.220446049250313e-16,2.220446049250313e-16,2.220446049250313e-16,2.220446049250313e-16,2.220446049250313e-16,0.24441634737088547,0.4844892637102106,2.220446049250313e-16,2.220446049250313e-16,0.7269462981809096
22.0,2.220446049250313e-16,2.220446049250313e-16,2.220446049250313e-16,2.220446049250313e-16,2.220446049250313e-16,0.24441634737088547,0.4844892637102106,2.220446049250313e-16,2.220446049250313e-16,0.7269462981809096
23.0,0.5705442908376162,2.220446049250313e-16,0.5918028155477373,2.220446049250313e-16,2.220446049250313e-16,2.220446049250313e-16,0.13379912249699025,1.1102230246251565e-16,0.21132860156248792,0.26535561383636025
24.0,2.220446049250313e-16,2.220446049250313e-16,0.37457686148163033,2.220446049250313e-16,2.220446049250313e-16,2.220446049250313e-16,2.220446049250313e-16,2.220446049250313e-16,0.4090297410198441,0.5770420310773702
25.0,0.33439821441675827,2.220446049250313e-16,0.3183407380681325,2.220446049250313e-16,2.220446049250313e-16,2.220446049250313e-16,2.220446049250313e-16,2.220446049250313e-16,0.6042643805914122,0.302804234129709
26.0,2.220446049250313e-16,0.035825403531838065,0.3926268290694581,2.220446049250313e-16,2.220446049250313e-16,2.220446049250313e-16,2.220446049250313e-16,0.4914654137039415,0.23121861955016781,0.5770420310773702
27.0,2.220446049250313e-16,0.035825403531838065,0.3926268290694581,2.220446049250313e-16,2.220446049250313e-16,2.220446049250313e-16,2.220446049250313e-16,0.4914654137039415,0.23121861955016781,0.5770420310773702
28.0,2.220446049250313e-16,0.18654822224009035,2.220446049250313e-16,0.5237372987857272,0.5789695941622458,2.220446049250313e-16,2.220446049250313e-16,2.220446049250313e-16,0.2577299723270375,2.220446049250313e-16
29.0,0.15212404546572428,0.17417837458892926,2.220446049250313e-16,2.220446049250313e-16,0.9449355462936528,2.220446049250313e-16,2.220446049250313e-16,0.48387185959617784,2.220446049250313e-16,2.220446049250313e-16
30.0,0.15212404546572428,0.17417837458892926,2.220446049250313e-16,2.220446049250313e-16,0.9449355462936528,2.220446049250313e-16,2.220446049250313e-16,0.48387185959617784,2.220446049250313e-16,2.220446049250313e-16
31.0,2.220446049250313e-16,2.220446049250313e-16,2.220446049250313e-16,0.8404156654933761,2.220446049250313e-16,2.220446049250313e-16,2.220446049250313e-16,2.220446049250313e-16,0.45102745157231566,2.220446049250313e-16
32.0,2.220446049250313e-16,2.220446049250313e-16,2.220446049250313e-16,0.8404156654933761,2.220446049250313e-16,2.220446049250313e-16,2.220446049250313e-16,2.220446049250313e-16,0.45102745157231566,2.220446049250313e-16
33.0,0.7694861167951293,0.26738214074109945,0.11737009421844713,6.938893903907228e-18,0.26380852216850514,0.34620338143869944,0.07069212325452531,2.220446049250313e-16,2.220446049250313e-16,0.15781568073159952
34.0,2.220446049250313e-16,0.568849416043373,0.40195633730953995,2.220446049250313e-16,0.10698661996005389,2.220446049250313e-16,2.220446049250313e-16,2.220446049250313e-16,0.6658165751803609,0.14854547334664972
35.0,2.220446049250313e-16,2.220446049250313e-16,2.220446049250313e-16,2.220446049250313e-16,2.220446049250313e-16,0.24441634737088547,0.4844892637102106,2.220446049250313e-16,2.220446049250313e-16,0.7269462981809096
36.0,2.220446049250313e-16,2.220446049250313e-16,2.220446049250313e-16,2.220446049250313e-16,2.220446049250313e-16,0.24441634737088547,0.4844892637102106,2.220446049250313e-16,2.220446049250313e-16,0.7269462981809096
37.0,2.220446049250313e-16,2.220446049250313e-16,2.220446049250313e-16,2.220446049250313e-16,2.220446049250313e-16,0.24441634737088547,0.4844892637102106,2.220446049250313e-16,2.220446049250313e-16,0.7269462981809096
38.0,0.5705442908376162,2.220446049250313e-16,0.5918028155477373,2.220446049250313e-16,2.220446049250313e-16,2.220446049250313e-16,0.13379912249699025,1.1102230246251565e-16,0.21132860156248792,0.26535561383636025
39.0,2.220446049250313e-16,2.220446049250313e-16,0.37457686148163033,2.220446049250313e-16,2.220446049250313e-16,2.220446049250313e-16,2.220446049250313e-16,2.220446049250313e-16,0.4090297410198441,0.5770420310773702
40.0,0.33439821441675827,2.220446049250313e-16,0.3183407380681325,2.220446049250313e-16,2.220446049250313e-16,2.220446049250313e-16,2.220446049250313e-16,2.220446049250313e-16,0.6042643805914122,0.302804234129709
41.0,2.220446049250313e-16,0.035825403531838065,0.3926268290694581,2.220446049250313e-16,2.220446049250313e-16,2.220446049250313e-16,2.220446049250313e-16,0.4914654137039415,0.23121861955016781,0.5770420310773702
42.0,2.220446049250313e-16,0.035825403531838065,0.3926268290694581,2.220446049250313e-16,2.220446049250313e-16,2.220446049250313e-16,2.220446049250313e-16,0.4914654137039415,0.23121861955016781,0.5770420310773702
43.0,2.220446049250313e-16,0.18654822224009035,2.220446049250313e-16,0.5237372987857272,0.5789695941622458,2.220446049250313e-16,2.220446049250313e-16,2.220446049250313e-16,0.2577299723270375,2.220446049250313e-16
44.0,0.15212404546572428,0.17417837458892926,2.220446049250313e-16,2.220446049250313e-16,0.9449355462936528,2.220446049250313e-16,2.220446049250313e-16,0.48387185959617784,2.220446049250313e-16,2.220446049250313e-16
45.0,0.15212404546572428,0.17417837458892926,2.220446049250313e-16,2.220446049250313e-16,0.9449355462936528,2.220446049250313e-16,2.220446049250313e-16,0.48387185959617784,2.220446049250313e-16,2.220446049250313e-16
46.0,2.220446049250313e-16,2.220446049250313e-16,2.220446049250313e-16,0.8404156654933761,2.220446049250313e-16,2.220446049250313e-16,2.220446049250313e-16,2.220446049250313e-16,0.45102745157231566,2.220446049250313e-16
47.0,2.220446049250313e-16,2.220446049250313e-16,2.220446049250313e-16,0.8404156654933761,2.220446049250313e-16,2.220446049250313e-16,2.220446049250313e-16,2.220446049250313e-16,0.45102745157231566,2.220446049250313e-16
48.0,0.7694861167951283,0.26738214074109934,0.1173700942184478,2.220446049250313e-16,0.2638085221685056,0.3462033814386993,0.07069212325452492,2.220446049250313e-16,2.220446049250313e-16,0.1578156807315994
49.0,2.220446049250313e-16,0.568849416043373,0.40195633730953995,2.220446049250313e-16,0.10698661996005389,2.220446049250313e-16,2.220446049250313e-16,2.220446049250313e-16,0.6658165751803609,0.14854547334664972
50.0,2.220446049250313e-16,2.220446049250313e-16,2.220446049250313e-16,2.220446049250313e-16,2.220446049250313e-16,0.24441634737088547,0.4844892637102106,2.220446049250313e-16,2.220446049250313e-16,0.7269462981809096
51.0,2.220446049250313e-16,2.220446049250313e-16,2.220446049250313e-16,2.220446049250313e-16,2.220446049250313e-16,0.24441634737088547,0.4844892637102106,2.220446049250313e-16,2.220446049250313e-16,0.7269462981809096
52.0,2.220446049250313e-16,2.220446049250313e-16,2.220446049250313e-16,2.220446049250313e-16,2.220446049250313e-16,0.24441634737088547,0.4844892637102106,2.220446049250313e-16,2.220446049250313e-16,0.7269462981809096
53.0,0.5705442908376162,2.220446049250313e-16,0.5918028155477373,2.220446049250313e-16,2.220446049250313e-16,2.220446049250313e-16,0.13379912249699025,1.1102230246251565e-16,0.21132860156248792,0.26535561383636025
54.0,2.220446049250313e-16,2.220446049250313e-16,0.37457686148163033,2.220446049250313e-16,2.220446049250313e-16,2.220446049250313e-16,2.220446049250313e-16,2.220446049250313e-16,0.4090297410198441,0.5770420310773702
55.0,0.33439821441675827,2.220446049250313e-16,0.3183407380681325,2.220446049250313e-16,2.220446049250313e-16,2.220446049250313e-16,2.220446049250313e-16,2.220446049250313e-16,0.6042643805914122,0.302804234129709
56.0,2.220446049250313e-16,0.035825403531838065,0.3926268290694581,2.220446049250313e-16,2.220446049250313e-16,2.220446049250313e-16,2.220446049250313e-16,0.4914654137039415,0.23121861955016781,0.5770420310773702
57.0,2.220446049250313e-16,0.035825403531838065,0.3926268290694581,2.220446049250313e-16,2.220446049250313e-16,2.220446049250313e-16,2.220446049250313e-16,0.4914654137039415,0.23121861955016781,0.5770420310773702
58.0,2.220446049250313e-16,0.18654822224009035,2.220446049250313e-16,0.5237372987857272,0.5789695941622458,2.220446049250313e-16,2.220446049250313e-16,2.220446049250313e-16,0.2577299723270375,2.220446049250313e-16
59.0,0.15212404546572428,0.17417837458892926,2.220446049250313e-16,2.220446049250313e-16,0.9449355462936528,2.220446049250313e-16,2.220446049250313e-16,0.48387185959617784,2.220446049250313e-16,2.220446049250313e-16
60.0,0.15212404546572428,0.17417837458892926,2.220446049250313e-16,2.220446049250313e-16,0.9449355462936528,2.220446049250313e-16,2.220446049250313e-16,0.48387185959617784,2.220446049250313e-16,2.220446049250313e-16
61.0,2.220446049250313e-16,2.220446049250313e-16,2.220446049250313e-16,0.8404156654933761,2.220446049250313e-16,2.220446049250313e-16,2.220446049250313e-16,2.220446049250313e-16,0.45102745157231566,2.220446049250313e-16
62.0,2.220446049250313e-16,2.220446049250313e-16,2.220446049250313e-16,0.8404156654933761,2.220446049250313e-16,2.220446049250313e-16,2.220446049250313e-16,2.220446049250313e-16,0.45102745157231566,2.220446049250313e-16
