id,x_0,x_1,x_2,x_3,x_4,x_5,x_6,x_7,x_8,x_9
0.0,0.003959742553847609,0.27819575612789005,0.13509361063933673,2.220446049250313e-16,0.024168747655273645,2.220446049250313e-16,2.220446049250313e-16,1.0243499372435978,2.220446049250313e-16,0.040809439238515016
1.0,2.220446049250313e-16,0.3515547343757372,0.3662222717566339,3.3306690738754696e-16,0.835641548675285,0.9991805984251598,0.9410390044705369,0.2537889326395465,2.220446049250313e-16,0.0056577267018183145
2.0,0.003959742553847609,0.27819575612789005,0.13509361063933673,2.220446049250313e-16,0.024168747655273645,2.220446049250313e-16,2.220446049250313e-16,1.0243499372435978,2.220446049250313e-16,0.040809439238515016
3.0,2.220446049250313e-16,0.7166646727716891,0.12153050379100427,2.220446049250313e-16,0.667726251533769,0.9991805984251605,1.2427054869463123,0.3006369040588709,2.220446049250313e-16,2.220446049250313e-16
4.0,2.220446049250313e-16,2.220446049250313e-16,2.220446049250313e-16,0.37558491001850214,0.5254377489169871,2.220446049250313e-16,2.220446049250313e-16,0.8268993431801204,2.220446049250313e-16,2.220446049250313e-16
5.0,2.220446049250313e-16,0.7166646727716891,0.12153050379100427,2.220446049250313e-16,0.667726251533769,0.9991805984251605,1.2427054869463123,0.3006369040588709,2.220446049250313e-16,2.220446049250313e-16
6.0,0.003959742553847609,0.27819575612789005,0.13509361063933673,2.220446049250313e-16,0.024168747655273645,2.220446049250313e-16,2.220446049250313e-16,1.0243499372435978,2.220446049250313e-16,0.040809439238515016
7.0,2.220446049250313e-16,0.3515547343757372,0.3662222717566339,3.3306690738754696e-16,0.835641548675285,0.9991805984251598,0.9410390044705369,0.2537889326395465,2.220446049250313e-16,0.0056577267018183145
8.0,0.003959742553847609,0.27819575612789005,0.13509361063933673,2.220446049250313e-16,0.024168747655273645,2.220446049250313e-16,2.220446049250313e-16,1.0243499372435978,2.220446049250313e-16,0.040809439238515016
9.0,2.220446049250313e-16,0.7166646727716891,0.12153050379100427,2.220446049250313e-16,0.667726251533769,0.9991805984251605,1.2427054869463123,0.3006369040588709,2.220446049250313e-16,2.220446049250313e-16
10.0,2.220446049250313e-16,2.220446049250313e-16,2.220446049250313e-16,0.37558491001850214,0.5254377489169871,2.220446049250313e-16,2.220446049250313e-16,0.8268993431801204,2.220446049250313e-16,2.220446049250313e-16
11.0,2.220446049250313e-16,0.7166646727716891,0.12153050379100427,2.220446049250313e-16,0.667726251533769,0.9991805984251605,1.2427054869463123,0.3006369040588709,2.220446049250313e-16,2.220446049250313e-16
12.0,0.003959742553847609,0.27819575612789005,0.13509361063933673,2.220446049250313e-16,0.024168747655273645,2.220446049250313e-16,2.220446049250313e-16,1.0243499372435978,2.220446049250313e-16,0.040809439238515016
13.0,2.220446049250313e-16,0.3515547343757372,0.3662222717566339,2.220446049250313e-16,0.835641548675285,0.9991805984251597,0.9410390044705368,0.2537889326395465,2.220446049250313e-16,0.0056577267018182035
14.0,0.003959742553847609,0.27819575612789005,0.13509361063933673,2.220446049250313e-16,0.024168747655273645,2.220446049250313e-16,2.220446049250313e-16,1.0243499372435978,2.220446049250313e-16,0.040809439238515016
15.0,2.220446049250313e-16,0.7166646727716891,0.12153050379100427,2.220446049250313e-16,0.667726251533769,0.9991805984251605,1.2427054869463123,0.3006369040588709,2.220446049250313e-16,2.220446049250313e-16
16.0,2.220446049250313e-16,2.220446049250313e-16,2.220446049250313e-16,0.37558491001850214,0.5254377489169871,2.220446049250313e-16,2.220446049250313e-16,0.8268993431801204,2.220446049250313e-16,2.220446049250313e-16
17.0,2.220446049250313e-16,0.7166646727716891,0.12153050379100427,2.220446049250313e-16,0.667726251533769,0.9991805984251605,1.2427054869463123,0.3006369040588709,2.220446049250313e-16,2.220446049250313e-16
18.0,2.220446049250313e-16,2.220446049250313e-16,2.220446049250313e-16,2.220446049250313e-16,0.267893757522883,2.220446049250313e-16,1.1015270304907463,0.21873746028675342,2.220446049250313e-16,0.8910916163543109
19.0,0.0008943811150450607,2.220446049250313e-16,1.0265654852899369,2.220446049250313e-16,0.29886327681582026,2.220446049250313e-16,0.013534523822391993,0.6894833976245003,2.220446049250313e-16,0.38303604295107613
20.0,0.8078661520536027,2.220446049250313e-16,2.220446049250313e-16,0.8101903058970547,2.220446049250313e-16,2.220446049250313e-16,2.220446049250313e-16,2.220446049250313e-16,0.5725244352515741,2.220446049250313e-16
21.0,0.8078661520536027,2.220446049250313e-16,2.220446049250313e-16,0.8101903058970547,2.220446049250313e-16,2.220446049250313e-16,2.220446049250313e-16,2.220446049250313e-16,0.5725244352515741,2.220446049250313e-16
22.0,0.8078661520536027,2.220446049250313e-16,2.220446049250313e-16,0.8101903058970547,2.220446049250313e-16,2.220446049250313e-16,2.220446049250313e-16,2.220446049250313e-16,0.5725244352515741,2.220446049250313e-16
23.0,2.220446049250313e-16,2.220446049250313e-16,2.220446049250313e-16,2.220446049250313e-16,0.267893757522883,2.220446049250313e-16,1.1015270304907463,0.21873746028675342,2.220446049250313e-16,0.8910916163543109
24.0,0.0008943811150450607,2.220446049250313e-16,1.0265654852899369,2.220446049250313e-16,0.29886327681582026,2.220446049250313e-16,0.013534523822391993,0.6894833976245003,2.220446049250313e-16,0.38303604295107613
25.0,0.8078661520536027,2.220446049250313e-16,2.220446049250313e-16,0.8101903058970547,2.220446049250313e-16,2.220446049250313e-16,2.220446049250313e-16,2.220446049250313e-16,0.5725244352515741,2.220446049250313e-16
26.0,0.8078661520536027,2.220446049250313e-16,2.220446049250313e-16,0.8101903058970547,2.220446049250313e-16,2.220446049250313e-16,2.220446049250313e-16,2.220446049250313e-16,0.5725244352515741,2.220446049250313e-16
27.0,0.8078661520536027,2.220446049250313e-16,2.220446049250313e-16,0.8101903058970547,2.220446049250313e-16,2.220446049250313e-16,2.220446049250313e-16,2.220446049250313e-16,0.5725244352515741,2.220446049250313e-16
28.0,2.220446049250313e-16,0.727585057352164,0.8542694083646016,0.37558491001850225,0.7909309689819851,2.220446049250313e-16,0.08095376198533946,0.02121750739947107,0.23154226765308536,0.30435032495626396
29.0,2.220446049250313e-16,2.220446049250313e-16,0.6948906894948711,2.220446049250313e-16,2.220446049250313e-16,6.106226635438361e-16,0.10128747348527162,0.025000230038943243,0.4106257402910184,1.2469047787289234
30.0,0.00368092205499704,2.220446049250313e-16,0.14797767341571644,2.220446049250313e-16,0.9303314445573415,2.220446049250313e-16,0.16453301097873588,2.220446049250313e-16,0.8040667029046595,0.6488199938629187
31.0,0.8116931304663405,2.220446049250313e-16,0.13214407652407073,2.220446049250313e-16,2.220446049250313e-16,2.220446049250313e-16,2.220446049250313e-16,2.220446049250313e-16,0.572524435251574,0.40716119397239336
32.0,0.8116931304663405,2.220446049250313e-16,0.13214407652407073,2.220446049250313e-16,2.220446049250313e-16,2.220446049250313e-16,2.220446049250313e-16,2.220446049250313e-16,0.572524435251574,0.40716119397239336
33.0,2.220446049250313e-16,2.220446049250313e-16,2.220446049250313e-16,2.220446049250313e-16,0.267893757522883,2.220446049250313e-16,1.1015270304907463,0.21873746028675342,2.220446049250313e-16,0.8910916163543109
34.0,0.0008943811150450607,2.220446049250313e-16,1.0265654852899369,2.220446049250313e-16,0.29886327681582026,2.220446049250313e-16,0.013534523822391993,0.6894833976245003,2.220446049250313e-16,0.38303604295107613
35.0,0.8078661520536027,2.220446049250313e-16,2.220446049250313e-16,0.8101903058970547,2.220446049250313e-16,2.220446049250313e-16,2.220446049250313e-16,2.220446049250313e-16,0.5725244352515741,2.220446049250313e-16
36.0,0.8078661520536027,2.220446049250313e-16,2.220446049250313e-16,0.8101903058970547,2.220446049250313e-16,2.220446049250313e-16,2.220446049250313e-16,2.220446049250313e-16,0.5725244352515741,2.220446049250313e-16
37.0,0.8078661520536027,2.220446049250313e-16,2.220446049250313e-16,0.8101903058970547,2.220446049250313e-16,2.220446049250313e-16,2.220446049250313e-16,2.220446049250313e-16,0.5725244352515741,2.220446049250313e-16
38.0,2.220446049250313e-16,2.220446049250313e-16,2.220446049250313e-16,2.220446049250313e-16,0.267893757522883,2.220446049250313e-16,1.1015270304907463,0.21873746028675342,2.220446049250313e-16,0.8910916163543109
39.0,0.0008943811150450607,2.220446049250313e-16,1.0265654852899369,2.220446049250313e-16,0.29886327681582026,2.220446049250313e-16,0.013534523822391993,0.6894833976245003,2.220446049250313e-16,0.38303604295107613
40.0,0.8078661520536027,2.220446049250313e-16,2.220446049250313e-16,0.8101903058970547,2.220446049250313e-16,2.220446049250313e-16,2.220446049250313e-16,2.220446049250313e-16,0.5725244352515741,2.220446049250313e-16
41.0,0.8078661520536027,2.220446049250313e-16,2.220446049250313e-16,0.8101903058970547,2.220446049250313e-16,2.220446049250313e-16,2.220446049250313e-16,2.220446049250313e-16,0.5725244352515741,2.220446049250313e-16
42.0,0.8078661520536027,2.220446049250313e-16,2.220446049250313e-16,0.8101903058970547,2.220446049250313e-16,2.220446049250313e-16,2.220446049250313e-16,2.220446049250313e-16,0.5725244352515741,2.220446049250313e-16
43.0,2.220446049250313e-16,0.727585057352164,0.8542694083646016,0.37558491001850225,0.7909309689819851,2.220446049250313e-16,0.08095376198533946,0.02121750739947107,0.23154226765308536,0.30435032495626396
44.0,2.220446049250313e-16,2.220446049250313e-16,0.6948906894948711,2.220446049250313e-16,2.220446049250313e-16,6.106226635438361e-16,0.10128747348527162,0.025000230038943243,0.4106257402910184,1.2469047787289234
45.0,0.00368092205499704,2.220446049250313e-16,0.14797767341571644,2.220446049250313e-16,0.9303314445573415,2.220446049250313e-16,0.16453301097873588,2.220446049250313e-16,0.8040667029046595,0.6488199938629187
46.0,0.8116931304663405,2.220446049250313e-16,0.13214407652407073,2.220446049250313e-16,2.220446049250313e-16,2.220446049250313e-16,2.220446049250313e-16,2.220446049250313e-16,0.572524435251574,0.40716119397239336
47.0,0.8116931304663405,2.220446049250313e-16,0.13214407652407073,2.220446049250313e-16,2.220446049250313e-16,2.220446049250313e-16,2.220446049250313e-16,2.220446049250313e-16,0.572524435251574,0.40716119397239336
48.0,2.220446049250313e-16,2.220446049250313e-16,2.220446049250313e-16,2.220446049250313e-16,0.267893757522883,2.220446049250313e-16,1.1015270304907463,0.21873746028675342,2.220446049250313e-16,0.8910916163543109
49.0,0.0008943811150450607,2.220446049250313e-16,1.0265654852899369,2.220446049250313e-16,0.29886327681582026,2.220446049250313e-16,0.013534523822391993,0.6894833976245003,2.220446049250313e-16,0.38303604295107613
50.0,0.8078661520536027,2.220446049250313e-16,2.220446049250313e-16,0.8101903058970547,2.220446049250313e-16,2.220446049250313e-16,2.220446049250313e-16,2.220446049250313e-16,0.5725244352515741,2.220446049250313e-16
51.0,0.8078661520536027,2.220446049250313e-16,2.220446049250313e-16,0.8101903058970547,2.220446049250313e-16,2.220446049250313e-16,2.220446049250313e-16,2.220446049250313e-16,0.5725244352515741,2.220446049250313e-16
52.0,0.8078661520536027,2.220446049250313e-16,2.220446049250313e-16,0.8101903058970547,2.220446049250313e-16,2.220446049250313e-16,2.220446049250313e-16,2.220446049250313e-16,0.5725244352515741,2.220446049250313e-16
53.0,2.220446049250313e-16,2.220446049250313e-16,2.220446049250313e-16,2.220446049250313e-16,0.267893757522883,2.220446049250313e-16,1.1015270304907463,0.21873746028675342,2.220446049250313e-16,0.8910916163543109
54.0,0.0008943811150450607,2.220446049250313e-16,1.0265654852899369,2.220446049250313e-16,0.29886327681582026,2.220446049250313e-16,0.013534523822391993,0.6894833976245003,2.220446049250313e-16,0.38303604295107613
55.0,0.8078661520536027,2.220446049250313e-16,2.220446049250313e-16,0.8101903058970547,2.220446049250313e-16,2.220446049250313e-16,2.220446049250313e-16,2.220446049250313e-16,0.5725244352515741,2.220446049250313e-16
56.0,0.8078661520536027,2.220446049250313e-16,2.220446049250313e-16,0.8101903058970547,2.220446049250313e-16,2.220446049250313e-16,2.220446049250313e-16,2.220446049250313e-16,0.5725244352515741,2.220446049250313e-16
57.0,0.8078661520536027,2.220446049250313e-16,2.220446049250313e-16,0.8101903058970547,2.220446049250313e-16,2.220446049250313e-16,2.220446049250313e-16,2.220446049250313e-16,0.5725244352515741,2.220446049250313e-16
58.0,2.220446049250313e-16,0.727585057352164,0.8542694083646019,0.37558491001850225,0.790930968981985,2.220446049250313e-16,0.08095376198533948,0.021217507399471043,0.23154226765308536,0.3043503249562641
59.0,2.220446049250313e-16,2.220446049250313e-16,0.6948906894948711,2.220446049250313e-16,2.220446049250313e-16,6.106226635438361e-16,0.10128747348527162,0.025000230038943243,0.4106257402910184,1.2469047787289234
60.0,0.00368092205499704,2.220446049250313e-16,0.14797767341571644,2.220446049250313e-16,0.9303314445573415,2.220446049250313e-16,0.16453301097873588,2.220446049250313e-16,0.8040667029046595,0.6488199938629187
61.0,0.8116931304663405,2.220446049250313e-16,0.13214407652407073,2.220446049250313e-16,2.220446049250313e-16,2.220446049250313e-16,2.220446049250313e-16,2.220446049250313e-16,0.572524435251574,0.40716119397239336
62.0,0.8116931304663405,2.220446049250313e-16,0.13214407652407073,2.220446049250313e-16,2.220446049250313e-16,2.220446049250313e-16,2.220446049250313e-16,2.220446049250313e-16,0.572524435251574,0.40716119397239336
