43 0.25774469335367817 0.19720329675303408 0.27200999570788054 0.29285523267028946 0.315434157368097 0.31543415733960867 0.10341631897621475 0.4527874135500441 0.1972032967203971 0.1034163189607223 0.10341631898668312 0.4313324193675795 0.3874617322610075 0.43345391435151626 0.38746173197268863 0.10341631862325677 0.262225585074863 0.4240478811026189 0.41829629618313713 0.38746173209487506
59 0.8679060135533735 0.2721949869602696 0.32151403160724706 0.4281606224594576 0.26923753266507294 0.26923753232976605 0.1913768733143419 0.15902061317011604 0.2721949872965773 0.19137687327597983 0.19137687319590618 0.23673690705923878 0.21712388190944976 0.1675678880707486 0.21712388188076942 0.19137687299076556 0.2641811951797067 0.2910680940686961 0.33917018574170743 0.2171238819857654
34 0.2641811951797674 0.5346774298680919 0.43281365701842683 0.16847235837312785 0.3741385902090983 0.374138589908326 0.027085702411157583 0.2933705539795393 0.5346774300643661 0.027085702529433226 0.0270857023733103 0.31809908977763734 0.13286224881356734 0.3361131356114134 0.1328622486327502 0.02708570225986733 0.5652003668888257 0.3085290176763206 0.30334763373578033 0.1328622485304063
36 0.1913768731790019 0.028973430015112513 0.08369483309306303 0.30452200347032493 0.07394617018800993 0.07394616999315826 0.6351887166068643 0.021517233050407345 0.028973430080469192 0.63518871639182 0.6351887165321379 0.0791565181007727 0.2558592882245095 0.01780907505322463 0.2558592879365091 0.6351887162536249 0.027085702402514896 0.08767476524704299 0.15907315472725 0.25585928818516196
12 0.26923753247947957 0.29443521897943176 0.4383467060293589 0.21772001684805728 0.46752371259716724 0.4675237123371385 0.07394617003797258 0.35285080455853995 0.2944352191214158 0.07394617020540052 0.0739461698734353 0.4359767698115576 0.2873976346850866 0.38921974987747415 0.28739763462004203 0.07394617007122788 0.3741385900915295 0.391606442271514 0.21988448651997458 0.2873976343991625
25 0.321514031607319 0.4114913896395634 0.5302310500793612 0.25672485367321995 0.43834670614309795 0.43834670585717306 0.08369483305957777 0.2594897379059484 0.4114913896709874 0.08369483321809963 0.08369483301678395 0.3672220323837872 0.2099674633035036 0.288091080271192 0.20996746313709033 0.08369483299687609 0.43281365701841806 0.3347866606835564 0.28593464444348304 0.2099674631561973
14 0.23673690705958808 0.23028199099202123 0.36722203238377216 0.1908781724736195 0.4359767700004886 0.4359767696651347 0.07915651813064128 0.42906590163585057 0.2302819916198052 0.07915651823539298 0.07915651802539016 0.45152853171452484 0.34404322261455195 0.44011091071173125 0.3440432224068748 0.07915651782375493 0.31809908977777546 0.397692775790907 0.2554957425911705 0.34404322259332115
47 0.42816062245947195 0.2193062079991487 0.25672485367319653 0.8196232098989469 0.21772001701146856 0.21772001678195627 0.30452200357869474 0.10178777452840367 0.21930620824986907 0.30452200377630456 0.3045220034515494 0.19087817247350555 0.2544657852629161 0.10277823325556379 0.2544657851361629 0.3045220032655226 0.1684723583731071 0.3378901238850726 0.3505564334663456 0.25446578531964636
3 0.2171238819878098 0.10681474478769815 0.2099674631627777 0.25446578524753827 0.287397634694571 0.28739763450766986 0.2558592881578079 0.3167308670601102 0.10681474520970369 0.25585928837244865 0.25585928827058524 0.3440432225560599 0.5457913770806044 0.2902743945161297 0.5457913769641891 0.25585928797954693 0.13286224864305374 0.32330927097605033 0.2745163340652444 0.5457913771097083
10 0.18096150012102233 0.27563954893489784 0.32110607351866344 0.10707286912014775 0.4189879736612595 0.41898797337404076 0.01552705652212922 0.528293816126133 0.2756395495258885 0.015527056733827196 0.015527056550583184 0.4417839588894263 0.2586661580040097 0.5620034109697584 0.2586661580553092 0.015527056403173376 0.3866310561046299 0.39134300780724274 0.23491679802817503 0.25866615791593334
58 0.2910680940686865 0.23815176017756012 0.3347866606835087 0.33789012388506484 0.3916064424016365 0.39160644211453016 0.08767476525357606 0.3636649870654666 0.23815176045597958 0.08767476547166647 0.08767476517616203 0.39769277579073625 0.3233092710941338 0.381217759320403 0.32330927104827817 0.08767476518953905 0.30852901767628793 0.5564718508249518 0.28975826699337315 0.3233092710010603
49 0.2721949871919356 0.6801861309052532 0.4114913896987311 0.21930620810597534 0.29443521919735366 0.2944352189528051 0.028973429976462586 0.21811799152268546 0.6801861312586409 0.028973430130322383 0.028973429928988242 0.2302819913450776 0.10681474504433132 0.24071541682214204 0.1068147451724205 0.028973429981893232 0.534677429895584 0.23815176030320115 0.266585036845865 0.10681474492627831
61 1.1332648770586708 0.1733784052453669 0.19161475924500132 0.258332922236484 0.15785424768555606 0.15785424691310182 0.19571849377557438 0.15061275917357614 0.17337840629167145 0.1957184938835853 0.19571849371992617 0.00820538449404111 0.1620910107249614 0.06671517907756327 0.16209101064782977 0.19571849366596572 0.05210150403526864 0.019746843555907296 -0.09485475172290389 0.16209101086375796
53 0.23673690705958808 0.23028199099202123 0.36722203238377216 0.1908781724736195 0.4359767700004886 0.4359767696651347 0.07915651813064128 0.42906590163585057 0.2302819916198052 0.07915651823539298 0.07915651802539016 0.45152853171452484 0.34404322261455195 0.44011091071173125 0.3440432224068748 0.07915651782375493 0.31809908977777546 0.397692775790907 0.2554957425911705 0.34404322259332115
28 0.13051233202843424 0.23070021651675768 0.1994147161403702 0.11432619978050429 0.33091189466943716 0.3309118944840321 -0.01819857486463634 0.685133339841612 0.23070021722992134 -0.01819857466994679 -0.018198574945011477 0.4312077565912137 0.2719759774818372 0.6563264072940911 0.27197597739356855 -0.01819857500805355 0.27399137337435653 0.3879393914741029 0.26267752684109436 0.27197597733065304
45 0.40759544802280917 0.43084683594821366 0.40256044484129216 0.5396170311900347 0.28395162056250395 0.2839516205881063 0.11336491230434478 0.1475003920685768 0.4308468358508518 0.11336491249972391 0.11336491228572743 0.28976175388702025 0.19278910459165846 0.21020237153183544 0.19278910448733214 0.1133649121945921 0.38767132257760306 0.39542797051370543 0.4736762081095975 0.19278910457361834
37 0.1913768731790019 0.028973430015112513 0.08369483309306303 0.30452200347032493 0.07394617018800993 0.07394616999315826 0.6351887166068643 0.021517233050407345 0.028973430080469192 0.63518871639182 0.6351887165321379 0.0791565181007727 0.2558592882245095 0.01780907505322463 0.2558592879365091 0.6351887162536249 0.027085702402514896 0.08767476524704299 0.15907315472725 0.25585928818516196
4 0.26884865039116834 0.20546390266141118 0.2979939362439278 0.23361016897333925 0.28202338570403396 0.2820233856698559 0.1297806639116255 0.4589450077719895 0.20546390250552718 0.12978066402643096 0.12978066380998654 0.3735596274393635 0.3613217614893929 0.38730290918977633 0.36132176133583455 0.1297806636275087 0.2807065944888723 0.34151624308373096 0.6213565910048086 0.3613217613596964
2 0.16756788807074094 0.24071541656150544 0.2880910802711566 0.10277823325554983 0.38921975006734244 0.38921974975917467 0.017809075033766678 0.5841538049117361 0.24071541709522382 0.017809075219318633 0.01780907503609104 0.44011091071159403 0.29027439453551057 0.5801659174569272 0.2902743946454057 0.017809074989611512 0.3361131356114222 0.381217759320426 0.2749876319772903 0.2902743945530661
57 0.1913768731790019 0.028973430015112513 0.08369483309306303 0.30452200347032493 0.07394617018800993 0.07394616999315826 0.6351887166068643 0.021517233050407345 0.028973430080469192 0.63518871639182 0.6351887165321379 0.0791565181007727 0.2558592882245095 0.01780907505322463 0.2558592879365091 0.6351887162536249 0.027085702402514896 0.08767476524704299 0.15907315472725 0.25585928818516196
62 1.1332648770586708 0.1733784052453669 0.19161475924500132 0.258332922236484 0.15785424768555606 0.15785424691310182 0.19571849377557438 0.15061275917357614 0.17337840629167145 0.1957184938835853 0.19571849371992617 0.00820538449404111 0.1620910107249614 0.06671517907756327 0.16209101064782977 0.19571849366596572 0.05210150403526864 0.019746843555907296 -0.09485475172290389 0.16209101086375796
54 0.2171238819878098 0.10681474478769815 0.2099674631627777 0.25446578524753827 0.287397634694571 0.28739763450766986 0.2558592881578079 0.3167308670601102 0.10681474520970369 0.25585928837244865 0.25585928827058524 0.3440432225560599 0.5457913770806044 0.2902743945161297 0.5457913769641891 0.25585928797954693 0.13286224864305374 0.32330927097605033 0.2745163340652444 0.5457913771097083
8 0.26923753247947957 0.29443521897943176 0.4383467060293589 0.21772001684805728 0.46752371259716724 0.4675237123371385 0.07394617003797258 0.35285080455853995 0.2944352191214158 0.07394617020540052 0.0739461698734353 0.4359767698115576 0.2873976346850866 0.38921974987747415 0.28739763462004203 0.07394617007122788 0.3741385900915295 0.391606442271514 0.21988448651997458 0.2873976343991625
31 0.42816062245947195 0.2193062079991487 0.25672485367319653 0.8196232098989469 0.21772001701146856 0.21772001678195627 0.30452200357869474 0.10178777452840367 0.21930620824986907 0.30452200377630456 0.3045220034515494 0.19087817247350555 0.2544657852629161 0.10277823325556379 0.2544657851361629 0.3045220032655226 0.1684723583731071 0.3378901238850726 0.3505564334663456 0.25446578531964636
40 0.3455191814299528 0.5839871507618664 0.5782091399632671 0.3064281837150311 0.34969380074786066 0.34969380049875104 0.08635908548073118 0.17860199644172048 0.5839871504389087 0.08635908567122308 0.08635908540610895 0.24473585891149632 0.1456132097640486 0.19312772414386142 0.14561320954167264 0.08635908532188839 0.4188217948690797 0.23223876221625708 0.27106195116739057 0.1456132094778466
23 0.2726071947830329 0.11664181369856563 0.2757399826336216 0.2967928296118504 0.3052861161940938 0.3052861159020017 0.283834851011089 0.2781954808399496 0.11664181373315495 0.28383485105982403 0.2838348510483876 0.35135109114179297 0.4795474218359247 0.23272796438969165 0.4795474216387155 0.28383485064865155 0.15656074263275851 0.3195114992128235 0.39028533014154426 0.47954742183993687
44 0.40759544802280917 0.43084683594821366 0.40256044484129216 0.5396170311900347 0.28395162056250395 0.2839516205881063 0.11336491230434478 0.1475003920685768 0.4308468358508518 0.11336491249972391 0.11336491228572743 0.28976175388702025 0.19278910459165846 0.21020237153183544 0.19278910448733214 0.1133649121945921 0.38767132257760306 0.39542797051370543 0.4736762081095975 0.19278910457361834
22 0.1913768731790019 0.028973430015112513 0.08369483309306303 0.30452200347032493 0.07394617018800993 0.07394616999315826 0.6351887166068643 0.021517233050407345 0.028973430080469192 0.63518871639182 0.6351887165321379 0.0791565181007727 0.2558592882245095 0.01780907505322463 0.2558592879365091 0.6351887162536249 0.027085702402514896 0.08767476524704299 0.15907315472725 0.25585928818516196
7 0.2171238819878098 0.10681474478769815 0.2099674631627777 0.25446578524753827 0.287397634694571 0.28739763450766986 0.2558592881578079 0.3167308670601102 0.10681474520970369 0.25585928837244865 0.25585928827058524 0.3440432225560599 0.5457913770806044 0.2902743945161297 0.5457913769641891 0.25585928797954693 0.13286224864305374 0.32330927097605033 0.2745163340652444 0.5457913771097083
1 0.1855030003969853 0.1111041516769641 0.16767777194525943 0.22153269234301606 0.2491450232094443 0.24914502297438298 0.2514450199566262 0.33798768532886636 0.11110415181320486 0.2514450201208168 0.2514450200295686 0.32312346872405834 0.5740398579224487 0.32777505578922406 0.5740398578704098 0.25144501981679873 0.10754800425829085 0.30694525697024644 0.25581922993783796 0.5740398578969299
48 0.2171238819878098 0.10681474478769815 0.2099674631627777 0.25446578524753827 0.287397634694571 0.28739763450766986 0.2558592881578079 0.3167308670601102 0.10681474520970369 0.25585928837244865 0.25585928827058524 0.3440432225560599 0.5457913770806044 0.2902743945161297 0.5457913769641891 0.25585928797954693 0.13286224864305374 0.32330927097605033 0.2745163340652444 0.5457913771097083
21 0.1913768731790019 0.028973430015112513 0.08369483309306303 0.30452200347032493 0.07394617018800993 0.07394616999315826 0.6351887166068643 0.021517233050407345 0.028973430080469192 0.63518871639182 0.6351887165321379 0.0791565181007727 0.2558592882245095 0.01780907505322463 0.2558592879365091 0.6351887162536249 0.027085702402514896 0.08767476524704299 0.15907315472725 0.25585928818516196
29 0.33917018574167795 0.2665850367400563 0.285934644443446 0.35055643346633036 0.21988448662808222 0.21988448645512249 0.15907315472302813 0.3297754136259553 0.2665850368552835 0.15907315478831927 0.15907315469947791 0.25549574259108454 0.27451633405867004 0.2749876319772729 0.27451633400278835 0.15907315451358506 0.30334763373575074 0.28975826699336144 0.8297946429916062 0.274516334058769
27 0.23850575019178855 -0.005148167753398418 0.12754728186560768 0.46749175813465027 0.17979276149491927 0.17979276056420354 0.5955899127595332 0.10937110587916611 -0.005148166526061491 0.5955899127931721 0.5955899127056783 0.05245846842929991 0.24002188580181613 -0.1378211236715346 0.24002188587169357 0.595589912031363 0.06098756660724249 0.0746806432910429 0.04455837745399835 0.24002188612120712
33 0.1855030003969853 0.1111041516769641 0.16767777194525943 0.22153269234301606 0.2491450232094443 0.24914502297438298 0.2514450199566262 0.33798768532886636 0.11110415181320486 0.2514450201208168 0.2514450200295686 0.32312346872405834 0.5740398579224487 0.32777505578922406 0.5740398578704098 0.25144501981679873 0.10754800425829085 0.30694525697024644 0.25581922993783796 0.5740398578969299
51 0.1913768731790019 0.028973430015112513 0.08369483309306303 0.30452200347032493 0.07394617018800993 0.07394616999315826 0.6351887166068643 0.021517233050407345 0.028973430080469192 0.63518871639182 0.6351887165321379 0.0791565181007727 0.2558592882245095 0.01780907505322463 0.2558592879365091 0.6351887162536249 0.027085702402514896 0.08767476524704299 0.15907315472725 0.25585928818516196
55 0.24282304980008887 0.33552335015468115 0.3875192437778504 0.11774107972327054 0.3706518316109556 0.3706518312779297 0.03685593631573022 0.45987158691011487 0.3355233507915615 0.036855936520465496 0.03685593626179848 0.36044792147924565 0.21052604798417196 0.42705861398023215 0.21052604792556234 0.03685593629659661 0.50559771227939 0.3255964489153893 0.5031974655900551 0.21052604791924123
6 0.20222244524078026 0.24055290531346055 0.29475386963408196 0.133761371503381 0.3360910168440909 0.3360910165835075 0.029834425855764336 0.5804613248651973 0.2405529055665233 0.029834426045439198 0.0298344257991137 0.40986349715628845 0.29157370795776516 0.5212885572678879 0.2915737079113146 0.029834425748122076 0.3661055025615009 0.3666384861391314 0.45690514470528903 0.29157370783841924
11 0.2171238819878098 0.10681474478769815 0.2099674631627777 0.25446578524753827 0.287397634694571 0.28739763450766986 0.2558592881578079 0.3167308670601102 0.10681474520970369 0.25585928837244865 0.25585928827058524 0.3440432225560599 0.5457913770806044 0.2902743945161297 0.5457913769641891 0.25585928797954693 0.13286224864305374 0.32330927097605033 0.2745163340652444 0.5457913771097083
60 0.8679060135533735 0.2721949869602696 0.32151403160724706 0.4281606224594576 0.26923753266507294 0.26923753232976605 0.1913768733143419 0.15902061317011604 0.2721949872965773 0.19137687327597983 0.19137687319590618 0.23673690705923878 0.21712388190944976 0.1675678880707486 0.21712388188076942 0.19137687299076556 0.2641811951797067 0.2910680940686961 0.33917018574170743 0.2171238819857654
42 0.23850575019178855 -0.005148167753398418 0.12754728186560768 0.46749175813465027 0.17979276149491927 0.17979276056420354 0.5955899127595332 0.10937110587916611 -0.005148166526061491 0.5955899127931721 0.5955899127056783 0.05245846842929991 0.24002188580181613 -0.1378211236715346 0.24002188587169357 0.595589912031363 0.06098756660724249 0.0746806432910429 0.04455837745399835 0.24002188612120712
19 0.2721949871919356 0.6801861309052532 0.4114913896987311 0.21930620810597534 0.29443521919735366 0.2944352189528051 0.028973429976462586 0.21811799152268546 0.6801861312586409 0.028973430130322383 0.028973429928988242 0.2302819913450776 0.10681474504433132 0.24071541682214204 0.1068147451724205 0.028973429981893232 0.534677429895584 0.23815176030320115 0.266585036845865 0.10681474492627831
32 0.42816062245947195 0.2193062079991487 0.25672485367319653 0.8196232098989469 0.21772001701146856 0.21772001678195627 0.30452200357869474 0.10178777452840367 0.21930620824986907 0.30452200377630456 0.3045220034515494 0.19087817247350555 0.2544657852629161 0.10277823325556379 0.2544657851361629 0.3045220032655226 0.1684723583731071 0.3378901238850726 0.3505564334663456 0.25446578531964636
13 0.2513998940553494 0.10803757681634336 0.26917644387026984 0.3028498137192785 0.35640801232191877 0.35640801199422667 0.2430954515941339 0.2881061584641997 0.10803757720386614 0.24309545166015775 0.24309545160445617 0.3661067911945784 0.5112629697761987 0.2419206984265467 0.511262969406672 0.24309545098907592 0.16491200078441526 0.3446064713813847 0.22957545107164093 0.5112629697230846
16 0.23673690705958808 0.23028199099202123 0.36722203238377216 0.1908781724736195 0.4359767700004886 0.4359767696651347 0.07915651813064128 0.42906590163585057 0.2302819916198052 0.07915651823539298 0.07915651802539016 0.45152853171452484 0.34404322261455195 0.44011091071173125 0.3440432224068748 0.07915651782375493 0.31809908977777546 0.397692775790907 0.2554957425911705 0.34404322259332115
50 0.1913768731790019 0.028973430015112513 0.08369483309306303 0.30452200347032493 0.07394617018800993 0.07394616999315826 0.6351887166068643 0.021517233050407345 0.028973430080469192 0.63518871639182 0.6351887165321379 0.0791565181007727 0.2558592882245095 0.01780907505322463 0.2558592879365091 0.6351887162536249 0.027085702402514896 0.08767476524704299 0.15907315472725 0.25585928818516196
0 0.1590206131700633 0.2181179913771581 0.2594897379058345 0.10178777452838257 0.3528508047191846 0.35285080446802924 0.02151723299132282 0.630593083381618 0.2181179917845572 0.021517233264080726 0.021517232984711296 0.4290659016357996 0.3167308670229691 0.5841538049116519 0.3167308671017544 0.021517233023776026 0.29337055397948125 0.3636649870654109 0.32977541362589946 0.316730867132545
46 0.42816062245947195 0.2193062079991487 0.25672485367319653 0.8196232098989469 0.21772001701146856 0.21772001678195627 0.30452200357869474 0.10178777452840367 0.21930620824986907 0.30452200377630456 0.3045220034515494 0.19087817247350555 0.2544657852629161 0.10277823325556379 0.2544657851361629 0.3045220032655226 0.1684723583731071 0.3378901238850726 0.3505564334663456 0.25446578531964636
38 0.3106674418123786 0.13187554272652557 0.36546438127187336 0.36490222631047475 0.40754402139155776 0.407544020984823 0.24792860977058367 0.24087330263352444 0.13187554333702836 0.2479286098529932 0.24792860974066316 0.3703816660585891 0.4372778388643088 0.17198462161485223 0.4372778386603789 0.2479286095075705 0.19492720270198918 0.34262057644283933 0.258922774677117 0.4372778389375755
26 0.2513998940553499 0.1080375766614452 0.26917644387025774 0.30284981371928055 0.35640801241243025 0.3564080119031132 0.2430954515002668 0.2881061584641884 0.10803757718531415 0.24309545158757828 0.2430954515002668 0.3661067911945963 0.5112629698123783 0.24192069842655428 0.5112629695795476 0.24309545115102082 0.16491200078441892 0.344606471381387 0.2295754510716428 0.5112629696377553
5 0.3048408305122556 0.1310376317974352 0.2238571324325849 0.4020900015072242 0.21662854459461672 0.2166285445519288 0.3250608996392481 0.2465716871721751 0.13103763170892566 0.32506089988058995 0.32506089956010914 0.3025812342960761 0.4318442964203433 0.22319402009685474 0.43184429620913006 0.32506089943483657 0.14255586495932482 0.31210378988658777 0.5130345820252173 0.4318442964377041
41 0.23850575019178855 -0.005148167753398418 0.12754728186560768 0.46749175813465027 0.17979276149491927 0.17979276056420354 0.5955899127595332 0.10937110587916611 -0.005148166526061491 0.5955899127931721 0.5955899127056783 0.05245846842929991 0.24002188580181613 -0.1378211236715346 0.24002188587169357 0.595589912031363 0.06098756660724249 0.0746806432910429 0.04455837745399835 0.24002188612120712
17 0.2171238819878098 0.10681474478769815 0.2099674631627777 0.25446578524753827 0.287397634694571 0.28739763450766986 0.2558592881578079 0.3167308670601102 0.10681474520970369 0.25585928837244865 0.25585928827058524 0.3440432225560599 0.5457913770806044 0.2902743945161297 0.5457913769641891 0.25585928797954693 0.13286224864305374 0.32330927097605033 0.2745163340652444 0.5457913771097083
18 0.1855030003969853 0.1111041516769641 0.16767777194525943 0.22153269234301606 0.2491450232094443 0.24914502297438298 0.2514450199566262 0.33798768532886636 0.11110415181320486 0.2514450201208168 0.2514450200295686 0.32312346872405834 0.5740398579224487 0.32777505578922406 0.5740398578704098 0.25144501981679873 0.10754800425829085 0.30694525697024644 0.25581922993783796 0.5740398578969299
52 0.1913768731790019 0.028973430015112513 0.08369483309306303 0.30452200347032493 0.07394617018800993 0.07394616999315826 0.6351887166068643 0.021517233050407345 0.028973430080469192 0.63518871639182 0.6351887165321379 0.0791565181007727 0.2558592882245095 0.01780907505322463 0.2558592879365091 0.6351887162536249 0.027085702402514896 0.08767476524704299 0.15907315472725 0.25585928818516196
9 0.2171238819878098 0.10681474478769815 0.2099674631627777 0.25446578524753827 0.287397634694571 0.28739763450766986 0.2558592881578079 0.3167308670601102 0.10681474520970369 0.25585928837244865 0.25585928827058524 0.3440432225560599 0.5457913770806044 0.2902743945161297 0.5457913769641891 0.25585928797954693 0.13286224864305374 0.32330927097605033 0.2745163340652444 0.5457913771097083
20 0.1913768731790019 0.028973430015112513 0.08369483309306303 0.30452200347032493 0.07394617018800993 0.07394616999315826 0.6351887166068643 0.021517233050407345 0.028973430080469192 0.63518871639182 0.6351887165321379 0.0791565181007727 0.2558592882245095 0.01780907505322463 0.2558592879365091 0.6351887162536249 0.027085702402514896 0.08767476524704299 0.15907315472725 0.25585928818516196
24 0.3106674418123786 0.13187554272652557 0.36546438127187336 0.36490222631047475 0.40754402139155776 0.407544020984823 0.24792860977058367 0.24087330263352444 0.13187554333702836 0.2479286098529932 0.24792860974066316 0.3703816660585891 0.4372778388643088 0.17198462161485223 0.4372778386603789 0.2479286095075705 0.19492720270198918 0.34262057644283933 0.258922774677117 0.4372778389375755
30 0.33917018574167795 0.2665850367400563 0.285934644443446 0.35055643346633036 0.21988448662808222 0.21988448645512249 0.15907315472302813 0.3297754136259553 0.2665850368552835 0.15907315478831927 0.15907315469947791 0.25549574259108454 0.27451633405867004 0.2749876319772729 0.27451633400278835 0.15907315451358506 0.30334763373575074 0.28975826699336144 0.8297946429916062 0.274516334058769
56 0.1913768731790019 0.028973430015112513 0.08369483309306303 0.30452200347032493 0.07394617018800993 0.07394616999315826 0.6351887166068643 0.021517233050407345 0.028973430080469192 0.63518871639182 0.6351887165321379 0.0791565181007727 0.2558592882245095 0.01780907505322463 0.2558592879365091 0.6351887162536249 0.027085702402514896 0.08767476524704299 0.15907315472725 0.25585928818516196
35 0.1855030003969853 0.1111041516769641 0.16767777194525943 0.22153269234301606 0.2491450232094443 0.24914502297438298 0.2514450199566262 0.33798768532886636 0.11110415181320486 0.2514450201208168 0.2514450200295686 0.32312346872405834 0.5740398579224487 0.32777505578922406 0.5740398578704098 0.25144501981679873 0.10754800425829085 0.30694525697024644 0.25581922993783796 0.5740398578969299
15 0.2513998940553494 0.10803757681634336 0.26917644387026984 0.3028498137192785 0.35640801232191877 0.35640801199422667 0.2430954515941339 0.2881061584641997 0.10803757720386614 0.24309545166015775 0.24309545160445617 0.3661067911945784 0.5112629697761987 0.2419206984265467 0.511262969406672 0.24309545098907592 0.16491200078441526 0.3446064713813847 0.22957545107164093 0.5112629697230846
39 0.3106674418123786 0.13187554272652557 0.36546438127187336 0.36490222631047475 0.40754402139155776 0.407544020984823 0.24792860977058367 0.24087330263352444 0.13187554333702836 0.2479286098529932 0.24792860974066316 0.3703816660585891 0.4372778388643088 0.17198462161485223 0.4372778386603789 0.2479286095075705 0.19492720270198918 0.34262057644283933 0.258922774677117 0.4372778389375755
