57 0.16173053532946186 0.11365996675247539 0.4049075667694845 0.27486753436017763 0.397765433172876 0.336664035574186 0.367975249550336 0.4983906803716791 0.3262669232758462 0.3869987197007827 0.19045497208284226 0.05381314244404119 0.4049075657366084 0.38753741834421956 0.16572721326349574 0.21122677734809245 0.18226672644419822 0.5645545305291714 0.07106391117242566 0.16572721279859362
26 0.33460410081832415 0.34523965292636355 0.36274427456459163 0.29693702009872436 0.27436252851950277 0.31804875745318306 0.536344678699653 0.20942771277807395 0.3263102919790564 0.31664897918874896 0.2994691421812202 0.15113424697611086 0.3627442740792737 0.11610726425289383 0.3408285875490196 0.3969781308789659 0.22861322449709884 0.26663932727787526 0.25204412932228104 0.3408285867584461
33 0.26371581252144183 0.6744763500117559 0.05859426057017911 0.0896344019987819 0.11771601389534417 0.10398535822470364 0.2520441293074034 0.019347583100402795 0.053628156304401015 0.1146275694438959 0.3763778594381156 0.6924823930017826 0.058594260576073795 -0.04094578543594645 0.2390786741417932 0.25288121643215156 0.07957453022440275 0.07587887211619562 0.7367659865246903 0.2390786735831367
5 0.5014047233331963 0.19331943704574225 0.2604452865686886 0.3188157947231967 0.1430514569897477 0.2535667358738594 0.2932885147662103 0.11267804022436617 0.3204257649937825 0.1870980732356874 0.24958122938568778 0.29370593266740963 0.26044528594041344 0.13772162919157932 0.5182840049019041 0.4618914324421057 0.4055091261804328 0.11732137801837154 0.23760838987049857 0.5182840047372609
4 0.2403402797924765 -0.056198857860098476 0.4358944336580737 0.43512336553544984 0.12917330875676622 0.2839143536591345 0.10536406569296107 0.25584211639707116 0.5459920056908445 0.15858660142897268 0.09602819307720477 -0.05163008932227229 0.43589443311343207 0.5732034133495111 0.25760491640410077 0.21292940853922826 0.5679091123000877 0.1747627030311386 -0.03255161422278103 0.25760491592872103
11 0.3660273187688562 0.04931248248776231 0.40283857989670313 0.4093101624661113 0.1551281302430123 0.2577227637901023 0.2242412484174229 0.18410411274064697 0.5158376965291389 0.14609322181246107 0.14142404986312768 0.05284452911934345 0.4028385798254999 0.3385091468646471 0.4163530978147083 0.35845093346389495 0.5225072314748145 0.14798536403148294 0.043835489376202394 0.4163530968749004
14 0.29903469941159716 0.07308096794976972 0.4526808017806656 0.3908520036564731 0.21213351483873122 0.3237689026893542 0.3263102922001433 0.27852206970020266 0.482546903749107 0.25549000074099215 0.14705337727418183 0.04274111851255796 0.4526808013765205 0.3763011994453298 0.33401132845061776 0.32988027982531376 0.3999924802251594 0.22528557623177445 0.053628156355827614 0.3340113280238769
3 0.4903920160728452 0.20929272050874007 0.26107885970146144 0.3233252778403976 0.1531331249045721 0.2882704928365917 0.33460410164001203 0.12846612167393331 0.29903469897188906 0.23196109981155077 0.2911707454016666 0.3032523031797782 0.2610788591600427 0.1373018408667369 0.47704081171321855 0.4499266539723373 0.3973468842082466 0.12654354133355203 0.26371581258696514 0.477040811442012
58 0.518761591968652 0.17909714257570167 0.21997264494972138 0.3160058084921494 0.12884652504096583 0.2869814755627603 0.28008557014851865 0.1164040295395517 0.26715015606544806 0.23027843065543396 0.3207839051969011 0.36557987863540475 0.2199726447699197 0.14159555611688399 0.4774183276932394 0.4369077703004899 0.44088669965929245 0.123453669755318 0.27175903236428417 0.47741832734661016
40 0.420880529010844 0.27732884217350173 0.29690768147142993 0.31756016228565287 0.20828403366087153 0.3415188836364877 0.45626055827842327 0.17745288731766454 0.2808124358991205 0.31868346565356204 0.3483335490359329 0.26306151440416176 0.2969076808747337 0.12920972276198855 0.37545223041446907 0.41437051587019175 0.32772866320103955 0.18759613225040508 0.2919542256301794 0.375452230091848
38 0.26371581252144183 0.6744763500117559 0.05859426057017911 0.0896344019987819 0.11771601389534417 0.10398535822470364 0.2520441293074034 0.019347583100402795 0.053628156304401015 0.1146275694438959 0.3763778594381156 0.6924823930017826 0.058594260576073795 -0.04094578543594645 0.2390786741417932 0.25288121643215156 0.07957453022440275 0.07587887211619562 0.7367659865246903 0.2390786735831367
43 0.20929272027233897 0.8784030796860625 0.08554894042614412 0.08019424921367856 0.1475549983160003 0.09677572058037073 0.3452396530524765 0.007972829449701749 0.07308096791021723 0.11973682177917062 0.3819327091825166 0.46365724867590874 0.08554894024797632 -0.060988688859484226 0.21906976830876457 0.24796325984920625 0.050206656252987834 0.11827202463154664 0.6744763500920082 0.21906976770109765
47 0.3032523028885336 0.46365724860409074 0.04113957955181121 0.0816712722332735 0.0841999681979551 0.0957061592689607 0.15113424693447713 0.02322862678984589 0.04274111838375992 0.10130409058655897 0.3400131791201159 0.9113657532061542 0.04113957950023123 -0.0316716437427564 0.256259399180029 0.2351889821258763 0.1091759568711325 0.07734761002419464 0.6924823930152371 0.25625939877713827
46 0.13730184036885884 -0.06098868896603742 0.38927068986030683 0.3293959297591595 0.2663370176641245 0.324487886344627 0.11610726419389382 0.5508128990561786 0.3763011992677929 0.30597471533614645 0.07051542917069605 -0.0316716437095712 0.3892706891214148 0.7439737681470394 0.1344469170205959 0.13135246941638387 0.3213344751653424 0.3460153154734305 -0.04094578544741839 0.13444691646257004
55 0.2610788595572631 0.08554894027201525 0.46192810467143275 0.36969243408237346 0.252779675444339 0.34504488381620063 0.36274427442467333 0.3349197353104544 0.4526808009700094 0.30546807278384625 0.15481282824915998 0.041139579559062237 0.461928104075599 0.3892706895306921 0.28735218132292906 0.3058817834803026 0.3347983835204957 0.2910878395011977 0.05859426053253495 0.2873521805969437
16 0.2409953656066132 -0.05704240094576074 0.4342840071613508 0.43958029663266607 0.1292717912110771 0.25627017222275117 0.09514485241402293 0.2312893532943663 0.5699617421308637 0.1203741262580342 0.09061230858576177 -0.05906629261610179 0.43428400668002715 0.5542284657397906 0.2701924815221429 0.21744828084405501 0.5870712547674451 0.16190765307381602 -0.03041506275883114 0.2701924806855685
42 0.12654354094254117 0.11827202459329325 0.29108783979482594 0.19907671584020356 0.4950891375492697 0.26240304677995296 0.2666393272985496 0.5763256997781377 0.22528557550561085 0.3601191982434767 0.21858431431075895 0.07734761007024012 0.2910878391044462 0.34601531549069264 0.12350580899056254 0.1418085157610848 0.14915563100555687 0.7817521300369579 0.07587887211944602 0.1235058084349784
68 0.1552192575326375 0.489630165075548 0.19071860236819585 0.2801988519563907 0.6038811673801049 0.282748967013376 0.2928506919735537 0.12934136641930147 0.1994227423846682 0.36255652434609026 0.6532351590038818 0.1860313046500997 0.19071860236116486 0.029785871133203218 0.2445607629349926 0.2344096250379782 0.141093971377154 0.3175011572631145 0.3302886258100703 0.24456076208387126
25 0.33460410081832415 0.34523965292636355 0.36274427456459163 0.29693702009872436 0.27436252851950277 0.31804875745318306 0.536344678699653 0.20942771277807395 0.3263102919790564 0.31664897918874896 0.2994691421812202 0.15113424697611086 0.3627442740792737 0.11610726425289383 0.3408285875490196 0.3969781308789659 0.22861322449709884 0.26663932727787526 0.25204412932228104 0.3408285867584461
21 0.15313312505035945 0.14755499833048896 0.25277967599875106 0.3013743596710706 0.6392889154265942 0.3761358544595498 0.27436252860557225 0.4242925432829669 0.21213351475614464 0.487361410677275 0.4300399318454879 0.08419996830059526 0.2527796750896395 0.2663370176556488 0.1626731735932553 0.185015080689016 0.19769042158191286 0.49508913758535683 0.11771601394755178 0.16267317282632454
27 0.16173053532946186 0.11365996675247539 0.4049075667694845 0.27486753436017763 0.397765433172876 0.336664035574186 0.367975249550336 0.4983906803716791 0.3262669232758462 0.3869987197007827 0.19045497208284226 0.05381314244404119 0.4049075657366084 0.38753741834421956 0.16572721326349574 0.21122677734809245 0.18226672644419822 0.5645545305291714 0.07106391117242566 0.16572721279859362
12 0.32162617386923137 0.06488470799873765 0.4424000196847585 0.3998235097559171 0.1894049273459804 0.28918637111066076 0.28846408310160393 0.23594289873717064 0.5105920668206927 0.2002215232640054 0.1334606431283379 0.03915977878467588 0.4424000196736927 0.36190904545542274 0.37267607020982785 0.3450345015668566 0.4454082715133502 0.18476456183050818 0.04692687014170999 0.37267606929276564
69 0.3233252778277245 0.08019424928499894 0.3696924342942402 0.42974048434238976 0.3013743595408655 0.4044293290630047 0.2969370202284088 0.25361676342132433 0.3908520036837469 0.35801120505533135 0.28491511483221366 0.08167127223180694 0.3696924337344491 0.329395929763017 0.3215503323516758 0.3233756093791762 0.43337332292493497 0.1990767157973061 0.08963440198969615 0.3215503314809435
1 0.40652217542509633 0.036601731284032886 0.3606502476296035 0.41593447228853425 0.12789865990910504 0.28197130742480975 0.19431342210550354 0.16927903849085757 0.4739901398545603 0.16724418601813912 0.18498626187413267 0.08540597327585477 0.360650247064025 0.32948651605261114 0.4197685758818272 0.35831837304561276 0.5756797138537431 0.1425654787443825 0.05228967724349894 0.41976857519861893
10 0.28871838327414845 -0.022178778247546906 0.43136512006914446 0.42941378803562036 0.1405471331555267 0.31586142674868045 0.17203824388884625 0.25614702913926835 0.5132009207089236 0.20615210622810498 0.12896189424324175 -0.005220079803658676 0.43136511965637475 0.4980366123330678 0.29817223732684395 0.2630548383261017 0.5418583349318489 0.1832811246158497 -0.009223020782272532 0.29817223686146843
32 0.26371581252144183 0.6744763500117559 0.05859426057017911 0.0896344019987819 0.11771601389534417 0.10398535822470364 0.2520441293074034 0.019347583100402795 0.053628156304401015 0.1146275694438959 0.3763778594381156 0.6924823930017826 0.058594260576073795 -0.04094578543594645 0.2390786741417932 0.25288121643215156 0.07957453022440275 0.07587887211619562 0.7367659865246903 0.2390786735831367
15 0.4903920160728452 0.20929272050874007 0.26107885970146144 0.3233252778403976 0.1531331249045721 0.2882704928365917 0.33460410164001203 0.12846612167393331 0.29903469897188906 0.23196109981155077 0.2911707454016666 0.3032523031797782 0.2610788591600427 0.1373018408667369 0.47704081171321855 0.4499266539723373 0.3973468842082466 0.12654354133355203 0.26371581258696514 0.477040811442012
18 0.2610788595572631 0.08554894027201525 0.46192810467143275 0.36969243408237346 0.252779675444339 0.34504488381620063 0.36274427442467333 0.3349197353104544 0.4526808009700094 0.30546807278384625 0.15481282824915998 0.041139579559062237 0.461928104075599 0.3892706895306921 0.28735218132292906 0.3058817834803026 0.3347983835204957 0.2910878395011977 0.05859426053253495 0.2873521805969437
59 0.20929272027233897 0.8784030796860625 0.08554894042614412 0.08019424921367856 0.1475549983160003 0.09677572058037073 0.3452396530524765 0.007972829449701749 0.07308096791021723 0.11973682177917062 0.3819327091825166 0.46365724867590874 0.08554894024797632 -0.060988688859484226 0.21906976830876457 0.24796325984920625 0.050206656252987834 0.11827202463154664 0.6744763500920082 0.21906976770109765
49 0.3032523028885336 0.46365724860409074 0.04113957955181121 0.0816712722332735 0.0841999681979551 0.0957061592689607 0.15113424693447713 0.02322862678984589 0.04274111838375992 0.10130409058655897 0.3400131791201159 0.9113657532061542 0.04113957950023123 -0.0316716437427564 0.256259399180029 0.2351889821258763 0.1091759568711325 0.07734761002419464 0.6924823930152371 0.25625939877713827
0 0.29903469941159716 0.07308096794976972 0.4526808017806656 0.3908520036564731 0.21213351483873122 0.3237689026893542 0.3263102922001433 0.27852206970020266 0.482546903749107 0.25549000074099215 0.14705337727418183 0.04274111851255796 0.4526808013765205 0.3763011994453298 0.33401132845061776 0.32988027982531376 0.3999924802251594 0.22528557623177445 0.053628156355827614 0.3340113280238769
62 0.15313312505035945 0.14755499833048896 0.25277967599875106 0.3013743596710706 0.6392889154265942 0.3761358544595498 0.27436252860557225 0.4242925432829669 0.21213351475614464 0.487361410677275 0.4300399318454879 0.08419996830059526 0.2527796750896395 0.2663370176556488 0.1626731735932553 0.185015080689016 0.19769042158191286 0.49508913758535683 0.11771601394755178 0.16267317282632454
24 0.2911707455759244 0.38193270912574934 0.15481282864846832 0.2849151148847928 0.43003993175975075 0.34838131446219583 0.2994691422423838 0.1422646377995905 0.14705337723091522 0.40779413763412975 0.6760374543129074 0.34001317914935875 0.1548128278758111 0.07051542919524763 0.24511575967464228 0.2661137884356873 0.2793980708309361 0.2185843142775872 0.3763778594605447 0.24511575890837858
54 0.2882704929549225 0.09677572065128653 0.3450448836888267 0.40442932896912537 0.3761358543408237 0.44142435628086507 0.31804875748368994 0.30510638385091715 0.32376890228794125 0.44125464636552875 0.3483813145113767 0.0957061595471674 0.34504488324926297 0.32448788633407194 0.2634384434800599 0.2883540196753586 0.3719024764114428 0.2624030469519678 0.10398535844426955 0.26343844289972174
66 0.2319610987560679 0.11973682185147944 0.305468073735552 0.35801120514000706 0.4873614107645714 0.44125464620503246 0.3166489792096788 0.3658019826273246 0.2554900007803168 0.49899817854324835 0.40779413768875367 0.10130409067065346 0.30546807250921343 0.30597471553560285 0.2026521117378226 0.23919685659365725 0.2900508945421411 0.36011919842273216 0.11462756942795968 0.20265211080597564
22 0.3002597566155921 -0.01804324145164543 0.3673650812989092 0.4117741012474701 0.21706879447644525 0.4447016587689352 0.19413132122333246 0.3353754964493218 0.35853349353888603 0.40571991829254095 0.2485886615510875 0.03839548810326688 0.367365080473945 0.5034186962246104 0.2354524529896758 0.23450579145370662 0.4943050332736286 0.2343428199027346 -0.005073549309400811 0.23545245267043094
30 0.5014047233331963 0.19331943704574225 0.2604452865686886 0.3188157947231967 0.1430514569897477 0.2535667358738594 0.2932885147662103 0.11267804022436617 0.3204257649937825 0.1870980732356874 0.24958122938568778 0.29370593266740963 0.26044528594041344 0.13772162919157932 0.5182840049019041 0.4618914324421057 0.4055091261804328 0.11732137801837154 0.23760838987049857 0.5182840047372609
41 0.33460410081832415 0.34523965292636355 0.36274427456459163 0.29693702009872436 0.27436252851950277 0.31804875745318306 0.536344678699653 0.20942771277807395 0.3263102919790564 0.31664897918874896 0.2994691421812202 0.15113424697611086 0.3627442740792737 0.11610726425289383 0.3408285875490196 0.3969781308789659 0.22861322449709884 0.26663932727787526 0.25204412932228104 0.3408285867584461
7 0.4770408109179698 0.21906976783066057 0.28735218074871227 0.321550331718754 0.16267317313622698 0.26343844330403954 0.3408285871264525 0.12678993947338313 0.334011328057386 0.20265211098012514 0.245115759163836 0.2562593989241577 0.28735218063229695 0.13444691680160759 0.5022960030473769 0.4637482388643548 0.3731833823258057 0.12350580866041128 0.23907867388334125 0.502296002174262
44 0.20929272027233897 0.8784030796860625 0.08554894042614412 0.08019424921367856 0.1475549983160003 0.09677572058037073 0.3452396530524765 0.007972829449701749 0.07308096791021723 0.11973682177917062 0.3819327091825166 0.46365724867590874 0.08554894024797632 -0.060988688859484226 0.21906976830876457 0.24796325984920625 0.050206656252987834 0.11827202463154664 0.6744763500920082 0.21906976770109765
20 0.3233252778277245 0.08019424928499894 0.3696924342942402 0.42974048434238976 0.3013743595408655 0.4044293290630047 0.2969370202284088 0.25361676342132433 0.3908520036837469 0.35801120505533135 0.28491511483221366 0.08167127223180694 0.3696924337344491 0.329395929763017 0.3215503323516758 0.3233756093791762 0.43337332292493497 0.1990767157973061 0.08963440198969615 0.3215503314809435
34 0.26371581252144183 0.6744763500117559 0.05859426057017911 0.0896344019987819 0.11771601389534417 0.10398535822470364 0.2520441293074034 0.019347583100402795 0.053628156304401015 0.1146275694438959 0.3763778594381156 0.6924823930017826 0.058594260576073795 -0.04094578543594645 0.2390786741417932 0.25288121643215156 0.07957453022440275 0.07587887211619562 0.7367659865246903 0.2390786735831367
6 0.169495343152782 -0.0014843158552858711 0.4629234646599843 0.35465274221784715 0.2808828332774656 0.3236480548996694 0.24959740415170734 0.4528263889583236 0.4541678160558644 0.2933300192088737 0.0840924290440187 -0.0053645601319067615 0.4629234639487898 0.5688741558494731 0.20316312920950202 0.21146087143237433 0.3092046921125857 0.34640281881919577 0.0016624681789026675 0.20316312818116986
39 0.44992665319221087 0.24796325980980713 0.305881783845311 0.32337560972001517 0.18501508086982446 0.2883540201582608 0.3969781314016506 0.14680119406430775 0.32988027958586863 0.23919685644470975 0.2661137889605262 0.23518898219090337 0.30588178345422085 0.1313524691915915 0.46374823944028654 0.45420972382460595 0.3434390114548863 0.14180851564294814 0.25288121634443855 0.4637482389068123
2 0.2610788595572631 0.08554894027201525 0.46192810467143275 0.36969243408237346 0.252779675444339 0.34504488381620063 0.36274427442467333 0.3349197353104544 0.4526808009700094 0.30546807278384625 0.15481282824915998 0.041139579559062237 0.461928104075599 0.3892706895306921 0.28735218132292906 0.3058817834803026 0.3347983835204957 0.2910878395011977 0.05859426053253495 0.2873521805969437
45 0.5216292145581396 0.17137523431072443 0.23209523308534571 0.3144131135514547 0.12641341139158832 0.24994913233075503 0.2526581964398622 0.10270580400175718 0.3002649878871481 0.1817073529373214 0.2651141175667356 0.33514408204793705 0.2320952327154944 0.1406609978529589 0.5223368544364541 0.45413469214922697 0.43575921765879666 0.11736142881304033 0.24075513567397988 0.5223368542358608
29 0.20929272027233897 0.8784030796860625 0.08554894042614412 0.08019424921367856 0.1475549983160003 0.09677572058037073 0.3452396530524765 0.007972829449701749 0.07308096791021723 0.11973682177917062 0.3819327091825166 0.46365724867590874 0.08554894024797632 -0.060988688859484226 0.21906976830876457 0.24796325984920625 0.050206656252987834 0.11827202463154664 0.6744763500920082 0.21906976770109765
52 0.2319610987560679 0.11973682185147944 0.305468073735552 0.35801120514000706 0.4873614107645714 0.44125464620503246 0.3166489792096788 0.3658019826273246 0.2554900007803168 0.49899817854324835 0.40779413768875367 0.10130409067065346 0.30546807250921343 0.30597471553560285 0.2026521117378226 0.23919685659365725 0.2900508945421411 0.36011919842273216 0.11462756942795968 0.20265211080597564
31 0.1135298105150232 0.011552767921938843 0.22318190475505953 0.19560412374620492 0.5219971322912668 0.21893457884909762 0.13127878287358247 0.7247129803879802 0.20453932862138316 0.313205906951978 0.1654379287048449 0.025278598960641035 0.2231819038368466 0.4899738065685487 0.11800621860189602 0.11562349950668421 0.17508633990042988 0.7108351859152482 0.032571429082565544 0.11800621755777689
51 0.22850694767718976 -0.0062968200514340895 0.41211026163833275 0.4124363586044593 0.299719305486171 0.4011668097758198 0.22402237134064387 0.37904693556734004 0.4129082995532555 0.36519855355380143 0.17528713889835254 0.010295923059566505 0.41211026103815 0.5172265958284098 0.22815733806857794 0.2307799141338683 0.40372112910959573 0.2660091996086209 0.0012749186301644299 0.22815733738325342
36 0.1284661215961661 0.007972829400130119 0.33491973611719955 0.25361676342419887 0.4242925432736351 0.3051063837570436 0.20942771282022796 0.6469523404082999 0.2785220693630424 0.36580198230764016 0.14226463776829593 0.02322862679830356 0.3349197348629666 0.5508128990387615 0.12678993985934997 0.14680119435116662 0.19354770563192145 0.5763256997654563 0.019347583045575014 0.1267899391540934
61 0.1969460092161984 0.0009861773437821653 0.386732398516563 0.3819123899119889 0.37548547105159236 0.4104745744888278 0.23281220952769757 0.45103436288030696 0.35829103674416746 0.4146851092734564 0.19444076062003335 0.017506681121182404 0.3867323981454761 0.5199058609135785 0.1930170109901217 0.20769950177645327 0.33388859271662624 0.3334430755975566 0.00707061454817425 0.1930170099346285
63 0.2911707455759244 0.38193270912574934 0.15481282864846832 0.2849151148847928 0.43003993175975075 0.34838131446219583 0.2994691422423838 0.1422646377995905 0.14705337723091522 0.40779413763412975 0.6760374543129074 0.34001317914935875 0.1548128278758111 0.07051542919524763 0.24511575967464228 0.2661137884356873 0.2793980708309361 0.2185843142775872 0.3763778594605447 0.24511575890837858
13 0.3495529577828129 0.05538027275830069 0.4194255823373684 0.407332268315178 0.1672982666331608 0.27774037898312176 0.25424570216115827 0.20672644564448367 0.5101376459873509 0.17577114559027696 0.14168572737349983 0.049405296857520375 0.41942558235420996 0.3497357163018114 0.39611599168671846 0.3532360533335414 0.49141867948853496 0.16211311983508103 0.04641388813855148 0.39611599107698503
50 0.3233252778277245 0.08019424928499894 0.3696924342942402 0.42974048434238976 0.3013743595408655 0.4044293290630047 0.2969370202284088 0.25361676342132433 0.3908520036837469 0.35801120505533135 0.28491511483221366 0.08167127223180694 0.3696924337344491 0.329395929763017 0.3215503323516758 0.3233756093791762 0.43337332292493497 0.1990767157973061 0.08963440198969615 0.3215503314809435
60 0.39734688291200126 0.05020665606592312 0.33479838332382683 0.4333733225336168 0.19769042123820996 0.37190247607187843 0.22861322454324606 0.19354770544477365 0.39999248038128915 0.29005089374815346 0.279398070899151 0.10917595691832487 0.3347983832185888 0.32133447497913453 0.3731833822922504 0.34343901109041386 0.5459497794935692 0.1491556308210537 0.07957453025750089 0.37318338178312965
48 0.5216292145581396 0.17137523431072443 0.23209523308534571 0.3144131135514547 0.12641341139158832 0.24994913233075503 0.2526581964398622 0.10270580400175718 0.3002649878871481 0.1817073529373214 0.2651141175667356 0.33514408204793705 0.2320952327154944 0.1406609978529589 0.5223368544364541 0.45413469214922697 0.43575921765879666 0.11736142881304033 0.24075513567397988 0.5223368542358608
35 0.4770408109179698 0.21906976783066057 0.28735218074871227 0.321550331718754 0.16267317313622698 0.26343844330403954 0.3408285871264525 0.12678993947338313 0.334011328057386 0.20265211098012514 0.245115759163836 0.2562593989241577 0.28735218063229695 0.13444691680160759 0.5022960030473769 0.4637482388643548 0.3731833823258057 0.12350580866041128 0.23907867388334125 0.502296002174262
28 0.3968971292508999 0.2946211761915234 0.34670828416078 0.3146375557878041 0.22542329157310415 0.29288522193283895 0.4658488913612628 0.1730891064195728 0.34849727273021114 0.2605155196695262 0.25842044759801036 0.17350324427924455 0.34670828341804694 0.12392387575601017 0.426399054718895 0.4419923950367434 0.2828429669181521 0.18033432819997447 0.24416800777596784 0.4263990542339346
56 0.3968971292508999 0.2946211761915234 0.34670828416078 0.3146375557878041 0.22542329157310415 0.29288522193283895 0.4658488913612628 0.1730891064195728 0.34849727273021114 0.2605155196695262 0.25842044759801036 0.17350324427924455 0.34670828341804694 0.12392387575601017 0.426399054718895 0.4419923950367434 0.2828429669181521 0.18033432819997447 0.24416800777596784 0.4263990542339346
67 0.2319610987560679 0.11973682185147944 0.305468073735552 0.35801120514000706 0.4873614107645714 0.44125464620503246 0.3166489792096788 0.3658019826273246 0.2554900007803168 0.49899817854324835 0.40779413768875367 0.10130409067065346 0.30546807250921343 0.30597471553560285 0.2026521117378226 0.23919685659365725 0.2900508945421411 0.36011919842273216 0.11462756942795968 0.20265211080597564
19 0.3968971292508999 0.2946211761915234 0.34670828416078 0.3146375557878041 0.22542329157310415 0.29288522193283895 0.4658488913612628 0.1730891064195728 0.34849727273021114 0.2605155196695262 0.25842044759801036 0.17350324427924455 0.34670828341804694 0.12392387575601017 0.426399054718895 0.4419923950367434 0.2828429669181521 0.18033432819997447 0.24416800777596784 0.4263990542339346
9 0.4770408109179698 0.21906976783066057 0.28735218074871227 0.321550331718754 0.16267317313622698 0.26343844330403954 0.3408285871264525 0.12678993947338313 0.334011328057386 0.20265211098012514 0.245115759163836 0.2562593989241577 0.28735218063229695 0.13444691680160759 0.5022960030473769 0.4637482388643548 0.3731833823258057 0.12350580866041128 0.23907867388334125 0.502296002174262
17 0.4903920160728452 0.20929272050874007 0.26107885970146144 0.3233252778403976 0.1531331249045721 0.2882704928365917 0.33460410164001203 0.12846612167393331 0.29903469897188906 0.23196109981155077 0.2911707454016666 0.3032523031797782 0.2610788591600427 0.1373018408667369 0.47704081171321855 0.4499266539723373 0.3973468842082466 0.12654354133355203 0.26371581258696514 0.477040811442012
53 0.2911707455759244 0.38193270912574934 0.15481282864846832 0.2849151148847928 0.43003993175975075 0.34838131446219583 0.2994691422423838 0.1422646377995905 0.14705337723091522 0.40779413763412975 0.6760374543129074 0.34001317914935875 0.1548128278758111 0.07051542919524763 0.24511575967464228 0.2661137884356873 0.2793980708309361 0.2185843142775872 0.3763778594605447 0.24511575890837858
65 0.25878121033470364 0.1044398762480083 0.38853930156276995 0.4180158705757166 0.3940629583760366 0.3978042804270048 0.32846620952315003 0.2970705266329232 0.39338354567761663 0.37798861591373006 0.2756990301976357 0.05281564624551533 0.3885393017262907 0.32617271417436483 0.29079641250387583 0.30444619873194606 0.3451408990111897 0.251817289526875 0.09287661276610293 0.2907964116435588
8 0.20425816149153408 -0.007711707962989807 0.4690992645276112 0.38335735315717134 0.22917654979086433 0.32741188920693637 0.236295699790333 0.38415221888264156 0.4849088395237973 0.26892820779331217 0.09139713783822867 -0.007151865022821239 0.4690992641119367 0.5548690689211461 0.23327691634518005 0.23070873395928765 0.37849011151665096 0.28097701268369263 -0.003189499826333325 0.23327691576488244
64 0.2911707455759244 0.38193270912574934 0.15481282864846832 0.2849151148847928 0.43003993175975075 0.34838131446219583 0.2994691422423838 0.1422646377995905 0.14705337723091522 0.40779413763412975 0.6760374543129074 0.34001317914935875 0.1548128278758111 0.07051542919524763 0.24511575967464228 0.2661137884356873 0.2793980708309361 0.2185843142775872 0.3763778594605447 0.24511575890837858
23 0.2911707455759244 0.38193270912574934 0.15481282864846832 0.2849151148847928 0.43003993175975075 0.34838131446219583 0.2994691422423838 0.1422646377995905 0.14705337723091522 0.40779413763412975 0.6760374543129074 0.34001317914935875 0.1548128278758111 0.07051542919524763 0.24511575967464228 0.2661137884356873 0.2793980708309361 0.2185843142775872 0.3763778594605447 0.24511575890837858
37 0.26371581252144183 0.6744763500117559 0.05859426057017911 0.0896344019987819 0.11771601389534417 0.10398535822470364 0.2520441293074034 0.019347583100402795 0.053628156304401015 0.1146275694438959 0.3763778594381156 0.6924823930017826 0.058594260576073795 -0.04094578543594645 0.2390786741417932 0.25288121643215156 0.07957453022440275 0.07587887211619562 0.7367659865246903 0.2390786735831367
