20 0.4180456150213528 0.2921432272393818 0.24688817716394557 0.24688817587341563 0.24688817612414135 0.2921432262988567 0.24688817611490388 0.43724649209460403 0.4372464921581961 0.45324473139396515 0.2921432263099321 0.29214322648980606 0.2468881764629821 0.3021791030848559 -0.011721012282047721 0.24688817639532434 0.30217910402306125 0.3021791037502012 0.3455793980241299 0.36738338111199204
23 0.3439696174893918 0.22662792895243355 0.45939869107173603 0.4593986904157154 0.45939869075713735 0.22662792866991938 0.459398690768968 0.1578834843379567 0.15788348443764977 0.11881248070664521 0.2266279288848033 0.2266279290155048 0.45939869108830494 0.25689798603151015 0.30200713635773185 0.4593986908806499 0.25689798669952363 0.25689798653770535 0.18285454752746222 0.15282823438808715
55 0.24610192153048774 0.3656912890633741 0.2568979867585688 0.25689798614565335 0.25689798633277927 0.36569128902909814 0.25689798639071537 0.2974379068547022 0.2974379067334635 0.22909727680978997 0.36569128901135906 0.36569128889590086 0.25689798664489777 0.4198348075536993 0.2596853125215828 0.25689798665775115 0.41983480817161967 0.4198348077551451 0.3251647113097284 0.27777218718588165
36 0.7365448790242557 0.17296505689047287 0.3439696176031336 0.3439696170433051 0.3439696174926151 0.17296505647043883 0.34396961740215687 0.25429941375535214 0.2542994137953869 0.2943899313292434 0.17296505655864633 0.17296505654061858 0.34396961773341733 0.2461019211790996 -0.00040018765240029626 0.3439696175184442 0.2461019216146099 0.24610192161488145 0.42417414933342434 0.22431954798417197
8 0.42417414933339176 0.24906314723859818 0.18285454760266262 0.18285454702044104 0.1828545471604978 0.24906314729162024 0.18285454734045245 0.41513011754954077 0.41513011740407396 0.4738654450550861 0.2490631472951247 0.24906314729234008 0.18285454760263437 0.3251647109997194 0.012849627543881663 0.18285454758388975 0.32516471130410024 0.3251647114440569 0.6138653542241568 0.32851975455280136
9 0.17296505651703364 0.43274648210817873 0.22662792876992122 0.22662792822901726 0.2266279286868257 0.4327464816437183 0.22662792861451256 0.32356234213030455 0.32356234213773427 0.244885182272502 0.432746481866066 0.43274648178877345 0.2266279289634531 0.36569128848583315 0.248310135546027 0.22662792897141537 0.3656912889922265 0.36569128885730834 0.24906314716992953 0.3443966445874155
52 0.7902164094226478 0.12753030323312642 0.23481972844696458 0.23481972999653764 0.23481973071489373 0.12753030463281365 0.23481973087097155 0.17778501330442434 0.1777850131988878 0.2754455843036889 0.12753030436404883 0.12753030452668201 0.23481973116205265 0.2231029353272452 0.060798526618159744 0.2348197310375721 0.22310293494624994 0.22310293456817218 0.762467163236847 0.3129977074721589
47 0.7365448790242557 0.17296505689047287 0.3439696176031336 0.3439696170433051 0.3439696174926151 0.17296505647043883 0.34396961740215687 0.25429941375535214 0.2542994137953869 0.2943899313292434 0.17296505655864633 0.17296505654061858 0.34396961773341733 0.2461019211790996 -0.00040018765240029626 0.3439696175184442 0.2461019216146099 0.24610192161488145 0.42417414933342434 0.22431954798417197
49 0.3439696174893918 0.22662792895243355 0.45939869107173603 0.4593986904157154 0.45939869075713735 0.22662792866991938 0.459398690768968 0.1578834843379567 0.15788348443764977 0.11881248070664521 0.2266279288848033 0.2266279290155048 0.45939869108830494 0.25689798603151015 0.30200713635773185 0.4593986908806499 0.25689798669952363 0.25689798653770535 0.18285454752746222 0.15282823438808715
50 0.24610192153048774 0.3656912890633741 0.2568979867585688 0.25689798614565335 0.25689798633277927 0.36569128902909814 0.25689798639071537 0.2974379068547022 0.2974379067334635 0.22909727680978997 0.36569128901135906 0.36569128889590086 0.25689798664489777 0.4198348075536993 0.2596853125215828 0.25689798665775115 0.41983480817161967 0.4198348077551451 0.3251647113097284 0.27777218718588165
38 0.3439696174893918 0.22662792895243355 0.45939869107173603 0.4593986904157154 0.45939869075713735 0.22662792866991938 0.459398690768968 0.1578834843379567 0.15788348443764977 0.11881248070664521 0.2266279288848033 0.2266279290155048 0.45939869108830494 0.25689798603151015 0.30200713635773185 0.4593986908806499 0.25689798669952363 0.25689798653770535 0.18285454752746222 0.15282823438808715
4 0.2943899313292598 0.24488518237620283 0.1188124807214166 0.11881248040319137 0.11881248052824063 0.24488518213859903 0.11881248053427128 0.508419094024049 0.5084190939406648 0.6578328999137297 0.24488518233052875 0.24488518222586766 0.11881248077199591 0.22909727651894554 -0.05536753588308858 0.11881248072177417 0.22909727694282614 0.22909727668971802 0.4738654450550788 0.5039507312290735
0 0.2542994138931894 0.32356234247631827 0.1578834846084241 0.15788348409434005 0.15788348449709225 0.32356234271111456 0.1578834843462564 0.47266906938077224 0.47266906938681125 0.5084190940692287 0.3235623423389462 0.323562342176513 0.15788348473440536 0.29743790655216695 0.009916467523790478 0.15788348448383235 0.2974379069804621 0.29743790683340526 0.4151301175409099 0.4731140802758187
40 0.17296505651703364 0.43274648210817873 0.22662792876992122 0.22662792822901726 0.2266279286868257 0.4327464816437183 0.22662792861451256 0.32356234213030455 0.32356234213773427 0.244885182272502 0.432746481866066 0.43274648178877345 0.2266279289634531 0.36569128848583315 0.248310135546027 0.22662792897141537 0.3656912889922265 0.36569128885730834 0.24906314716992953 0.3443966445874155
60 0.24610192153048774 0.3656912890633741 0.2568979867585688 0.25689798614565335 0.25689798633277927 0.36569128902909814 0.25689798639071537 0.2974379068547022 0.2974379067334635 0.22909727680978997 0.36569128901135906 0.36569128889590086 0.25689798664489777 0.4198348075536993 0.2596853125215828 0.25689798665775115 0.41983480817161967 0.4198348077551451 0.3251647113097284 0.27777218718588165
22 0.7365448790242557 0.17296505689047287 0.3439696176031336 0.3439696170433051 0.3439696174926151 0.17296505647043883 0.34396961740215687 0.25429941375535214 0.2542994137953869 0.2943899313292434 0.17296505655864633 0.17296505654061858 0.34396961773341733 0.2461019211790996 -0.00040018765240029626 0.3439696175184442 0.2461019216146099 0.24610192161488145 0.42417414933342434 0.22431954798417197
6 0.34193992883775937 0.2898498328572678 0.17005654386149752 0.1700565431428201 0.17005654327872644 0.28984983306382306 0.17005654329173073 0.45086699548568177 0.45086699532167085 0.49931873718881964 0.28984983272593795 0.28984983280243676 0.1700565435289191 0.3214570481123883 0.01332163886624903 0.17005654339761275 0.32145704870789615 0.32145704853456797 0.4897935960931152 0.40885444873734056
39 0.3439696174893918 0.22662792895243355 0.45939869107173603 0.4593986904157154 0.45939869075713735 0.22662792866991938 0.459398690768968 0.1578834843379567 0.15788348443764977 0.11881248070664521 0.2266279288848033 0.2266279290155048 0.45939869108830494 0.25689798603151015 0.30200713635773185 0.4593986908806499 0.25689798669952363 0.25689798653770535 0.18285454752746222 0.15282823438808715
63 -0.00040018765239298044 0.2483101357994044 0.3020071362250347 0.30200713585502165 0.30200713615235286 0.2483101356320869 0.3020071362700615 0.009916467402523119 0.00991646748560271 -0.0553675358830576 0.24831013557296236 0.2483101355038632 0.30200713653566447 0.2596853122661634 1.000066670459594 0.3020071363816245 0.25968531269480344 0.25968531236136705 0.012849627543917904 0.015754495474421395
61 0.24610192153048774 0.3656912890633741 0.2568979867585688 0.25689798614565335 0.25689798633277927 0.36569128902909814 0.25689798639071537 0.2974379068547022 0.2974379067334635 0.22909727680978997 0.36569128901135906 0.36569128889590086 0.25689798664489777 0.4198348075536993 0.2596853125215828 0.25689798665775115 0.41983480817161967 0.4198348077551451 0.3251647113097284 0.27777218718588165
68 0.3439696174893918 0.22662792895243355 0.45939869107173603 0.4593986904157154 0.45939869075713735 0.22662792866991938 0.459398690768968 0.1578834843379567 0.15788348443764977 0.11881248070664521 0.2266279288848033 0.2266279290155048 0.45939869108830494 0.25689798603151015 0.30200713635773185 0.4593986908806499 0.25689798669952363 0.25689798653770535 0.18285454752746222 0.15282823438808715
45 0.4180456150213528 0.2921432272393818 0.24688817716394557 0.24688817587341563 0.24688817612414135 0.2921432262988567 0.24688817611490388 0.43724649209460403 0.4372464921581961 0.45324473139396515 0.2921432263099321 0.29214322648980606 0.2468881764629821 0.3021791030848559 -0.011721012282047721 0.24688817639532434 0.30217910402306125 0.3021791037502012 0.3455793980241299 0.36738338111199204
69 0.3439696174893918 0.22662792895243355 0.45939869107173603 0.4593986904157154 0.45939869075713735 0.22662792866991938 0.459398690768968 0.1578834843379567 0.15788348443764977 0.11881248070664521 0.2266279288848033 0.2266279290155048 0.45939869108830494 0.25689798603151015 0.30200713635773185 0.4593986908806499 0.25689798669952363 0.25689798653770535 0.18285454752746222 0.15282823438808715
25 0.24610192153048774 0.3656912890633741 0.2568979867585688 0.25689798614565335 0.25689798633277927 0.36569128902909814 0.25689798639071537 0.2974379068547022 0.2974379067334635 0.22909727680978997 0.36569128901135906 0.36569128889590086 0.25689798664489777 0.4198348075536993 0.2596853125215828 0.25689798665775115 0.41983480817161967 0.4198348077551451 0.3251647113097284 0.27777218718588165
26 0.24610192153048774 0.3656912890633741 0.2568979867585688 0.25689798614565335 0.25689798633277927 0.36569128902909814 0.25689798639071537 0.2974379068547022 0.2974379067334635 0.22909727680978997 0.36569128901135906 0.36569128889590086 0.25689798664489777 0.4198348075536993 0.2596853125215828 0.25689798665775115 0.41983480817161967 0.4198348077551451 0.3251647113097284 0.27777218718588165
16 0.42417414933339176 0.24906314723859818 0.18285454760266262 0.18285454702044104 0.1828545471604978 0.24906314729162024 0.18285454734045245 0.41513011754954077 0.41513011740407396 0.4738654450550861 0.2490631472951247 0.24906314729234008 0.18285454760263437 0.3251647109997194 0.012849627543881663 0.18285454758388975 0.32516471130410024 0.3251647114440569 0.6138653542241568 0.32851975455280136
57 0.7902164094226478 0.12753030323312642 0.23481972844696458 0.23481972999653764 0.23481973071489373 0.12753030463281365 0.23481973087097155 0.17778501330442434 0.1777850131988878 0.2754455843036889 0.12753030436404883 0.12753030452668201 0.23481973116205265 0.2231029353272452 0.060798526618159744 0.2348197310375721 0.22310293494624994 0.22310293456817218 0.762467163236847 0.3129977074721589
59 -0.00040018765239298044 0.2483101357994044 0.3020071362250347 0.30200713585502165 0.30200713615235286 0.2483101356320869 0.3020071362700615 0.009916467402523119 0.00991646748560271 -0.0553675358830576 0.24831013557296236 0.2483101355038632 0.30200713653566447 0.2596853122661634 1.000066670459594 0.3020071363816245 0.25968531269480344 0.25968531236136705 0.012849627543917904 0.015754495474421395
32 0.7902164094226478 0.12753030323312642 0.23481972844696458 0.23481972999653764 0.23481973071489373 0.12753030463281365 0.23481973087097155 0.17778501330442434 0.1777850131988878 0.2754455843036889 0.12753030436404883 0.12753030452668201 0.23481973116205265 0.2231029353272452 0.060798526618159744 0.2348197310375721 0.22310293494624994 0.22310293456817218 0.762467163236847 0.3129977074721589
21 0.7365448790242557 0.17296505689047287 0.3439696176031336 0.3439696170433051 0.3439696174926151 0.17296505647043883 0.34396961740215687 0.25429941375535214 0.2542994137953869 0.2943899313292434 0.17296505655864633 0.17296505654061858 0.34396961773341733 0.2461019211790996 -0.00040018765240029626 0.3439696175184442 0.2461019216146099 0.24610192161488145 0.42417414933342434 0.22431954798417197
17 0.17296505651703364 0.43274648210817873 0.22662792876992122 0.22662792822901726 0.2266279286868257 0.4327464816437183 0.22662792861451256 0.32356234213030455 0.32356234213773427 0.244885182272502 0.432746481866066 0.43274648178877345 0.2266279289634531 0.36569128848583315 0.248310135546027 0.22662792897141537 0.3656912889922265 0.36569128885730834 0.24906314716992953 0.3443966445874155
11 0.17296505651703364 0.43274648210817873 0.22662792876992122 0.22662792822901726 0.2266279286868257 0.4327464816437183 0.22662792861451256 0.32356234213030455 0.32356234213773427 0.244885182272502 0.432746481866066 0.43274648178877345 0.2266279289634531 0.36569128848583315 0.248310135546027 0.22662792897141537 0.3656912889922265 0.36569128885730834 0.24906314716992953 0.3443966445874155
62 0.7902164094226478 0.12753030323312642 0.23481972844696458 0.23481972999653764 0.23481973071489373 0.12753030463281365 0.23481973087097155 0.17778501330442434 0.1777850131988878 0.2754455843036889 0.12753030436404883 0.12753030452668201 0.23481973116205265 0.2231029353272452 0.060798526618159744 0.2348197310375721 0.22310293494624994 0.22310293456817218 0.762467163236847 0.3129977074721589
54 -0.00040018765239298044 0.2483101357994044 0.3020071362250347 0.30200713585502165 0.30200713615235286 0.2483101356320869 0.3020071362700615 0.009916467402523119 0.00991646748560271 -0.0553675358830576 0.24831013557296236 0.2483101355038632 0.30200713653566447 0.2596853122661634 1.000066670459594 0.3020071363816245 0.25968531269480344 0.25968531236136705 0.012849627543917904 0.015754495474421395
12 0.42417414933339176 0.24906314723859818 0.18285454760266262 0.18285454702044104 0.1828545471604978 0.24906314729162024 0.18285454734045245 0.41513011754954077 0.41513011740407396 0.4738654450550861 0.2490631472951247 0.24906314729234008 0.18285454760263437 0.3251647109997194 0.012849627543881663 0.18285454758388975 0.32516471130410024 0.3251647114440569 0.6138653542241568 0.32851975455280136
15 0.17296505651703364 0.43274648210817873 0.22662792876992122 0.22662792822901726 0.2266279286868257 0.4327464816437183 0.22662792861451256 0.32356234213030455 0.32356234213773427 0.244885182272502 0.432746481866066 0.43274648178877345 0.2266279289634531 0.36569128848583315 0.248310135546027 0.22662792897141537 0.3656912889922265 0.36569128885730834 0.24906314716992953 0.3443966445874155
41 0.22431954798414733 0.3443966447512532 0.15282823408705265 0.1528282339999526 0.15282823415107494 0.34439664485714117 0.15282823433531312 0.47311408026570234 0.4731140801008067 0.5039507312290752 0.34439664452937535 0.3443966448426894 0.15282823448314714 0.2777721866707959 0.015754495474395114 0.1528282345200277 0.2777721872767911 0.27777218727372716 0.3285197545527865 0.5420515909257588
35 0.4180456150213528 0.2921432272393818 0.24688817716394557 0.24688817587341563 0.24688817612414135 0.2921432262988567 0.24688817611490388 0.43724649209460403 0.4372464921581961 0.45324473139396515 0.2921432263099321 0.29214322648980606 0.2468881764629821 0.3021791030848559 -0.011721012282047721 0.24688817639532434 0.30217910402306125 0.3021791037502012 0.3455793980241299 0.36738338111199204
65 0.4180456150213528 0.2921432272393818 0.24688817716394557 0.24688817587341563 0.24688817612414135 0.2921432262988567 0.24688817611490388 0.43724649209460403 0.4372464921581961 0.45324473139396515 0.2921432263099321 0.29214322648980606 0.2468881764629821 0.3021791030848559 -0.011721012282047721 0.24688817639532434 0.30217910402306125 0.3021791037502012 0.3455793980241299 0.36738338111199204
2 0.42417414933339176 0.24906314723859818 0.18285454760266262 0.18285454702044104 0.1828545471604978 0.24906314729162024 0.18285454734045245 0.41513011754954077 0.41513011740407396 0.4738654450550861 0.2490631472951247 0.24906314729234008 0.18285454760263437 0.3251647109997194 0.012849627543881663 0.18285454758388975 0.32516471130410024 0.3251647114440569 0.6138653542241568 0.32851975455280136
29 -0.00040018765239298044 0.2483101357994044 0.3020071362250347 0.30200713585502165 0.30200713615235286 0.2483101356320869 0.3020071362700615 0.009916467402523119 0.00991646748560271 -0.0553675358830576 0.24831013557296236 0.2483101355038632 0.30200713653566447 0.2596853122661634 1.000066670459594 0.3020071363816245 0.25968531269480344 0.25968531236136705 0.012849627543917904 0.015754495474421395
66 0.7365448790242557 0.17296505689047287 0.3439696176031336 0.3439696170433051 0.3439696174926151 0.17296505647043883 0.34396961740215687 0.25429941375535214 0.2542994137953869 0.2943899313292434 0.17296505655864633 0.17296505654061858 0.34396961773341733 0.2461019211790996 -0.00040018765240029626 0.3439696175184442 0.2461019216146099 0.24610192161488145 0.42417414933342434 0.22431954798417197
48 0.3439696174893918 0.22662792895243355 0.45939869107173603 0.4593986904157154 0.45939869075713735 0.22662792866991938 0.459398690768968 0.1578834843379567 0.15788348443764977 0.11881248070664521 0.2266279288848033 0.2266279290155048 0.45939869108830494 0.25689798603151015 0.30200713635773185 0.4593986908806499 0.25689798669952363 0.25689798653770535 0.18285454752746222 0.15282823438808715
30 0.22431954798414733 0.3443966447512532 0.15282823408705265 0.1528282339999526 0.15282823415107494 0.34439664485714117 0.15282823433531312 0.47311408026570234 0.4731140801008067 0.5039507312290752 0.34439664452937535 0.3443966448426894 0.15282823448314714 0.2777721866707959 0.015754495474395114 0.1528282345200277 0.2777721872767911 0.27777218727372716 0.3285197545527865 0.5420515909257588
31 0.17296505651703364 0.43274648210817873 0.22662792876992122 0.22662792822901726 0.2266279286868257 0.4327464816437183 0.22662792861451256 0.32356234213030455 0.32356234213773427 0.244885182272502 0.432746481866066 0.43274648178877345 0.2266279289634531 0.36569128848583315 0.248310135546027 0.22662792897141537 0.3656912889922265 0.36569128885730834 0.24906314716992953 0.3443966445874155
34 -0.00040018765239298044 0.2483101357994044 0.3020071362250347 0.30200713585502165 0.30200713615235286 0.2483101356320869 0.3020071362700615 0.009916467402523119 0.00991646748560271 -0.0553675358830576 0.24831013557296236 0.2483101355038632 0.30200713653566447 0.2596853122661634 1.000066670459594 0.3020071363816245 0.25968531269480344 0.25968531236136705 0.012849627543917904 0.015754495474421395
58 -0.00040018765239298044 0.2483101357994044 0.3020071362250347 0.30200713585502165 0.30200713615235286 0.2483101356320869 0.3020071362700615 0.009916467402523119 0.00991646748560271 -0.0553675358830576 0.24831013557296236 0.2483101355038632 0.30200713653566447 0.2596853122661634 1.000066670459594 0.3020071363816245 0.25968531269480344 0.25968531236136705 0.012849627543917904 0.015754495474421395
44 -0.00040018765239298044 0.2483101357994044 0.3020071362250347 0.30200713585502165 0.30200713615235286 0.2483101356320869 0.3020071362700615 0.009916467402523119 0.00991646748560271 -0.0553675358830576 0.24831013557296236 0.2483101355038632 0.30200713653566447 0.2596853122661634 1.000066670459594 0.3020071363816245 0.25968531269480344 0.25968531236136705 0.012849627543917904 0.015754495474421395
10 0.34193992883775937 0.2898498328572678 0.17005654386149752 0.1700565431428201 0.17005654327872644 0.28984983306382306 0.17005654329173073 0.45086699548568177 0.45086699532167085 0.49931873718881964 0.28984983272593795 0.28984983280243676 0.1700565435289191 0.3214570481123883 0.01332163886624903 0.17005654339761275 0.32145704870789615 0.32145704853456797 0.4897935960931152 0.40885444873734056
51 0.24610192153048774 0.3656912890633741 0.2568979867585688 0.25689798614565335 0.25689798633277927 0.36569128902909814 0.25689798639071537 0.2974379068547022 0.2974379067334635 0.22909727680978997 0.36569128901135906 0.36569128889590086 0.25689798664489777 0.4198348075536993 0.2596853125215828 0.25689798665775115 0.41983480817161967 0.4198348077551451 0.3251647113097284 0.27777218718588165
7 0.17296505651703364 0.43274648210817873 0.22662792876992122 0.22662792822901726 0.2266279286868257 0.4327464816437183 0.22662792861451256 0.32356234213030455 0.32356234213773427 0.244885182272502 0.432746481866066 0.43274648178877345 0.2266279289634531 0.36569128848583315 0.248310135546027 0.22662792897141537 0.3656912889922265 0.36569128885730834 0.24906314716992953 0.3443966445874155
64 -0.00040018765239298044 0.2483101357994044 0.3020071362250347 0.30200713585502165 0.30200713615235286 0.2483101356320869 0.3020071362700615 0.009916467402523119 0.00991646748560271 -0.0553675358830576 0.24831013557296236 0.2483101355038632 0.30200713653566447 0.2596853122661634 1.000066670459594 0.3020071363816245 0.25968531269480344 0.25968531236136705 0.012849627543917904 0.015754495474421395
33 -0.00040018765239298044 0.2483101357994044 0.3020071362250347 0.30200713585502165 0.30200713615235286 0.2483101356320869 0.3020071362700615 0.009916467402523119 0.00991646748560271 -0.0553675358830576 0.24831013557296236 0.2483101355038632 0.30200713653566447 0.2596853122661634 1.000066670459594 0.3020071363816245 0.25968531269480344 0.25968531236136705 0.012849627543917904 0.015754495474421395
56 0.24610192153048774 0.3656912890633741 0.2568979867585688 0.25689798614565335 0.25689798633277927 0.36569128902909814 0.25689798639071537 0.2974379068547022 0.2974379067334635 0.22909727680978997 0.36569128901135906 0.36569128889590086 0.25689798664489777 0.4198348075536993 0.2596853125215828 0.25689798665775115 0.41983480817161967 0.4198348077551451 0.3251647113097284 0.27777218718588165
18 0.2542994138931894 0.32356234247631827 0.1578834846084241 0.15788348409434005 0.15788348449709225 0.32356234271111456 0.1578834843462564 0.47266906938077224 0.47266906938681125 0.5084190940692287 0.3235623423389462 0.323562342176513 0.15788348473440536 0.29743790655216695 0.009916467523790478 0.15788348448383235 0.2974379069804621 0.29743790683340526 0.4151301175409099 0.4731140802758187
28 -0.00040018765239298044 0.2483101357994044 0.3020071362250347 0.30200713585502165 0.30200713615235286 0.2483101356320869 0.3020071362700615 0.009916467402523119 0.00991646748560271 -0.0553675358830576 0.24831013557296236 0.2483101355038632 0.30200713653566447 0.2596853122661634 1.000066670459594 0.3020071363816245 0.25968531269480344 0.25968531236136705 0.012849627543917904 0.015754495474421395
53 -0.00040018765239298044 0.2483101357994044 0.3020071362250347 0.30200713585502165 0.30200713615235286 0.2483101356320869 0.3020071362700615 0.009916467402523119 0.00991646748560271 -0.0553675358830576 0.24831013557296236 0.2483101355038632 0.30200713653566447 0.2596853122661634 1.000066670459594 0.3020071363816245 0.25968531269480344 0.25968531236136705 0.012849627543917904 0.015754495474421395
67 0.7365448790242557 0.17296505689047287 0.3439696176031336 0.3439696170433051 0.3439696174926151 0.17296505647043883 0.34396961740215687 0.25429941375535214 0.2542994137953869 0.2943899313292434 0.17296505655864633 0.17296505654061858 0.34396961773341733 0.2461019211790996 -0.00040018765240029626 0.3439696175184442 0.2461019216146099 0.24610192161488145 0.42417414933342434 0.22431954798417197
37 0.7365448790242557 0.17296505689047287 0.3439696176031336 0.3439696170433051 0.3439696174926151 0.17296505647043883 0.34396961740215687 0.25429941375535214 0.2542994137953869 0.2943899313292434 0.17296505655864633 0.17296505654061858 0.34396961773341733 0.2461019211790996 -0.00040018765240029626 0.3439696175184442 0.2461019216146099 0.24610192161488145 0.42417414933342434 0.22431954798417197
42 0.7697577419997195 0.15285937182152412 0.2295445499317231 0.2295445503851617 0.22954455092312318 0.15285937220566229 0.22954455102882826 0.24559012410735528 0.2455901241090925 0.3619971256481539 0.15285937212780043 0.1528593721415368 0.22954455137184454 0.31990864114553186 0.07411811225418018 0.2295445511574848 0.31990864121132756 0.31990864086281734 0.5456785240443623 0.3520564173432162
19 0.17766708299472178 0.34833518467391433 0.14799400436074245 0.14799400406573635 0.14799400436699428 0.3483351848229082 0.1479940043404146 0.4836932028205576 0.48369320265373755 0.5081756407555222 0.3483351844740813 0.3483351845480583 0.14799400477580793 0.26746146017302763 0.00562886475101764 0.14799400434473098 0.2674614608084384 0.2674614606385302 0.37273944412945836 0.5203824798236271
43 -0.00040018765239298044 0.2483101357994044 0.3020071362250347 0.30200713585502165 0.30200713615235286 0.2483101356320869 0.3020071362700615 0.009916467402523119 0.00991646748560271 -0.0553675358830576 0.24831013557296236 0.2483101355038632 0.30200713653566447 0.2596853122661634 1.000066670459594 0.3020071363816245 0.25968531269480344 0.25968531236136705 0.012849627543917904 0.015754495474421395
5 0.17319977385770266 0.4631064369345976 0.21151019610464075 0.21151019579147617 0.2115101963215413 0.4631064366121888 0.21151019612373592 0.32039302580365786 0.3203930257613708 0.23938959674879207 0.46310643668475104 0.4631064368390027 0.21151019657717 0.3193631969096721 0.2657407171832323 0.2115101965184864 0.31936319723203743 0.3193631970759619 0.15439654704909717 0.42350881599826407
13 0.17296505651703364 0.43274648210817873 0.22662792876992122 0.22662792822901726 0.2266279286868257 0.4327464816437183 0.22662792861451256 0.32356234213030455 0.32356234213773427 0.244885182272502 0.432746481866066 0.43274648178877345 0.2266279289634531 0.36569128848583315 0.248310135546027 0.22662792897141537 0.3656912889922265 0.36569128885730834 0.24906314716992953 0.3443966445874155
46 0.7365448790242557 0.17296505689047287 0.3439696176031336 0.3439696170433051 0.3439696174926151 0.17296505647043883 0.34396961740215687 0.25429941375535214 0.2542994137953869 0.2943899313292434 0.17296505655864633 0.17296505654061858 0.34396961773341733 0.2461019211790996 -0.00040018765240029626 0.3439696175184442 0.2461019216146099 0.24610192161488145 0.42417414933342434 0.22431954798417197
27 0.7902164094226478 0.12753030323312642 0.23481972844696458 0.23481972999653764 0.23481973071489373 0.12753030463281365 0.23481973087097155 0.17778501330442434 0.1777850131988878 0.2754455843036889 0.12753030436404883 0.12753030452668201 0.23481973116205265 0.2231029353272452 0.060798526618159744 0.2348197310375721 0.22310293494624994 0.22310293456817218 0.762467163236847 0.3129977074721589
3 0.17319977385770266 0.4631064369345976 0.21151019610464075 0.21151019579147617 0.2115101963215413 0.4631064366121888 0.21151019612373592 0.32039302580365786 0.3203930257613708 0.23938959674879207 0.46310643668475104 0.4631064368390027 0.21151019657717 0.3193631969096721 0.2657407171832323 0.2115101965184864 0.31936319723203743 0.3193631970759619 0.15439654704909717 0.42350881599826407
24 0.3439696174893918 0.22662792895243355 0.45939869107173603 0.4593986904157154 0.45939869075713735 0.22662792866991938 0.459398690768968 0.1578834843379567 0.15788348443764977 0.11881248070664521 0.2266279288848033 0.2266279290155048 0.45939869108830494 0.25689798603151015 0.30200713635773185 0.4593986908806499 0.25689798669952363 0.25689798653770535 0.18285454752746222 0.15282823438808715
1 0.17296505651703364 0.43274648210817873 0.22662792876992122 0.22662792822901726 0.2266279286868257 0.4327464816437183 0.22662792861451256 0.32356234213030455 0.32356234213773427 0.244885182272502 0.432746481866066 0.43274648178877345 0.2266279289634531 0.36569128848583315 0.248310135546027 0.22662792897141537 0.3656912889922265 0.36569128885730834 0.24906314716992953 0.3443966445874155
14 0.42417414933339176 0.24906314723859818 0.18285454760266262 0.18285454702044104 0.1828545471604978 0.24906314729162024 0.18285454734045245 0.41513011754954077 0.41513011740407396 0.4738654450550861 0.2490631472951247 0.24906314729234008 0.18285454760263437 0.3251647109997194 0.012849627543881663 0.18285454758388975 0.32516471130410024 0.3251647114440569 0.6138653542241568 0.32851975455280136
