id,x_0,x_1,x_2,x_3,x_4,x_5,x_6,x_7,x_8,x_9,x_10,x_11,x_12,x_13,x_14,x_15,x_16
0.0,2.220446049250313e-16,2.220446049250313e-16,0.22384593281713633,0.5142737790188201,0.017298367339649984,0.8529985359349416,2.7755575615628914e-17,2.220446049250313e-16,2.220446049250313e-16,2.220446049250313e-16,0.9106889956705818,2.220446049250313e-16,0.46878024683410424,2.220446049250313e-16,0.6733369011825352,2.220446049250313e-16,2.220446049250313e-16
1.0,0.000945004480187754,2.220446049250313e-16,0.7073547965234663,2.220446049250313e-16,0.8577652079860549,0.02603637318402782,0.4747105554561521,0.18345484964640402,2.220446049250313e-16,0.3624753439903407,2.220446049250313e-16,2.220446049250313e-16,2.220446049250313e-16,0.7744231713376613,0.38100611159849235,2.220446049250313e-16,0.3096078060943653
2.0,1.1362256336722125,0.7545686925929219,2.220446049250313e-16,2.220446049250313e-16,0.5074046124442393,0.03514128764165747,1.1102230246251565e-16,2.220446049250313e-16,2.220446049250313e-16,0.09839032422742781,2.220446049250313e-16,0.08174859636710148,0.04346576523257897,2.220446049250313e-16,2.220446049250313e-16,0.3150071654056685,2.220446049250313e-16
3.0,2.220446049250313e-16,2.220446049250313e-16,0.7229618551549255,2.220446049250313e-16,0.6496286540375675,2.220446049250313e-16,0.47471055545615226,0.00727377366366073,0.24847651263795173,0.6579762965293998,2.220446049250313e-16,0.6386048862749804,2.220446049250313e-16,2.220446049250313e-16,0.2870213620640169,2.220446049250313e-16,0.16366358923555663
4.0,0.969862749147865,0.36467860890326875,2.220446049250313e-16,2.220446049250313e-16,0.12169593954715908,0.4764011375929361,4.163336342344337e-17,0.2194394893720428,2.220446049250313e-16,0.6437011973620881,0.19725395989613873,2.220446049250313e-16,2.220446049250313e-16,2.220446049250313e-16,2.220446049250313e-16,2.220446049250313e-16,2.220446049250313e-16
5.0,2.220446049250313e-16,0.012160979920805432,2.220446049250313e-16,2.220446049250313e-16,1.0571776085531344,2.220446049250313e-16,5.551115123125783e-16,0.28496557860627014,2.220446049250313e-16,0.3497214581242881,2.220446049250313e-16,0.39642744081956904,2.220446049250313e-16,2.220446049250313e-16,2.220446049250313e-16,2.220446049250313e-16,0.9116318824917272
6.0,1.0320903205028804,2.220446049250313e-16,2.220446049250313e-16,2.220446049250313e-16,2.220446049250313e-16,0.8284914421355516,2.220446049250313e-16,0.1356232728852297,0.1743767171145999,0.24102717787034328,0.1837505954023836,0.009656436100399145,2.220446049250313e-16,2.220446049250313e-16,2.220446049250313e-16,0.32591922332462,2.220446049250313e-16
7.0,2.220446049250313e-16,2.220446049250313e-16,2.220446049250313e-16,2.220446049250313e-16,1.061620609838748,2.220446049250313e-16,2.220446049250313e-16,0.2786144321684227,2.220446049250313e-16,0.3494687623609988,2.220446049250313e-16,0.3992076589709247,2.220446049250313e-16,2.220446049250313e-16,0.3070195096450374,2.220446049250313e-16,0.8111085356366812
8.0,0.9649134357335409,2.220446049250313e-16,2.220446049250313e-16,2.220446049250313e-16,0.020554494969379555,0.8330130111465771,2.220446049250313e-16,0.1362332378717974,0.1763813400115701,0.6490461139233895,0.18603971458999036,2.220446049250313e-16,2.220446049250313e-16,2.220446049250313e-16,2.220446049250313e-16,2.220446049250313e-16,2.220446049250313e-16
9.0,2.220446049250313e-16,2.220446049250313e-16,0.713050497666197,2.220446049250313e-16,1.0087585942583779,0.028158582903542225,4.440892098500626e-16,2.220446049250313e-16,2.220446049250313e-16,0.5284394462265908,2.220446049250313e-16,0.18305695459060875,2.220446049250313e-16,0.39919433102255636,0.6771602714059153,2.220446049250313e-16,0.21119289322486584
10.0,0.39141564994808903,2.220446049250313e-16,2.220446049250313e-16,2.220446049250313e-16,0.067906365261174,0.7809386789035644,2.220446049250313e-16,0.9677906068121792,0.5319405023204898,0.2502740744476195,2.220446049250313e-16,2.220446049250313e-16,2.220446049250313e-16,2.220446049250313e-16,2.220446049250313e-16,0.6321935870650857,2.220446049250313e-16
11.0,2.220446049250313e-16,0.8471993857263534,0.5162028972335388,2.220446049250313e-16,2.220446049250313e-16,0.043044678161533574,2.220446049250313e-16,0.3737359646030782,0.013738447832780163,2.220446049250313e-16,0.8508898972122162,2.220446049250313e-16,2.220446049250313e-16,0.06506365635375087,2.220446049250313e-16,2.220446049250313e-16,0.5083072608027415
12.0,2.220446049250313e-16,0.01807859972620124,0.7535157300945208,0.13464185205251186,2.220446049250313e-16,0.762052715490082,1.1102230246251565e-16,2.220446049250313e-16,2.220446049250313e-16,2.220446049250313e-16,1.0044636127015936,2.220446049250313e-16,0.4687802468341042,2.220446049250313e-16,0.5803542512673565,2.220446049250313e-16,2.220446049250313e-16
13.0,2.220446049250313e-16,0.8305473847168207,0.001765789062491363,2.220446049250313e-16,2.220446049250313e-16,2.220446049250313e-16,2.220446049250313e-16,0.18546257274381334,0.014900654943370303,2.220446049250313e-16,0.8923077192166603,2.220446049250313e-16,2.220446049250313e-16,0.06213223042970091,2.220446049250313e-16,0.3118975472457222,0.8317901833588967
14.0,0.13569673675794647,0.0022194202173493327,2.220446049250313e-16,0.2937426101724072,2.220446049250313e-16,1.0046300400220958,2.7755575615628914e-16,0.9143852215774163,0.7400996133024226,2.220446049250313e-16,0.09976139748296894,2.220446049250313e-16,2.220446049250313e-16,0.007224578077471488,0.050998080856388024,2.220446049250313e-16,2.220446049250313e-16
15.0,0.02500553282255478,2.220446049250313e-16,0.00884368269982766,0.4433323681011487,0.39875430570186826,0.005729215464119012,5.551115123125783e-17,2.220446049250313e-16,0.2465049549574086,0.4137155763439763,2.220446049250313e-16,0.09452880360074703,0.5377515973034168,0.858090382185277,0.38312370423472875,0.31127555305134913,0.34106577812161404
16.0,0.14595583278126997,2.220446049250313e-16,2.220446049250313e-16,0.3014641177107049,2.220446049250313e-16,0.8872755910451062,2.220446049250313e-16,0.9195985599155494,0.7404843905745118,2.220446049250313e-16,2.220446049250313e-16,2.220446049250313e-16,2.220446049250313e-16,0.012814598728680118,0.05355623108638199,0.6324593757004285,0.00015337924895402047
17.0,2.220446049250313e-16,0.8153287958031112,0.0017453117864689727,2.220446049250313e-16,2.220446049250313e-16,2.220446049250313e-16,0.47471055545615215,2.220446049250313e-16,0.01635356771937007,1.1102230246251565e-16,0.7923779001638261,2.220446049250313e-16,2.220446049250313e-16,0.07160559432176487,2.220446049250313e-16,0.6410088804500076,0.8382503117865758
18.0,2.220446049250313e-16,0.05851876107387081,0.00993882635967458,0.7471671668506319,0.08465488361339399,0.8190575947176495,2.220446049250313e-16,0.9080774253353389,2.220446049250313e-16,2.220446049250313e-16,0.2072811170786651,2.220446049250313e-16,0.4687802468341042,2.220446049250313e-16,0.5790010088895848,2.220446049250313e-16,0.004754775028140703
19.0,0.03338685183329881,0.8182954193165455,0.7210396883979943,2.220446049250313e-16,2.220446049250313e-16,0.06374978286807044,2.220446049250313e-16,2.220446049250313e-16,2.220446049250313e-16,2.220446049250313e-16,1.0321644454022398,2.220446049250313e-16,0.46780773617847304,2.220446049250313e-16,2.220446049250313e-16,2.220446049250313e-16,0.3463477352943066
20.0,2.220446049250313e-16,0.02779983982415406,2.220446049250313e-16,2.220446049250313e-16,2.220446049250313e-16,2.220446049250313e-16,0.47471055545615193,2.220446049250313e-16,2.220446049250313e-16,1.1102230246251565e-16,0.7819202146201495,2.220446049250313e-16,2.220446049250313e-16,0.7239645846290419,2.220446049250313e-16,0.6287940934419268,0.9376708773360429
21.0,2.220446049250313e-16,2.220446049250313e-16,0.009501379315327631,0.7423131968567086,0.022830879857251418,0.8472157650097846,1.3877787807814457e-17,0.16632594280628665,2.220446049250313e-16,2.220446049250313e-16,0.7848073815830063,2.220446049250313e-16,0.46878024683410413,2.220446049250313e-16,0.679881550584444,2.220446049250313e-16,2.220446049250313e-16
22.0,0.4482553029560954,0.013713153839488346,2.220446049250313e-16,0.3017181034362318,0.15896015121673485,0.89559954379899,2.220446049250313e-16,0.3879894252150789,0.24053087242507612,0.41900034311356094,0.010956974801768741,2.220446049250313e-16,0.06492005147507357,0.021563620162890984,0.05671551589777709,0.310531829022584,2.220446049250313e-16
23.0,0.004553628689847872,0.033639696123474006,0.19566837160824738,2.220446049250313e-16,0.7312498107379555,0.02754694494585409,1.6653345369377348e-16,0.25809169931222525,0.21340678377161237,2.220446049250313e-16,0.004518324471058472,2.220446049250313e-16,2.220446049250313e-16,0.8773302027671936,0.06699347491278011,0.3082068801678021,0.7265834505557706
24.0,0.004553628689847872,0.033639696123474006,0.19566837160824738,2.220446049250313e-16,0.7312498107379555,0.02754694494585409,1.6653345369377348e-16,0.25809169931222525,0.21340678377161237,2.220446049250313e-16,0.004518324471058472,2.220446049250313e-16,2.220446049250313e-16,0.8773302027671936,0.06699347491278011,0.3082068801678021,0.7265834505557706
25.0,0.8673021702754985,2.220446049250313e-16,2.220446049250313e-16,0.0062795030020605935,2.220446049250313e-16,2.220446049250313e-16,0.47471055545615215,0.0033910999649400253,2.220446049250313e-16,2.220446049250313e-16,2.220446049250313e-16,1.0326031642125009,0.5015902708726445,0.013013375214603759,2.220446049250313e-16,2.220446049250313e-16,2.220446049250313e-16
26.0,0.8371382650003775,0.01949205177427782,2.220446049250313e-16,0.006388420997946292,2.220446049250313e-16,2.220446049250313e-16,0.4747105554561521,0.0019606875931996812,0.207185011702712,2.220446049250313e-16,2.220446049250313e-16,1.004660576942215,2.220446049250313e-16,0.08641218778884194,2.220446049250313e-16,2.220446049250313e-16,2.220446049250313e-16
27.0,1.109786486418676,2.220446049250313e-16,2.220446049250313e-16,2.220446049250313e-16,0.30796182974821534,0.03355096745625019,2.220446049250313e-16,2.220446049250313e-16,2.220446049250313e-16,2.220446049250313e-16,0.002352262172242482,0.29720575391563575,0.033761943224943296,0.8181008613682477,2.220446049250313e-16,2.220446049250313e-16,2.220446049250313e-16
28.0,0.35425149897040376,2.220446049250313e-16,0.002755998005947058,0.8022586822788162,0.09473394766312612,2.220446049250313e-16,2.220446049250313e-16,2.220446049250313e-16,2.220446049250313e-16,2.220446049250313e-16,2.220446049250313e-16,1.173937710076753,0.045066692657048046,0.007106129960475587,2.220446049250313e-16,2.220446049250313e-16,0.06159297675328165
29.0,0.35425149897040376,2.220446049250313e-16,0.002755998005947058,0.8022586822788162,0.09473394766312612,2.220446049250313e-16,2.220446049250313e-16,2.220446049250313e-16,2.220446049250313e-16,2.220446049250313e-16,2.220446049250313e-16,1.173937710076753,0.045066692657048046,0.007106129960475587,2.220446049250313e-16,2.220446049250313e-16,0.06159297675328165
30.0,0.12220205050667485,0.010253279812844407,0.004983434294043221,0.810916572841059,2.220446049250313e-16,2.220446049250313e-16,0.4747105554561519,2.220446049250313e-16,0.7418167641564635,2.220446049250313e-16,0.009008848537150786,0.6149439437229728,2.220446049250313e-16,0.8354286117014311,2.220446049250313e-16,2.220446049250313e-16,2.220446049250313e-16
31.0,0.8673021702754985,2.220446049250313e-16,2.220446049250313e-16,0.0062795030020605935,2.220446049250313e-16,2.220446049250313e-16,0.47471055545615215,0.0033910999649400253,2.220446049250313e-16,2.220446049250313e-16,2.220446049250313e-16,1.0326031642125009,0.5015902708726445,0.013013375214603759,2.220446049250313e-16,2.220446049250313e-16,2.220446049250313e-16
32.0,1.109786486418676,2.220446049250313e-16,2.220446049250313e-16,2.220446049250313e-16,0.30796182974821534,0.03355096745625019,2.220446049250313e-16,2.220446049250313e-16,2.220446049250313e-16,2.220446049250313e-16,0.002352262172242482,0.29720575391563575,0.033761943224943296,0.8181008613682477,2.220446049250313e-16,2.220446049250313e-16,2.220446049250313e-16
33.0,0.8673021702754985,2.220446049250313e-16,2.220446049250313e-16,0.0062795030020605935,2.220446049250313e-16,2.220446049250313e-16,0.47471055545615215,0.0033910999649400253,2.220446049250313e-16,2.220446049250313e-16,2.220446049250313e-16,1.0326031642125009,0.5015902708726445,0.013013375214603759,2.220446049250313e-16,2.220446049250313e-16,2.220446049250313e-16
34.0,0.47969744004222414,2.220446049250313e-16,0.02308831278480139,0.44400388983127176,0.09556276495385191,2.220446049250313e-16,2.220446049250313e-16,2.220446049250313e-16,0.24886411255992014,2.220446049250313e-16,2.220446049250313e-16,1.1605033855148648,0.041687985477082586,0.00509013712267959,2.220446049250313e-16,2.220446049250313e-16,0.06171565455679583
35.0,2.220446049250313e-16,2.220446049250313e-16,0.0006215483395127646,2.220446049250313e-16,0.571556671151275,2.220446049250313e-16,2.498001805406602e-16,2.220446049250313e-16,2.220446049250313e-16,0.6617033243155379,0.108698488738758,0.6800317669339814,2.220446049250313e-16,2.220446049250313e-16,0.6006523619637811,2.220446049250313e-16,0.686332735208876
36.0,1.0831309363243302,2.220446049250313e-16,2.220446049250313e-16,2.220446049250313e-16,0.15000956839425583,0.7458177157077226,2.220446049250313e-16,0.161864241934856,2.220446049250313e-16,2.220446049250313e-16,2.220446049250313e-16,0.23530080214388385,0.042042760328961655,2.220446049250313e-16,2.220446049250313e-16,0.3133085547250075,2.220446049250313e-16
37.0,0.05621208705814838,2.220446049250313e-16,0.004638273083468869,0.002395236453140176,0.07738668070525741,2.220446049250313e-16,2.220446049250313e-16,2.220446049250313e-16,0.7231281622767546,2.220446049250313e-16,2.220446049250313e-16,1.1539386191791283,2.220446049250313e-16,2.220446049250313e-16,2.220446049250313e-16,2.220446049250313e-16,0.6994939917891788
38.0,0.05621208705814838,2.220446049250313e-16,0.004638273083468869,0.002395236453140176,0.07738668070525741,2.220446049250313e-16,2.220446049250313e-16,2.220446049250313e-16,0.7231281622767546,2.220446049250313e-16,2.220446049250313e-16,1.1539386191791283,2.220446049250313e-16,2.220446049250313e-16,2.220446049250313e-16,2.220446049250313e-16,0.6994939917891788
39.0,0.05621208705814834,2.220446049250313e-16,0.004638273083468869,0.0023952364531402244,0.07738668070525719,2.220446049250313e-16,2.220446049250313e-16,2.220446049250313e-16,0.7231281622767545,2.220446049250313e-16,2.220446049250313e-16,1.1539386191791283,2.220446049250313e-16,2.220446049250313e-16,2.220446049250313e-16,2.220446049250313e-16,0.6994939917891789
40.0,0.0660555616255878,0.009681715812154601,0.0025013039761391394,0.8188393264812857,0.14348250617174724,0.0023613478809987377,0.47471055545615154,2.220446049250313e-16,0.7491766242237565,0.6577614005748877,0.01023624913022972,0.2163917011088636,2.220446049250313e-16,0.900230254923168,2.220446049250313e-16,2.220446049250313e-16,2.220446049250313e-16
41.0,0.0130702493223089,2.220446049250313e-16,0.0024397091887400912,0.8197476821876176,0.1450962785402003,0.007998234134225334,0.4747105554561522,2.220446049250313e-16,0.5220507392797875,0.8341801307801352,2.220446049250313e-16,0.1812449859908095,0.5366383165280965,0.8300623882132561,2.220446049250313e-16,2.220446049250313e-16,2.220446049250313e-16
42.0,0.8858382932641646,0.7336670310814404,2.220446049250313e-16,2.220446049250313e-16,0.11896377524957376,0.09786414492554034,2.7755575615628914e-16,0.2112157459383494,2.220446049250313e-16,0.4136108415945188,0.36823144283293613,2.220446049250313e-16,2.220446049250313e-16,2.220446049250313e-16,2.220446049250313e-16,0.3251259524911688,2.220446049250313e-16
43.0,0.2508202150218797,2.220446049250313e-16,0.025060299589116375,0.4576137221233818,2.220446049250313e-16,2.220446049250313e-16,0.47471055545615204,2.220446049250313e-16,0.5131277362353036,0.688878673663655,2.220446049250313e-16,0.4035785454089098,0.5258599132150176,0.7721262020002368,2.220446049250313e-16,2.220446049250313e-16,2.220446049250313e-16
44.0,2.220446049250313e-16,0.011620492081635396,2.220446049250313e-16,2.220446049250313e-16,1.0821135624200435,0.03234521440728557,2.220446049250313e-16,0.31464088813199276,2.220446049250313e-16,0.08735372933897709,2.220446049250313e-16,0.39044579112454264,2.220446049250313e-16,0.016605337257163573,0.08295574877028997,2.220446049250313e-16,0.9106205421977898
45.0,2.220446049250313e-16,0.0072894958559013975,0.5323936660029643,0.41108570691247753,0.15473993525264035,2.220446049250313e-16,2.220446049250313e-16,0.6679042280118341,0.5256986953605192,0.5749520571278861,0.16397993210530362,2.220446049250313e-16,2.220446049250313e-16,0.8606922737740165,2.220446049250313e-16,2.220446049250313e-16,2.220446049250313e-16
46.0,1.0825011877684492,0.7541654027115715,2.220446049250313e-16,2.220446049250313e-16,0.6873522989000062,0.0379170197357585,1.1102230246251565e-16,2.220446049250313e-16,0.1750635383911709,0.3510997672861558,2.220446049250313e-16,2.220446049250313e-16,2.220446049250313e-16,0.006522690850271094,2.220446049250313e-16,2.220446049250313e-16,2.220446049250313e-16
47.0,1.0825011877684492,0.7541654027115715,2.220446049250313e-16,2.220446049250313e-16,0.6873522989000062,0.0379170197357585,1.1102230246251565e-16,2.220446049250313e-16,0.1750635383911709,0.3510997672861558,2.220446049250313e-16,2.220446049250313e-16,2.220446049250313e-16,0.006522690850271094,2.220446049250313e-16,2.220446049250313e-16,2.220446049250313e-16
48.0,0.00976297684183629,0.015331560520219445,0.005322106532879069,0.8046875265472626,2.220446049250313e-16,0.011287529444885203,0.4747105554561514,2.220446049250313e-16,0.7459781331529909,0.2536243477185176,0.021054435316284793,0.9255817682449577,2.220446049250313e-16,0.2772428892312466,2.220446049250313e-16,2.220446049250313e-16,2.220446049250313e-16
49.0,0.00976297684183629,0.015331560520219445,0.005322106532879069,0.8046875265472626,2.220446049250313e-16,0.011287529444885203,0.4747105554561514,2.220446049250313e-16,0.7459781331529909,0.2536243477185176,0.021054435316284793,0.9255817682449577,2.220446049250313e-16,0.2772428892312466,2.220446049250313e-16,2.220446049250313e-16,2.220446049250313e-16
50.0,2.220446049250313e-16,0.8479614564530533,0.7526334556736155,0.1849475626934935,0.04211799375139573,0.000999772613037846,8.326672684688674e-17,0.7889715542271383,2.220446049250313e-16,2.220446049250313e-16,0.3342277717796885,2.220446049250313e-16,0.46878024683410396,2.220446049250313e-16,0.2816435106233458,0.3067276622076282,0.050768551362689075
51.0,2.220446049250313e-16,2.220446049250313e-16,0.00898463683817268,0.7523047841587893,0.09639227706933323,0.7542481344916637,5.551115123125783e-17,0.9447186062480268,2.220446049250313e-16,2.220446049250313e-16,2.220446049250313e-16,2.220446049250313e-16,0.4687174132255921,0.008150103388945456,0.6686785488108496,0.6322831029315604,2.220446049250313e-16
52.0,2.220446049250313e-16,2.220446049250313e-16,0.00898463683817268,0.7523047841587893,0.09639227706933323,0.7542481344916637,5.551115123125783e-17,0.9447186062480268,2.220446049250313e-16,2.220446049250313e-16,2.220446049250313e-16,2.220446049250313e-16,0.4687174132255921,0.008150103388945456,0.6686785488108496,0.6322831029315604,2.220446049250313e-16
53.0,2.220446049250313e-16,0.0060247643141705404,0.7509412570192797,0.184746846806889,2.220446049250313e-16,2.220446049250313e-16,2.220446049250313e-16,0.8834221590654702,0.006865504331981557,2.220446049250313e-16,0.16672201781143353,2.220446049250313e-16,2.220446049250313e-16,0.843529330356421,0.6612706456089518,0.6172846878570737,2.220446049250313e-16
54.0,2.220446049250313e-16,0.8069603598430798,0.7508663183436397,0.18577973063523642,0.0437018254986895,2.220446049250313e-16,2.220446049250313e-16,0.780832505137545,2.220446049250313e-16,2.220446049250313e-16,0.20988848167240315,2.220446049250313e-16,0.46878024683410424,2.220446049250313e-16,0.5931042774209214,0.6341555338455758,2.220446049250313e-16
55.0,2.220446049250313e-16,0.8533454311196077,0.5158891522197133,2.220446049250313e-16,0.024285352652450038,0.05311758449273724,1.9949319973733282e-16,0.45914170021252715,0.01380391548273347,2.220446049250313e-16,0.7013216382717208,2.220446049250313e-16,2.220446049250313e-16,0.06448713894542109,2.220446049250313e-16,2.220446049250313e-16,0.5152905367218427
56.0,2.220446049250313e-16,0.8265655494813242,0.0017640619747398834,2.220446049250313e-16,2.220446049250313e-16,0.04075442203963204,2.220446049250313e-16,0.17990441240397445,0.01445577979164568,2.220446049250313e-16,0.9751645676469353,2.220446049250313e-16,2.220446049250313e-16,0.06407684490891818,2.220446049250313e-16,2.220446049250313e-16,0.827262806840811
57.0,0.07610006179171182,0.01832341900444967,0.5394059750037169,0.35824074708209774,2.220446049250313e-16,0.8180861710412635,1.1102230246251565e-16,2.220446049250313e-16,2.220446049250313e-16,2.220446049250313e-16,0.9963960960349634,2.220446049250313e-16,2.220446049250313e-16,2.220446049250313e-16,0.5814971797653533,2.220446049250313e-16,2.220446049250313e-16
58.0,2.220446049250313e-16,0.052641167966384614,0.7547134745266645,0.13428003157508928,2.220446049250313e-16,0.7649116074580447,2.220446049250313e-16,2.220446049250313e-16,2.220446049250313e-16,2.220446049250313e-16,1.0272284048966365,2.220446049250313e-16,0.46878024683410435,2.220446049250313e-16,0.26912029228553264,2.220446049250313e-16,0.0793738416012001
59.0,2.220446049250313e-16,0.8248305563945745,2.220446049250313e-16,0.01567748518740819,0.016356488053790922,0.02484908934442455,2.220446049250313e-16,2.220446049250313e-16,0.007428041799230235,0.2562195335546872,0.2520597778533252,0.42206487165158546,0.06973236093944,0.03224158081267809,2.220446049250313e-16,2.220446049250313e-16,0.9622997254583054
60.0,2.220446049250313e-16,0.05000387437180907,0.0009391627826127458,2.220446049250313e-16,2.220446049250313e-16,2.220446049250313e-16,0.47471055545615226,2.220446049250313e-16,0.010046442265199023,1.6653345369377348e-16,0.8129853610692558,2.220446049250313e-16,2.220446049250313e-16,0.8131161194483989,2.220446049250313e-16,0.6271248177433597,0.8728337498823048
61.0,0.13569673675794647,0.0022194202173493327,2.220446049250313e-16,0.2937426101724072,2.220446049250313e-16,1.0046300400220958,2.7755575615628914e-16,0.9143852215774163,0.7400996133024226,2.220446049250313e-16,0.09976139748296894,2.220446049250313e-16,2.220446049250313e-16,0.007224578077471488,0.050998080856388024,2.220446049250313e-16,2.220446049250313e-16
62.0,0.07393474679250948,2.220446049250313e-16,0.009900532041822174,0.737852213181227,0.0056756758311340555,0.9092188265193001,2.220446049250313e-16,2.220446049250313e-16,2.220446049250313e-16,2.220446049250313e-16,0.9027029856990123,2.220446049250313e-16,2.220446049250313e-16,2.220446049250313e-16,0.6746039182412558,2.220446049250313e-16,2.220446049250313e-16
63.0,2.220446049250313e-16,0.4381150909016876,2.220446049250313e-16,2.220446049250313e-16,0.8683917619269748,2.220446049250313e-16,4.440892098500626e-16,0.12616679561556016,2.220446049250313e-16,2.220446049250313e-16,0.16639710004712657,2.220446049250313e-16,2.220446049250313e-16,0.3727395973962326,2.220446049250313e-16,0.3190392739338001,0.9587247282004634
64.0,2.220446049250313e-16,0.7984484170629579,9.366378451014512e-05,2.220446049250313e-16,0.01911680423625379,2.220446049250313e-16,0.47471055545615193,2.220446049250313e-16,2.220446049250313e-16,2.220446049250313e-16,0.8613168699116394,0.01525149112954163,2.220446049250313e-16,2.220446049250313e-16,2.220446049250313e-16,0.3150071654056685,0.8956299769725822
65.0,0.039204725855392614,0.849085628200259,0.7120846563118404,2.220446049250313e-16,0.6872382637968417,2.220446049250313e-16,0.47471055545615204,0.05497783663491321,2.220446049250313e-16,2.220446049250313e-16,0.18530311097656096,2.220446049250313e-16,0.5455257983162801,0.033179226881864685,2.220446049250313e-16,0.3261442714598782,0.35923038270986535
66.0,0.045143809678272744,0.35292432152135433,0.7503379012761433,0.17872845596947698,0.00042704797045450317,0.05545720428916645,2.220446049250313e-16,0.18079216982906973,0.01039030517444961,2.220446049250313e-16,0.751625654754768,2.220446049250313e-16,2.220446049250313e-16,0.4768876983484218,0.6826468603781759,0.3165159609845931,2.220446049250313e-16
67.0,0.9591981354925638,0.38312936522774255,2.220446049250313e-16,2.220446049250313e-16,0.21669572953492167,0.3685817946712087,2.220446049250313e-16,0.3533273217353393,2.220446049250313e-16,0.6389672051458166,2.220446049250313e-16,2.220446049250313e-16,0.05020327227047109,2.220446049250313e-16,2.220446049250313e-16,0.31129933250017355,2.220446049250313e-16
68.0,2.220446049250313e-16,2.220446049250313e-16,0.713969866854348,2.220446049250313e-16,1.01486335785807,2.220446049250313e-16,2.220446049250313e-16,2.220446049250313e-16,2.220446049250313e-16,0.7873604849230181,2.220446049250313e-16,0.4212486869419696,2.220446049250313e-16,2.220446049250313e-16,0.5943498856891014,2.220446049250313e-16,0.20195481801542695
69.0,0.0739526286069763,0.011375921867960881,0.5331986092108981,0.4260137551851152,0.03218753377104672,2.220446049250313e-16,2.220446049250313e-16,2.220446049250313e-16,0.5424518385108059,0.3995191979196758,0.014380211559649874,0.6556269724986766,0.058051957918415484,0.6820029680570225,2.220446049250313e-16,2.220446049250313e-16,0.011930864224396969
