id,x_0,x_1,x_2,x_3,x_4,x_5,x_6,x_7,x_8,x_9,x_10,x_11,x_12,x_13,x_14,x_15,x_16
0.0,2.220446049250313e-16,2.220446049250313e-16,2.220446049250313e-16,0.4877171470777124,2.220446049250313e-16,0.8215324736442591,0.05417239769729573,0.021603770692102797,2.220446049250313e-16,1.1498194789993221,0.23332942295838227,0.8502467311000123,2.220446049250313e-16,2.220446049250313e-16,0.12022498351368074,2.220446049250313e-16,2.220446049250313e-16
1.0,0.028286580159665967,2.220446049250313e-16,0.634843686856422,0.1094102559118926,0.035540038358665364,2.220446049250313e-16,0.15007369300022586,0.37958882638784053,0.4016793697679415,2.220446049250313e-16,0.9675116188005579,2.220446049250313e-16,2.220446049250313e-16,0.8144629763235427,2.220446049250313e-16,2.220446049250313e-16,1.129173043380889
2.0,0.8372495754251094,2.220446049250313e-16,0.6459504177216422,2.220446049250313e-16,2.220446049250313e-16,2.220446049250313e-16,0.1389844108854824,0.378775903610591,2.220446049250313e-16,0.025737816537004625,4.084073779709731e-05,0.3053339460799521,2.220446049250313e-16,2.220446049250313e-16,1.0591690516765997,2.220446049250313e-16,1.0757240069843816
3.0,0.9204648482601673,2.220446049250313e-16,0.6011426744524644,0.47795663429482854,2.220446049250313e-16,2.220446049250313e-16,0.5405074711734162,0.8202440111144872,2.220446049250313e-16,2.220446049250313e-16,2.220446049250313e-16,2.220446049250313e-16,0.247376360104326,2.220446049250313e-16,0.48781224276259466,2.220446049250313e-16,0.7200760113417893
4.0,0.7814504680179045,1.01478683122553,0.00857065747750332,2.220446049250313e-16,2.220446049250313e-16,2.220446049250313e-16,2.220446049250313e-16,0.7684439366682755,2.220446049250313e-16,0.023012662850388093,2.220446049250313e-16,2.220446049250313e-16,0.009400359080625547,2.220446049250313e-16,1.0417957613544593,2.220446049250313e-16,0.31886403183679435
5.0,0.4424221753578263,0.06113297469171858,2.220446049250313e-16,0.9510522306438456,2.220446049250313e-16,2.220446049250313e-16,0.6645207163927606,0.3546524072363885,0.41506198240720643,0.04956805247377032,0.12457873493003875,2.220446049250313e-16,2.220446049250313e-16,0.39655440659787206,0.06990025946688114,0.048081640158278226,0.6318578755060354
6.0,0.6228193092997175,0.7726717746335505,2.220446049250313e-16,0.05308567916448787,0.1850856616600356,2.220446049250313e-16,2.220446049250313e-16,2.220446049250313e-16,0.7689410792558,0.3097920249180783,2.220446049250313e-16,2.220446049250313e-16,0.02428410987544746,0.16068950822273462,1.0252534463041274,2.220446049250313e-16,0.04303478267117042
7.0,2.220446049250313e-16,2.220446049250313e-16,2.220446049250313e-16,0.25447333476047473,0.027734939166008776,2.220446049250313e-16,0.00033407632615973273,2.220446049250313e-16,0.4324104803378395,0.314147082503949,0.608978525900432,0.00398207664639353,2.220446049250313e-16,0.8096635595390845,0.014970596929910101,0.2717035847595114,1.0649394101968923
8.0,2.220446049250313e-16,0.01854196335058859,2.220446049250313e-16,0.1452528340362692,0.2559574292721208,0.5607178568354699,2.220446049250313e-16,0.3684243924926224,2.220446049250313e-16,1.135314600135214,0.19685390139745387,0.38832929341662703,0.00450175512116961,2.220446049250313e-16,0.6612283308048211,2.220446049250313e-16,2.220446049250313e-16
9.0,0.06293262932811683,0.5731309191758527,0.6479424626708659,2.220446049250313e-16,0.4962833683756636,0.13144350703731253,2.220446049250313e-16,0.0040881333192532504,0.7675687978859462,0.02660294963717305,1.0732201232708067,2.220446049250313e-16,2.220446049250313e-16,0.3806865600655785,2.220446049250313e-16,0.04032153933716542,0.36327328036310935
10.0,2.220446049250313e-16,2.220446049250313e-16,0.00013363268133852977,0.9914324113033677,0.9545645810336361,2.220446049250313e-16,2.220446049250313e-16,0.030479975225479662,2.220446049250313e-16,1.0686698292690497,2.220446049250313e-16,0.8133641872069945,0.002000702052756452,2.220446049250313e-16,2.220446049250313e-16,2.220446049250313e-16,2.220446049250313e-16
11.0,2.220446049250313e-16,0.8799521041943413,0.6507859095290127,2.220446049250313e-16,0.7378617481001146,2.220446049250313e-16,0.03732167484347687,0.7677120718501209,2.220446049250313e-16,0.0007732034253417244,1.1254271738531163,2.220446049250313e-16,2.220446049250313e-16,2.220446049250313e-16,2.220446049250313e-16,2.220446049250313e-16,0.1996310969950857
12.0,0.26013050296097995,1.045024044970216,0.017774240300416314,0.24072215534015867,2.220446049250313e-16,2.220446049250313e-16,2.220446049250313e-16,0.024115428781732114,0.0013849841555916653,2.220446049250313e-16,2.220446049250313e-16,0.8221476020793244,2.220446049250313e-16,0.6485390955494982,0.8146518050002933,0.0020080413334301124,0.30767171340350186
13.0,0.039650955588614735,0.6261417149258184,0.6492560301794993,2.220446049250313e-16,0.6528824057038948,2.220446049250313e-16,0.03641965608618752,0.7696292616224499,2.220446049250313e-16,0.0009589514465948199,1.139766297957676,2.220446049250313e-16,2.220446049250313e-16,2.220446049250313e-16,2.220446049250313e-16,2.220446049250313e-16,0.5200260829186407
14.0,2.220446049250313e-16,2.220446049250313e-16,0.0006324747535071172,0.7921344122236569,0.7045443689935396,2.220446049250313e-16,0.03586141185908474,2.220446049250313e-16,2.220446049250313e-16,1.0283839930304965,0.021248448960716454,0.7544470619393815,2.220446049250313e-16,0.18109234469327268,0.316023569563619,2.220446049250313e-16,2.220446049250313e-16
15.0,0.025278793020661782,0.958649518517574,2.220446049250313e-16,1.0813248363051633,0.15208292037840238,2.220446049250313e-16,0.06596415002158801,0.8112466191655131,2.220446049250313e-16,0.04136968810614632,0.026422386070825966,0.029080676058024675,2.220446049250313e-16,0.8215917982078595,0.11466802376172504,2.220446049250313e-16,2.220446049250313e-16
16.0,2.220446049250313e-16,2.220446049250313e-16,2.220446049250313e-16,1.0303835364285994,0.5841404119339288,0.1695379123434255,2.220446049250313e-16,0.7614942469658358,0.04762321794947074,1.0688093738243778,0.02080889448993168,2.220446049250313e-16,2.220446049250313e-16,0.17709990387952562,2.220446049250313e-16,2.220446049250313e-16,0.051031507836198635
17.0,2.220446049250313e-16,1.1150519614545695,0.019250953176400465,0.010678181026476987,0.5242556928906043,0.20935874359277112,2.220446049250313e-16,0.00023346086711044145,0.7784642211616892,2.220446049250313e-16,1.0612516431583408,2.220446049250313e-16,2.220446049250313e-16,0.14607454522679375,2.220446049250313e-16,0.04729989712402783,2.220446049250313e-16
18.0,2.220446049250313e-16,0.06546170062718466,2.220446049250313e-16,0.8237442651442668,0.720214606517052,0.021168249393741487,2.220446049250313e-16,0.7653974668269724,0.0029660109348015524,1.0443264985164982,2.220446049250313e-16,2.220446049250313e-16,0.0027897633878083373,0.16579875470505576,0.25403322994643757,2.220446049250313e-16,2.220446049250313e-16
19.0,0.09045789943952044,0.8201248247337236,0.01636992778086767,2.220446049250313e-16,0.6017109683822208,0.15128668613128612,2.220446049250313e-16,0.0029126022603101365,0.360094248394937,0.017846762116931834,0.9027817427200671,2.220446049250313e-16,2.220446049250313e-16,0.1507606675801529,2.220446049250313e-16,0.3767977668957579,0.23278202026045025
20.0,2.220446049250313e-16,0.9829040199467716,0.6289777025613024,2.220446049250313e-16,0.953295641215548,2.220446049250313e-16,2.220446049250313e-16,0.002057691299269096,0.7742467666152532,0.014031988575554835,0.8473759059404935,2.220446049250313e-16,2.220446049250313e-16,2.220446049250313e-16,2.220446049250313e-16,0.15945592846526044,2.220446049250313e-16
21.0,0.010284157515792857,0.6583134254561526,2.220446049250313e-16,1.1265151301067673,0.23135450892508885,2.220446049250313e-16,2.220446049250313e-16,0.8127826866637727,0.01673584142161622,0.3799175558139322,2.220446049250313e-16,0.03859441291120799,0.004312309262833655,0.823219264422999,2.220446049250313e-16,2.220446049250313e-16,2.220446049250313e-16
22.0,2.220446049250313e-16,2.220446049250313e-16,2.220446049250313e-16,0.5982581337676313,0.18695995923415687,0.6974231221367632,2.220446049250313e-16,0.7706685746769731,0.033520326042759147,1.1617214593865268,0.2259131849660534,2.220446049250313e-16,0.0010201076066523296,2.220446049250313e-16,0.00973391050685471,2.220446049250313e-16,0.03500578004015368
23.0,0.00793912593878406,1.0121922191263124,0.03146781760512042,0.002299836096916962,2.220446049250313e-16,0.9464807193371234,2.220446049250313e-16,0.002906629098317368,0.3931289816656996,0.0939995708163224,0.0362492930783275,2.220446049250313e-16,2.220446049250313e-16,2.220446049250313e-16,2.220446049250313e-16,0.8749508584053446,2.220446049250313e-16
24.0,0.008236965683007523,0.42312385491961957,2.220446049250313e-16,0.2790311931389599,0.043275142634438664,0.8387227750477272,0.057635441577018734,0.8325426871709001,2.220446049250313e-16,0.5185022914430407,0.7047941087819282,0.05152685412903197,2.220446049250313e-16,2.220446049250313e-16,2.220446049250313e-16,0.1314612757896845,2.220446049250313e-16
25.0,0.9463236740107079,2.220446049250313e-16,2.220446049250313e-16,0.5004718901857612,2.220446049250313e-16,2.220446049250313e-16,0.9988335025427607,0.00204970885395151,0.8181849050744089,2.220446049250313e-16,0.054140541283547866,2.220446049250313e-16,0.7332179696251402,2.220446049250313e-16,0.35394726655370673,0.013020951698475563,0.13413613002273134
26.0,2.220446049250313e-16,2.220446049250313e-16,2.220446049250313e-16,0.09096421088018133,2.220446049250313e-16,0.8246780530915974,0.06462604780996133,2.220446049250313e-16,2.220446049250313e-16,1.1059679627513719,0.11191639486579243,0.732507824242468,2.220446049250313e-16,2.220446049250313e-16,0.7713178954163851,2.220446049250313e-16,2.220446049250313e-16
27.0,2.220446049250313e-16,2.220446049250313e-16,2.220446049250313e-16,0.0017875429833743607,0.10072656799874125,0.678323519546265,0.19483250071862715,2.220446049250313e-16,2.220446049250313e-16,2.220446049250313e-16,2.220446049250313e-16,0.00019521241678989706,0.8684756447395897,2.220446049250313e-16,2.220446049250313e-16,1.231815682636616,0.38523677961778724
28.0,2.220446049250313e-16,2.220446049250313e-16,2.220446049250313e-16,0.0017875429833743607,0.10072656799874125,0.678323519546265,0.19483250071862715,2.220446049250313e-16,2.220446049250313e-16,2.220446049250313e-16,2.220446049250313e-16,0.00019521241678989706,0.8684756447395897,2.220446049250313e-16,2.220446049250313e-16,1.231815682636616,0.38523677961778724
29.0,2.220446049250313e-16,2.220446049250313e-16,2.220446049250313e-16,0.0017875429833743729,0.10072656799874125,0.678323519546265,0.19483250071862715,2.220446049250313e-16,2.220446049250313e-16,2.220446049250313e-16,2.220446049250313e-16,0.00019521241678989706,0.8684756447395897,2.220446049250313e-16,2.220446049250313e-16,1.2318156826366162,0.3852367796177873
30.0,0.9191918846373568,0.000754632443339287,0.6389396656744168,0.6582130026821217,0.03348215320311337,2.220446049250313e-16,2.220446049250313e-16,0.004236065441854618,0.8211392520187442,2.220446049250313e-16,0.01315238234309918,2.220446049250313e-16,0.003401870644650193,2.220446049250313e-16,0.1968881801848771,2.220446049250313e-16,1.2352561351333857
31.0,2.220446049250313e-16,2.220446049250313e-16,0.0004451456101920272,0.9883600310856584,0.8639144549933389,0.02360886318038139,2.220446049250313e-16,0.030551191993173465,2.220446049250313e-16,1.1090671242310612,2.220446049250313e-16,0.813040626084653,0.0018552733904355174,2.220446049250313e-16,2.220446049250313e-16,2.220446049250313e-16,2.220446049250313e-16
32.0,2.220446049250313e-16,2.220446049250313e-16,0.0004451456101920272,0.9883600310856584,0.8639144549933389,0.02360886318038139,2.220446049250313e-16,0.030551191993173465,2.220446049250313e-16,1.1090671242310612,2.220446049250313e-16,0.813040626084653,0.0018552733904355174,2.220446049250313e-16,2.220446049250313e-16,2.220446049250313e-16,2.220446049250313e-16
33.0,2.220446049250313e-16,0.9771582818829517,0.6278784685019418,2.220446049250313e-16,0.9538663370523093,2.220446049250313e-16,2.220446049250313e-16,0.0018933890793358518,0.7660020737950946,0.01162084316959634,0.9980027376613447,2.220446049250313e-16,2.220446049250313e-16,2.220446049250313e-16,2.220446049250313e-16,0.06404222998984951,2.220446049250313e-16
34.0,2.220446049250313e-16,0.9771582818829518,0.6278784685019423,2.220446049250313e-16,0.9538663370523093,2.220446049250313e-16,2.220446049250313e-16,0.0018933890793358787,0.7660020737950946,0.01162084316959636,0.998002737661345,2.220446049250313e-16,2.220446049250313e-16,2.220446049250313e-16,2.220446049250313e-16,0.06404222998984967,2.220446049250313e-16
35.0,0.540713736822663,0.14366506717110616,2.220446049250313e-16,0.6047876920610524,0.026907431054679114,2.220446049250313e-16,0.3781553025296064,2.220446049250313e-16,0.0013909873264758205,0.05336349198633808,0.3532644998950557,2.220446049250313e-16,0.08453921140064286,0.15909638428732767,2.220446049250313e-16,0.7230712075850318,0.29948930841475524
36.0,2.220446049250313e-16,2.220446049250313e-16,2.220446049250313e-16,2.220446049250313e-16,0.061315613977013024,0.8242013681145862,2.220446049250313e-16,2.220446049250313e-16,0.008499889401739524,1.127470208755657,0.19387617713189495,0.7355150175261957,2.220446049250313e-16,2.220446049250313e-16,0.7709478302911691,2.220446049250313e-16,2.220446049250313e-16
37.0,2.220446049250313e-16,2.220446049250313e-16,2.220446049250313e-16,2.220446049250313e-16,0.11828341833283924,0.7817177873156917,0.019759429967445917,2.220446049250313e-16,2.220446049250313e-16,0.015858916854027332,2.220446049250313e-16,0.014723023037891893,0.8597809976376146,2.220446049250313e-16,2.220446049250313e-16,1.250287399935316,0.3754102460168063
38.0,2.220446049250313e-16,2.220446049250313e-16,2.220446049250313e-16,2.220446049250313e-16,0.11828341833283924,0.7817177873156917,0.019759429967445917,2.220446049250313e-16,2.220446049250313e-16,0.015858916854027332,2.220446049250313e-16,0.014723023037891893,0.8597809976376146,2.220446049250313e-16,2.220446049250313e-16,1.250287399935316,0.3754102460168063
39.0,2.220446049250313e-16,2.220446049250313e-16,2.220446049250313e-16,2.220446049250313e-16,0.11828341833283924,0.781717787315692,0.019759429967446028,2.220446049250313e-16,2.220446049250313e-16,0.015858916854027332,2.220446049250313e-16,0.0147230230378919,0.8597809976376145,2.220446049250313e-16,2.220446049250313e-16,1.250287399935316,0.3754102460168063
40.0,0.8057423744589313,2.220446049250313e-16,2.220446049250313e-16,0.17514604623667585,2.220446049250313e-16,2.220446049250313e-16,1.085927224549732,2.220446049250313e-16,0.8004060251925551,0.022623835101461775,0.6882518199646399,2.220446049250313e-16,0.8205820632926992,2.220446049250313e-16,2.220446049250313e-16,0.13615703821718433,2.220446049250313e-16
41.0,0.8858412434570965,0.7402936339976391,2.220446049250313e-16,0.10151904044099222,2.220446049250313e-16,2.220446049250313e-16,0.2677166891707732,2.220446049250313e-16,0.0014123752025550576,0.03362746670823685,2.220446049250313e-16,0.7494333694346939,2.220446049250313e-16,2.220446049250313e-16,1.0284596280576108,2.220446049250313e-16,0.18803830441122737
42.0,2.220446049250313e-16,2.220446049250313e-16,2.220446049250313e-16,2.220446049250313e-16,2.220446049250313e-16,0.1004259466045227,1.0285128650691684,0.807028847583837,2.220446049250313e-16,2.220446049250313e-16,0.1347662730334947,0.050706886319887345,0.7646343420371896,0.628940933006191,0.1277314219114181,0.6563733601301808,2.220446049250313e-16
43.0,0.5728275712307821,2.220446049250313e-16,2.220446049250313e-16,0.2340243614319144,2.220446049250313e-16,2.220446049250313e-16,0.7557883128039627,0.7548540791598334,0.007463625940031325,2.220446049250313e-16,0.8828691098341739,2.220446049250313e-16,0.8839348510337912,0.1619931456942043,2.220446049250313e-16,0.025859132369078885,0.35420711456871773
44.0,0.8784039521699557,2.220446049250313e-16,2.220446049250313e-16,0.26818087392331236,2.220446049250313e-16,2.220446049250313e-16,1.0522933881667902,0.8017897749477763,2.220446049250313e-16,2.220446049250313e-16,0.6949103161457966,0.04941795993019198,0.7781162433575817,2.220446049250313e-16,2.220446049250313e-16,0.017538415083269955,0.05843343403143306
45.0,0.9191552978956706,0.015105636103188491,0.035191386527400774,0.6565348337873904,0.03467519187279844,2.220446049250313e-16,2.220446049250313e-16,0.00415812632469602,0.8210870480243124,2.220446049250313e-16,0.01606365404633431,2.220446049250313e-16,0.461415685341754,2.220446049250313e-16,0.196897766137528,2.220446049250313e-16,1.2300903540617767
46.0,0.7980665196610606,1.0072350018813259,2.220446049250313e-16,0.09421320955560067,0.05531153830083988,2.220446049250313e-16,2.220446049250313e-16,2.220446049250313e-16,2.220446049250313e-16,0.12688710636505762,2.220446049250313e-16,0.7252923583545838,2.220446049250313e-16,2.220446049250313e-16,1.029075475064496,2.220446049250313e-16,2.220446049250313e-16
47.0,2.220446049250313e-16,0.005358909191238041,0.00044232306565983315,0.6051962656164239,0.8946523335833223,2.220446049250313e-16,2.220446049250313e-16,2.220446049250313e-16,2.220446049250313e-16,1.0247314603587234,2.220446049250313e-16,0.7393829273522592,0.0033993697790339465,0.013121281213700386,0.6057717435458614,2.220446049250313e-16,2.220446049250313e-16
48.0,0.026179636964410405,0.005926546911443786,0.02995203657892168,0.16581290890372086,2.220446049250313e-16,2.220446049250313e-16,2.220446049250313e-16,2.220446049250313e-16,0.7849329409207287,0.029715843605934,0.7265809740096346,0.0036054159127943235,0.48530454347694413,0.8199475316728423,2.220446049250313e-16,0.07175144865148343,1.2174210208764205
49.0,0.026179636964410405,0.005926546911443786,0.02995203657892168,0.16581290890372086,2.220446049250313e-16,2.220446049250313e-16,2.220446049250313e-16,2.220446049250313e-16,0.7849329409207287,0.029715843605934,0.7265809740096346,0.0036054159127943235,0.48530454347694413,0.8199475316728423,2.220446049250313e-16,0.07175144865148343,1.2174210208764205
50.0,0.8553367662423751,0.005831452024427364,0.6604269270732438,2.220446049250313e-16,2.220446049250313e-16,2.220446049250313e-16,0.5994105289486846,2.220446049250313e-16,2.220446049250313e-16,0.026105234977740824,0.007580532505145756,0.7097615780924486,2.220446049250313e-16,2.220446049250313e-16,1.0339564231325449,2.220446049250313e-16,0.7157835935458103
51.0,0.24008575199829704,0.8228690451697016,0.6316771953101719,0.18768293279979764,2.220446049250313e-16,2.220446049250313e-16,0.13347554674291842,0.01991637186212429,0.0023607812402057222,2.220446049250313e-16,2.220446049250313e-16,0.8651005575014992,2.220446049250313e-16,0.6506510374270168,0.8187736659881688,2.220446049250313e-16,0.29421844357570365
52.0,0.24008575199829704,0.8228690451697016,0.6316771953101719,0.18768293279979764,2.220446049250313e-16,2.220446049250313e-16,0.13347554674291842,0.01991637186212429,0.0023607812402057222,2.220446049250313e-16,2.220446049250313e-16,0.8651005575014992,2.220446049250313e-16,0.6506510374270168,0.8187736659881688,2.220446049250313e-16,0.29421844357570365
53.0,2.220446049250313e-16,0.6996227979226451,0.6565936480975911,0.23311189990910539,0.32123351146038753,0.11925711327308373,0.1403020386353582,0.2343402170196123,2.220446049250313e-16,2.220446049250313e-16,0.7335136546802652,0.7281323169923551,2.220446049250313e-16,0.143858187094356,0.08033154306076896,0.003263967443800885,0.39123293694664263
54.0,2.220446049250313e-16,0.6996227979226451,0.6565936480975911,0.23311189990910539,0.32123351146038753,0.11925711327308373,0.1403020386353582,0.2343402170196123,2.220446049250313e-16,2.220446049250313e-16,0.7335136546802652,0.7281323169923551,2.220446049250313e-16,0.143858187094356,0.08033154306076896,0.003263967443800885,0.39123293694664263
55.0,0.5188134053980292,2.220446049250313e-16,2.220446049250313e-16,0.3188837811365677,0.04429933986379069,2.220446049250313e-16,0.37781050020162166,2.220446049250313e-16,0.0024583538305920603,0.03300472826040126,0.14858419009232712,2.220446049250313e-16,0.9010410604038108,0.1769336860204805,2.220446049250313e-16,0.8635901074592127,0.37878605153480027
56.0,0.08328454366561337,2.220446049250313e-16,2.877782739951762e-05,2.220446049250313e-16,2.220446049250313e-16,0.17310477411229655,2.220446049250313e-16,2.220446049250313e-16,2.220446049250313e-16,1.1156311898816706,2.220446049250313e-16,0.7110970395631498,2.220446049250313e-16,0.8146004203618832,1.048499537453287,2.220446049250313e-16,2.220446049250313e-16
57.0,2.220446049250313e-16,2.220446049250313e-16,2.220446049250313e-16,2.220446049250313e-16,0.3050580263346879,0.014592745889360437,0.9567212291136691,2.220446049250313e-16,2.220446049250313e-16,2.220446049250313e-16,2.220446049250313e-16,2.220446049250313e-16,0.6893707556210928,0.4490691385388548,2.220446049250313e-16,1.2232391400508562,2.220446049250313e-16
58.0,2.220446049250313e-16,2.220446049250313e-16,2.220446049250313e-16,2.220446049250313e-16,0.3050580263346879,0.014592745889360437,0.9567212291136691,2.220446049250313e-16,2.220446049250313e-16,2.220446049250313e-16,2.220446049250313e-16,2.220446049250313e-16,0.6893707556210928,0.4490691385388548,2.220446049250313e-16,1.2232391400508562,2.220446049250313e-16
59.0,2.220446049250313e-16,2.220446049250313e-16,2.220446049250313e-16,2.220446049250313e-16,0.3050580263346879,0.014592745889360437,0.9567212291136691,2.220446049250313e-16,2.220446049250313e-16,2.220446049250313e-16,2.220446049250313e-16,2.220446049250313e-16,0.6893707556210928,0.4490691385388548,2.220446049250313e-16,1.2232391400508562,2.220446049250313e-16
60.0,2.220446049250313e-16,0.18660257902853117,2.220446049250313e-16,0.12105635911994272,2.220446049250313e-16,0.9346849690576248,2.220446049250313e-16,0.0008184387861910866,0.8299559287343977,0.8452081946476437,0.3753937699786944,2.220446049250313e-16,2.220446049250313e-16,2.220446049250313e-16,2.220446049250313e-16,0.36700208165823206,2.220446049250313e-16
61.0,0.025416452914333518,0.2609761068231815,2.220446049250313e-16,0.18239278151194468,2.220446049250313e-16,0.784343169380164,2.220446049250313e-16,2.220446049250313e-16,2.220446049250313e-16,0.6655888870345312,0.1621877438708412,2.220446049250313e-16,2.220446049250313e-16,0.181953152861661,2.220446049250313e-16,0.9004071148911135,0.05684946249807854
62.0,2.220446049250313e-16,2.220446049250313e-16,2.220446049250313e-16,0.4420734209211037,2.220446049250313e-16,0.9415446300215697,2.220446049250313e-16,0.8228328687890855,2.220446049250313e-16,1.1252887905350926,0.0857579863533724,0.04946860392925978,2.220446049250313e-16,2.220446049250313e-16,0.011374182881311073,0.14626322628073643,2.220446049250313e-16
63.0,0.010100179796775683,0.8439306422703785,0.03159945052215989,0.004765702391538421,2.220446049250313e-16,0.9193089368380516,2.220446049250313e-16,2.220446049250313e-16,2.220446049250313e-16,0.18926935322078856,2.220446049250313e-16,2.220446049250313e-16,2.220446049250313e-16,2.220446049250313e-16,2.220446049250313e-16,1.1146025512879976,2.220446049250313e-16
64.0,0.010100179796775683,0.8439306422703785,0.03159945052215989,0.004765702391538421,2.220446049250313e-16,0.9193089368380516,2.220446049250313e-16,2.220446049250313e-16,2.220446049250313e-16,0.18926935322078856,2.220446049250313e-16,2.220446049250313e-16,2.220446049250313e-16,2.220446049250313e-16,2.220446049250313e-16,1.1146025512879976,2.220446049250313e-16
65.0,0.7977746420459276,0.1016843422031315,2.220446049250313e-16,0.30084835533755466,2.220446049250313e-16,2.220446049250313e-16,0.16732871082482728,0.010094404364292573,0.7741496466826342,0.12526398543389317,2.220446049250313e-16,2.220446049250313e-16,0.019873626814551914,2.220446049250313e-16,0.7584201242538469,0.07022400091729718,0.8651132131746867
66.0,0.8478854304844818,0.35800591416265015,2.220446049250313e-16,2.220446049250313e-16,2.220446049250313e-16,2.220446049250313e-16,2.220446049250313e-16,0.387553051364903,2.220446049250313e-16,0.5152930931266309,0.018011320696601968,0.30247291403625265,2.220446049250313e-16,2.220446049250313e-16,1.0554978196311668,2.220446049250313e-16,0.3378184564956291
67.0,2.220446049250313e-16,2.220446049250313e-16,0.6058932658404013,0.014846886996439934,0.14388595099774906,0.10905754985065763,1.145332321703296,0.04083665866882046,2.220446049250313e-16,2.220446049250313e-16,0.041612236107381545,0.06968333685765753,0.219753798222194,0.3975998663024341,2.220446049250313e-16,1.09906205033121,2.220446049250313e-16
68.0,0.5281071465391043,0.07795440302633316,0.010175692978139724,1.0005134642339015,2.220446049250313e-16,2.220446049250313e-16,0.8849302994914151,2.220446049250313e-16,0.36247998301022694,0.04614910880546975,0.24501362733372564,2.220446049250313e-16,2.220446049250313e-16,0.19182297477211266,0.06048725902221805,0.2150509419384889,0.2712796340480895
69.0,2.220446049250313e-16,2.220446049250313e-16,0.6058932658404013,0.014846886996439934,0.14388595099774906,0.10905754985065763,1.145332321703296,0.04083665866882046,2.220446049250313e-16,2.220446049250313e-16,0.041612236107381545,0.06968333685765753,0.219753798222194,0.3975998663024341,2.220446049250313e-16,1.09906205033121,2.220446049250313e-16
