57 0.42280480230667655 0.32894651527517205 0.10820757010802737 0.38523589400945557 0.34193121980685276 0.18174522863747794 0.12566778557868086 0.2721933502467995 0.35489883386912685 0.4329631983301789 0.2923670849954096 0.2454948257955047 0.3366051288451132 0.4614809666512014 0.2668850435231713 0.3316199409667181 0.2794549589543179 0.42280480430973955 0.10698106172195677 0.2794549590033572
2 0.3048161827414236 0.5993371970341759 0.16314303914567624 0.06381577689984735 0.3859106342609806 0.2792549384427964 -0.035497922732565496 0.3380348220231298 0.38472480389442515 0.29798422274784575 0.5858167925255011 0.1536761168423648 0.3330606250484823 0.3784570181213051 0.10296449019206318 0.4191227982006914 0.12675291993376317 0.30481618030610264 -0.05298495052449467 0.12675292005350594
58 0.46856285135140946 0.3377500646673739 0.09707535220637224 0.2523764398870352 0.32035722763384317 0.3343602789532863 0.12027316362825895 0.32405841857999845 0.26589837726138815 0.36103444357678327 0.3414903734900618 0.32816170836339786 0.2872187660664687 0.3322926294358433 0.3129661087628879 0.3314197581068745 0.32074415921507965 0.46856285323518704 0.08940349480739165 0.3207441593021324
20 0.35525696465767276 0.16477584374184548 0.15345393060710685 0.22248459759834865 0.25460755922104883 0.3611510898965191 0.32683591985899013 0.36667779690248836 0.21270427105797154 0.26027232153690477 0.19258497819491807 0.5056941438076125 0.23506961769943582 0.2318043149058891 0.40609916268334034 0.20707829976239747 0.4601106408225267 0.35525696642746446 0.2546382029405303 0.460110640799021
5 0.33141975736167933 0.37799074286046613 0.17057030264113338 0.16539540329451913 0.31676689453492995 0.26514003536373204 0.007815274715656538 0.20669398350399312 0.30701682378817574 0.30821714170405135 0.4989429614390016 0.19617214562409385 0.4440255569211616 0.31686221847611185 0.34252476827420325 0.6283667722009507 0.20142902215179964 0.3314197588140964 0.0032599883362706564 0.20142902213203515
60 0.32074415857459826 0.17237988323955378 0.15581554733435074 0.24246417268519083 0.31195376915585626 0.3487934287202086 0.2729217573364551 0.3493779505491599 0.2682341470129007 0.304543988261603 0.1839703114944422 0.46249934352476174 0.2683751871981159 0.24778726637813264 0.3606273498059467 0.2014290221433328 0.4816215959144756 0.3207441600397942 0.2924472431854239 0.4816215959144756
53 0.33436027824575976 0.39024896282611626 0.0860644800696905 0.09932613720518808 0.3118557498046286 0.6866312753954427 0.04756286098908386 0.33612951305205657 0.2458110454896399 0.25925236704650695 0.37998223047159635 0.42340539475762884 0.24170270523224624 0.1549522484872491 0.26984696287344095 0.2651400353636961 0.34879342874385005 0.3343602795042355 0.052185935493167766 0.34879342880931874
22 0.5725437423919849 0.24967990626408376 0.11909244121427447 0.3149914886951586 0.2572876390196247 -0.021073358262202548 0.22661490635138778 0.27278795082572443 0.34390268780023475 0.15763932768603972 0.23807487027433583 0.22583020162804 0.28463970914583026 0.5209123598299835 0.35286870450987506 0.41540673660063765 0.17571793401639071 0.5725437475662044 0.09670567856099377 0.1757179339176328
56 0.42280480230667655 0.32894651527517205 0.10820757010802737 0.38523589400945557 0.34193121980685276 0.18174522863747794 0.12566778557868086 0.2721933502467995 0.35489883386912685 0.4329631983301789 0.2923670849954096 0.2454948257955047 0.3366051288451132 0.4614809666512014 0.2668850435231713 0.3316199409667181 0.2794549589543179 0.42280480430973955 0.10698106172195677 0.2794549590033572
34 0.13505434498981808 -0.0278450217787372 0.21465014216679934 0.2834252315174747 0.050129431275342536 0.05608524577180944 1.0192832232268172 0.20148648942836916 0.04435876850437953 0.07148819022480127 -0.03932236406580245 0.35664290973070417 0.06397264704020676 0.08932243884643451 0.3986278539916263 0.013360662093250373 0.2400596273950205 0.13505434617620324 0.5730840552834731 0.2400596273873193
30 0.32191563686154034 0.3123379234751024 0.17151390789554932 0.11996589969525617 0.2683721405583357 0.5911507715023142 0.05411608227902334 0.2952879108484673 0.20904620359716122 0.2645864029038138 0.43409295135321496 0.383308219618353 0.2880657623407868 0.15620023550399487 0.43030504429930555 0.42417967911495796 0.3270839419139973 0.3219156386167091 0.06116327080542272 0.3270839419433527
48 0.25237643953272754 0.08525128696454884 0.18988369575762307 0.8817964354858998 0.18916805027852726 0.09932613720519472 0.3442920407840125 0.18286699973585122 0.24129970151864388 0.3605373417350461 0.10092755062275773 0.19399498130299964 0.26738503142167985 0.36993586888946145 0.27718903091683983 0.16539540329450542 0.24246417269619974 0.252376440396991 0.43353031672087006 0.24246417265421247
33 0.3230460855902804 0.18110224710355502 0.1491360720952702 0.17910080836259024 0.22718995888453575 0.45344638699643036 0.30247994636015113 0.3782560558918236 0.18729089613445712 0.22921350087884024 0.20290375392954144 0.5914458502816913 0.20121332280994245 0.18453410906931977 0.41016920218832625 0.19229225689312932 0.45319770047721636 0.3230460872452225 0.20793837280547028 0.45319770042816726
42 0.18100816794353147 0.28790597882323443 0.12814123525921312 0.45178224956096164 0.26875123015822316 0.10091304758010385 0.11454622286300487 0.12329746720504751 0.7217402261959572 0.22272375491197063 0.20910707839620682 0.17603252372391634 0.32365098813248494 0.8189700933531445 0.15408046374522005 0.2554944954916553 0.038949618063556526 0.1810081724593848 0.08433412381629425 0.038949618267734305
47 0.5561522398091676 0.22835521739789794 0.12172538287049874 0.4593744177555315 0.1930931434778706 -0.005891558295491568 0.22436634695668403 0.2697597319933627 0.2721952861356941 0.2516031867690312 0.2301805859986772 0.22955589027780518 0.28179029044001924 0.5072017449812926 0.3634740988855639 0.38753397947364543 0.182850339523125 0.5561522449276615 0.09435805861447903 0.18285033958973226
35 0.32074415857459826 0.17237988323955378 0.15581554733435074 0.24246417268519083 0.31195376915585626 0.3487934287202086 0.2729217573364551 0.3493779505491599 0.2682341470129007 0.304543988261603 0.1839703114944422 0.46249934352476174 0.2683751871981159 0.24778726637813264 0.3606273498059467 0.2014290221433328 0.4816215959144756 0.3207441600397942 0.2924472431854239 0.4816215959144756
54 0.12027316318850048 -0.02465796136936799 0.21689825915062383 0.3442920407840097 0.06200004386710574 0.04756286098908066 0.9245707538667118 0.18463326182383766 0.05896981676701504 0.08945431521516721 -0.03356992395740966 0.30075000878159297 0.0844776029124093 0.09969267709338415 0.3575958364178792 0.00781527471564014 0.27292175736998353 0.12027316410603683 0.7161086180856311 0.27292175730993573
13 0.29041277496934653 0.16936346206593073 0.160347391300064 0.28172567595063475 0.36897987957079814 0.31183810619038554 0.22822789823167508 0.32237335585083826 0.33662836433339766 0.3410115493135038 0.16941651194562932 0.3953834434498568 0.3040378318971929 0.28238693137069293 0.3118996081861377 0.19832273678955126 0.4852614316498123 0.2904127761306779 0.33727618688248956 0.4852614317527649
32 0.31296610810391357 0.10865669804753754 0.3044622154775696 0.27718903091684327 0.17950353035799868 0.2698469628734555 0.35759583641788667 0.2742386258575909 0.14103418857841735 0.22658287800621418 0.2252901147879028 0.4020625243468016 0.30967174563163324 0.19620862478577766 0.6677460672211495 0.3425247682741873 0.3606273498832126 0.3129661092227178 0.27073913699326274 0.36062734984096584
37 0.12027316318850048 -0.02465796136936799 0.21689825915062383 0.3442920407840097 0.06200004386710574 0.04756286098908066 0.9245707538667118 0.18463326182383766 0.05896981676701504 0.08945431521516721 -0.03356992395740966 0.30075000878159297 0.0844776029124093 0.09969267709338415 0.3575958364178792 0.00781527471564014 0.27292175736998353 0.12027316410603683 0.7161086180856311 0.27292175730993573
27 0.12027316318850048 -0.02465796136936799 0.21689825915062383 0.3442920407840097 0.06200004386710574 0.04756286098908066 0.9245707538667118 0.18463326182383766 0.05896981676701504 0.08945431521516721 -0.03356992395740966 0.30075000878159297 0.0844776029124093 0.09969267709338415 0.3575958364178792 0.00781527471564014 0.27292175736998353 0.12027316410603683 0.7161086180856311 0.27292175730993573
66 0.29920332576163994 0.260575206823421 0.13067002949998646 0.6573052157615578 0.215986553680051 0.03705503891566621 0.1444146865520637 0.17034227081169964 0.4704183858185928 0.4208795174256299 0.19883852418596362 0.16633308039283531 0.3375602957847761 0.672371889377602 0.22207005444093691 0.28199212670357454 0.13219063753910068 0.29920332982510917 0.09913390056248135 0.13219063779960175
10 0.4431859146405953 0.3697762630715884 0.09475335962353894 0.15058544106279506 0.3833069072980691 0.36330820617292064 0.10250572848961148 0.32009397208984125 0.3315525042049657 0.3186175449415295 0.350224796658536 0.3250894709904808 0.2942295307027269 0.32420584327129104 0.2828416449308957 0.3363642972628928 0.32716323804122854 0.44318591636900906 0.09061784360620707 0.3271632380212725
7 0.36899610710924347 0.2549550805902579 0.21279885305569307 0.24912945811135506 0.2816793463869031 0.2828705033783662 0.10456515203835179 0.2554531958222372 0.23806054048160763 0.31930924338215955 0.39962495826627564 0.2655271151209728 0.4341572761565123 0.2903828626633549 0.46251447883331576 0.5223068138635925 0.284509998631434 0.36899610812006667 0.09723540484080574 0.28450999864681187
16 0.2658983767492355 0.41175727138785834 0.10933489777930118 0.24129970151882035 0.49067572997868447 0.2458110454897524 0.05896981676710319 0.21850335520251438 0.5798214690967035 0.38723972287032016 0.28699037050116016 0.20270408918721347 0.37225814547494834 0.49787710076151775 0.14103418857865144 0.307016823788271 0.26823414691778985 0.26589837820653145 0.11116973700689788 0.26823414706144044
68 0.25237643953272754 0.08525128696454884 0.18988369575762307 0.8817964354858998 0.18916805027852726 0.09932613720519472 0.3442920407840125 0.18286699973585122 0.24129970151864388 0.3605373417350461 0.10092755062275773 0.19399498130299964 0.26738503142167985 0.36993586888946145 0.27718903091683983 0.16539540329450542 0.24246417269619974 0.252376440396991 0.43353031672087006 0.24246417265421247
62 0.32816170743994155 0.17857635370985953 0.15063818965021994 0.19399498130303128 0.24613787962878103 0.42340539475766586 0.3007500087816159 0.37322287042484414 0.20270408918707553 0.24878083168387471 0.19896949568189487 0.5586558534643723 0.2180932435430552 0.20022263050248237 0.4020625243468164 0.19617214562410148 0.4624993434855768 0.328161708902961 0.22920206195863763 0.46249934343899146
44 0.08940349446961172 -0.04088138629243018 0.2209703181028194 0.43353031672086845 0.10646229794810917 0.05218593549317176 0.7161086180856326 0.14989382043088242 0.11116973700681118 0.10679761293196932 -0.033096697810805854 0.22920206195862367 0.11429349235638549 0.11338200169315944 0.2707391369932585 0.0032599883362603933 0.29244724327814636 0.08940349522135772 0.9211710137942284 0.2924472431552538
59 0.46856285135140946 0.3377500646673739 0.09707535220637224 0.2523764398870352 0.32035722763384317 0.3343602789532863 0.12027316362825895 0.32405841857999845 0.26589837726138815 0.36103444357678327 0.3414903734900618 0.32816170836339786 0.2872187660664687 0.3322926294358433 0.3129661087628879 0.3314197581068745 0.32074415921507965 0.46856285323518704 0.08940349480739165 0.3207441593021324
21 0.3276962275154357 0.6499373049780606 0.03688989079368953 0.04188650958247044 0.432829920353231 0.4629973366339507 -0.026900994293241692 0.22451022209049398 0.407208891125988 0.3186149731637786 0.47406047307341836 0.17565517504970182 0.28305160103683485 0.29568003836995443 0.10348789853867474 0.36716807868863144 0.18634585314639973 0.3276962286854427 -0.03642345906349111 0.18634585310990387
6 0.40857543872255403 0.2917241265962993 0.14994664969852464 0.31151333773861556 0.30076106391370433 0.21413225574412972 0.12260528434986068 0.27988604920401083 0.31830705098321027 0.3683269034729946 0.3611776504184915 0.2654178208484348 0.46773908449609813 0.38741664176092633 0.3285410415901301 0.3879914520111268 0.27851439358374974 0.4085754423271805 0.10676129624462774 0.27851439358695207
19 0.40749806209235573 0.29441995778510616 0.15270987843608094 0.15440191374147352 0.2698053091712298 0.4785701668366058 0.09832200848511528 0.31447432764544375 0.1726467806680384 0.26508411015151945 0.3982101888557107 0.3634347661713299 0.31445126833484677 0.23173180967567744 0.4313656208837288 0.43697725151000605 0.3146082673661984 0.40749806028999463 0.07231994979809067 0.3146082673414044
24 0.08940349446961172 -0.04088138629243018 0.2209703181028194 0.43353031672086845 0.10646229794810917 0.05218593549317176 0.7161086180856326 0.14989382043088242 0.11116973700681118 0.10679761293196932 -0.033096697810805854 0.22920206195862367 0.11429349235638549 0.11338200169315944 0.2707391369932585 0.0032599883362603933 0.29244724327814636 0.08940349522135772 0.9211710137942284 0.2924472431552538
28 0.12027316318850048 -0.02465796136936799 0.21689825915062383 0.3442920407840097 0.06200004386710574 0.04756286098908066 0.9245707538667118 0.18463326182383766 0.05896981676701504 0.08945431521516721 -0.03356992395740966 0.30075000878159297 0.0844776029124093 0.09969267709338415 0.3575958364178792 0.00781527471564014 0.27292175736998353 0.12027316410603683 0.7161086180856311 0.27292175730993573
67 0.29920332576163994 0.260575206823421 0.13067002949998646 0.6573052157615578 0.215986553680051 0.03705503891566621 0.1444146865520637 0.17034227081169964 0.4704183858185928 0.4208795174256299 0.19883852418596362 0.16633308039283531 0.3375602957847761 0.672371889377602 0.22207005444093691 0.28199212670357454 0.13219063753910068 0.29920332982510917 0.09913390056248135 0.13219063779960175
52 0.12027316318850048 -0.02465796136936799 0.21689825915062383 0.3442920407840097 0.06200004386710574 0.04756286098908066 0.9245707538667118 0.18463326182383766 0.05896981676701504 0.08945431521516721 -0.03356992395740966 0.30075000878159297 0.0844776029124093 0.09969267709338415 0.3575958364178792 0.00781527471564014 0.27292175736998353 0.12027316410603683 0.7161086180856311 0.27292175730993573
29 0.12027316318850048 -0.02465796136936799 0.21689825915062383 0.3442920407840097 0.06200004386710574 0.04756286098908066 0.9245707538667118 0.18463326182383766 0.05896981676701504 0.08945431521516721 -0.03356992395740966 0.30075000878159297 0.0844776029124093 0.09969267709338415 0.3575958364178792 0.00781527471564014 0.27292175736998353 0.12027316410603683 0.7161086180856311 0.27292175730993573
51 0.313543676515314 0.527984098208069 0.07837875700641822 0.2172801250842015 0.3617054587472044 0.08390865425965335 0.046431637964526346 0.1771172142343851 0.5791529818167297 0.3042661393335241 0.3213053692810947 0.17968269989164007 0.3433078626811262 0.6523374171746931 0.13669433060059688 0.3854469378380142 0.10874370751679728 0.31354367864117794 0.00010730181349468119 0.1087437076325515
26 0.2116418178769304 0.49301053128788613 0.08733589455746726 0.31037794153449216 0.27816490998595794 0.03533624358652276 0.0704478812105182 0.12713652100229042 0.6045916865322677 0.2202901382965673 0.2265193509812651 0.14470993602231216 0.4136845375063146 0.7997836743841349 0.10241499383863527 0.3826945388084455 0.029196339631162874 0.21164181408362398 -0.014389712339735045 0.029196339668191698
63 0.12027316318850048 -0.02465796136936799 0.21689825915062383 0.3442920407840097 0.06200004386710574 0.04756286098908066 0.9245707538667118 0.18463326182383766 0.05896981676701504 0.08945431521516721 -0.03356992395740966 0.30075000878159297 0.0844776029124093 0.09969267709338415 0.3575958364178792 0.00781527471564014 0.27292175736998353 0.12027316410603683 0.7161086180856311 0.27292175730993573
39 0.32816170743994155 0.17857635370985953 0.15063818965021994 0.19399498130303128 0.24613787962878103 0.42340539475766586 0.3007500087816159 0.37322287042484414 0.20270408918707553 0.24878083168387471 0.19896949568189487 0.5586558534643723 0.2180932435430552 0.20022263050248237 0.4020625243468164 0.19617214562410148 0.4624993434855768 0.328161708902961 0.22920206195863763 0.46249934343899146
1 0.4326970788376199 0.11096046176148436 0.15539713292247637 0.33715185584597696 0.17938158225383263 0.2466449958082654 0.47762658227899285 0.35532871806771177 0.07178837346217022 0.18569187987796942 0.1341646583533505 0.4021485137102387 0.3169953991413582 0.3066999665141891 0.4564755119344258 0.25955548363019443 0.3612881479614632 0.432697071045201 0.2699190387843951 0.36128814790158115
11 0.29041277496934653 0.16936346206593073 0.160347391300064 0.28172567595063475 0.36897987957079814 0.31183810619038554 0.22822789823167508 0.32237335585083826 0.33662836433339766 0.3410115493135038 0.16941651194562932 0.3953834434498568 0.3040378318971929 0.28238693137069293 0.3118996081861377 0.19832273678955126 0.4852614316498123 0.2904127761306779 0.33727618688248956 0.4852614317527649
46 0.5561522398091676 0.22835521739789794 0.12172538287049874 0.4593744177555315 0.1930931434778706 -0.005891558295491568 0.22436634695668403 0.2697597319933627 0.2721952861356941 0.2516031867690312 0.2301805859986772 0.22955589027780518 0.28179029044001924 0.5072017449812926 0.3634740988855639 0.38753397947364543 0.182850339523125 0.5561522449276615 0.09435805861447903 0.18285033958973226
69 0.25237643953272754 0.08525128696454884 0.18988369575762307 0.8817964354858998 0.18916805027852726 0.09932613720519472 0.3442920407840125 0.18286699973585122 0.24129970151864388 0.3605373417350461 0.10092755062275773 0.19399498130299964 0.26738503142167985 0.36993586888946145 0.27718903091683983 0.16539540329450542 0.24246417269619974 0.252376440396991 0.43353031672087006 0.24246417265421247
40 0.33461149943448815 0.29369530216192596 0.19204983240210827 0.21945750826635774 0.33951546999353077 0.28874868101820256 0.08873505730370426 0.2569558572586209 0.3139090931665138 0.33222707947975005 0.3940338789695557 0.25416079024702354 0.5115956789516575 0.3190925377278252 0.37170502923916177 0.47075948099095455 0.2905671945809108 0.33461150044579363 0.10577427880237782 0.29056719452349206
8 0.2872187655692611 0.2982321676657435 0.19262092066043252 0.26738503142169034 0.35199480794565646 0.2417027052322734 0.08447760291242415 0.23530034935311508 0.37225814547488284 0.3464942579299237 0.37357666902139686 0.2180932435430421 0.6016661353070061 0.3670395103805385 0.3096717456316454 0.4440255569211569 0.2683751871465967 0.28721876674941343 0.1142934923563971 0.26837518730286086
49 0.25237643953272754 0.08525128696454884 0.18988369575762307 0.8817964354858998 0.18916805027852726 0.09932613720519472 0.3442920407840125 0.18286699973585122 0.24129970151864388 0.3605373417350461 0.10092755062275773 0.19399498130299964 0.26738503142167985 0.36993586888946145 0.27718903091683983 0.16539540329450542 0.24246417269619974 0.252376440396991 0.43353031672087006 0.24246417265421247
0 0.3322926286698091 0.35687747489376087 0.1125867474965817 0.3699358688893676 0.4054686251532215 0.154952248487059 0.09969267709332823 0.22675671133094316 0.4978771007610811 0.42792005342183126 0.2730743493693724 0.20022263050229164 0.36703951038036386 0.5455045461277475 0.19620862478561277 0.3168622184759213 0.2477872663741633 0.3322926302497004 0.11338200169308064 0.24778726646761431
4 0.3414903728873935 0.45867596867342497 0.19048610506549396 0.10092755062276691 0.31645823170811205 0.37998223047161833 -0.033569923957396865 0.33064720802998215 0.28699037050095366 0.30430605800443944 0.5981287152260536 0.19896949568187217 0.3735766690213956 0.2730743493695103 0.2252901147879125 0.4989429614389901 0.18397031145947623 0.3414903739227709 -0.03309669781079584 0.1839703115708468
41 0.29041277496934653 0.16936346206593073 0.160347391300064 0.28172567595063475 0.36897987957079814 0.31183810619038554 0.22822789823167508 0.32237335585083826 0.33662836433339766 0.3410115493135038 0.16941651194562932 0.3953834434498568 0.3040378318971929 0.28238693137069293 0.3118996081861377 0.19832273678955126 0.4852614316498123 0.2904127761306779 0.33727618688248956 0.4852614317527649
31 0.2823400482656636 0.6282855946729179 0.06600225914507976 0.11774044575094078 0.36631758512843243 0.1837027958669067 0.0002882454753940261 0.17334070130192553 0.5063952284773415 0.3155099914624359 0.43536902073039746 0.16787771844694938 0.3961007349462573 0.5180288075413879 0.10293094494389153 0.43978299356685446 0.1073759869813701 0.28234004998405404 -0.04340732740759717 0.10737598708129657
64 0.32816170743994155 0.17857635370985953 0.15063818965021994 0.19399498130303128 0.24613787962878103 0.42340539475766586 0.3007500087816159 0.37322287042484414 0.20270408918707553 0.24878083168387471 0.19896949568189487 0.5586558534643723 0.2180932435430552 0.20022263050248237 0.4020625243468164 0.19617214562410148 0.4624993434855768 0.328161708902961 0.22920206195863763 0.46249934343899146
45 0.3377500642948922 0.642858001716067 0.03885946503014257 0.08525128696455904 0.41485005830964433 0.3902489628261278 -0.02465796136935346 0.2196595785586309 0.4117572713876393 0.3642073384469989 0.45867596867342153 0.17857635370984096 0.2982321676657324 0.3568774748939579 0.10865669804754043 0.3779907428604507 0.17237988314447453 0.33775006499215976 -0.04088138629242865 0.17237988332131265
55 0.3610344428691487 0.3642073384470901 0.10583946026407874 0.3605373417351132 0.38481550871842957 0.25925236704659704 0.08945431521521334 0.2654986305743813 0.387239722870226 0.4699210602923865 0.30430605800451066 0.24878083168391157 0.3464942579299745 0.42792005342200456 0.22658287800628435 0.30821714170411935 0.3045439882295741 0.361034444107702 0.10679761293200508 0.3045439882982341
12 0.2658983767492355 0.41175727138785834 0.10933489777930118 0.24129970151882035 0.49067572997868447 0.2458110454897524 0.05896981676710319 0.21850335520251438 0.5798214690967035 0.38723972287032016 0.28699037050116016 0.20270408918721347 0.37225814547494834 0.49787710076151775 0.14103418857865144 0.307016823788271 0.26823414691778985 0.26589837820653145 0.11116973700689788 0.26823414706144044
3 0.09707535176440048 0.038859465030141344 1.178294667545673 0.1898836957576255 0.10254264601865357 0.08606448006969906 0.21689825915063002 0.37303319209557123 0.109334897779205 0.10583946026404335 0.19048610506548697 0.1506381896502039 0.19262092066042535 0.11258674749665495 0.3044622154775712 0.17057030264112316 0.15581554740267883 0.09707535265153068 0.22097031810282497 0.15581554738948145
17 0.35525696465767276 0.16477584374184548 0.15345393060710685 0.22248459759834865 0.25460755922104883 0.3611510898965191 0.32683591985899013 0.36667779690248836 0.21270427105797154 0.26027232153690477 0.19258497819491807 0.5056941438076125 0.23506961769943582 0.2318043149058891 0.40609916268334034 0.20707829976239747 0.4601106408225267 0.35525696642746446 0.2546382029405303 0.460110640799021
23 0.08940349446961172 -0.04088138629243018 0.2209703181028194 0.43353031672086845 0.10646229794810917 0.05218593549317176 0.7161086180856326 0.14989382043088242 0.11116973700681118 0.10679761293196932 -0.033096697810805854 0.22920206195862367 0.11429349235638549 0.11338200169315944 0.2707391369932585 0.0032599883362603933 0.29244724327814636 0.08940349522135772 0.9211710137942284 0.2924472431552538
15 0.29041277496934653 0.16936346206593073 0.160347391300064 0.28172567595063475 0.36897987957079814 0.31183810619038554 0.22822789823167508 0.32237335585083826 0.33662836433339766 0.3410115493135038 0.16941651194562932 0.3953834434498568 0.3040378318971929 0.28238693137069293 0.3118996081861377 0.19832273678955126 0.4852614316498123 0.2904127761306779 0.33727618688248956 0.4852614317527649
14 0.32035722674539246 0.41485005830947624 0.10254264601861354 0.18916805027842776 0.4814177862693617 0.3118557498045441 0.062000043867112796 0.25898551941658654 0.49067572997847175 0.38481550871837505 0.31645823170806475 0.24613787962867933 0.3519948079456223 0.40546862515334653 0.17950353035791877 0.31676689453480894 0.3119537692241206 0.3203572283462587 0.10646229794808165 0.3119537692838159
36 0.2201635004805507 0.516985629840219 0.08549437666049169 0.28230138269116367 0.28338307423919973 0.0850393836141245 0.05046839153448826 0.13582870270790723 0.6554052564051587 0.2835230156801327 0.28983522538860734 0.17047929391491176 0.33590478256591016 0.7507664072167584 0.11561729590693655 0.3410849707763357 0.0577130236794412 0.22016350448408126 -0.014381991382436218 0.057713023782891455
65 0.46856285135140946 0.3377500646673739 0.09707535220637224 0.2523764398870352 0.32035722763384317 0.3343602789532863 0.12027316362825895 0.32405841857999845 0.26589837726138815 0.36103444357678327 0.3414903734900618 0.32816170836339786 0.2872187660664687 0.3322926294358433 0.3129661087628879 0.3314197581068745 0.32074415921507965 0.46856285323518704 0.08940349480739165 0.3207441593021324
43 0.08940349446961172 -0.04088138629243018 0.2209703181028194 0.43353031672086845 0.10646229794810917 0.05218593549317176 0.7161086180856326 0.14989382043088242 0.11116973700681118 0.10679761293196932 -0.033096697810805854 0.22920206195862367 0.11429349235638549 0.11338200169315944 0.2707391369932585 0.0032599883362603933 0.29244724327814636 0.08940349522135772 0.9211710137942284 0.2924472431552538
61 0.2606927831107 0.5594401219255677 0.07651620799131277 0.19851780895218493 0.39572264702243487 0.15822320886629548 0.03397619875860193 0.17036867308274348 0.6022261270204864 0.3362268393373816 0.334403343693471 0.17130245979459072 0.34956023691126564 0.6150619436945952 0.10452142553453962 0.3620474109136001 0.12869861192612359 0.2606927853157812 -0.0025979417383309956 0.1286986120357918
50 0.32074415857459826 0.17237988323955378 0.15581554733435074 0.24246417268519083 0.31195376915585626 0.3487934287202086 0.2729217573364551 0.3493779505491599 0.2682341470129007 0.304543988261603 0.1839703114944422 0.46249934352476174 0.2683751871981159 0.24778726637813264 0.3606273498059467 0.2014290221433328 0.4816215959144756 0.3207441600397942 0.2924472431854239 0.4816215959144756
25 0.32405841796928064 0.21965957855863624 0.3730331920955758 0.18286699973585924 0.2589855194166734 0.3361295130520779 0.18463326182385054 0.7048500439609251 0.2185033552023992 0.26549863057432693 0.3306472080299793 0.37322287042482566 0.23530034935311164 0.22675671133113584 0.2742386258575992 0.20669398350398555 0.3493779506086398 0.32405841918649303 0.14989382043089156 0.3493779505776855
18 0.31378118513765435 0.6263018847515548 0.05388619203511602 0.04811025800913468 0.4196785128606841 0.42612213616158 -0.025735809778425402 0.21509771350062745 0.4062726600129922 0.3232434230088627 0.4960941970522868 0.17327644539029557 0.32678316608214475 0.30757470548666954 0.12143695725567313 0.416006893299341 0.17968660722373145 0.313781186339728 -0.03707500638583018 0.1796866074258758
38 0.12027316318850048 -0.02465796136936799 0.21689825915062383 0.3442920407840097 0.06200004386710574 0.04756286098908066 0.9245707538667118 0.18463326182383766 0.05896981676701504 0.08945431521516721 -0.03356992395740966 0.30075000878159297 0.0844776029124093 0.09969267709338415 0.3575958364178792 0.00781527471564014 0.27292175736998353 0.12027316410603683 0.7161086180856311 0.27292175730993573
9 0.29041277496934653 0.16936346206593073 0.160347391300064 0.28172567595063475 0.36897987957079814 0.31183810619038554 0.22822789823167508 0.32237335585083826 0.33662836433339766 0.3410115493135038 0.16941651194562932 0.3953834434498568 0.3040378318971929 0.28238693137069293 0.3118996081861377 0.19832273678955126 0.4852614316498123 0.2904127761306779 0.33727618688248956 0.4852614317527649
