id,x_0,x_1,x_2,x_3,x_4,x_5,x_6,x_7,x_8,x_9,x_10,x_11,x_12
0.0,0.20732734603891642,2.220446049250313e-16,0.4747105554561521,0.5411936238311674,0.0036574964535887656,2.220446049250313e-16,2.220446049250313e-16,0.8837812041862461,0.0650251618175104,2.220446049250313e-16,0.006803092693719553,2.220446049250313e-16,2.220446049250313e-16
1.0,0.7981885132705834,2.220446049250313e-16,2.220446049250313e-16,2.220446049250313e-16,2.220446049250313e-16,0.6143506553640068,2.220446049250313e-16,0.007120556043513731,0.003207273175789634,0.44878749200473284,2.220446049250313e-16,2.220446049250313e-16,0.6245740331994831
2.0,2.220446049250313e-16,0.47471055545615193,0.4747105554561518,0.7198119647966738,0.006540226291094936,0.004780947755424851,0.01653728535134014,0.7714116230041193,2.220446049250313e-16,2.220446049250313e-16,0.026165905220299976,2.220446049250313e-16,2.220446049250313e-16
3.0,0.79880309360242,2.220446049250313e-16,2.220446049250313e-16,0.2712861597791718,2.220446049250313e-16,0.29968503009046865,2.220446049250313e-16,0.004795650732863257,0.003307761964433211,0.44269058181797416,2.220446049250313e-16,2.220446049250313e-16,0.6245222825301833
4.0,2.220446049250313e-16,0.47471055545615193,0.4747105554561518,0.7198119647966738,0.006540226291094936,0.004780947755424851,0.01653728535134014,0.7714116230041193,2.220446049250313e-16,2.220446049250313e-16,0.026165905220299976,2.220446049250313e-16,2.220446049250313e-16
5.0,0.7981885132705834,2.220446049250313e-16,2.220446049250313e-16,2.220446049250313e-16,2.220446049250313e-16,0.6143506553640068,2.220446049250313e-16,0.007120556043513731,0.003207273175789634,0.44878749200473284,2.220446049250313e-16,2.220446049250313e-16,0.6245740331994831
6.0,0.20732734603891642,2.220446049250313e-16,0.4747105554561521,0.5411936238311674,0.0036574964535887656,2.220446049250313e-16,2.220446049250313e-16,0.8837812041862461,0.0650251618175104,2.220446049250313e-16,0.006803092693719553,2.220446049250313e-16,2.220446049250313e-16
7.0,2.220446049250313e-16,0.4747105554561518,2.220446049250313e-16,2.220446049250313e-16,2.220446049250313e-16,2.220446049250313e-16,2.220446049250313e-16,0.08779343154966641,0.6405346062849369,2.220446049250313e-16,0.7529465828977424,2.220446049250313e-16,2.220446049250313e-16
8.0,0.2002081861823498,2.220446049250313e-16,2.220446049250313e-16,2.220446049250313e-16,2.220446049250313e-16,2.220446049250313e-16,2.220446049250313e-16,0.028988701790794713,0.9425090639022752,0.32904251881029184,0.008711709744309104,0.47807257879246084,2.220446049250313e-16
9.0,2.220446049250313e-16,0.4747105554561518,2.220446049250313e-16,2.220446049250313e-16,2.220446049250313e-16,2.220446049250313e-16,2.220446049250313e-16,0.08779343154966641,0.6405346062849369,2.220446049250313e-16,0.7529465828977424,2.220446049250313e-16,2.220446049250313e-16
10.0,0.20295388410123566,2.220446049250313e-16,2.220446049250313e-16,0.5413720286545673,0.0038910064070449227,2.220446049250313e-16,2.220446049250313e-16,0.8746789236567147,0.24181153471671807,2.220446049250313e-16,2.220446049250313e-16,2.220446049250313e-16,2.220446049250313e-16
11.0,0.7980660574844435,2.220446049250313e-16,0.47471055545615204,2.220446049250313e-16,2.220446049250313e-16,0.6143506553640077,2.220446049250313e-16,0.0071245510098501665,0.003209467331570985,0.4502206100268799,2.220446049250313e-16,2.220446049250313e-16,0.29488196506662123
12.0,0.21256791612067488,0.47471055545615204,0.4747105554561516,0.5419762374378363,0.005798336312209122,2.220446049250313e-16,2.220446049250313e-16,0.8003306930903726,2.220446049250313e-16,2.220446049250313e-16,0.013175271039744219,2.220446049250313e-16,2.220446049250313e-16
13.0,0.7981885132705834,2.220446049250313e-16,2.220446049250313e-16,2.220446049250313e-16,2.220446049250313e-16,0.6143506553640068,2.220446049250313e-16,0.007120556043513731,0.003207273175789634,0.44878749200473284,2.220446049250313e-16,2.220446049250313e-16,0.6245740331994831
14.0,0.20732734603891642,2.220446049250313e-16,0.4747105554561521,0.5411936238311674,0.0036574964535887656,2.220446049250313e-16,2.220446049250313e-16,0.8837812041862461,0.0650251618175104,2.220446049250313e-16,0.006803092693719553,2.220446049250313e-16,2.220446049250313e-16
15.0,0.7982959455983509,0.474710555456152,0.47471055545615176,2.220446049250313e-16,2.220446049250313e-16,0.6143506553640066,2.220446049250313e-16,0.0071170511986493965,0.0032053482094785745,0.44753019571896163,2.220446049250313e-16,2.220446049250313e-16,2.220446049250313e-16
16.0,0.22304673132286146,1.1102230246251565e-16,2.220446049250313e-16,2.220446049250313e-16,2.220446049250313e-16,0.31264022349916215,2.220446049250313e-16,0.25802827538062234,0.780441049733151,2.220446049250313e-16,2.220446049250313e-16,0.4780725787924609,2.220446049250313e-16
17.0,0.7945255382238068,0.4747105554561519,0.47471055545615154,2.220446049250313e-16,2.220446049250313e-16,0.30169586838938817,2.220446049250313e-16,2.220446049250313e-16,0.15357273482466904,0.4478158706860316,0.020519231795058032,2.220446049250313e-16,2.220446049250313e-16
18.0,0.2028548432041406,2.220446049250313e-16,2.220446049250313e-16,0.25456265140108136,0.003828368999226672,0.3107396781626165,2.220446049250313e-16,0.8771205465904044,0.24169534849778201,2.220446049250313e-16,2.220446049250313e-16,2.220446049250313e-16,2.220446049250313e-16
19.0,0.7980660574844435,2.220446049250313e-16,0.47471055545615204,2.220446049250313e-16,2.220446049250313e-16,0.6143506553640077,2.220446049250313e-16,0.0071245510098501665,0.003209467331570985,0.4502206100268799,2.220446049250313e-16,2.220446049250313e-16,0.29488196506662123
20.0,0.49469384610889006,2.220446049250313e-16,2.220446049250313e-16,2.220446049250313e-16,2.220446049250313e-16,0.6139962586681369,2.220446049250313e-16,0.14803995113879856,2.220446049250313e-16,2.220446049250313e-16,0.49932778557100277,2.220446049250313e-16,0.6269462867288639
21.0,2.220446049250313e-16,2.220446049250313e-16,0.4747105554561518,2.220446049250313e-16,0.6904752704080266,2.220446049250313e-16,2.220446049250313e-16,0.8348396550640825,0.07109401699818427,2.220446049250313e-16,0.013589529794958002,2.220446049250313e-16,2.220446049250313e-16
22.0,2.220446049250313e-16,2.220446049250313e-16,2.220446049250313e-16,0.13237171833508396,2.220446049250313e-16,0.6213610343846706,0.6969565708924539,2.220446049250313e-16,2.220446049250313e-16,2.220446049250313e-16,0.6940140029507526,2.220446049250313e-16,0.0013490125959941869
23.0,2.220446049250313e-16,2.220446049250313e-16,2.220446049250313e-16,0.13237171833508396,2.220446049250313e-16,0.6213610343846706,0.6969565708924539,2.220446049250313e-16,2.220446049250313e-16,2.220446049250313e-16,0.6940140029507526,2.220446049250313e-16,0.0013490125959941869
24.0,2.220446049250313e-16,2.220446049250313e-16,2.220446049250313e-16,0.13237171833508396,2.220446049250313e-16,0.6213610343846706,0.6969565708924539,2.220446049250313e-16,2.220446049250313e-16,2.220446049250313e-16,0.6940140029507526,2.220446049250313e-16,0.0013490125959941869
25.0,2.220446049250313e-16,2.220446049250313e-16,2.220446049250313e-16,0.7387281024194948,2.220446049250313e-16,0.004040258920610329,0.2649329508574313,0.0013457666318029326,2.220446049250313e-16,0.48834484806716616,0.005453661074212201,0.4780725787924609,0.6421611695892409
26.0,2.220446049250313e-16,2.220446049250313e-16,2.220446049250313e-16,2.220446049250313e-16,0.7073573724650293,2.220446049250313e-16,0.6548546328632799,0.1767707951461906,2.220446049250313e-16,0.32949963193365256,2.220446049250313e-16,0.4780725787924608,0.0012694021481861534
27.0,2.220446049250313e-16,0.474710555456152,2.220446049250313e-16,2.220446049250313e-16,0.6963649016469513,2.220446049250313e-16,0.24085726683258496,0.6052602518801868,2.220446049250313e-16,2.220446049250313e-16,2.220446049250313e-16,2.220446049250313e-16,0.34863643029069097
28.0,0.05980178605329749,2.220446049250313e-16,2.220446049250313e-16,2.220446049250313e-16,0.6855622271911231,2.220446049250313e-16,0.6737536647393392,2.220446049250313e-16,2.220446049250313e-16,0.6537387589431863,2.220446049250313e-16,2.220446049250313e-16,2.220446049250313e-16
29.0,0.05980178605329749,2.220446049250313e-16,2.220446049250313e-16,2.220446049250313e-16,0.6855622271911231,2.220446049250313e-16,0.6737536647393392,2.220446049250313e-16,2.220446049250313e-16,0.6537387589431863,2.220446049250313e-16,2.220446049250313e-16,2.220446049250313e-16
30.0,2.220446049250313e-16,2.220446049250313e-16,2.220446049250313e-16,0.7387281024194948,2.220446049250313e-16,0.004040258920610329,0.2649329508574313,0.0013457666318029326,2.220446049250313e-16,0.48834484806716616,0.005453661074212201,0.4780725787924609,0.6421611695892409
31.0,2.220446049250313e-16,2.220446049250313e-16,2.220446049250313e-16,0.7387281024194948,2.220446049250313e-16,0.004040258920610329,0.2649329508574313,0.0013457666318029326,2.220446049250313e-16,0.48834484806716616,0.005453661074212201,0.4780725787924609,0.6421611695892409
32.0,0.1951648783174191,0.47471055545615237,2.7755575615628914e-16,0.17069784344918196,0.4724406374353743,0.00886779165805352,0.02922533138507013,0.6031453943040562,2.220446049250313e-16,2.220446049250313e-16,2.220446049250313e-16,2.220446049250313e-16,0.3285063407077653
33.0,0.33104278909362667,2.220446049250313e-16,2.220446049250313e-16,0.5093509824581524,0.2239785187791625,2.220446049250313e-16,0.6328699862811169,2.220446049250313e-16,0.012659290772867248,0.45735416524991795,2.220446049250313e-16,2.220446049250313e-16,0.001282412020428515
34.0,2.220446049250313e-16,2.220446049250313e-16,0.4747105554561518,0.7383502120749802,2.220446049250313e-16,0.004021929357929277,0.273494530407532,0.0013498050647554783,2.220446049250313e-16,0.4895862591378985,0.00542858170266899,0.4780725787924609,0.31214057107731563
35.0,2.220446049250313e-16,2.220446049250313e-16,2.220446049250313e-16,0.7387281024194948,2.220446049250313e-16,0.004040258920610329,0.2649329508574313,0.0013457666318029326,2.220446049250313e-16,0.48834484806716616,0.005453661074212201,0.4780725787924609,0.6421611695892409
36.0,2.220446049250313e-16,2.220446049250313e-16,2.220446049250313e-16,0.4506032121200504,0.2329665580682566,0.005105042767659961,0.7038677329214083,2.220446049250313e-16,2.220446049250313e-16,0.4837401840839285,0.006947528164095584,0.4780725787924609,2.220446049250313e-16
37.0,2.220446049250313e-16,0.474710555456152,2.220446049250313e-16,2.220446049250313e-16,0.6963649016469513,2.220446049250313e-16,0.24085726683258496,0.6052602518801868,2.220446049250313e-16,2.220446049250313e-16,2.220446049250313e-16,2.220446049250313e-16,0.34863643029069097
38.0,0.05980178605329749,2.220446049250313e-16,2.220446049250313e-16,2.220446049250313e-16,0.6855622271911231,2.220446049250313e-16,0.6737536647393392,2.220446049250313e-16,2.220446049250313e-16,0.6537387589431863,2.220446049250313e-16,2.220446049250313e-16,2.220446049250313e-16
39.0,0.05980178605329749,2.220446049250313e-16,2.220446049250313e-16,2.220446049250313e-16,0.6855622271911231,2.220446049250313e-16,0.6737536647393392,2.220446049250313e-16,2.220446049250313e-16,0.6537387589431863,2.220446049250313e-16,2.220446049250313e-16,2.220446049250313e-16
40.0,2.220446049250313e-16,2.220446049250313e-16,2.220446049250313e-16,2.220446049250313e-16,2.220446049250313e-16,2.220446049250313e-16,2.220446049250313e-16,0.015424157356011376,0.8934336298012941,2.220446049250313e-16,0.6960415030911343,2.220446049250313e-16,2.220446049250313e-16
41.0,0.22304673132286146,1.1102230246251565e-16,2.220446049250313e-16,2.220446049250313e-16,2.220446049250313e-16,0.31264022349916215,2.220446049250313e-16,0.25802827538062234,0.780441049733151,2.220446049250313e-16,2.220446049250313e-16,0.4780725787924609,2.220446049250313e-16
42.0,0.22304673132286146,1.1102230246251565e-16,2.220446049250313e-16,2.220446049250313e-16,2.220446049250313e-16,0.31264022349916215,2.220446049250313e-16,0.25802827538062234,0.780441049733151,2.220446049250313e-16,2.220446049250313e-16,0.4780725787924609,2.220446049250313e-16
43.0,0.7847142238046625,0.47471055545615237,2.220446049250313e-16,2.220446049250313e-16,1.5265566588595902e-16,2.220446049250313e-16,2.220446049250313e-16,2.220446049250313e-16,0.5160418072780599,0.4485592510810879,0.004764533653999748,2.220446049250313e-16,2.220446049250313e-16
44.0,0.7847142238046625,0.47471055545615237,2.220446049250313e-16,2.220446049250313e-16,1.5265566588595902e-16,2.220446049250313e-16,2.220446049250313e-16,2.220446049250313e-16,0.5160418072780599,0.4485592510810879,0.004764533653999748,2.220446049250313e-16,2.220446049250313e-16
45.0,2.220446049250313e-16,2.220446049250313e-16,2.220446049250313e-16,2.220446049250313e-16,2.220446049250313e-16,0.6138206335234125,2.220446049250313e-16,0.11550109647419327,0.12703750153423196,0.0012389396299274588,0.746775111203928,2.220446049250313e-16,0.6269397377965471
46.0,2.220446049250313e-16,2.220446049250313e-16,0.4747105554561518,2.220446049250313e-16,0.6904752704080266,2.220446049250313e-16,2.220446049250313e-16,0.8348396550640825,0.07109401699818427,2.220446049250313e-16,0.013589529794958002,2.220446049250313e-16,2.220446049250313e-16
47.0,2.220446049250313e-16,2.220446049250313e-16,2.220446049250313e-16,0.13237171833508396,2.220446049250313e-16,0.6213610343846706,0.6969565708924539,2.220446049250313e-16,2.220446049250313e-16,2.220446049250313e-16,0.6940140029507526,2.220446049250313e-16,0.0013490125959941869
48.0,2.220446049250313e-16,2.220446049250313e-16,2.220446049250313e-16,0.13237171833508396,2.220446049250313e-16,0.6213610343846706,0.6969565708924539,2.220446049250313e-16,2.220446049250313e-16,2.220446049250313e-16,0.6940140029507526,2.220446049250313e-16,0.0013490125959941869
49.0,2.220446049250313e-16,2.220446049250313e-16,2.220446049250313e-16,0.13237171833508396,2.220446049250313e-16,0.6213610343846706,0.6969565708924539,2.220446049250313e-16,2.220446049250313e-16,2.220446049250313e-16,0.6940140029507526,2.220446049250313e-16,0.0013490125959941869
50.0,2.220446049250313e-16,2.220446049250313e-16,2.220446049250313e-16,0.7387281024194948,2.220446049250313e-16,0.004040258920610329,0.2649329508574313,0.0013457666318029326,2.220446049250313e-16,0.48834484806716616,0.005453661074212201,0.4780725787924609,0.6421611695892409
51.0,2.220446049250313e-16,2.220446049250313e-16,2.220446049250313e-16,2.220446049250313e-16,0.7073573724650293,2.220446049250313e-16,0.6548546328632799,0.1767707951461906,2.220446049250313e-16,0.32949963193365256,2.220446049250313e-16,0.4780725787924608,0.0012694021481861534
52.0,2.220446049250313e-16,0.474710555456152,2.220446049250313e-16,2.220446049250313e-16,0.6963649016469513,2.220446049250313e-16,0.24085726683258496,0.6052602518801868,2.220446049250313e-16,2.220446049250313e-16,2.220446049250313e-16,2.220446049250313e-16,0.34863643029069097
53.0,0.05980178605329749,2.220446049250313e-16,2.220446049250313e-16,2.220446049250313e-16,0.6855622271911231,2.220446049250313e-16,0.6737536647393392,2.220446049250313e-16,2.220446049250313e-16,0.6537387589431863,2.220446049250313e-16,2.220446049250313e-16,2.220446049250313e-16
54.0,0.05980178605329749,2.220446049250313e-16,2.220446049250313e-16,2.220446049250313e-16,0.6855622271911231,2.220446049250313e-16,0.6737536647393392,2.220446049250313e-16,2.220446049250313e-16,0.6537387589431863,2.220446049250313e-16,2.220446049250313e-16,2.220446049250313e-16
55.0,2.220446049250313e-16,2.220446049250313e-16,2.220446049250313e-16,0.7387281024194948,2.220446049250313e-16,0.004040258920610329,0.2649329508574313,0.0013457666318029326,2.220446049250313e-16,0.48834484806716616,0.005453661074212201,0.4780725787924609,0.6421611695892409
56.0,2.220446049250313e-16,2.220446049250313e-16,2.220446049250313e-16,2.220446049250313e-16,0.7073573724650293,2.220446049250313e-16,0.6548546328632799,0.17677079514619065,2.220446049250313e-16,0.32949963193365256,2.220446049250313e-16,0.4780725787924608,0.001269402148186098
57.0,2.220446049250313e-16,0.474710555456152,2.220446049250313e-16,2.220446049250313e-16,0.6963649016469513,2.220446049250313e-16,0.24085726683258496,0.6052602518801868,2.220446049250313e-16,2.220446049250313e-16,2.220446049250313e-16,2.220446049250313e-16,0.34863643029069097
58.0,0.05980178605329749,2.220446049250313e-16,2.220446049250313e-16,2.220446049250313e-16,0.6855622271911231,2.220446049250313e-16,0.6737536647393392,2.220446049250313e-16,2.220446049250313e-16,0.6537387589431863,2.220446049250313e-16,2.220446049250313e-16,2.220446049250313e-16
59.0,0.05980178605329749,2.220446049250313e-16,2.220446049250313e-16,2.220446049250313e-16,0.6855622271911231,2.220446049250313e-16,0.6737536647393392,2.220446049250313e-16,2.220446049250313e-16,0.6537387589431863,2.220446049250313e-16,2.220446049250313e-16,2.220446049250313e-16
60.0,2.220446049250313e-16,2.220446049250313e-16,2.220446049250313e-16,2.220446049250313e-16,2.220446049250313e-16,2.220446049250313e-16,2.220446049250313e-16,0.015424157356011376,0.8934336298012941,2.220446049250313e-16,0.6960415030911343,2.220446049250313e-16,2.220446049250313e-16
61.0,0.0760118801679544,1.1102230246251565e-16,2.220446049250313e-16,2.220446049250313e-16,2.220446049250313e-16,2.220446049250313e-16,2.220446049250313e-16,0.026398690334130524,0.9282214209131068,0.15804414781408346,0.23444137316320157,2.220446049250313e-16,2.220446049250313e-16
62.0,0.2002081861823498,2.220446049250313e-16,2.220446049250313e-16,2.220446049250313e-16,2.220446049250313e-16,2.220446049250313e-16,2.220446049250313e-16,0.028988701790794713,0.9425090639022752,0.32904251881029184,0.008711709744309104,0.47807257879246084,2.220446049250313e-16
63.0,2.220446049250313e-16,2.220446049250313e-16,2.220446049250313e-16,2.220446049250313e-16,2.220446049250313e-16,2.220446049250313e-16,2.220446049250313e-16,0.015424157356011376,0.8934336298012941,2.220446049250313e-16,0.6960415030911343,2.220446049250313e-16,2.220446049250313e-16
64.0,2.220446049250313e-16,0.4747105554561518,2.220446049250313e-16,2.220446049250313e-16,2.220446049250313e-16,2.220446049250313e-16,2.220446049250313e-16,0.08779343154966641,0.6405346062849369,2.220446049250313e-16,0.7529465828977424,2.220446049250313e-16,2.220446049250313e-16
65.0,2.220446049250313e-16,0.4747105554561518,0.47471055545615176,2.220446049250313e-16,2.220446049250313e-16,2.220446049250313e-16,2.220446049250313e-16,2.220446049250313e-16,0.6052692636627244,2.220446049250313e-16,0.7125327472509786,2.220446049250313e-16,2.220446049250313e-16
66.0,2.220446049250313e-16,2.220446049250313e-16,2.220446049250313e-16,0.020750194086580794,2.220446049250313e-16,0.30150377106085247,0.020483894795550378,0.4758678940229549,0.7204732258608654,0.16446290604306069,0.0015422814017995935,2.220446049250313e-16,2.220446049250313e-16
67.0,2.220446049250313e-16,0.4747105554561518,0.47471055545615176,2.220446049250313e-16,2.220446049250313e-16,2.220446049250313e-16,2.220446049250313e-16,0.0969478056364737,0.46369546536235473,2.220446049250313e-16,0.7624477730032269,2.220446049250313e-16,2.220446049250313e-16
68.0,2.220446049250313e-16,2.220446049250313e-16,0.4747105554561519,2.220446049250313e-16,2.220446049250313e-16,2.220446049250313e-16,0.46005789209898046,2.220446049250313e-16,0.47059511954678157,2.220446049250313e-16,0.7184531064263657,2.220446049250313e-16,0.01051169208228913
69.0,2.220446049250313e-16,2.220446049250313e-16,0.4747105554561519,2.220446049250313e-16,2.220446049250313e-16,2.220446049250313e-16,0.46005789209898046,2.220446049250313e-16,0.47059511954678157,2.220446049250313e-16,0.7184531064263657,2.220446049250313e-16,0.01051169208228913
