id,x_0,x_1,x_2,x_3,x_4,x_5,x_6,x_7,x_8,x_9
0.0,2.220446049250313e-16,0.014447922789716626,0.30087272842964496,0.03469586382668953,2.220446049250313e-16,2.220446049250313e-16,0.6655714741196008,0.8688873749149995,2.220446049250313e-16,2.220446049250313e-16
1.0,2.220446049250313e-16,0.5218765653760873,2.220446049250313e-16,0.15155742320296342,2.220446049250313e-16,2.220446049250313e-16,0.4584516963589401,2.220446049250313e-16,0.3974106777733905,0.6353627763636224
2.0,2.220446049250313e-16,0.03579499025222871,0.2884648832021791,0.09490941448635203,0.3341891684847223,2.220446049250313e-16,0.32312205548037143,0.8707363692681876,2.220446049250313e-16,2.220446049250313e-16
3.0,2.220446049250313e-16,2.220446049250313e-16,2.220446049250313e-16,0.17252769110233632,2.220446049250313e-16,2.220446049250313e-16,0.8240222989977725,0.10896896686539195,0.3915180784238372,0.6139881881765294
4.0,2.220446049250313e-16,0.03579499025222871,0.2884648832021791,0.09490941448635203,0.3341891684847223,2.220446049250313e-16,0.32312205548037143,0.8707363692681876,2.220446049250313e-16,2.220446049250313e-16
5.0,2.220446049250313e-16,0.5218765653760873,2.220446049250313e-16,0.15155742320296342,2.220446049250313e-16,2.220446049250313e-16,0.4584516963589401,2.220446049250313e-16,0.3974106777733905,0.6353627763636224
6.0,2.220446049250313e-16,0.014447922789716626,0.30087272842964496,0.03469586382668953,2.220446049250313e-16,2.220446049250313e-16,0.6655714741196008,0.8688873749149995,2.220446049250313e-16,2.220446049250313e-16
7.0,0.23651080012434994,0.011623775108264435,2.220446049250313e-16,2.220446049250313e-16,0.3337586215586785,2.220446049250313e-16,0.7643394556610978,0.09654227481157268,0.21442165116624465,0.6174777909754079
8.0,2.220446049250313e-16,0.013147887213359421,2.220446049250313e-16,0.07009795151962483,2.220446049250313e-16,0.9111226155339104,0.07165705238494613,0.19160635603884507,0.6489965462636779,2.220446049250313e-16
9.0,0.5292970887487536,0.004095160241667867,2.220446049250313e-16,2.220446049250313e-16,2.498001805406602e-16,2.220446049250313e-16,0.7643169139097304,0.0970519473232202,0.21442201451468812,0.6174791089715735
10.0,2.220446049250313e-16,0.02718608289647029,0.0423158930599733,0.17208502306904402,2.220446049250313e-16,0.19293933630566906,0.5903310828452301,0.7279109977442232,2.220446049250313e-16,2.220446049250313e-16
11.0,0.5292970887487536,0.004095160241667867,2.220446049250313e-16,2.220446049250313e-16,2.498001805406602e-16,2.220446049250313e-16,0.7643169139097304,0.0970519473232202,0.21442201451468812,0.6174791089715735
12.0,0.16644713064639208,0.013932041736113288,2.220446049250313e-16,2.220446049250313e-16,0.3025610308287436,0.9659217848970465,2.220446049250313e-16,0.17376371930100787,0.4218842748978736,2.220446049250313e-16
13.0,0.7023588100948164,0.05616446801194597,2.220446049250313e-16,2.220446049250313e-16,2.220446049250313e-16,0.7673692349633346,2.220446049250313e-16,2.220446049250313e-16,2.220446049250313e-16,0.5637684610050487
14.0,0.46113304623469054,0.0247355733838589,0.00258149464190588,2.220446049250313e-16,2.220446049250313e-16,0.9042417896299876,2.220446049250313e-16,2.220446049250313e-16,0.4235968462427673,0.3102426931803313
15.0,0.7241172821265452,2.220446049250313e-16,2.220446049250313e-16,2.220446049250313e-16,2.220446049250313e-16,0.22887816261801158,0.665101786594725,2.220446049250313e-16,2.220446049250313e-16,0.6232801292751219
16.0,2.220446049250313e-16,0.021189023723935812,2.220446049250313e-16,2.220446049250313e-16,0.3038262684924532,0.9267482271364897,2.220446049250313e-16,0.1774921430613733,0.6497166407262681,2.220446049250313e-16
17.0,0.1674914672952949,0.03025624243658942,0.0023383387336774375,2.220446049250313e-16,0.30378357576042625,0.9280700548468006,2.220446049250313e-16,2.220446049250313e-16,0.4229339905047318,0.3102426931803313
18.0,2.220446049250313e-16,2.220446049250313e-16,2.220446049250313e-16,0.06307170727941336,2.220446049250313e-16,0.7518188887941606,0.3470858476692066,0.19397756830345736,0.6489911553794613,2.220446049250313e-16
19.0,2.220446049250313e-16,2.220446049250313e-16,2.220446049250313e-16,2.220446049250313e-16,0.33375862155867814,2.220446049250313e-16,0.7590285941992913,0.09763060484137143,0.6193076754987814,0.61778831232435
20.0,2.220446049250313e-16,0.48566944044026944,0.6307354173691274,2.220446049250313e-16,0.33238924959736066,0.08434714422566358,0.11930268997049304,0.05302333875360534,0.03865081503311947,0.40166674947892506
21.0,2.220446049250313e-16,0.48159865583987405,0.8133688530813478,2.220446049250313e-16,2.220446049250313e-16,0.09183061806864444,0.12014634027180007,0.03930237110092708,0.03812527028421143,0.40161742199571343
22.0,2.220446049250313e-16,0.18097045778122145,0.7800094798039684,2.220446049250313e-16,2.220446049250313e-16,2.220446049250313e-16,0.39187130929188674,0.49418698175462594,2.220446049250313e-16,0.0754872114082644
23.0,2.220446049250313e-16,2.220446049250313e-16,0.6524569976828264,0.416453633717444,2.220446049250313e-16,2.220446049250313e-16,2.220446049250313e-16,2.220446049250313e-16,0.4037156543754966,0.5637684610050487
24.0,2.220446049250313e-16,2.220446049250313e-16,0.6524569976828264,0.416453633717444,2.220446049250313e-16,2.220446049250313e-16,2.220446049250313e-16,2.220446049250313e-16,0.4037156543754966,0.5637684610050487
25.0,0.21047174843909808,0.9880826680558384,2.220446049250313e-16,0.2484055852259648,2.220446049250313e-16,0.07048887741519749,0.06693473021833302,0.12354157200396591,2.220446049250313e-16,2.220446049250313e-16
26.0,2.220446049250313e-16,2.220446049250313e-16,0.7299822506300353,0.018542565648981935,2.220446049250313e-16,0.14344819026120906,0.0348468123595845,0.9034226027586956,2.220446049250313e-16,2.220446049250313e-16
27.0,2.220446049250313e-16,0.01685934901775216,0.10062656706066608,0.9951159113958301,2.220446049250313e-16,2.220446049250313e-16,0.03651415825736142,2.220446049250313e-16,2.220446049250313e-16,2.220446049250313e-16
28.0,2.220446049250313e-16,0.01685934901775216,0.10062656706066608,0.9951159113958301,2.220446049250313e-16,2.220446049250313e-16,0.03651415825736142,2.220446049250313e-16,2.220446049250313e-16,2.220446049250313e-16
29.0,2.220446049250313e-16,0.01685934901775216,0.10062656706066608,0.9951159113958301,2.220446049250313e-16,2.220446049250313e-16,0.03651415825736142,2.220446049250313e-16,2.220446049250313e-16,2.220446049250313e-16
30.0,0.21047174843909808,0.9880826680558384,2.220446049250313e-16,0.2484055852259648,2.220446049250313e-16,0.07048887741519749,0.06693473021833302,0.12354157200396591,2.220446049250313e-16,2.220446049250313e-16
31.0,2.220446049250313e-16,2.220446049250313e-16,0.7299822506300353,0.018542565648981935,2.220446049250313e-16,0.14344819026120906,0.0348468123595845,0.9034226027586956,2.220446049250313e-16,2.220446049250313e-16
32.0,2.220446049250313e-16,0.01685934901775216,0.10062656706066608,0.9951159113958301,2.220446049250313e-16,2.220446049250313e-16,0.03651415825736142,2.220446049250313e-16,2.220446049250313e-16,2.220446049250313e-16
33.0,2.220446049250313e-16,0.01685934901775216,0.10062656706066608,0.9951159113958301,2.220446049250313e-16,2.220446049250313e-16,0.03651415825736142,2.220446049250313e-16,2.220446049250313e-16,2.220446049250313e-16
34.0,2.220446049250313e-16,0.01685934901775216,0.10062656706066608,0.9951159113958301,2.220446049250313e-16,2.220446049250313e-16,0.03651415825736142,2.220446049250313e-16,2.220446049250313e-16,2.220446049250313e-16
35.0,2.220446049250313e-16,0.48566944044026944,0.6307354173691274,2.220446049250313e-16,0.33238924959736066,0.08434714422566358,0.11930268997049304,0.05302333875360534,0.03865081503311947,0.40166674947892506
36.0,2.220446049250313e-16,0.48159865583987405,0.8133688530813478,2.220446049250313e-16,2.220446049250313e-16,0.09183061806864444,0.12014634027180007,0.03930237110092708,0.03812527028421143,0.40161742199571343
37.0,2.220446049250313e-16,0.18097045778122145,0.7800094798039684,2.220446049250313e-16,2.220446049250313e-16,2.220446049250313e-16,0.39187130929188674,0.49418698175462594,2.220446049250313e-16,0.0754872114082644
38.0,2.220446049250313e-16,2.220446049250313e-16,0.6524569976828264,0.416453633717444,2.220446049250313e-16,2.220446049250313e-16,2.220446049250313e-16,2.220446049250313e-16,0.4037156543754966,0.5637684610050487
39.0,2.220446049250313e-16,2.220446049250313e-16,0.6524569976828264,0.416453633717444,2.220446049250313e-16,2.220446049250313e-16,2.220446049250313e-16,2.220446049250313e-16,0.4037156543754966,0.5637684610050487
40.0,0.7090608769113698,0.07128103334318137,2.220446049250313e-16,2.220446049250313e-16,2.220446049250313e-16,0.5810405425542483,0.2415954406831572,2.220446049250313e-16,2.220446049250313e-16,0.5496425903381902
41.0,2.220446049250313e-16,0.021189023723935812,2.220446049250313e-16,2.220446049250313e-16,0.3038262684924532,0.9267482271364897,2.220446049250313e-16,0.1774921430613733,0.6497166407262681,2.220446049250313e-16
42.0,2.220446049250313e-16,0.021189023723935812,2.220446049250313e-16,2.220446049250313e-16,0.3038262684924532,0.9267482271364897,2.220446049250313e-16,0.1774921430613733,0.6497166407262681,2.220446049250313e-16
43.0,0.7241172821265452,2.220446049250313e-16,2.220446049250313e-16,2.220446049250313e-16,2.220446049250313e-16,0.22887816261801158,0.665101786594725,2.220446049250313e-16,2.220446049250313e-16,0.6232801292751219
44.0,0.7241172821265452,2.220446049250313e-16,2.220446049250313e-16,2.220446049250313e-16,2.220446049250313e-16,0.22887816261801158,0.665101786594725,2.220446049250313e-16,2.220446049250313e-16,0.6232801292751219
45.0,0.20969447993090448,0.9966285012946303,2.220446049250313e-16,0.17460890558982145,0.3292934188825644,0.08559725372427314,2.220446049250313e-16,0.10921280320703113,2.220446049250313e-16,2.220446049250313e-16
46.0,2.220446049250313e-16,2.220446049250313e-16,0.7299822506300353,0.018542565648981935,2.220446049250313e-16,0.14344819026120906,0.0348468123595845,0.9034226027586956,2.220446049250313e-16,2.220446049250313e-16
47.0,2.220446049250313e-16,0.01685934901775216,0.10062656706066608,0.9951159113958301,2.220446049250313e-16,2.220446049250313e-16,0.03651415825736142,2.220446049250313e-16,2.220446049250313e-16,2.220446049250313e-16
48.0,2.220446049250313e-16,0.01685934901775216,0.10062656706066608,0.9951159113958301,2.220446049250313e-16,2.220446049250313e-16,0.03651415825736142,2.220446049250313e-16,2.220446049250313e-16,2.220446049250313e-16
49.0,2.220446049250313e-16,0.01685934901775216,0.10062656706066608,0.9951159113958301,2.220446049250313e-16,2.220446049250313e-16,0.03651415825736142,2.220446049250313e-16,2.220446049250313e-16,2.220446049250313e-16
50.0,0.5037900290511824,0.9772574321009846,2.220446049250313e-16,0.054419125894585314,2.220446049250313e-16,0.058536943377875905,0.0033464739998934957,0.11433598902324384,0.2250586515226905,2.220446049250313e-16
51.0,2.220446049250313e-16,2.220446049250313e-16,0.7299822506300353,0.018542565648981935,2.220446049250313e-16,0.14344819026120906,0.0348468123595845,0.9034226027586956,2.220446049250313e-16,2.220446049250313e-16
52.0,2.220446049250313e-16,0.03391380984813907,2.220446049250313e-16,0.8671033119519334,0.6602719315916981,0.004807249859383212,2.220446049250313e-16,2.220446049250313e-16,2.220446049250313e-16,2.220446049250313e-16
53.0,2.220446049250313e-16,0.03391380984813907,2.220446049250313e-16,0.8671033119519334,0.6602719315916981,0.004807249859383212,2.220446049250313e-16,2.220446049250313e-16,2.220446049250313e-16,2.220446049250313e-16
54.0,2.220446049250313e-16,0.03391380984813907,2.220446049250313e-16,0.8671033119519334,0.6602719315916981,0.004807249859383212,2.220446049250313e-16,2.220446049250313e-16,2.220446049250313e-16,2.220446049250313e-16
55.0,0.46113304623469054,0.0247355733838589,0.00258149464190588,2.220446049250313e-16,2.220446049250313e-16,0.9042417896299876,2.220446049250313e-16,2.220446049250313e-16,0.4235968462427673,0.3102426931803313
56.0,0.732747216899122,2.220446049250313e-16,2.220446049250313e-16,2.220446049250313e-16,2.220446049250313e-16,0.0012382792912177271,0.7487708795839375,0.09808328585941277,2.220446049250313e-16,0.6183880717800087
57.0,2.220446049250313e-16,2.220446049250313e-16,0.3052421860041736,0.04616688432575167,2.220446049250313e-16,0.37466369925992227,0.303910203174295,0.769089354222309,2.220446049250313e-16,2.220446049250313e-16
58.0,0.7023588100948164,0.05616446801194597,2.220446049250313e-16,2.220446049250313e-16,2.220446049250313e-16,0.7673692349633346,2.220446049250313e-16,2.220446049250313e-16,2.220446049250313e-16,0.5637684610050487
59.0,0.5170398682886257,0.5163039121618892,0.17103915489611882,0.2786755558846775,2.220446049250313e-16,2.220446049250313e-16,2.220446049250313e-16,2.220446049250313e-16,2.220446049250313e-16,0.5637684610050487
60.0,0.4755856597467722,0.6818460513136548,2.220446049250313e-16,0.19173805208844552,2.220446049250313e-16,0.10822550828130584,0.06566675141591607,0.2651193132889822,2.220446049250313e-16,2.220446049250313e-16
61.0,2.220446049250313e-16,2.220446049250313e-16,0.5728885521982637,2.220446049250313e-16,0.31614845639822986,0.5871852028067657,2.220446049250313e-16,0.5407906177247304,2.220446049250313e-16,2.220446049250313e-16
62.0,0.7119185872675613,0.7172497557943773,2.220446049250313e-16,0.0675610496228752,2.220446049250313e-16,0.09790687772595415,0.07238779102217836,0.2645843147424457,2.220446049250313e-16,2.220446049250313e-16
63.0,0.4827485615064008,0.5539728489108778,2.220446049250313e-16,0.46158974553471277,0.33061797553155015,2.220446049250313e-16,2.220446049250313e-16,2.220446049250313e-16,2.220446049250313e-16,2.220446049250313e-16
64.0,0.4827485615064008,0.5539728489108778,2.220446049250313e-16,0.46158974553471277,0.33061797553155015,2.220446049250313e-16,2.220446049250313e-16,2.220446049250313e-16,2.220446049250313e-16,2.220446049250313e-16
65.0,0.5037900290511824,0.9772574321009846,2.220446049250313e-16,0.054419125894585314,2.220446049250313e-16,0.058536943377875905,0.0033464739998934957,0.11433598902324384,0.2250586515226905,2.220446049250313e-16
66.0,2.220446049250313e-16,2.220446049250313e-16,0.7299822506300353,0.018542565648981935,2.220446049250313e-16,0.14344819026120906,0.0348468123595845,0.9034226027586956,2.220446049250313e-16,2.220446049250313e-16
67.0,2.220446049250313e-16,0.03391380984813907,2.220446049250313e-16,0.8671033119519334,0.6602719315916981,0.004807249859383212,2.220446049250313e-16,2.220446049250313e-16,2.220446049250313e-16,2.220446049250313e-16
68.0,2.220446049250313e-16,0.03391380984813907,2.220446049250313e-16,0.8671033119519334,0.6602719315916981,0.004807249859383212,2.220446049250313e-16,2.220446049250313e-16,2.220446049250313e-16,2.220446049250313e-16
69.0,2.220446049250313e-16,0.03391380984813907,2.220446049250313e-16,0.8671033119519334,0.6602719315916981,0.004807249859383212,2.220446049250313e-16,2.220446049250313e-16,2.220446049250313e-16,2.220446049250313e-16
