22 0.04003626231842944 0.6112956746822655 0.24451590994104058 0.23338520827595996 0.19041983781128988 0.04003626302892146 0.097519685915426 0.1996646517356724 0.1904198379123682 0.06021960236016782 0.6112956743122094 0.48403842567482036 0.23338520766422208 0.09751968611429093 0.19041983832843812 0.6112956746967166 0.07584606338174261 0.040036263037403284 0.2445159091574272 0.48403842581030476
5 0.3136673748628424 0.1996646524844915 0.23877740587653276 0.4730535985875562 0.4044778924008618 0.3136673761790803 0.19750623473880205 0.48050781845777313 0.40447789224697495 0.15551980644459643 0.19966465106905396 0.2073347827866936 0.4730535987508469 0.19750623505932483 0.4044778926733837 0.19966465150302787 0.3373093230350564 0.313667375658979 0.23877740503375228 0.20733478331312147
0 0.5212568547366481 0.040036263854760334 0.17737855782137607 0.27762261560397355 0.3272616927777043 0.5212568563665733 0.3185915831328288 0.31366737565214725 0.32726169297102015 0.39469646825751903 0.040036262349191595 0.05979899678510835 0.2776226153029263 0.3185915832187748 0.32726169334404304 0.0400362623165989 0.42114607945631066 0.521256855713879 0.17737855691499171 0.05979899717213828
9 0.3136673748628424 0.1996646524844915 0.23877740587653276 0.4730535985875562 0.4044778924008618 0.3136673761790803 0.19750623473880205 0.48050781845777313 0.40447789224697495 0.15551980644459643 0.19966465106905396 0.2073347827866936 0.4730535987508469 0.19750623505932483 0.4044778926733837 0.19966465150302787 0.3373093230350564 0.313667375658979 0.23877740503375228 0.20733478331312147
3 0.3136673748628424 0.1996646524844915 0.23877740587653276 0.4730535985875562 0.4044778924008618 0.3136673761790803 0.19750623473880205 0.48050781845777313 0.40447789224697495 0.15551980644459643 0.19966465106905396 0.2073347827866936 0.4730535987508469 0.19750623505932483 0.4044778926733837 0.19966465150302787 0.3373093230350564 0.313667375658979 0.23877740503375228 0.20733478331312147
57 0.05979899671183375 0.4840384257149708 0.3056315921530768 0.17588657438318478 0.24094718729611486 0.0597989974594384 0.08177707705181092 0.2073347830570147 0.24094718738342635 0.07499371658517417 0.4840384255612662 0.6318689481413458 0.17588657462692936 0.08177707716822624 0.24094718776177615 0.4840384257104233 0.05503639995902765 0.05979899742669659 0.30563159204029944 0.6318689481704496
41 0.05979899671183375 0.4840384257149708 0.3056315921530768 0.17588657438318478 0.24094718729611486 0.0597989974594384 0.08177707705181092 0.2073347830570147 0.24094718738342635 0.07499371658517417 0.4840384255612662 0.6318689481413458 0.17588657462692936 0.08177707716822624 0.24094718776177615 0.4840384257104233 0.05503639995902765 0.05979899742669659 0.30563159204029944 0.6318689481704496
11 0.3136673751832859 0.19966465258039534 0.23877740587340668 0.47305359842721373 0.4044778923271224 0.3136673759436235 0.197506234748289 0.4805078184577738 0.4044778924435377 0.15551980644459812 0.19966465118341148 0.20733478292822838 0.47305359854362905 0.1975062348647043 0.404477892909199 0.19966465141624212 0.33730932303506034 0.31366737571079284 0.23877740468014963 0.20733478316105902
62 0.17737855656025805 0.24451591031137265 0.600021612282409 0.21554419155854496 0.27409599986895766 0.17737855762364754 0.39673645524304196 0.2387774053823038 0.27409600009530627 0.23664579584367776 0.24451590918640767 0.30563159219855673 0.21554419161204327 0.39673645544240244 0.2740960002745794 0.24451590948642926 0.27065343458505825 0.177378557296701 0.6000216112375802 0.30563159227284226
8 0.5212568547366481 0.040036263854760334 0.17737855782137607 0.27762261560397355 0.3272616927777043 0.5212568563665733 0.3185915831328288 0.31366737565214725 0.32726169297102015 0.39469646825751903 0.040036262349191595 0.05979899678510835 0.2776226153029263 0.3185915832187748 0.32726169334404304 0.0400362623165989 0.42114607945631066 0.521256855713879 0.17737855691499171 0.05979899717213828
32 0.17737855656025805 0.24451591031137265 0.600021612282409 0.21554419155854496 0.27409599986895766 0.17737855762364754 0.39673645524304196 0.2387774053823038 0.27409600009530627 0.23664579584367776 0.24451590918640767 0.30563159219855673 0.21554419161204327 0.39673645544240244 0.2740960002745794 0.24451590948642926 0.27065343458505825 0.177378557296701 0.6000216112375802 0.30563159227284226
58 0.42114607924518865 0.0758460641101375 0.2706534350253699 0.3655268230034551 0.3153687447514251 0.42114607990558606 0.3671608185099681 0.33730932303504735 0.3153687448082762 0.23892400562269428 0.07584606293249242 0.055036399666763956 0.36552682338896103 0.3671608188000296 0.3153687453016882 0.07584606301770826 0.5403860131885467 0.42114607915734836 0.27065343426337624 0.05503639995952052
19 0.412060350163701 0.012199270549668302 0.15707718156867032 0.148259970828763 0.08791496148275897 0.4120603508878517 0.5453910214618044 0.16057219346821996 0.08791496159244641 0.8229052923762601 0.012199269450374438 0.022508246031114284 0.14825997071195546 0.545391021642346 0.08791496190295935 0.012199269473149903 0.25012470359577627 0.4120603503085382 0.157077180745304 0.02250824606978812
2 0.5212568547366481 0.040036263854760334 0.17737855782137607 0.27762261560397355 0.3272616927777043 0.5212568563665733 0.3185915831328288 0.31366737565214725 0.32726169297102015 0.39469646825751903 0.040036262349191595 0.05979899678510835 0.2776226153029263 0.3185915832187748 0.32726169334404304 0.0400362623165989 0.42114607945631066 0.521256855713879 0.17737855691499171 0.05979899717213828
23 0.3272616926450832 0.19041983885170422 0.2740960004310827 0.3673867595584129 0.444666629607913 0.32726169333969996 0.2529895768522772 0.4044778926407226 0.44466662952160435 0.2221560704042232 0.19041983754573624 0.24094718710936064 0.3673867593453145 0.2529895772025078 0.4446666299740956 0.19041983784590277 0.31536874494164496 0.32726169297485475 0.2740959994839935 0.2409471878758552
28 0.42114607924518865 0.0758460641101375 0.2706534350253699 0.3655268230034551 0.3153687447514251 0.42114607990558606 0.3671608185099681 0.33730932303504735 0.3153687448082762 0.23892400562269428 0.07584606293249242 0.055036399666763956 0.36552682338896103 0.3671608188000296 0.3153687453016882 0.07584606301770826 0.5403860131885467 0.42114607915734836 0.27065343426337624 0.05503639995952052
39 0.3272616926450832 0.19041983885170422 0.2740960004310827 0.3673867595584129 0.444666629607913 0.32726169333969996 0.2529895768522772 0.4044778926407226 0.44466662952160435 0.2221560704042232 0.19041983754573624 0.24094718710936064 0.3673867593453145 0.2529895772025078 0.4446666299740956 0.19041983784590277 0.31536874494164496 0.32726169297485475 0.2740959994839935 0.2409471878758552
49 0.412060350163701 0.012199270549668302 0.15707718156867032 0.148259970828763 0.08791496148275897 0.4120603508878517 0.5453910214618044 0.16057219346821996 0.08791496159244641 0.8229052923762601 0.012199269450374438 0.022508246031114284 0.14825997071195546 0.545391021642346 0.08791496190295935 0.012199269473149903 0.25012470359577627 0.4120603503085382 0.157077180745304 0.02250824606978812
56 0.05979899671183375 0.4840384257149708 0.3056315921530768 0.17588657438318478 0.24094718729611486 0.0597989974594384 0.08177707705181092 0.2073347830570147 0.24094718738342635 0.07499371658517417 0.4840384255612662 0.6318689481413458 0.17588657462692936 0.08177707716822624 0.24094718776177615 0.4840384257104233 0.05503639995902765 0.05979899742669659 0.30563159204029944 0.6318689481704496
17 0.3136673748628424 0.1996646524844915 0.23877740587653276 0.4730535985875562 0.4044778924008618 0.3136673761790803 0.19750623473880205 0.48050781845777313 0.40447789224697495 0.15551980644459643 0.19966465106905396 0.2073347827866936 0.4730535987508469 0.19750623505932483 0.4044778926733837 0.19966465150302787 0.3373093230350564 0.313667375658979 0.23877740503375228 0.20733478331312147
7 0.3136673748628424 0.1996646524844915 0.23877740587653276 0.4730535985875562 0.4044778924008618 0.3136673761790803 0.19750623473880205 0.48050781845777313 0.40447789224697495 0.15551980644459643 0.19966465106905396 0.2073347827866936 0.4730535987508469 0.19750623505932483 0.4044778926733837 0.19966465150302787 0.3373093230350564 0.313667375658979 0.23877740503375228 0.20733478331312147
14 0.5212568547366481 0.040036263854760334 0.17737855782137607 0.27762261560397355 0.3272616927777043 0.5212568563665733 0.3185915831328288 0.31366737565214725 0.32726169297102015 0.39469646825751903 0.040036262349191595 0.05979899678510835 0.2776226153029263 0.3185915832187748 0.32726169334404304 0.0400362623165989 0.42114607945631066 0.521256855713879 0.17737855691499171 0.05979899717213828
20 0.04003626231842944 0.6112956746822655 0.24451590994104058 0.23338520827595996 0.19041983781128988 0.04003626302892146 0.097519685915426 0.1996646517356724 0.1904198379123682 0.06021960236016782 0.6112956743122094 0.48403842567482036 0.23338520766422208 0.09751968611429093 0.19041983832843812 0.6112956746967166 0.07584606338174261 0.040036263037403284 0.2445159091574272 0.48403842581030476
61 0.17737855656025805 0.24451591031137265 0.600021612282409 0.21554419155854496 0.27409599986895766 0.17737855762364754 0.39673645524304196 0.2387774053823038 0.27409600009530627 0.23664579584367776 0.24451590918640767 0.30563159219855673 0.21554419161204327 0.39673645544240244 0.2740960002745794 0.24451590948642926 0.27065343458505825 0.177378557296701 0.6000216112375802 0.30563159227284226
42 0.05979899671183375 0.4840384257149708 0.3056315921530768 0.17588657438318478 0.24094718729611486 0.0597989974594384 0.08177707705181092 0.2073347830570147 0.24094718738342635 0.07499371658517417 0.4840384255612662 0.6318689481413458 0.17588657462692936 0.08177707716822624 0.24094718776177615 0.4840384257104233 0.05503639995902765 0.05979899742669659 0.30563159204029944 0.6318689481704496
53 0.3272616926450832 0.19041983885170422 0.2740960004310827 0.3673867595584129 0.444666629607913 0.32726169333969996 0.2529895768522772 0.4044778926407226 0.44466662952160435 0.2221560704042232 0.19041983754573624 0.24094718710936064 0.3673867593453145 0.2529895772025078 0.4446666299740956 0.19041983784590277 0.31536874494164496 0.32726169297485475 0.2740959994839935 0.2409471878758552
6 0.5212568547366481 0.040036263854760334 0.17737855782137607 0.27762261560397355 0.3272616927777043 0.5212568563665733 0.3185915831328288 0.31366737565214725 0.32726169297102015 0.39469646825751903 0.040036262349191595 0.05979899678510835 0.2776226153029263 0.3185915832187748 0.32726169334404304 0.0400362623165989 0.42114607945631066 0.521256855713879 0.17737855691499171 0.05979899717213828
12 0.5212568547366481 0.040036263854760334 0.17737855782137607 0.27762261560397355 0.3272616927777043 0.5212568563665733 0.3185915831328288 0.31366737565214725 0.32726169297102015 0.39469646825751903 0.040036262349191595 0.05979899678510835 0.2776226153029263 0.3185915832187748 0.32726169334404304 0.0400362623165989 0.42114607945631066 0.521256855713879 0.17737855691499171 0.05979899717213828
59 0.3185915828336968 0.09751968668075098 0.3967364557970879 0.1821506738940965 0.2529895767056749 0.3185915836152735 0.5801904186137293 0.197506234837821 0.25298957684086126 0.4830805248487662 0.09751968553843317 0.08177707716834426 0.1821506741290398 0.5801904189147156 0.25298957720834125 0.0975196855968257 0.36716081859217 0.318591582997082 0.39673645476588015 0.08177707704441778
18 0.2776226145593583 0.23338520864303147 0.21554419195446792 0.5500954937872287 0.36738675910077256 0.2776226156910359 0.1821506739493324 0.4730535984518816 0.36738675916690483 0.12924323555176961 0.23338520743055377 0.17588657413479122 0.5500954938295545 0.18215067424635797 0.3673867594002885 0.23338520770039536 0.36552682318962837 0.2776226152240001 0.21554419125930802 0.17588657437903246
24 0.3272616926450832 0.19041983885170422 0.2740960004310827 0.3673867595584129 0.444666629607913 0.32726169333969996 0.2529895768522772 0.4044778926407226 0.44466662952160435 0.2221560704042232 0.19041983754573624 0.24094718710936064 0.3673867593453145 0.2529895772025078 0.4446666299740956 0.19041983784590277 0.31536874494164496 0.32726169297485475 0.2740959994839935 0.2409471878758552
26 0.05979899671183375 0.4840384257149708 0.3056315921530768 0.17588657438318478 0.24094718729611486 0.0597989974594384 0.08177707705181092 0.2073347830570147 0.24094718738342635 0.07499371658517417 0.4840384255612662 0.6318689481413458 0.17588657462692936 0.08177707716822624 0.24094718776177615 0.4840384257104233 0.05503639995902765 0.05979899742669659 0.30563159204029944 0.6318689481704496
4 0.5020112687705502 0.05140453361037467 0.1631606151911441 0.37029103897489923 0.3288101856417154 0.5020112699057935 0.27071688080929285 0.32547206138102003 0.32881018577563964 0.29147370173225673 0.0514045320943573 0.04797091318941046 0.3702910388233743 0.2707168810437507 0.32881018623951214 0.05140453224571048 0.4919519740020978 0.5020112696305398 0.16316061419656244 0.04797091324411618
47 0.17737855656025805 0.24451591031137265 0.600021612282409 0.21554419155854496 0.27409599986895766 0.17737855762364754 0.39673645524304196 0.2387774053823038 0.27409600009530627 0.23664579584367776 0.24451590918640767 0.30563159219855673 0.21554419161204327 0.39673645544240244 0.2740960002745794 0.24451590948642926 0.27065343458505825 0.177378557296701 0.6000216112375802 0.30563159227284226
33 0.2776226145593583 0.23338520864303147 0.21554419195446792 0.5500954937872287 0.36738675910077256 0.2776226156910359 0.1821506739493324 0.4730535984518816 0.36738675916690483 0.12924323555176961 0.23338520743055377 0.17588657413479122 0.5500954938295545 0.18215067424635797 0.3673867594002885 0.23338520770039536 0.36552682318962837 0.2776226152240001 0.21554419125930802 0.17588657437903246
37 0.04003626231842944 0.6112956746822655 0.24451590994104058 0.23338520827595996 0.19041983781128988 0.04003626302892146 0.097519685915426 0.1996646517356724 0.1904198379123682 0.06021960236016782 0.6112956743122094 0.48403842567482036 0.23338520766422208 0.09751968611429093 0.19041983832843812 0.6112956746967166 0.07584606338174261 0.040036263037403284 0.2445159091574272 0.48403842581030476
50 0.04003626231842944 0.6112956746822655 0.24451590994104058 0.23338520827595996 0.19041983781128988 0.04003626302892146 0.097519685915426 0.1996646517356724 0.1904198379123682 0.06021960236016782 0.6112956743122094 0.48403842567482036 0.23338520766422208 0.09751968611429093 0.19041983832843812 0.6112956746967166 0.07584606338174261 0.040036263037403284 0.2445159091574272 0.48403842581030476
15 0.3136673748628424 0.1996646524844915 0.23877740587653276 0.4730535985875562 0.4044778924008618 0.3136673761790803 0.19750623473880205 0.48050781845777313 0.40447789224697495 0.15551980644459643 0.19966465106905396 0.2073347827866936 0.4730535987508469 0.19750623505932483 0.4044778926733837 0.19966465150302787 0.3373093230350564 0.313667375658979 0.23877740503375228 0.20733478331312147
40 0.3946964677580346 0.06021960318830253 0.2366457962063715 0.12924323556922818 0.22215607023332593 0.39469646863902563 0.4830805247375148 0.15551980644458832 0.22215607032076903 0.817949905259827 0.060219601868694655 0.07499371622357187 0.12924323502492435 0.4830805249768286 0.22215607040026167 0.060219601953817696 0.23892400562269506 0.39469646803750025 0.23664579550366432 0.07499371650625158
55 0.3946964677580346 0.06021960318830253 0.2366457962063715 0.12924323556922818 0.22215607023332593 0.39469646863902563 0.4830805247375148 0.15551980644458832 0.22215607032076903 0.817949905259827 0.060219601868694655 0.07499371622357187 0.12924323502492435 0.4830805249768286 0.22215607040026167 0.060219601953817696 0.23892400562269506 0.39469646803750025 0.23664579550366432 0.07499371650625158
10 0.5020112687705502 0.05140453361037467 0.1631606151911441 0.37029103897489923 0.3288101856417154 0.5020112699057935 0.27071688080929285 0.32547206138102003 0.32881018577563964 0.29147370173225673 0.0514045320943573 0.04797091318941046 0.3702910388233743 0.2707168810437507 0.32881018623951214 0.05140453224571048 0.4919519740020978 0.5020112696305398 0.16316061419656244 0.04797091324411618
13 0.3136673748628424 0.1996646524844915 0.23877740587653276 0.4730535985875562 0.4044778924008618 0.3136673761790803 0.19750623473880205 0.48050781845777313 0.40447789224697495 0.15551980644459643 0.19966465106905396 0.2073347827866936 0.4730535987508469 0.19750623505932483 0.4044778926733837 0.19966465150302787 0.3373093230350564 0.313667375658979 0.23877740503375228 0.20733478331312147
27 0.05979899671183375 0.4840384257149708 0.3056315921530768 0.17588657438318478 0.24094718729611486 0.0597989974594384 0.08177707705181092 0.2073347830570147 0.24094718738342635 0.07499371658517417 0.4840384255612662 0.6318689481413458 0.17588657462692936 0.08177707716822624 0.24094718776177615 0.4840384257104233 0.05503639995902765 0.05979899742669659 0.30563159204029944 0.6318689481704496
34 0.412060350163701 0.012199270549668302 0.15707718156867032 0.148259970828763 0.08791496148275897 0.4120603508878517 0.5453910214618044 0.16057219346821996 0.08791496159244641 0.8229052923762601 0.012199269450374438 0.022508246031114284 0.14825997071195546 0.545391021642346 0.08791496190295935 0.012199269473149903 0.25012470359577627 0.4120603503085382 0.157077180745304 0.02250824606978812
35 0.04003626231842944 0.6112956746822655 0.24451590994104058 0.23338520827595996 0.19041983781128988 0.04003626302892146 0.097519685915426 0.1996646517356724 0.1904198379123682 0.06021960236016782 0.6112956743122094 0.48403842567482036 0.23338520766422208 0.09751968611429093 0.19041983832843812 0.6112956746967166 0.07584606338174261 0.040036263037403284 0.2445159091574272 0.48403842581030476
31 0.17737855656025805 0.24451591031137265 0.600021612282409 0.21554419155854496 0.27409599986895766 0.17737855762364754 0.39673645524304196 0.2387774053823038 0.27409600009530627 0.23664579584367776 0.24451590918640767 0.30563159219855673 0.21554419161204327 0.39673645544240244 0.2740960002745794 0.24451590948642926 0.27065343458505825 0.177378557296701 0.6000216112375802 0.30563159227284226
45 0.3185915828336968 0.09751968668075098 0.3967364557970879 0.1821506738940965 0.2529895767056749 0.3185915836152735 0.5801904186137293 0.197506234837821 0.25298957684086126 0.4830805248487662 0.09751968553843317 0.08177707716834426 0.1821506741290398 0.5801904189147156 0.25298957720834125 0.0975196855968257 0.36716081859217 0.318591582997082 0.39673645476588015 0.08177707704441778
46 0.17737855656025805 0.24451591031137265 0.600021612282409 0.21554419155854496 0.27409599986895766 0.17737855762364754 0.39673645524304196 0.2387774053823038 0.27409600009530627 0.23664579584367776 0.24451590918640767 0.30563159219855673 0.21554419161204327 0.39673645544240244 0.2740960002745794 0.24451590948642926 0.27065343458505825 0.177378557296701 0.6000216112375802 0.30563159227284226
51 0.04003626231842944 0.6112956746822655 0.24451590994104058 0.23338520827595996 0.19041983781128988 0.04003626302892146 0.097519685915426 0.1996646517356724 0.1904198379123682 0.06021960236016782 0.6112956743122094 0.48403842567482036 0.23338520766422208 0.09751968611429093 0.19041983832843812 0.6112956746967166 0.07584606338174261 0.040036263037403284 0.2445159091574272 0.48403842581030476
29 0.3185915828336968 0.09751968668075098 0.3967364557970879 0.1821506738940965 0.2529895767056749 0.3185915836152735 0.5801904186137293 0.197506234837821 0.25298957684086126 0.4830805248487662 0.09751968553843317 0.08177707716834426 0.1821506741290398 0.5801904189147156 0.25298957720834125 0.0975196855968257 0.36716081859217 0.318591582997082 0.39673645476588015 0.08177707704441778
52 0.04003626231842944 0.6112956746822655 0.24451590994104058 0.23338520827595996 0.19041983781128988 0.04003626302892146 0.097519685915426 0.1996646517356724 0.1904198379123682 0.06021960236016782 0.6112956743122094 0.48403842567482036 0.23338520766422208 0.09751968611429093 0.19041983832843812 0.6112956746967166 0.07584606338174261 0.040036263037403284 0.2445159091574272 0.48403842581030476
54 0.3272616926450832 0.19041983885170422 0.2740960004310827 0.3673867595584129 0.444666629607913 0.32726169333969996 0.2529895768522772 0.4044778926407226 0.44466662952160435 0.2221560704042232 0.19041983754573624 0.24094718710936064 0.3673867593453145 0.2529895772025078 0.4446666299740956 0.19041983784590277 0.31536874494164496 0.32726169297485475 0.2740959994839935 0.2409471878758552
36 0.04003626231842944 0.6112956746822655 0.24451590994104058 0.23338520827595996 0.19041983781128988 0.04003626302892146 0.097519685915426 0.1996646517356724 0.1904198379123682 0.06021960236016782 0.6112956743122094 0.48403842567482036 0.23338520766422208 0.09751968611429093 0.19041983832843812 0.6112956746967166 0.07584606338174261 0.040036263037403284 0.2445159091574272 0.48403842581030476
43 0.42114607924518865 0.0758460641101375 0.2706534350253699 0.3655268230034551 0.3153687447514251 0.42114607990558606 0.3671608185099681 0.33730932303504735 0.3153687448082762 0.23892400562269428 0.07584606293249242 0.055036399666763956 0.36552682338896103 0.3671608188000296 0.3153687453016882 0.07584606301770826 0.5403860131885467 0.42114607915734836 0.27065343426337624 0.05503639995952052
16 0.5020112687705502 0.05140453361037467 0.1631606151911441 0.37029103897489923 0.3288101856417154 0.5020112699057935 0.27071688080929285 0.32547206138102003 0.32881018577563964 0.29147370173225673 0.0514045320943573 0.04797091318941046 0.3702910388233743 0.2707168810437507 0.32881018623951214 0.05140453224571048 0.4919519740020978 0.5020112696305398 0.16316061419656244 0.04797091324411618
38 0.3272616926450832 0.19041983885170422 0.2740960004310827 0.3673867595584129 0.444666629607913 0.32726169333969996 0.2529895768522772 0.4044778926407226 0.44466662952160435 0.2221560704042232 0.19041983754573624 0.24094718710936064 0.3673867593453145 0.2529895772025078 0.4446666299740956 0.19041983784590277 0.31536874494164496 0.32726169297485475 0.2740959994839935 0.2409471878758552
60 0.3185915828336968 0.09751968668075098 0.3967364557970879 0.1821506738940965 0.2529895767056749 0.3185915836152735 0.5801904186137293 0.197506234837821 0.25298957684086126 0.4830805248487662 0.09751968553843317 0.08177707716834426 0.1821506741290398 0.5801904189147156 0.25298957720834125 0.0975196855968257 0.36716081859217 0.318591582997082 0.39673645476588015 0.08177707704441778
21 0.04003626231842944 0.6112956746822655 0.24451590994104058 0.23338520827595996 0.19041983781128988 0.04003626302892146 0.097519685915426 0.1996646517356724 0.1904198379123682 0.06021960236016782 0.6112956743122094 0.48403842567482036 0.23338520766422208 0.09751968611429093 0.19041983832843812 0.6112956746967166 0.07584606338174261 0.040036263037403284 0.2445159091574272 0.48403842581030476
48 0.2776226145593583 0.23338520864303147 0.21554419195446792 0.5500954937872287 0.36738675910077256 0.2776226156910359 0.1821506739493324 0.4730535984518816 0.36738675916690483 0.12924323555176961 0.23338520743055377 0.17588657413479122 0.5500954938295545 0.18215067424635797 0.3673867594002885 0.23338520770039536 0.36552682318962837 0.2776226152240001 0.21554419125930802 0.17588657437903246
44 0.3185915828336968 0.09751968668075098 0.3967364557970879 0.1821506738940965 0.2529895767056749 0.3185915836152735 0.5801904186137293 0.197506234837821 0.25298957684086126 0.4830805248487662 0.09751968553843317 0.08177707716834426 0.1821506741290398 0.5801904189147156 0.25298957720834125 0.0975196855968257 0.36716081859217 0.318591582997082 0.39673645476588015 0.08177707704441778
1 0.3136673748628424 0.1996646524844915 0.23877740587653276 0.4730535985875562 0.4044778924008618 0.3136673761790803 0.19750623473880205 0.48050781845777313 0.40447789224697495 0.15551980644459643 0.19966465106905396 0.2073347827866936 0.4730535987508469 0.19750623505932483 0.4044778926733837 0.19966465150302787 0.3373093230350564 0.313667375658979 0.23877740503375228 0.20733478331312147
30 0.3185915828336968 0.09751968668075098 0.3967364557970879 0.1821506738940965 0.2529895767056749 0.3185915836152735 0.5801904186137293 0.197506234837821 0.25298957684086126 0.4830805248487662 0.09751968553843317 0.08177707716834426 0.1821506741290398 0.5801904189147156 0.25298957720834125 0.0975196855968257 0.36716081859217 0.318591582997082 0.39673645476588015 0.08177707704441778
25 0.3946964677580346 0.06021960318830253 0.2366457962063715 0.12924323556922818 0.22215607023332593 0.39469646863902563 0.4830805247375148 0.15551980644458832 0.22215607032076903 0.817949905259827 0.060219601868694655 0.07499371622357187 0.12924323502492435 0.4830805249768286 0.22215607040026167 0.060219601953817696 0.23892400562269506 0.39469646803750025 0.23664579550366432 0.07499371650625158
