38 0.2609251824584587 0.2269042797717742 0.22690428007516333 0.18336566569918816 0.1844447610556594 0.32068878322426536 0.16692318707263593 0.6059128529113756 0.2490523104116068 0.40249287937745165 0.24905231058019545 0.40249287932300637 0.2715618425659969 0.2715618427022177 0.1669231870821073 0.3206887839746704 0.3206887834610268 0.6059128539434463 0.18336566769091855 0.1833656672874066
10 0.04012314513917792 0.2467992307501845 0.24679923109943047 0.4736200868464948 0.3564196632583765 0.07876465521985665 0.4282837373903021 0.1833656664530281 0.30217155172613275 0.30578210864522126 0.3021715519789723 0.3057821085350856 0.35654965732211075 0.35654965745583267 0.4282837373903021 0.07876465586014092 0.07876465562731028 0.18336566706420854 0.4736200883053243 0.473620088188909
42 0.05739485514836505 0.13972220220766354 0.13972220220269435 0.4112059568604332 0.7222546580691642 0.09538593174571385 0.27913215643824296 0.25263605416023266 0.1502745583679799 0.5024223818177515 0.15027455851918398 0.5024223817124853 0.17104094664535954 0.17104094671220338 0.279132156408535 0.09538593248382367 0.09538593239053106 0.2526360540248464 0.4112059573302262 0.411205957131853
26 0.029830795974674962 0.1026793167661304 0.10267931695556484 0.3564196625402749 0.9030550229973011 0.015440691153874182 0.2719672435029597 0.18444476080990774 0.10204963349118916 0.46228294368977546 0.10204963370231816 0.4622829435506562 0.24133388982621723 0.24133388991315044 0.2719672434681126 0.015440691858421344 0.015440691718542385 0.18444476133602736 0.3564196637164336 0.3564196635177181
17 0.21494283149074142 0.4624400440040276 0.46244004385972926 0.3021715508961939 0.10204963353868506 0.2392115678717179 0.32177142947606063 0.2490523101318977 0.478983843259282 0.20215769688371762 0.4789838433641669 0.20215769689209315 0.3149444984301675 0.314944498624826 0.32177142952521626 0.2392115682985348 0.23921156825988585 0.24905231075186954 0.30217155264749107 0.30217155228475173
46 0.18596508251663213 0.36616182381083456 0.366161823398071 0.3380246935333345 0.11517749718338614 0.2738527034896885 0.3239141929691992 0.28091816712007417 0.4586644964871541 0.29219531705306434 0.45866449668022413 0.29219531698126056 0.27935637275065145 0.27935637293127563 0.3239141930320548 0.2738527039784907 0.27385270394663724 0.2809181674147054 0.33802469515154704 0.3380246946547359
52 0.8127544657608117 0.2797996701894821 0.27979967048093995 0.0401231434393301 0.02983079597468308 0.5477161623931375 0.06013345051343884 0.26092518173878004 0.2149428314694508 0.11206216379235531 0.21494283157642563 0.11206216387858994 0.09012031437370867 0.0901203144276066 0.06013345046651931 0.5477161628746309 0.5477161626465015 0.26092518284156474 0.04012314619772028 0.04012314587929537
59 0.8127544657608117 0.2797996701894821 0.27979967048093995 0.0401231434393301 0.02983079597468308 0.5477161623931375 0.06013345051343884 0.26092518173878004 0.2149428314694508 0.11206216379235531 0.21494283157642563 0.11206216387858994 0.09012031437370867 0.0901203144276066 0.06013345046651931 0.5477161628746309 0.5477161626465015 0.26092518284156474 0.04012314619772028 0.04012314587929537
63 0.2609251824584587 0.2269042797717742 0.22690428007516333 0.18336566569918816 0.1844447610556594 0.32068878322426536 0.16692318707263593 0.6059128529113756 0.2490523104116068 0.40249287937745165 0.24905231058019545 0.40249287932300637 0.2715618425659969 0.2715618427022177 0.1669231870821073 0.3206887839746704 0.3206887834610268 0.6059128539434463 0.18336566769091855 0.1833656672874066
53 0.8127544657608117 0.2797996701894821 0.27979967048093995 0.0401231434393301 0.02983079597468308 0.5477161623931375 0.06013345051343884 0.26092518173878004 0.2149428314694508 0.11206216379235531 0.21494283157642563 0.11206216387858994 0.09012031437370867 0.0901203144276066 0.06013345046651931 0.5477161628746309 0.5477161626465015 0.26092518284156474 0.04012314619772028 0.04012314587929537
37 0.11206216383248056 0.17512939373425768 0.17512939364036245 0.30578210768902075 0.4622829436144631 0.10657738639718098 0.2525475359427052 0.4024928790794799 0.20215769691972083 0.564739444726991 0.2021576970667672 0.564739444618363 0.3366402599476771 0.3366402601188701 0.2525475358784646 0.10657738714843736 0.10657738680983245 0.40249287971883047 0.305782109345999 0.3057821088232861
25 0.2797996702666273 0.533236048171232 0.5332360485142039 0.24679922960721837 0.10267931674619056 0.21652648967001353 0.32438080070292263 0.22690427916036227 0.46244004376185666 0.17512939347445874 0.4624400438691081 0.17512939346074846 0.3291260268503003 0.32912602705170013 0.32438080069564956 0.21652649006633065 0.21652648967554045 0.22690427987322934 0.24679923168296314 0.24679923130929826
20 0.09012031435154176 0.3291260269903109 0.32912602710567695 0.3565496559830219 0.24133388982014337 0.07864111693784968 0.40107920191596064 0.27156184210849493 0.31494449842793304 0.3366402600383656 0.31494449843638156 0.33664025997853875 0.4597814831859275 0.4597814833753603 0.40107920195889585 0.07864111759541252 0.07864111750613756 0.27156184286294494 0.35654965811017675 0.35654965767709806
65 0.18596508251663213 0.36616182381083456 0.366161823398071 0.3380246935333345 0.11517749718338614 0.2738527034896885 0.3239141929691992 0.28091816712007417 0.4586644964871541 0.29219531705306434 0.45866449668022413 0.29219531698126056 0.27935637275065145 0.27935637293127563 0.3239141930320548 0.2738527039784907 0.27385270394663724 0.2809181674147054 0.33802469515154704 0.3380246946547359
57 0.8127544657608117 0.2797996701894821 0.27979967048093995 0.0401231434393301 0.02983079597468308 0.5477161623931375 0.06013345051343884 0.26092518173878004 0.2149428314694508 0.11206216379235531 0.21494283157642563 0.11206216387858994 0.09012031437370867 0.0901203144276066 0.06013345046651931 0.5477161628746309 0.5477161626465015 0.26092518284156474 0.04012314619772028 0.04012314587929537
8 0.04012314513917792 0.2467992307501845 0.24679923109943047 0.4736200868464948 0.3564196632583765 0.07876465521985665 0.4282837373903021 0.1833656664530281 0.30217155172613275 0.30578210864522126 0.3021715519789723 0.3057821085350856 0.35654965732211075 0.35654965745583267 0.4282837373903021 0.07876465586014092 0.07876465562731028 0.18336566706420854 0.4736200883053243 0.473620088188909
56 0.029830795974674962 0.1026793167661304 0.10267931695556484 0.3564196625402749 0.9030550229973011 0.015440691153874182 0.2719672435029597 0.18444476080990774 0.10204963349118916 0.46228294368977546 0.10204963370231816 0.4622829435506562 0.24133388982621723 0.24133388991315044 0.2719672434681126 0.015440691858421344 0.015440691718542385 0.18444476133602736 0.3564196637164336 0.3564196635177181
1 0.21494283149074142 0.4624400440040276 0.46244004385972926 0.3021715508961939 0.10204963353868506 0.2392115678717179 0.32177142947606063 0.2490523101318977 0.478983843259282 0.20215769688371762 0.4789838433641669 0.20215769689209315 0.3149444984301675 0.314944498624826 0.32177142952521626 0.2392115682985348 0.23921156825988585 0.24905231075186954 0.30217155264749107 0.30217155228475173
61 0.11206216383248056 0.17512939373425768 0.17512939364036245 0.30578210768902075 0.4622829436144631 0.10657738639718098 0.2525475359427052 0.4024928790794799 0.20215769691972083 0.564739444726991 0.2021576970667672 0.564739444618363 0.3366402599476771 0.3366402601188701 0.2525475358784646 0.10657738714843736 0.10657738680983245 0.40249287971883047 0.305782109345999 0.3057821088232861
7 0.21494283149074142 0.4624400440040276 0.46244004385972926 0.3021715508961939 0.10204963353868506 0.2392115678717179 0.32177142947606063 0.2490523101318977 0.478983843259282 0.20215769688371762 0.4789838433641669 0.20215769689209315 0.3149444984301675 0.314944498624826 0.32177142952521626 0.2392115682985348 0.23921156825988585 0.24905231075186954 0.30217155264749107 0.30217155228475173
27 0.8127544657608117 0.2797996701894821 0.27979967048093995 0.0401231434393301 0.02983079597468308 0.5477161623931375 0.06013345051343884 0.26092518173878004 0.2149428314694508 0.11206216379235531 0.21494283157642563 0.11206216387858994 0.09012031437370867 0.0901203144276066 0.06013345046651931 0.5477161628746309 0.5477161626465015 0.26092518284156474 0.04012314619772028 0.04012314587929537
15 0.21494283149074142 0.4624400440040276 0.46244004385972926 0.3021715508961939 0.10204963353868506 0.2392115678717179 0.32177142947606063 0.2490523101318977 0.478983843259282 0.20215769688371762 0.4789838433641669 0.20215769689209315 0.3149444984301675 0.314944498624826 0.32177142952521626 0.2392115682985348 0.23921156825988585 0.24905231075186954 0.30217155264749107 0.30217155228475173
16 0.06013345046998227 0.32438080133139235 0.32438080082400295 0.4282837363723897 0.2719672435220821 0.06915373400206279 0.46650530968511567 0.1669231867225097 0.3217714294533212 0.2525475359676852 0.3217714297690835 0.25254753585943257 0.40107920187908525 0.4010792019775609 0.4665053095882156 0.06915373462769461 0.06915373467845301 0.1669231873269947 0.4282837380902169 0.42828373774900025
69 0.5477161626343345 0.21652648971927627 0.21652649001262533 0.07876465451801969 0.015440691571444008 0.6383864523896311 0.06915373443462487 0.3206887830139691 0.23921156807647814 0.10657738673999498 0.23921156815647515 0.10657738681347065 0.07864111735583657 0.07864111744819845 0.06915373439948491 0.6383864525820113 0.63838645228458 0.3206887840584565 0.07876465645447968 0.07876465617137184
47 0.05739485514836505 0.13972220220766354 0.13972220220269435 0.4112059568604332 0.7222546580691642 0.09538593174571385 0.27913215643824296 0.25263605416023266 0.1502745583679799 0.5024223818177515 0.15027455851918398 0.5024223817124853 0.17104094664535954 0.17104094671220338 0.279132156408535 0.09538593248382367 0.09538593239053106 0.2526360540248464 0.4112059573302262 0.411205957131853
4 0.04012314513917792 0.2467992307501845 0.24679923109943047 0.4736200868464948 0.3564196632583765 0.07876465521985665 0.4282837373903021 0.1833656664530281 0.30217155172613275 0.30578210864522126 0.3021715519789723 0.3057821085350856 0.35654965732211075 0.35654965745583267 0.4282837373903021 0.07876465586014092 0.07876465562731028 0.18336566706420854 0.4736200883053243 0.473620088188909
30 0.2797996702666273 0.533236048171232 0.5332360485142039 0.24679922960721837 0.10267931674619056 0.21652648967001353 0.32438080070292263 0.22690427916036227 0.46244004376185666 0.17512939347445874 0.4624400438691081 0.17512939346074846 0.3291260268503003 0.32912602705170013 0.32438080069564956 0.21652649006633065 0.21652648967554045 0.22690427987322934 0.24679923168296314 0.24679923130929826
39 0.2609251824584587 0.2269042797717742 0.22690428007516333 0.18336566569918816 0.1844447610556594 0.32068878322426536 0.16692318707263593 0.6059128529113756 0.2490523104116068 0.40249287937745165 0.24905231058019545 0.40249287932300637 0.2715618425659969 0.2715618427022177 0.1669231870821073 0.3206887839746704 0.3206887834610268 0.6059128539434463 0.18336566769091855 0.1833656672874066
5 0.21494283149074142 0.4624400440040276 0.46244004385972926 0.3021715508961939 0.10204963353868506 0.2392115678717179 0.32177142947606063 0.2490523101318977 0.478983843259282 0.20215769688371762 0.4789838433641669 0.20215769689209315 0.3149444984301675 0.314944498624826 0.32177142952521626 0.2392115682985348 0.23921156825988585 0.24905231075186954 0.30217155264749107 0.30217155228475173
68 0.5477161626343345 0.21652648971927627 0.21652649001262533 0.07876465451801969 0.015440691571444008 0.6383864523896311 0.06915373443462487 0.3206887830139691 0.23921156807647814 0.10657738673999498 0.23921156815647515 0.10657738681347065 0.07864111735583657 0.07864111744819845 0.06915373439948491 0.6383864525820113 0.63838645228458 0.3206887840584565 0.07876465645447968 0.07876465617137184
28 0.8127544657608117 0.2797996701894821 0.27979967048093995 0.0401231434393301 0.02983079597468308 0.5477161623931375 0.06013345051343884 0.26092518173878004 0.2149428314694508 0.11206216379235531 0.21494283157642563 0.11206216387858994 0.09012031437370867 0.0901203144276066 0.06013345046651931 0.5477161628746309 0.5477161626465015 0.26092518284156474 0.04012314619772028 0.04012314587929537
3 0.21494283149074142 0.4624400440040276 0.46244004385972926 0.3021715508961939 0.10204963353868506 0.2392115678717179 0.32177142947606063 0.2490523101318977 0.478983843259282 0.20215769688371762 0.4789838433641669 0.20215769689209315 0.3149444984301675 0.314944498624826 0.32177142952521626 0.2392115682985348 0.23921156825988585 0.24905231075186954 0.30217155264749107 0.30217155228475173
41 0.18596508251663213 0.36616182381083456 0.366161823398071 0.3380246935333345 0.11517749718338614 0.2738527034896885 0.3239141929691992 0.28091816712007417 0.4586644964871541 0.29219531705306434 0.45866449668022413 0.29219531698126056 0.27935637275065145 0.27935637293127563 0.3239141930320548 0.2738527039784907 0.27385270394663724 0.2809181674147054 0.33802469515154704 0.3380246946547359
9 0.21494283149074142 0.4624400440040276 0.46244004385972926 0.3021715508961939 0.10204963353868506 0.2392115678717179 0.32177142947606063 0.2490523101318977 0.478983843259282 0.20215769688371762 0.4789838433641669 0.20215769689209315 0.3149444984301675 0.314944498624826 0.32177142952521626 0.2392115682985348 0.23921156825988585 0.24905231075186954 0.30217155264749107 0.30217155228475173
51 0.029830795974674962 0.1026793167661304 0.10267931695556484 0.3564196625402749 0.9030550229973011 0.015440691153874182 0.2719672435029597 0.18444476080990774 0.10204963349118916 0.46228294368977546 0.10204963370231816 0.4622829435506562 0.24133388982621723 0.24133388991315044 0.2719672434681126 0.015440691858421344 0.015440691718542385 0.18444476133602736 0.3564196637164336 0.3564196635177181
35 0.09012031435154176 0.3291260269903109 0.32912602710567695 0.3565496559830219 0.24133388982014337 0.07864111693784968 0.40107920191596064 0.27156184210849493 0.31494449842793304 0.3366402600383656 0.31494449843638156 0.33664025997853875 0.4597814831859275 0.4597814833753603 0.40107920195889585 0.07864111759541252 0.07864111750613756 0.27156184286294494 0.35654965811017675 0.35654965767709806
62 0.11206216383248056 0.17512939373425768 0.17512939364036245 0.30578210768902075 0.4622829436144631 0.10657738639718098 0.2525475359427052 0.4024928790794799 0.20215769691972083 0.564739444726991 0.2021576970667672 0.564739444618363 0.3366402599476771 0.3366402601188701 0.2525475358784646 0.10657738714843736 0.10657738680983245 0.40249287971883047 0.305782109345999 0.3057821088232861
2 0.04012314513917792 0.2467992307501845 0.24679923109943047 0.4736200868464948 0.3564196632583765 0.07876465521985665 0.4282837373903021 0.1833656664530281 0.30217155172613275 0.30578210864522126 0.3021715519789723 0.3057821085350856 0.35654965732211075 0.35654965745583267 0.4282837373903021 0.07876465586014092 0.07876465562731028 0.18336566706420854 0.4736200883053243 0.473620088188909
48 0.5477161626343345 0.21652648971927627 0.21652649001262533 0.07876465451801969 0.015440691571444008 0.6383864523896311 0.06915373443462487 0.3206887830139691 0.23921156807647814 0.10657738673999498 0.23921156815647515 0.10657738681347065 0.07864111735583657 0.07864111744819845 0.06915373439948491 0.6383864525820113 0.63838645228458 0.3206887840584565 0.07876465645447968 0.07876465617137184
45 0.18596508251663213 0.36616182381083456 0.366161823398071 0.3380246935333345 0.11517749718338614 0.2738527034896885 0.3239141929691992 0.28091816712007417 0.4586644964871541 0.29219531705306434 0.45866449668022413 0.29219531698126056 0.27935637275065145 0.27935637293127563 0.3239141930320548 0.2738527039784907 0.27385270394663724 0.2809181674147054 0.33802469515154704 0.3380246946547359
14 0.04012314513917792 0.2467992307501845 0.24679923109943047 0.4736200868464948 0.3564196632583765 0.07876465521985665 0.4282837373903021 0.1833656664530281 0.30217155172613275 0.30578210864522126 0.3021715519789723 0.3057821085350856 0.35654965732211075 0.35654965745583267 0.4282837373903021 0.07876465586014092 0.07876465562731028 0.18336566706420854 0.4736200883053243 0.473620088188909
24 0.2609251824584587 0.2269042797717742 0.22690428007516333 0.18336566569918816 0.1844447610556594 0.32068878322426536 0.16692318707263593 0.6059128529113756 0.2490523104116068 0.40249287937745165 0.24905231058019545 0.40249287932300637 0.2715618425659969 0.2715618427022177 0.1669231870821073 0.3206887839746704 0.3206887834610268 0.6059128539434463 0.18336566769091855 0.1833656672874066
31 0.029830795974674962 0.1026793167661304 0.10267931695556484 0.3564196625402749 0.9030550229973011 0.015440691153874182 0.2719672435029597 0.18444476080990774 0.10204963349118916 0.46228294368977546 0.10204963370231816 0.4622829435506562 0.24133388982621723 0.24133388991315044 0.2719672434681126 0.015440691858421344 0.015440691718542385 0.18444476133602736 0.3564196637164336 0.3564196635177181
12 0.04012314513917792 0.2467992307501845 0.24679923109943047 0.4736200868464948 0.3564196632583765 0.07876465521985665 0.4282837373903021 0.1833656664530281 0.30217155172613275 0.30578210864522126 0.3021715519789723 0.3057821085350856 0.35654965732211075 0.35654965745583267 0.4282837373903021 0.07876465586014092 0.07876465562731028 0.18336566706420854 0.4736200883053243 0.473620088188909
21 0.11206216383248056 0.17512939373425768 0.17512939364036245 0.30578210768902075 0.4622829436144631 0.10657738639718098 0.2525475359427052 0.4024928790794799 0.20215769691972083 0.564739444726991 0.2021576970667672 0.564739444618363 0.3366402599476771 0.3366402601188701 0.2525475358784646 0.10657738714843736 0.10657738680983245 0.40249287971883047 0.305782109345999 0.3057821088232861
34 0.8127544657608117 0.2797996701894821 0.27979967048093995 0.0401231434393301 0.02983079597468308 0.5477161623931375 0.06013345051343884 0.26092518173878004 0.2149428314694508 0.11206216379235531 0.21494283157642563 0.11206216387858994 0.09012031437370867 0.0901203144276066 0.06013345046651931 0.5477161628746309 0.5477161626465015 0.26092518284156474 0.04012314619772028 0.04012314587929537
50 0.2797996702666273 0.533236048171232 0.5332360485142039 0.24679922960721837 0.10267931674619056 0.21652648967001353 0.32438080070292263 0.22690427916036227 0.46244004376185666 0.17512939347445874 0.4624400438691081 0.17512939346074846 0.3291260268503003 0.32912602705170013 0.32438080069564956 0.21652649006633065 0.21652648967554045 0.22690427987322934 0.24679923168296314 0.24679923130929826
19 0.21494283149074142 0.4624400440040276 0.46244004385972926 0.3021715508961939 0.10204963353868506 0.2392115678717179 0.32177142947606063 0.2490523101318977 0.478983843259282 0.20215769688371762 0.4789838433641669 0.20215769689209315 0.3149444984301675 0.314944498624826 0.32177142952521626 0.2392115682985348 0.23921156825988585 0.24905231075186954 0.30217155264749107 0.30217155228475173
6 0.06013345046998227 0.32438080133139235 0.32438080082400295 0.4282837363723897 0.2719672435220821 0.06915373400206279 0.46650530968511567 0.1669231867225097 0.3217714294533212 0.2525475359676852 0.3217714297690835 0.25254753585943257 0.40107920187908525 0.4010792019775609 0.4665053095882156 0.06915373462769461 0.06915373467845301 0.1669231873269947 0.4282837380902169 0.42828373774900025
23 0.2609251824584587 0.2269042797717742 0.22690428007516333 0.18336566569918816 0.1844447610556594 0.32068878322426536 0.16692318707263593 0.6059128529113756 0.2490523104116068 0.40249287937745165 0.24905231058019545 0.40249287932300637 0.2715618425659969 0.2715618427022177 0.1669231870821073 0.3206887839746704 0.3206887834610268 0.6059128539434463 0.18336566769091855 0.1833656672874066
54 0.8127544657608117 0.2797996701894821 0.27979967048093995 0.0401231434393301 0.02983079597468308 0.5477161623931375 0.06013345051343884 0.26092518173878004 0.2149428314694508 0.11206216379235531 0.21494283157642563 0.11206216387858994 0.09012031437370867 0.0901203144276066 0.06013345046651931 0.5477161628746309 0.5477161626465015 0.26092518284156474 0.04012314619772028 0.04012314587929537
58 0.8127544657608117 0.2797996701894821 0.27979967048093995 0.0401231434393301 0.02983079597468308 0.5477161623931375 0.06013345051343884 0.26092518173878004 0.2149428314694508 0.11206216379235531 0.21494283157642563 0.11206216387858994 0.09012031437370867 0.0901203144276066 0.06013345046651931 0.5477161628746309 0.5477161626465015 0.26092518284156474 0.04012314619772028 0.04012314587929537
11 0.21494283149074142 0.4624400440040276 0.46244004385972926 0.3021715508961939 0.10204963353868506 0.2392115678717179 0.32177142947606063 0.2490523101318977 0.478983843259282 0.20215769688371762 0.4789838433641669 0.20215769689209315 0.3149444984301675 0.314944498624826 0.32177142952521626 0.2392115682985348 0.23921156825988585 0.24905231075186954 0.30217155264749107 0.30217155228475173
29 0.8127544657608117 0.2797996701894821 0.27979967048093995 0.0401231434393301 0.02983079597468308 0.5477161623931375 0.06013345051343884 0.26092518173878004 0.2149428314694508 0.11206216379235531 0.21494283157642563 0.11206216387858994 0.09012031437370867 0.0901203144276066 0.06013345046651931 0.5477161628746309 0.5477161626465015 0.26092518284156474 0.04012314619772028 0.04012314587929537
13 0.21494283149074142 0.4624400440040276 0.46244004385972926 0.3021715508961939 0.10204963353868506 0.2392115678717179 0.32177142947606063 0.2490523101318977 0.478983843259282 0.20215769688371762 0.4789838433641669 0.20215769689209315 0.3149444984301675 0.314944498624826 0.32177142952521626 0.2392115682985348 0.23921156825988585 0.24905231075186954 0.30217155264749107 0.30217155228475173
64 0.2609251824584587 0.2269042797717742 0.22690428007516333 0.18336566569918816 0.1844447610556594 0.32068878322426536 0.16692318707263593 0.6059128529113756 0.2490523104116068 0.40249287937745165 0.24905231058019545 0.40249287932300637 0.2715618425659969 0.2715618427022177 0.1669231870821073 0.3206887839746704 0.3206887834610268 0.6059128539434463 0.18336566769091855 0.1833656672874066
44 0.5477161626343345 0.21652648971927627 0.21652649001262533 0.07876465451801969 0.015440691571444008 0.6383864523896311 0.06915373443462487 0.3206887830139691 0.23921156807647814 0.10657738673999498 0.23921156815647515 0.10657738681347065 0.07864111735583657 0.07864111744819845 0.06915373439948491 0.6383864525820113 0.63838645228458 0.3206887840584565 0.07876465645447968 0.07876465617137184
49 0.5477161626343345 0.21652648971927627 0.21652649001262533 0.07876465451801969 0.015440691571444008 0.6383864523896311 0.06915373443462487 0.3206887830139691 0.23921156807647814 0.10657738673999498 0.23921156815647515 0.10657738681347065 0.07864111735583657 0.07864111744819845 0.06915373439948491 0.6383864525820113 0.63838645228458 0.3206887840584565 0.07876465645447968 0.07876465617137184
66 0.18596508251663213 0.36616182381083456 0.366161823398071 0.3380246935333345 0.11517749718338614 0.2738527034896885 0.3239141929691992 0.28091816712007417 0.4586644964871541 0.29219531705306434 0.45866449668022413 0.29219531698126056 0.27935637275065145 0.27935637293127563 0.3239141930320548 0.2738527039784907 0.27385270394663724 0.2809181674147054 0.33802469515154704 0.3380246946547359
32 0.8127544657608117 0.2797996701894821 0.27979967048093995 0.0401231434393301 0.02983079597468308 0.5477161623931375 0.06013345051343884 0.26092518173878004 0.2149428314694508 0.11206216379235531 0.21494283157642563 0.11206216387858994 0.09012031437370867 0.0901203144276066 0.06013345046651931 0.5477161628746309 0.5477161626465015 0.26092518284156474 0.04012314619772028 0.04012314587929537
33 0.8127544657608117 0.2797996701894821 0.27979967048093995 0.0401231434393301 0.02983079597468308 0.5477161623931375 0.06013345051343884 0.26092518173878004 0.2149428314694508 0.11206216379235531 0.21494283157642563 0.11206216387858994 0.09012031437370867 0.0901203144276066 0.06013345046651931 0.5477161628746309 0.5477161626465015 0.26092518284156474 0.04012314619772028 0.04012314587929537
60 0.09012031435154176 0.3291260269903109 0.32912602710567695 0.3565496559830219 0.24133388982014337 0.07864111693784968 0.40107920191596064 0.27156184210849493 0.31494449842793304 0.3366402600383656 0.31494449843638156 0.33664025997853875 0.4597814831859275 0.4597814833753603 0.40107920195889585 0.07864111759541252 0.07864111750613756 0.27156184286294494 0.35654965811017675 0.35654965767709806
18 0.04012314513917792 0.2467992307501845 0.24679923109943047 0.4736200868464948 0.3564196632583765 0.07876465521985665 0.4282837373903021 0.1833656664530281 0.30217155172613275 0.30578210864522126 0.3021715519789723 0.3057821085350856 0.35654965732211075 0.35654965745583267 0.4282837373903021 0.07876465586014092 0.07876465562731028 0.18336566706420854 0.4736200883053243 0.473620088188909
55 0.2797996702666273 0.533236048171232 0.5332360485142039 0.24679922960721837 0.10267931674619056 0.21652648967001353 0.32438080070292263 0.22690427916036227 0.46244004376185666 0.17512939347445874 0.4624400438691081 0.17512939346074846 0.3291260268503003 0.32912602705170013 0.32438080069564956 0.21652649006633065 0.21652648967554045 0.22690427987322934 0.24679923168296314 0.24679923130929826
22 0.11206216383248056 0.17512939373425768 0.17512939364036245 0.30578210768902075 0.4622829436144631 0.10657738639718098 0.2525475359427052 0.4024928790794799 0.20215769691972083 0.564739444726991 0.2021576970667672 0.564739444618363 0.3366402599476771 0.3366402601188701 0.2525475358784646 0.10657738714843736 0.10657738680983245 0.40249287971883047 0.305782109345999 0.3057821088232861
67 0.05739485514836505 0.13972220220766354 0.13972220220269435 0.4112059568604332 0.7222546580691642 0.09538593174571385 0.27913215643824296 0.25263605416023266 0.1502745583679799 0.5024223818177515 0.15027455851918398 0.5024223817124853 0.17104094664535954 0.17104094671220338 0.279132156408535 0.09538593248382367 0.09538593239053106 0.2526360540248464 0.4112059573302262 0.411205957131853
0 0.06013345046998227 0.32438080133139235 0.32438080082400295 0.4282837363723897 0.2719672435220821 0.06915373400206279 0.46650530968511567 0.1669231867225097 0.3217714294533212 0.2525475359676852 0.3217714297690835 0.25254753585943257 0.40107920187908525 0.4010792019775609 0.4665053095882156 0.06915373462769461 0.06915373467845301 0.1669231873269947 0.4282837380902169 0.42828373774900025
43 0.5477161626343345 0.21652648971927627 0.21652649001262533 0.07876465451801969 0.015440691571444008 0.6383864523896311 0.06915373443462487 0.3206887830139691 0.23921156807647814 0.10657738673999498 0.23921156815647515 0.10657738681347065 0.07864111735583657 0.07864111744819845 0.06915373439948491 0.6383864525820113 0.63838645228458 0.3206887840584565 0.07876465645447968 0.07876465617137184
40 0.18596508251663213 0.36616182381083456 0.366161823398071 0.3380246935333345 0.11517749718338614 0.2738527034896885 0.3239141929691992 0.28091816712007417 0.4586644964871541 0.29219531705306434 0.45866449668022413 0.29219531698126056 0.27935637275065145 0.27935637293127563 0.3239141930320548 0.2738527039784907 0.27385270394663724 0.2809181674147054 0.33802469515154704 0.3380246946547359
36 0.11206216383248056 0.17512939373425768 0.17512939364036245 0.30578210768902075 0.4622829436144631 0.10657738639718098 0.2525475359427052 0.4024928790794799 0.20215769691972083 0.564739444726991 0.2021576970667672 0.564739444618363 0.3366402599476771 0.3366402601188701 0.2525475358784646 0.10657738714843736 0.10657738680983245 0.40249287971883047 0.305782109345999 0.3057821088232861
