id,x_0,x_1,x_2,x_3,x_4,x_5,x_6,x_7,x_8,x_9
0.0,0.554104357950671,2.220446049250313e-16,0.49150953581512535,0.006784604508924874,0.6644175747182623,2.220446049250313e-16,0.6135938708481299,0.020413568018989192,2.220446049250313e-16,2.220446049250313e-16
1.0,0.5416512020808792,2.220446049250313e-16,1.1102230246251565e-16,0.6107027948778959,2.220446049250313e-16,0.5579941171025938,2.220446049250313e-16,2.220446049250313e-16,2.220446049250313e-16,2.220446049250313e-16
2.0,0.27677490008917327,2.220446049250313e-16,0.4915095358151253,2.220446049250313e-16,0.6327107732594303,2.220446049250313e-16,0.6135938708481299,0.3228418089552611,2.220446049250313e-16,2.220446049250313e-16
3.0,2.220446049250313e-16,0.07084811142915375,2.220446049250313e-16,0.7048150474290411,2.220446049250313e-16,0.7306929800549573,2.220446049250313e-16,2.220446049250313e-16,2.220446049250313e-16,2.220446049250313e-16
4.0,0.27677490008917327,0.8828966112333306,2.220446049250313e-16,2.220446049250313e-16,2.220446049250313e-16,2.220446049250313e-16,2.220446049250313e-16,2.220446049250313e-16,2.220446049250313e-16,0.35116035725248085
5.0,2.220446049250313e-16,2.220446049250313e-16,2.220446049250313e-16,0.28367454888706606,4.440892098500626e-16,0.8503934440638636,0.3553592631099977,2.220446049250313e-16,2.220446049250313e-16,2.220446049250313e-16
6.0,0.554104357950671,2.220446049250313e-16,0.49150953581512535,0.006784604508924874,0.6644175747182623,2.220446049250313e-16,0.6135938708481299,0.020413568018989192,2.220446049250313e-16,2.220446049250313e-16
7.0,0.5416512020808792,2.220446049250313e-16,1.1102230246251565e-16,0.6107027948778959,2.220446049250313e-16,0.5579941171025938,2.220446049250313e-16,2.220446049250313e-16,2.220446049250313e-16,2.220446049250313e-16
8.0,0.27677490008917327,2.220446049250313e-16,0.4915095358151253,2.220446049250313e-16,0.6327107732594303,2.220446049250313e-16,0.6135938708481299,0.3228418089552611,2.220446049250313e-16,2.220446049250313e-16
9.0,2.220446049250313e-16,0.07084811142915375,2.220446049250313e-16,0.7048150474290411,2.220446049250313e-16,0.7306929800549573,2.220446049250313e-16,2.220446049250313e-16,2.220446049250313e-16,2.220446049250313e-16
10.0,0.27677490008917327,0.8828966112333306,2.220446049250313e-16,2.220446049250313e-16,2.220446049250313e-16,2.220446049250313e-16,2.220446049250313e-16,2.220446049250313e-16,2.220446049250313e-16,0.35116035725248085
11.0,2.220446049250313e-16,2.220446049250313e-16,2.220446049250313e-16,0.28367454888706606,4.440892098500626e-16,0.8503934440638636,0.3553592631099977,2.220446049250313e-16,2.220446049250313e-16,2.220446049250313e-16
12.0,0.554104357950671,2.220446049250313e-16,0.49150953581512535,0.006784604508924874,0.6644175747182623,2.220446049250313e-16,0.6135938708481299,0.020413568018989192,2.220446049250313e-16,2.220446049250313e-16
13.0,0.5416512020808792,2.220446049250313e-16,1.1102230246251565e-16,0.6107027948778959,2.220446049250313e-16,0.5579941171025938,2.220446049250313e-16,2.220446049250313e-16,2.220446049250313e-16,2.220446049250313e-16
14.0,0.27677490008917327,2.220446049250313e-16,0.4915095358151253,2.220446049250313e-16,0.6327107732594303,2.220446049250313e-16,0.6135938708481299,0.3228418089552611,2.220446049250313e-16,2.220446049250313e-16
15.0,2.220446049250313e-16,0.07084811142915375,2.220446049250313e-16,0.7048150474290411,2.220446049250313e-16,0.7306929800549573,2.220446049250313e-16,2.220446049250313e-16,2.220446049250313e-16,2.220446049250313e-16
16.0,0.27677490008917327,0.8828966112333306,2.220446049250313e-16,2.220446049250313e-16,2.220446049250313e-16,2.220446049250313e-16,2.220446049250313e-16,2.220446049250313e-16,2.220446049250313e-16,0.35116035725248085
17.0,2.220446049250313e-16,2.220446049250313e-16,2.220446049250313e-16,0.28367454888706606,4.440892098500626e-16,0.8503934440638636,0.3553592631099977,2.220446049250313e-16,2.220446049250313e-16,2.220446049250313e-16
18.0,0.4132542271734219,0.25837081709558,0.49150953581512513,0.7185252218992622,2.220446049250313e-16,0.0025357748894776653,2.220446049250313e-16,2.220446049250313e-16,0.023828678543584354,2.220446049250313e-16
19.0,2.220446049250313e-16,0.18420575205944076,0.49150953581512524,2.220446049250313e-16,0.2929245820064581,2.220446049250313e-16,0.34279733852887784,0.6980483316140267,0.14965007439548586,2.220446049250313e-16
20.0,0.6831743132056493,2.220446049250313e-16,2.220446049250313e-16,0.0035498508783873284,2.220446049250313e-16,2.220446049250313e-16,2.220446049250313e-16,0.011543316353432921,0.7653185834235504,2.220446049250313e-16
21.0,0.6831743132056493,2.220446049250313e-16,2.220446049250313e-16,0.0035498508783873284,2.220446049250313e-16,2.220446049250313e-16,2.220446049250313e-16,0.011543316353432921,0.7653185834235504,2.220446049250313e-16
22.0,0.6831743132056493,2.220446049250313e-16,2.220446049250313e-16,0.0035498508783873284,2.220446049250313e-16,2.220446049250313e-16,2.220446049250313e-16,0.011543316353432921,0.7653185834235504,2.220446049250313e-16
23.0,0.2591117061249882,2.220446049250313e-16,1.1102230246251565e-16,0.6281439111683014,0.6340436104413844,0.003627141037621973,2.220446049250313e-16,0.3101288393132009,0.18555926095936906,2.220446049250313e-16
24.0,2.220446049250313e-16,2.220446049250313e-16,2.220446049250313e-16,2.220446049250313e-16,0.29668346368814535,2.220446049250313e-16,2.220446049250313e-16,0.6621950786028006,0.7198130572751841,2.220446049250313e-16
25.0,2.220446049250313e-16,2.220446049250313e-16,2.220446049250313e-16,0.3144671309393481,0.29427502392450855,2.220446049250313e-16,0.2707965323192522,0.6851674431304349,0.35449078432063236,2.220446049250313e-16
26.0,2.220446049250313e-16,0.03420311678820246,2.220446049250313e-16,2.220446049250313e-16,2.220446049250313e-16,2.220446049250313e-16,2.220446049250313e-16,0.6131591529774745,0.721887613033347,0.4939333471327118
27.0,2.220446049250313e-16,0.03420311678820246,2.220446049250313e-16,2.220446049250313e-16,2.220446049250313e-16,2.220446049250313e-16,2.220446049250313e-16,0.6131591529774745,0.721887613033347,0.4939333471327118
28.0,2.220446049250313e-16,0.5469250715205234,2.220446049250313e-16,2.220446049250313e-16,2.220446049250313e-16,0.48775633067056445,0.371914051623369,2.220446049250313e-16,2.220446049250313e-16,2.220446049250313e-16
29.0,2.220446049250313e-16,0.9794743425589636,2.220446049250313e-16,0.05495327745313594,2.220446049250313e-16,2.220446049250313e-16,2.220446049250313e-16,2.220446049250313e-16,2.220446049250313e-16,0.3349133946594365
30.0,2.220446049250313e-16,0.9794743425589636,2.220446049250313e-16,0.05495327745313594,2.220446049250313e-16,2.220446049250313e-16,2.220446049250313e-16,2.220446049250313e-16,2.220446049250313e-16,0.3349133946594365
31.0,2.220446049250313e-16,2.220446049250313e-16,2.220446049250313e-16,2.220446049250313e-16,2.220446049250313e-16,0.8341118460184279,0.6268990685316076,2.220446049250313e-16,2.220446049250313e-16,2.220446049250313e-16
32.0,2.220446049250313e-16,2.220446049250313e-16,2.220446049250313e-16,2.220446049250313e-16,2.220446049250313e-16,0.8341118460184279,0.6268990685316076,2.220446049250313e-16,2.220446049250313e-16,2.220446049250313e-16
33.0,0.4132542271734219,0.25837081709558,0.49150953581512513,0.7185252218992622,2.220446049250313e-16,0.0025357748894776653,2.220446049250313e-16,2.220446049250313e-16,0.023828678543584354,2.220446049250313e-16
34.0,2.220446049250313e-16,0.18420575205944076,0.49150953581512524,2.220446049250313e-16,0.2929245820064581,2.220446049250313e-16,0.34279733852887784,0.6980483316140267,0.14965007439548586,2.220446049250313e-16
35.0,0.6831743132056493,2.220446049250313e-16,2.220446049250313e-16,0.0035498508783873284,2.220446049250313e-16,2.220446049250313e-16,2.220446049250313e-16,0.011543316353432921,0.7653185834235504,2.220446049250313e-16
36.0,0.6831743132056493,2.220446049250313e-16,2.220446049250313e-16,0.0035498508783873284,2.220446049250313e-16,2.220446049250313e-16,2.220446049250313e-16,0.011543316353432921,0.7653185834235504,2.220446049250313e-16
37.0,0.6831743132056493,2.220446049250313e-16,2.220446049250313e-16,0.0035498508783873284,2.220446049250313e-16,2.220446049250313e-16,2.220446049250313e-16,0.011543316353432921,0.7653185834235504,2.220446049250313e-16
38.0,0.2591117061249882,2.220446049250313e-16,1.1102230246251565e-16,0.6281439111683014,0.6340436104413844,0.003627141037621973,2.220446049250313e-16,0.3101288393132009,0.18555926095936906,2.220446049250313e-16
39.0,2.220446049250313e-16,2.220446049250313e-16,2.220446049250313e-16,2.220446049250313e-16,0.29668346368814535,2.220446049250313e-16,2.220446049250313e-16,0.6621950786028006,0.7198130572751841,2.220446049250313e-16
40.0,2.220446049250313e-16,2.220446049250313e-16,2.220446049250313e-16,0.3144671309393481,0.29427502392450855,2.220446049250313e-16,0.2707965323192522,0.6851674431304349,0.35449078432063236,2.220446049250313e-16
41.0,2.220446049250313e-16,0.03420311678820246,2.220446049250313e-16,2.220446049250313e-16,2.220446049250313e-16,2.220446049250313e-16,2.220446049250313e-16,0.6131591529774745,0.721887613033347,0.4939333471327118
42.0,2.220446049250313e-16,0.03420311678820246,2.220446049250313e-16,2.220446049250313e-16,2.220446049250313e-16,2.220446049250313e-16,2.220446049250313e-16,0.6131591529774745,0.721887613033347,0.4939333471327118
43.0,2.220446049250313e-16,0.5469250715205234,2.220446049250313e-16,2.220446049250313e-16,2.220446049250313e-16,0.48775633067056445,0.371914051623369,2.220446049250313e-16,2.220446049250313e-16,2.220446049250313e-16
44.0,2.220446049250313e-16,0.9794743425589636,2.220446049250313e-16,0.05495327745313594,2.220446049250313e-16,2.220446049250313e-16,2.220446049250313e-16,2.220446049250313e-16,2.220446049250313e-16,0.3349133946594365
45.0,2.220446049250313e-16,0.9794743425589636,2.220446049250313e-16,0.05495327745313594,2.220446049250313e-16,2.220446049250313e-16,2.220446049250313e-16,2.220446049250313e-16,2.220446049250313e-16,0.3349133946594365
46.0,2.220446049250313e-16,2.220446049250313e-16,2.220446049250313e-16,2.220446049250313e-16,2.220446049250313e-16,0.8341118460184279,0.6268990685316076,2.220446049250313e-16,2.220446049250313e-16,2.220446049250313e-16
47.0,2.220446049250313e-16,2.220446049250313e-16,2.220446049250313e-16,2.220446049250313e-16,2.220446049250313e-16,0.8341118460184279,0.6268990685316076,2.220446049250313e-16,2.220446049250313e-16,2.220446049250313e-16
48.0,0.4132542271734219,0.25837081709558,0.49150953581512513,0.7185252218992622,2.220446049250313e-16,0.0025357748894776653,2.220446049250313e-16,2.220446049250313e-16,0.023828678543584354,2.220446049250313e-16
49.0,2.220446049250313e-16,0.18420575205944076,0.49150953581512524,2.220446049250313e-16,0.2929245820064581,2.220446049250313e-16,0.34279733852887784,0.6980483316140267,0.14965007439548586,2.220446049250313e-16
50.0,0.6831743132056493,2.220446049250313e-16,2.220446049250313e-16,0.0035498508783873284,2.220446049250313e-16,2.220446049250313e-16,2.220446049250313e-16,0.011543316353432921,0.7653185834235504,2.220446049250313e-16
51.0,0.6831743132056493,2.220446049250313e-16,2.220446049250313e-16,0.0035498508783873284,2.220446049250313e-16,2.220446049250313e-16,2.220446049250313e-16,0.011543316353432921,0.7653185834235504,2.220446049250313e-16
52.0,0.6831743132056493,2.220446049250313e-16,2.220446049250313e-16,0.0035498508783873284,2.220446049250313e-16,2.220446049250313e-16,2.220446049250313e-16,0.011543316353432921,0.7653185834235504,2.220446049250313e-16
53.0,0.2591117061249882,2.220446049250313e-16,1.6653345369377348e-16,0.6281439111683014,0.6340436104413844,0.003627141037621969,2.220446049250313e-16,0.3101288393132009,0.18555926095936895,2.220446049250313e-16
54.0,2.220446049250313e-16,2.220446049250313e-16,2.220446049250313e-16,2.220446049250313e-16,0.29668346368814535,2.220446049250313e-16,2.220446049250313e-16,0.6621950786028006,0.7198130572751841,2.220446049250313e-16
55.0,2.220446049250313e-16,2.220446049250313e-16,2.220446049250313e-16,0.3144671309393481,0.29427502392450855,2.220446049250313e-16,0.2707965323192522,0.6851674431304349,0.35449078432063236,2.220446049250313e-16
56.0,2.220446049250313e-16,0.03420311678820246,2.220446049250313e-16,2.220446049250313e-16,2.220446049250313e-16,2.220446049250313e-16,2.220446049250313e-16,0.6131591529774745,0.721887613033347,0.4939333471327118
57.0,2.220446049250313e-16,0.03420311678820246,2.220446049250313e-16,2.220446049250313e-16,2.220446049250313e-16,2.220446049250313e-16,2.220446049250313e-16,0.6131591529774745,0.721887613033347,0.4939333471327118
58.0,2.220446049250313e-16,0.5469250715205234,2.220446049250313e-16,2.220446049250313e-16,2.220446049250313e-16,0.48775633067056445,0.371914051623369,2.220446049250313e-16,2.220446049250313e-16,2.220446049250313e-16
59.0,2.220446049250313e-16,0.9794743425589636,2.220446049250313e-16,0.05495327745313594,2.220446049250313e-16,2.220446049250313e-16,2.220446049250313e-16,2.220446049250313e-16,2.220446049250313e-16,0.3349133946594365
60.0,2.220446049250313e-16,0.9794743425589636,2.220446049250313e-16,0.05495327745313594,2.220446049250313e-16,2.220446049250313e-16,2.220446049250313e-16,2.220446049250313e-16,2.220446049250313e-16,0.3349133946594365
61.0,2.220446049250313e-16,2.220446049250313e-16,2.220446049250313e-16,2.220446049250313e-16,2.220446049250313e-16,0.8341118460184279,0.6268990685316076,2.220446049250313e-16,2.220446049250313e-16,2.220446049250313e-16
62.0,2.220446049250313e-16,2.220446049250313e-16,2.220446049250313e-16,2.220446049250313e-16,2.220446049250313e-16,0.8341118460184279,0.6268990685316076,2.220446049250313e-16,2.220446049250313e-16,2.220446049250313e-16
