1 0.4640441744122654 0.1900763768935576 0.17512852943071877 0.23049492936115712 0.20596260716369308 0.3779180314171562 0.19215345452539623 0.1921534545836039 0.1900763768935576 0.4815699245508682 0.2304949292447418 0.32312456304909887 0.19007637680624612 0.19007637666072696 0.3949311668498181 0.46404417531448416 0.4350393792534675 0.1900763773592189 0.30948431483218464 0.46404417557641864
54 0.23049492911539643 0.22922475793238273 0.30328122898509685 0.6425520815545772 0.46734765856892935 0.30766244016587435 0.1788656379704231 0.1788656380436657 0.22922475848837595 0.20599723618834392 0.6425520815479514 0.3406796537485442 0.22922475816482318 0.22922475778565465 0.18461588337342077 0.23049492950940031 0.26143393736884796 0.2292247582088735 0.14895098277431626 0.23049492969062096
39 0.1900763765300694 0.46209337669451794 0.43495443602114386 0.22922475835691608 0.08549567236607332 0.18226536662854068 0.452556260878295 0.45255626097469526 0.46209337726927363 0.1837535042770241 0.22922475833933986 0.10138575540279442 0.462093377340139 0.4620933769956344 0.0506898021283038 0.19007637743018443 0.1812023761619747 0.462093377441267 0.009769009544163085 0.19007637763708457
16 0.27751306413028853 0.044910208865527164 0.0975215931102425 0.2279155629381678 0.5739047007694266 0.5209671457244891 0.04059259633304612 0.040592596291083256 0.04491020856268349 0.23467900769110359 0.22791556304866875 0.35902806964352246 0.04491020833533674 0.04491020802880694 0.5019326902563547 0.27751306194757097 0.4230462311210334 0.04491020806764115 0.6528823449825656 0.27751306144948845
63 0.1900763765300694 0.46209337669451794 0.43495443602114386 0.22922475835691608 0.08549567236607332 0.18226536662854068 0.452556260878295 0.45255626097469526 0.46209337726927363 0.1837535042770241 0.22922475833933986 0.10138575540279442 0.462093377340139 0.4620933769956344 0.0506898021283038 0.19007637743018443 0.1812023761619747 0.462093377441267 0.009769009544163085 0.19007637763708457
44 0.17512852875030183 0.43495443573427717 0.6532022344239901 0.30328122902029125 0.08768507295562583 0.27237996184464613 0.3102948230469288 0.31029482308397993 0.4349544361388876 0.14990725771587204 0.303281229025875 0.055438763513160065 0.4349544359137985 0.4349544357168504 0.05263034535556061 0.17512852962719289 0.22058902375269193 0.43495443608629686 0.0032615232968033403 0.1751285297145937
8 0.33081940942553845 0.05235830900902527 0.07756731155374239 0.20932050216378562 0.43717361989539716 0.46603620696546216 0.050475346337943136 0.05047534628364171 0.0523583089554671 0.2974348320946462 0.20932050215142964 0.40412236360893683 0.052358308552801026 0.05235830849093966 0.5466625799975242 0.33081940824059897 0.4257280857313471 0.05235830868581335 0.6472647093499706 0.33081940802980186
60 0.4640441744122654 0.1900763768935576 0.17512852943071877 0.23049492936115712 0.20596260716369308 0.3779180314171562 0.19215345452539623 0.1921534545836039 0.1900763768935576 0.4815699245508682 0.2304949292447418 0.32312456304909887 0.19007637680624612 0.19007637666072696 0.3949311668498181 0.46404417531448416 0.4350393792534675 0.1900763773592189 0.30948431483218464 0.46404417557641864
46 0.13536077014446313 0.014803070056454341 0.051832316706262205 0.20944048081459074 1.0970157223458759 0.27309563433799 0.028490154169915474 0.028490154151278924 0.014803069997841825 0.18800110926039568 0.20944048088940342 0.29279349263588444 0.014803069988019401 0.014803069953631254 0.28037041599733037 0.13536077286863216 0.07344076106672504 0.014803070633562931 0.5937166401115327 0.13536077348706224
14 0.27751306413028853 0.044910208865527164 0.0975215931102425 0.2279155629381678 0.5739047007694266 0.5209671457244891 0.04059259633304612 0.040592596291083256 0.04491020856268349 0.23467900769110359 0.22791556304866875 0.35902806964352246 0.04491020833533674 0.04491020802880694 0.5019326902563547 0.27751306194757097 0.4230462311210334 0.04491020806764115 0.6528823449825656 0.27751306144948845
66 0.20596260691197546 0.08549567225340832 0.08768507295565023 0.46734765868671097 0.8326059077896574 0.34921433872219126 0.08956564691093401 0.08956564699371919 0.08549567232866917 0.17199371390324023 0.4673476588904352 0.5042367425805507 0.08549567231985504 0.08549567205200623 0.26215913249494954 0.20596260737387626 0.2560150967588502 0.08549567241052237 0.3772789292086882 0.20596260729151813
0 0.33081940942553845 0.05235830900902527 0.07756731155374239 0.20932050216378562 0.43717361989539716 0.46603620696546216 0.050475346337943136 0.05047534628364171 0.0523583089554671 0.2974348320946462 0.20932050215142964 0.40412236360893683 0.052358308552801026 0.05235830849093966 0.5466625799975242 0.33081940824059897 0.4257280857313471 0.05235830868581335 0.6472647093499706 0.33081940802980186
52 0.3231245629115759 0.10138575539100322 0.05543876351318761 0.3406796537116814 0.5042367425805664 0.33497661836380566 0.11840557489259211 0.1184055750262936 0.10138575545716755 0.2933250192607951 0.3406796538103655 0.7082838351776272 0.10138575527474687 0.10138575507181846 0.3441275740352784 0.32312456326283084 0.29877597761336183 0.10138575532740234 0.45855999161744976 0.32312456335157946
53 0.34560140493612107 0.07676004036488514 0.05723787545128821 0.3298067664877809 0.47311643323853836 0.3721716915018857 0.06079996416714378 0.06079996426644619 0.07676004046630815 0.27889603519045336 0.32980676651971647 0.49276965586933263 0.07676004014534683 0.07676004008678619 0.4932076584892454 0.3456014078630725 0.4148560900683394 0.07676004044283753 0.5330496363010353 0.3456014080062616
15 0.4350393787301111 0.18120237620851887 0.22058902375272194 0.26143393743264265 0.256015096758891 0.46679667882427445 0.15045353192708713 0.15045353202117967 0.1812023762009314 0.41375069191747166 0.26143393731718606 0.29877597761337576 0.1812023760464582 0.1812023757437607 0.3959299437150188 0.43503937950835314 0.4822126323587808 0.18120237644432668 0.32285309743549506 0.4350393794493844
34 0.1900763765300694 0.46209337669451794 0.43495443602114386 0.22922475835691608 0.08549567236607332 0.18226536662854068 0.452556260878295 0.45255626097469526 0.46209337726927363 0.1837535042770241 0.22922475833933986 0.10138575540279442 0.462093377340139 0.4620933769956344 0.0506898021283038 0.19007637743018443 0.1812023761619747 0.462093377441267 0.009769009544163085 0.19007637763708457
2 0.309484314770669 0.009769009687327083 0.003261523296832361 0.14895098284597727 0.3772789292086955 0.31829869589624354 0.012420513535191833 0.012420513607698028 0.009769009616203847 0.3070436860661976 0.1489509827703783 0.4585599916174303 0.009769009336165558 0.009769009158715267 0.6244475362981841 0.30948431500129875 0.32285309743543456 0.00976900947245014 0.7906414187742858 0.3094843149468681
43 0.17512852875030183 0.43495443573427717 0.6532022344239901 0.30328122902029125 0.08768507295562583 0.27237996184464613 0.3102948230469288 0.31029482308397993 0.4349544361388876 0.14990725771587204 0.303281229025875 0.055438763513160065 0.4349544359137985 0.4349544357168504 0.05263034535556061 0.17512852962719289 0.22058902375269193 0.43495443608629686 0.0032615232968033403 0.1751285297145937
17 0.4350393787301111 0.18120237620851887 0.22058902375272194 0.26143393743264265 0.256015096758891 0.46679667882427445 0.15045353192708713 0.15045353202117967 0.1812023762009314 0.41375069191747166 0.26143393731718606 0.29877597761337576 0.1812023760464582 0.1812023757437607 0.3959299437150188 0.43503937950835314 0.4822126323587808 0.18120237644432668 0.32285309743549506 0.4350393794493844
22 0.2748687029269572 0.09291568538822442 0.07083435452075604 0.3982318010105862 0.6495105706519626 0.3690294593589111 0.09402307644465283 0.0940230764805651 0.09291568568706536 0.21716799114686275 0.398231801100681 0.6132077976853343 0.09291568534674202 0.09291568515080795 0.3240769444115459 0.2748687042304039 0.32375429981007997 0.09291568563026328 0.4461859515487453 0.2748687040736835
9 0.3949311663621203 0.05068980197574138 0.05263034535558987 0.1846158834772941 0.26215913249495554 0.3570696293892755 0.05564887612205773 0.055648876252591045 0.05068980197157927 0.4093823153151965 0.18461588344180163 0.3441275740352639 0.05068980185895 0.050689801822715166 0.6427847221787116 0.3949311669087632 0.3959299437149778 0.050689802505832715 0.6244475362981966 0.3949311673855353
29 0.1900763765300694 0.46209337669451794 0.43495443602114386 0.22922475835691608 0.08549567236607332 0.18226536662854068 0.452556260878295 0.45255626097469526 0.46209337726927363 0.1837535042770241 0.22922475833933986 0.10138575540279442 0.462093377340139 0.4620933769956344 0.0506898021283038 0.19007637743018443 0.1812023761619747 0.462093377441267 0.009769009544163085 0.19007637763708457
27 0.1900763765300694 0.46209337669451794 0.43495443602114386 0.22922475835691608 0.08549567236607332 0.18226536662854068 0.452556260878295 0.45255626097469526 0.46209337726927363 0.1837535042770241 0.22922475833933986 0.10138575540279442 0.462093377340139 0.4620933769956344 0.0506898021283038 0.19007637743018443 0.1812023761619747 0.462093377441267 0.009769009544163085 0.19007637763708457
59 0.19215345391537123 0.4525562602639868 0.3102948230827786 0.1788656382343427 0.08956564697375531 0.13365791428527857 0.5454025939749133 0.5454025940505419 0.4525562609499102 0.21024975308819419 0.17886563794699106 0.11840557498302148 0.4525562606016216 0.4525562605760558 0.05564887618223155 0.19215345491692304 0.15045353202015155 0.4525562610034837 0.01242051356863563 0.1921534549914867
26 0.13536077014446313 0.014803070056454341 0.051832316706262205 0.20944048081459074 1.0970157223458759 0.27309563433799 0.028490154169915474 0.028490154151278924 0.014803069997841825 0.18800110926039568 0.20944048088940342 0.29279349263588444 0.014803069988019401 0.014803069953631254 0.28037041599733037 0.13536077286863216 0.07344076106672504 0.014803070633562931 0.5937166401115327 0.13536077348706224
38 0.1900763765300694 0.46209337669451794 0.43495443602114386 0.22922475835691608 0.08549567236607332 0.18226536662854068 0.452556260878295 0.45255626097469526 0.46209337726927363 0.1837535042770241 0.22922475833933986 0.10138575540279442 0.462093377340139 0.4620933769956344 0.0506898021283038 0.19007637743018443 0.1812023761619747 0.462093377441267 0.009769009544163085 0.19007637763708457
62 0.1900763765300694 0.46209337669451794 0.43495443602114386 0.22922475835691608 0.08549567236607332 0.18226536662854068 0.452556260878295 0.45255626097469526 0.46209337726927363 0.1837535042770241 0.22922475833933986 0.10138575540279442 0.462093377340139 0.4620933769956344 0.0506898021283038 0.19007637743018443 0.1812023761619747 0.462093377441267 0.009769009544163085 0.19007637763708457
64 0.1900763765300694 0.46209337669451794 0.43495443602114386 0.22922475835691608 0.08549567236607332 0.18226536662854068 0.452556260878295 0.45255626097469526 0.46209337726927363 0.1837535042770241 0.22922475833933986 0.10138575540279442 0.462093377340139 0.4620933769956344 0.0506898021283038 0.19007637743018443 0.1812023761619747 0.462093377441267 0.009769009544163085 0.19007637763708457
20 0.34560140493612107 0.07676004036488514 0.05723787545128821 0.3298067664877809 0.47311643323853836 0.3721716915018857 0.06079996416714378 0.06079996426644619 0.07676004046630815 0.27889603519045336 0.32980676651971647 0.49276965586933263 0.07676004014534683 0.07676004008678619 0.4932076584892454 0.3456014078630725 0.4148560900683394 0.07676004044283753 0.5330496363010353 0.3456014080062616
4 0.27751306413028853 0.044910208865527164 0.0975215931102425 0.2279155629381678 0.5739047007694266 0.5209671457244891 0.04059259633304612 0.040592596291083256 0.04491020856268349 0.23467900769110359 0.22791556304866875 0.35902806964352246 0.04491020833533674 0.04491020802880694 0.5019326902563547 0.27751306194757097 0.4230462311210334 0.04491020806764115 0.6528823449825656 0.27751306144948845
65 0.34560140493612107 0.07676004036488514 0.05723787545128821 0.3298067664877809 0.47311643323853836 0.3721716915018857 0.06079996416714378 0.06079996426644619 0.07676004046630815 0.27889603519045336 0.32980676651971647 0.49276965586933263 0.07676004014534683 0.07676004008678619 0.4932076584892454 0.3456014078630725 0.4148560900683394 0.07676004044283753 0.5330496363010353 0.3456014080062616
21 0.2748687029269572 0.09291568538822442 0.07083435452075604 0.3982318010105862 0.6495105706519626 0.3690294593589111 0.09402307644465283 0.0940230764805651 0.09291568568706536 0.21716799114686275 0.398231801100681 0.6132077976853343 0.09291568534674202 0.09291568515080795 0.3240769444115459 0.2748687042304039 0.32375429981007997 0.09291568563026328 0.4461859515487453 0.2748687040736835
47 0.1900763765300694 0.46209337669451794 0.43495443602114386 0.22922475835691608 0.08549567236607332 0.18226536662854068 0.452556260878295 0.45255626097469526 0.46209337726927363 0.1837535042770241 0.22922475833933986 0.10138575540279442 0.462093377340139 0.4620933769956344 0.0506898021283038 0.19007637743018443 0.1812023761619747 0.462093377441267 0.009769009544163085 0.19007637763708457
48 0.1900763765300694 0.46209337669451794 0.43495443602114386 0.22922475835691608 0.08549567236607332 0.18226536662854068 0.452556260878295 0.45255626097469526 0.46209337726927363 0.1837535042770241 0.22922475833933986 0.10138575540279442 0.462093377340139 0.4620933769956344 0.0506898021283038 0.19007637743018443 0.1812023761619747 0.462093377441267 0.009769009544163085 0.19007637763708457
37 0.1900763765300694 0.46209337669451794 0.43495443602114386 0.22922475835691608 0.08549567236607332 0.18226536662854068 0.452556260878295 0.45255626097469526 0.46209337726927363 0.1837535042770241 0.22922475833933986 0.10138575540279442 0.462093377340139 0.4620933769956344 0.0506898021283038 0.19007637743018443 0.1812023761619747 0.462093377441267 0.009769009544163085 0.19007637763708457
11 0.4350393787301111 0.18120237620851887 0.22058902375272194 0.26143393743264265 0.256015096758891 0.46679667882427445 0.15045353192708713 0.15045353202117967 0.1812023762009314 0.41375069191747166 0.26143393731718606 0.29877597761337576 0.1812023760464582 0.1812023757437607 0.3959299437150188 0.43503937950835314 0.4822126323587808 0.18120237644432668 0.32285309743549506 0.4350393794493844
19 0.4350393787301111 0.18120237620851887 0.22058902375272194 0.26143393743264265 0.256015096758891 0.46679667882427445 0.15045353192708713 0.15045353202117967 0.1812023762009314 0.41375069191747166 0.26143393731718606 0.29877597761337576 0.1812023760464582 0.1812023757437607 0.3959299437150188 0.43503937950835314 0.4822126323587808 0.18120237644432668 0.32285309743549506 0.4350393794493844
3 0.4640441744122654 0.1900763768935576 0.17512852943071877 0.23049492936115712 0.20596260716369308 0.3779180314171562 0.19215345452539623 0.1921534545836039 0.1900763768935576 0.4815699245508682 0.2304949292447418 0.32312456304909887 0.19007637680624612 0.19007637666072696 0.3949311668498181 0.46404417531448416 0.4350393792534675 0.1900763773592189 0.30948431483218464 0.46404417557641864
25 0.4815699240752968 0.18375350442371938 0.14990725771594343 0.20599723617679155 0.17199371390333149 0.3153213409578708 0.2102497530036446 0.2102497530775536 0.18375350467650023 0.5399855116735013 0.2059972364164913 0.29332501926086785 0.1837535040746095 0.18375350385324934 0.40938231531528324 0.48156992464028475 0.41375069191748887 0.18375350418194905 0.3070436860662992 0.48156992498815065
50 0.3419539981209421 0.013023507212053052 -0.011527187290848357 0.18532162377075162 0.31797627549298313 0.2595234883095753 0.011180204165733927 0.01118020425765728 0.01302350747994512 0.3398908155630711 0.1853216237039987 0.46086523575630634 0.013023507345930262 0.013023507359905286 0.6675222168076532 0.3419540007788806 0.3131823523116845 0.013023507941592455 0.7339593619318668 0.34195400149276767
31 0.13536077014446313 0.014803070056454341 0.051832316706262205 0.20944048081459074 1.0970157223458759 0.27309563433799 0.028490154169915474 0.028490154151278924 0.014803069997841825 0.18800110926039568 0.20944048088940342 0.29279349263588444 0.014803069988019401 0.014803069953631254 0.28037041599733037 0.13536077286863216 0.07344076106672504 0.014803070633562931 0.5937166401115327 0.13536077348706224
18 0.33081940942553845 0.05235830900902527 0.07756731155374239 0.20932050216378562 0.43717361989539716 0.46603620696546216 0.050475346337943136 0.05047534628364171 0.0523583089554671 0.2974348320946462 0.20932050215142964 0.40412236360893683 0.052358308552801026 0.05235830849093966 0.5466625799975242 0.33081940824059897 0.4257280857313471 0.05235830868581335 0.6472647093499706 0.33081940802980186
28 0.1900763765300694 0.46209337669451794 0.43495443602114386 0.22922475835691608 0.08549567236607332 0.18226536662854068 0.452556260878295 0.45255626097469526 0.46209337726927363 0.1837535042770241 0.22922475833933986 0.10138575540279442 0.462093377340139 0.4620933769956344 0.0506898021283038 0.19007637743018443 0.1812023761619747 0.462093377441267 0.009769009544163085 0.19007637763708457
49 0.1900763765300694 0.46209337669451794 0.43495443602114386 0.22922475835691608 0.08549567236607332 0.18226536662854068 0.452556260878295 0.45255626097469526 0.46209337726927363 0.1837535042770241 0.22922475833933986 0.10138575540279442 0.462093377340139 0.4620933769956344 0.0506898021283038 0.19007637743018443 0.1812023761619747 0.462093377441267 0.009769009544163085 0.19007637763708457
51 0.3231245629115759 0.10138575539100322 0.05543876351318761 0.3406796537116814 0.5042367425805664 0.33497661836380566 0.11840557489259211 0.1184055750262936 0.10138575545716755 0.2933250192607951 0.3406796538103655 0.7082838351776272 0.10138575527474687 0.10138575507181846 0.3441275740352784 0.32312456326283084 0.29877597761336183 0.10138575532740234 0.45855999161744976 0.32312456335157946
36 0.13536077014446313 0.014803070056454341 0.051832316706262205 0.20944048081459074 1.0970157223458759 0.27309563433799 0.028490154169915474 0.028490154151278924 0.014803069997841825 0.18800110926039568 0.20944048088940342 0.29279349263588444 0.014803069988019401 0.014803069953631254 0.28037041599733037 0.13536077286863216 0.07344076106672504 0.014803070633562931 0.5937166401115327 0.13536077348706224
40 0.3779180308668173 0.18226536679177946 0.2723799618446812 0.3076624401666427 0.349214338722227 0.5708756735469559 0.13365791419579878 0.13365791431318635 0.18226536663016787 0.3153213409577615 0.30766243999632253 0.33497661836380294 0.18226536637405355 0.1822653661387921 0.357069629389298 0.37791803139875635 0.4667966788242495 0.18226536687526368 0.3182986958962742 0.37791803169103355
10 0.33081940942553845 0.05235830900902527 0.07756731155374239 0.20932050216378562 0.43717361989539716 0.46603620696546216 0.050475346337943136 0.05047534628364171 0.0523583089554671 0.2974348320946462 0.20932050215142964 0.40412236360893683 0.052358308552801026 0.05235830849093966 0.5466625799975242 0.33081940824059897 0.4257280857313471 0.05235830868581335 0.6472647093499706 0.33081940802980186
30 0.4640441744122654 0.1900763768935576 0.17512852943071877 0.23049492936115712 0.20596260716369308 0.3779180314171562 0.19215345452539623 0.1921534545836039 0.1900763768935576 0.4815699245508682 0.2304949292447418 0.32312456304909887 0.19007637680624612 0.19007637666072696 0.3949311668498181 0.46404417531448416 0.4350393792534675 0.1900763773592189 0.30948431483218464 0.46404417557641864
32 0.1900763765300694 0.46209337669451794 0.43495443602114386 0.22922475835691608 0.08549567236607332 0.18226536662854068 0.452556260878295 0.45255626097469526 0.46209337726927363 0.1837535042770241 0.22922475833933986 0.10138575540279442 0.462093377340139 0.4620933769956344 0.0506898021283038 0.19007637743018443 0.1812023761619747 0.462093377441267 0.009769009544163085 0.19007637763708457
61 0.13536077014446313 0.014803070056454341 0.051832316706262205 0.20944048081459074 1.0970157223458759 0.27309563433799 0.028490154169915474 0.028490154151278924 0.014803069997841825 0.18800110926039568 0.20944048088940342 0.29279349263588444 0.014803069988019401 0.014803069953631254 0.28037041599733037 0.13536077286863216 0.07344076106672504 0.014803070633562931 0.5937166401115327 0.13536077348706224
67 0.20596260691197546 0.08549567225340832 0.08768507295565023 0.46734765868671097 0.8326059077896574 0.34921433872219126 0.08956564691093401 0.08956564699371919 0.08549567232866917 0.17199371390324023 0.4673476588904352 0.5042367425805507 0.08549567231985504 0.08549567205200623 0.26215913249494954 0.20596260737387626 0.2560150967588502 0.08549567241052237 0.3772789292086882 0.20596260729151813
24 0.4049577856355069 0.08833087200653414 0.0354297319326629 0.2583174198235617 0.3015160652873592 0.2795978938247423 0.10560733370589392 0.10560733367327028 0.0883308720995713 0.41561748973666984 0.25831741971175565 0.5980652877435012 0.08833087200465377 0.08833087178972568 0.5058467951196144 0.4049577876907434 0.31205749406852623 0.08833087242112554 0.5087937803991257 0.4049577883443175
57 0.19215345391537123 0.4525562602639868 0.3102948230827786 0.1788656382343427 0.08956564697375531 0.13365791428527857 0.5454025939749133 0.5454025940505419 0.4525562609499102 0.21024975308819419 0.17886563794699106 0.11840557498302148 0.4525562606016216 0.4525562605760558 0.05564887618223155 0.19215345491692304 0.15045353202015155 0.4525562610034837 0.01242051356863563 0.1921534549914867
68 0.23049492911539643 0.22922475793238273 0.30328122898509685 0.6425520815545772 0.46734765856892935 0.30766244016587435 0.1788656379704231 0.1788656380436657 0.22922475848837595 0.20599723618834392 0.6425520815479514 0.3406796537485442 0.22922475816482318 0.22922475778565465 0.18461588337342077 0.23049492950940031 0.26143393736884796 0.2292247582088735 0.14895098277431626 0.23049492969062096
69 0.23049492911539643 0.22922475793238273 0.30328122898509685 0.6425520815545772 0.46734765856892935 0.30766244016587435 0.1788656379704231 0.1788656380436657 0.22922475848837595 0.20599723618834392 0.6425520815479514 0.3406796537485442 0.22922475816482318 0.22922475778565465 0.18461588337342077 0.23049492950940031 0.26143393736884796 0.2292247582088735 0.14895098277431626 0.23049492969062096
6 0.27751306413028853 0.044910208865527164 0.0975215931102425 0.2279155629381678 0.5739047007694266 0.5209671457244891 0.04059259633304612 0.040592596291083256 0.04491020856268349 0.23467900769110359 0.22791556304866875 0.35902806964352246 0.04491020833533674 0.04491020802880694 0.5019326902563547 0.27751306194757097 0.4230462311210334 0.04491020806764115 0.6528823449825656 0.27751306144948845
56 0.17271108281117903 -0.004499786534942895 0.012196662039766945 0.13593171539790425 0.8605358560305277 0.24523803232743255 -0.0013955736531972107 -0.001395573688045117 -0.004499787071221211 0.1546908944382404 0.13593171550856917 0.4863017164361578 -0.00449978713376993 -0.004499787323089739 0.33662103777784075 0.17271108588869477 0.20818203938267069 -0.004499787690474514 0.8044484370117361 0.17271108525325607
42 0.13315351374791226 0.041167146377373495 0.14051494718134294 0.27977827334379357 1.0052697472297016 0.4903720621741547 0.08583241730195545 0.08583241742090782 0.041167145856179074 0.217787371582915 0.2797782735068283 0.3025669754327064 0.041167145631146415 0.04116714563921545 0.2822722135870075 0.13315350768267012 0.12504713431722417 0.04116714625056502 0.5072376767552316 0.13315350751157493
41 0.3779180308668173 0.18226536679177946 0.2723799618446812 0.3076624401666427 0.349214338722227 0.5708756735469559 0.13365791419579878 0.13365791431318635 0.18226536663016787 0.3153213409577615 0.30766243999632253 0.33497661836380294 0.18226536637405355 0.1822653661387921 0.357069629389298 0.37791803139875635 0.4667966788242495 0.18226536687526368 0.3182986958962742 0.37791803169103355
13 0.4350393787301111 0.18120237620851887 0.22058902375272194 0.26143393743264265 0.256015096758891 0.46679667882427445 0.15045353192708713 0.15045353202117967 0.1812023762009314 0.41375069191747166 0.26143393731718606 0.29877597761337576 0.1812023760464582 0.1812023757437607 0.3959299437150188 0.43503937950835314 0.4822126323587808 0.18120237644432668 0.32285309743549506 0.4350393794493844
33 0.1900763765300694 0.46209337669451794 0.43495443602114386 0.22922475835691608 0.08549567236607332 0.18226536662854068 0.452556260878295 0.45255626097469526 0.46209337726927363 0.1837535042770241 0.22922475833933986 0.10138575540279442 0.462093377340139 0.4620933769956344 0.0506898021283038 0.19007637743018443 0.1812023761619747 0.462093377441267 0.009769009544163085 0.19007637763708457
58 0.19215345391537123 0.4525562602639868 0.3102948230827786 0.1788656382343427 0.08956564697375531 0.13365791428527857 0.5454025939749133 0.5454025940505419 0.4525562609499102 0.21024975308819419 0.17886563794699106 0.11840557498302148 0.4525562606016216 0.4525562605760558 0.05564887618223155 0.19215345491692304 0.15045353202015155 0.4525562610034837 0.01242051356863563 0.1921534549914867
35 0.4640441744122654 0.1900763768935576 0.17512852943071877 0.23049492936115712 0.20596260716369308 0.3779180314171562 0.19215345452539623 0.1921534545836039 0.1900763768935576 0.4815699245508682 0.2304949292447418 0.32312456304909887 0.19007637680624612 0.19007637666072696 0.3949311668498181 0.46404417531448416 0.4350393792534675 0.1900763773592189 0.30948431483218464 0.46404417557641864
45 0.4640441744122654 0.1900763768935576 0.17512852943071877 0.23049492936115712 0.20596260716369308 0.3779180314171562 0.19215345452539623 0.1921534545836039 0.1900763768935576 0.4815699245508682 0.2304949292447418 0.32312456304909887 0.19007637680624612 0.19007637666072696 0.3949311668498181 0.46404417531448416 0.4350393792534675 0.1900763773592189 0.30948431483218464 0.46404417557641864
5 0.4350393787301111 0.18120237620851887 0.22058902375272194 0.26143393743264265 0.256015096758891 0.46679667882427445 0.15045353192708713 0.15045353202117967 0.1812023762009314 0.41375069191747166 0.26143393731718606 0.29877597761337576 0.1812023760464582 0.1812023757437607 0.3959299437150188 0.43503937950835314 0.4822126323587808 0.18120237644432668 0.32285309743549506 0.4350393794493844
23 0.23049492911539643 0.22922475793238273 0.30328122898509685 0.6425520815545772 0.46734765856892935 0.30766244016587435 0.1788656379704231 0.1788656380436657 0.22922475848837595 0.20599723618834392 0.6425520815479514 0.3406796537485442 0.22922475816482318 0.22922475778565465 0.18461588337342077 0.23049492950940031 0.26143393736884796 0.2292247582088735 0.14895098277431626 0.23049492969062096
7 0.4350393787301111 0.18120237620851887 0.22058902375272194 0.26143393743264265 0.256015096758891 0.46679667882427445 0.15045353192708713 0.15045353202117967 0.1812023762009314 0.41375069191747166 0.26143393731718606 0.29877597761337576 0.1812023760464582 0.1812023757437607 0.3959299437150188 0.43503937950835314 0.4822126323587808 0.18120237644432668 0.32285309743549506 0.4350393794493844
55 0.47569678113508973 0.20006787034494863 0.13868309252965172 0.20920985904809503 0.17849414225755678 0.30441190648625466 0.23797992507028679 0.23797992530190593 0.20006787062148781 0.5289629672284778 0.20920985919460058 0.36338696464311343 0.20006787054783073 0.20006787025437198 0.37907458253666654 0.47569678259375725 0.3691654558880509 0.20006787139316046 0.29084168282011597 0.4756967832473109
12 0.37027563810497177 0.06305633379081553 0.06100028172355119 0.19629589502560266 0.3469168976731554 0.4037306426226432 0.07176912212497931 0.07176912222248624 0.06305633384998025 0.36214078113082715 0.19629589522694751 0.4743316369963776 0.06305633352153839 0.06305633340160006 0.5534646966303879 0.3702756377844637 0.3854760198886131 0.06305633379240691 0.6190247529042993 0.37027563788488016
