id,x_0,x_1,x_2,x_3,x_4,x_5,x_6,x_7,x_8,x_9
0.0,1.1108414615342073,0.2917658734399099,2.220446049250313e-16,2.220446049250313e-16,0.09095893689009414,0.3831683225332555,2.220446049250313e-16,0.03177271652493629,2.220446049250313e-16,0.11132811331879783
1.0,0.17276978114534394,2.220446049250313e-16,2.220446049250313e-16,0.624051910317343,2.220446049250313e-16,2.220446049250313e-16,0.8529711001539098,2.220446049250313e-16,0.1187670096903228,0.0610240070706322
2.0,1.1698540985652617,0.018785240519261392,2.220446049250313e-16,0.3944461550391635,0.08349476111876199,2.220446049250313e-16,0.023814566049667862,0.026201319008095886,0.08336293016398359,0.062114950257973776
3.0,2.220446049250313e-16,2.220446049250313e-16,2.220446049250313e-16,0.5602202018810547,2.220446049250313e-16,6.661338147750939e-16,0.5794476387290549,2.220446049250313e-16,2.220446049250313e-16,0.7996535129613651
4.0,0.22757398462905212,2.220446049250313e-16,2.220446049250313e-16,2.220446049250313e-16,1.025387207901317,2.220446049250313e-16,2.220446049250313e-16,0.01359391563413741,0.07487969921531659,2.220446049250313e-16
5.0,2.220446049250313e-16,2.220446049250313e-16,0.4762557272934198,0.586082929806469,0.03720512517887335,2.220446049250313e-16,0.5985551635613017,2.220446049250313e-16,2.220446049250313e-16,0.5758911429050874
6.0,1.1108414615342073,0.2917658734399099,2.220446049250313e-16,2.220446049250313e-16,0.09095893689009414,0.3831683225332555,2.220446049250313e-16,0.03177271652493629,2.220446049250313e-16,0.11132811331879783
7.0,0.17276978114534394,2.220446049250313e-16,2.220446049250313e-16,0.624051910317343,2.220446049250313e-16,2.220446049250313e-16,0.8529711001539098,2.220446049250313e-16,0.1187670096903228,0.0610240070706322
8.0,1.1698540985652617,0.018785240519261392,2.220446049250313e-16,0.3944461550391635,0.08349476111876199,2.220446049250313e-16,0.023814566049667862,0.026201319008095886,0.08336293016398359,0.062114950257973776
9.0,2.220446049250313e-16,2.220446049250313e-16,2.220446049250313e-16,0.5602202018810547,2.220446049250313e-16,6.661338147750939e-16,0.5794476387290549,2.220446049250313e-16,2.220446049250313e-16,0.7996535129613651
10.0,0.05525732412273627,2.220446049250313e-16,0.28152332222562615,1.1102230246251565e-16,1.104794076697694,2.220446049250313e-16,2.220446049250313e-16,0.022031168289403512,0.00010354577673813614,2.220446049250313e-16
11.0,0.14403731407924095,2.220446049250313e-16,2.220446049250313e-16,0.5695333786462368,2.220446049250313e-16,2.220446049250313e-16,0.3968949446788853,2.220446049250313e-16,2.220446049250313e-16,0.8750342997612132
12.0,0.05525732412273627,2.220446049250313e-16,0.28152332222562615,1.1102230246251565e-16,1.104794076697694,2.220446049250313e-16,2.220446049250313e-16,0.022031168289403512,0.00010354577673813614,2.220446049250313e-16
13.0,2.220446049250313e-16,2.220446049250313e-16,2.220446049250313e-16,0.5602202018810547,2.220446049250313e-16,6.661338147750939e-16,0.5794476387290549,2.220446049250313e-16,2.220446049250313e-16,0.7996535129613651
14.0,1.1698540985652617,0.018785240519261504,2.220446049250313e-16,0.3944461550391634,0.08349476111876201,2.220446049250313e-16,0.02381456604966779,0.02620131900809588,0.08336293016398363,0.062114950257973825
15.0,0.11095900062364782,2.220446049250313e-16,0.4796332375338663,0.608701851591501,0.018688470926654932,2.220446049250313e-16,0.6977517041009472,2.220446049250313e-16,0.044300163076725976,0.31228478245637825
16.0,1.1983364091642617,0.018146141821501705,2.220446049250313e-16,2.220446049250313e-16,0.07921833567358154,0.3762772246110644,0.04289656510936128,0.023603895539795583,0.08036141289206854,0.0916673770347148
17.0,0.17276978114534394,2.220446049250313e-16,2.220446049250313e-16,0.624051910317343,2.220446049250313e-16,2.220446049250313e-16,0.8529711001539098,2.220446049250313e-16,0.1187670096903228,0.0610240070706322
18.0,1.1108414615342073,0.2917658734399099,2.220446049250313e-16,2.220446049250313e-16,0.09095893689009414,0.3831683225332555,2.220446049250313e-16,0.03177271652493629,2.220446049250313e-16,0.11132811331879783
19.0,0.17276978114534394,2.220446049250313e-16,2.220446049250313e-16,0.624051910317343,2.220446049250313e-16,2.220446049250313e-16,0.8529711001539098,2.220446049250313e-16,0.1187670096903228,0.0610240070706322
20.0,0.2017335795192229,0.3763652524102026,3.3306690738754696e-16,0.03610173092448193,2.220446049250313e-16,0.4547696161678305,0.8767428302879883,2.220446049250313e-16,2.220446049250313e-16,2.220446049250313e-16
21.0,0.06465353033651958,0.8162874011408395,8.881784197001252e-16,0.04213360414466395,2.220446049250313e-16,2.220446049250313e-16,0.786907633944951,2.220446049250313e-16,2.220446049250313e-16,0.0024756271348942848
22.0,0.5455273438391373,0.7953708134066514,2.220446049250313e-16,0.10060773743279057,0.1709605266797067,2.220446049250313e-16,0.21993602158091852,2.220446049250313e-16,2.220446049250313e-16,2.220446049250313e-16
23.0,2.220446049250313e-16,0.6056230010197172,2.220446049250313e-16,2.220446049250313e-16,0.10555844627030408,2.220446049250313e-16,2.220446049250313e-16,2.220446049250313e-16,0.7181882080622105,2.220446049250313e-16
24.0,2.220446049250313e-16,0.6056230010197172,2.220446049250313e-16,2.220446049250313e-16,0.10555844627030408,2.220446049250313e-16,2.220446049250313e-16,2.220446049250313e-16,0.7181882080622105,2.220446049250313e-16
25.0,0.1556347608011118,2.220446049250313e-16,0.4547624673008456,2.220446049250313e-16,0.1550384508249336,2.220446049250313e-16,0.776695411718998,0.12966664647604578,0.13373549621547787,2.220446049250313e-16
26.0,0.31251419560079674,0.7767186013412279,2.220446049250313e-16,2.220446049250313e-16,0.03166096870201197,2.220446049250313e-16,2.220446049250313e-16,0.9203824188700886,0.016537598133582875,0.16667775941246404
27.0,0.08003347161729854,0.03649588427840256,2.220446049250313e-16,2.220446049250313e-16,2.220446049250313e-16,2.220446049250313e-16,0.03105209436734599,2.220446049250313e-16,1.010852018746015,2.220446049250313e-16
28.0,0.08003347161729854,0.03649588427840256,2.220446049250313e-16,2.220446049250313e-16,2.220446049250313e-16,2.220446049250313e-16,0.03105209436734599,2.220446049250313e-16,1.010852018746015,2.220446049250313e-16
29.0,0.08003347161729854,0.03649588427840256,2.220446049250313e-16,2.220446049250313e-16,2.220446049250313e-16,2.220446049250313e-16,0.03105209436734599,2.220446049250313e-16,1.010852018746015,2.220446049250313e-16
30.0,0.14101560985370956,2.220446049250313e-16,2.220446049250313e-16,0.08953947416729158,0.6708341473023793,2.220446049250313e-16,2.220446049250313e-16,0.07144897651850737,2.220446049250313e-16,0.775360532702191
31.0,0.05525732412273627,2.220446049250313e-16,0.28152332222562615,1.1102230246251565e-16,1.104794076697694,2.220446049250313e-16,2.220446049250313e-16,0.022031168289403512,0.00010354577673813614,2.220446049250313e-16
32.0,0.05525732412273627,2.220446049250313e-16,0.28152332222562615,1.1102230246251565e-16,1.104794076697694,2.220446049250313e-16,2.220446049250313e-16,0.022031168289403512,0.00010354577673813614,2.220446049250313e-16
33.0,0.14403731407924095,2.220446049250313e-16,2.220446049250313e-16,0.5695333786462368,2.220446049250313e-16,2.220446049250313e-16,0.3968949446788853,2.220446049250313e-16,2.220446049250313e-16,0.8750342997612132
34.0,0.14403731407924095,2.220446049250313e-16,2.220446049250313e-16,0.5695333786462368,2.220446049250313e-16,2.220446049250313e-16,0.3968949446788853,2.220446049250313e-16,2.220446049250313e-16,0.8750342997612132
35.0,0.1929405063447872,2.220446049250313e-16,2.220446049250313e-16,0.03804813858535555,0.08381244673503328,0.45546215819366537,0.8815913402208044,2.220446049250313e-16,0.13276432720708084,2.220446049250313e-16
36.0,0.06465353033651958,0.8162874011408395,8.881784197001252e-16,0.04213360414466395,2.220446049250313e-16,2.220446049250313e-16,0.786907633944951,2.220446049250313e-16,2.220446049250313e-16,0.0024756271348942848
37.0,0.5455273438391373,0.7953708134066514,2.220446049250313e-16,0.10060773743279057,0.1709605266797067,2.220446049250313e-16,0.21993602158091852,2.220446049250313e-16,2.220446049250313e-16,2.220446049250313e-16
38.0,2.220446049250313e-16,0.6056230010197172,2.220446049250313e-16,2.220446049250313e-16,0.10555844627030408,2.220446049250313e-16,2.220446049250313e-16,2.220446049250313e-16,0.7181882080622105,2.220446049250313e-16
39.0,2.220446049250313e-16,0.6056230010197172,2.220446049250313e-16,2.220446049250313e-16,0.10555844627030408,2.220446049250313e-16,2.220446049250313e-16,2.220446049250313e-16,0.7181882080622105,2.220446049250313e-16
40.0,0.1556347608011118,2.220446049250313e-16,0.4547624673008456,2.220446049250313e-16,0.1550384508249336,2.220446049250313e-16,0.776695411718998,0.12966664647604578,0.13373549621547787,2.220446049250313e-16
41.0,0.31251419560079674,0.7767186013412279,2.220446049250313e-16,2.220446049250313e-16,0.03166096870201197,2.220446049250313e-16,2.220446049250313e-16,0.9203824188700886,0.016537598133582875,0.16667775941246404
42.0,0.08003347161729854,0.03649588427840256,2.220446049250313e-16,2.220446049250313e-16,2.220446049250313e-16,2.220446049250313e-16,0.03105209436734599,2.220446049250313e-16,1.010852018746015,2.220446049250313e-16
43.0,0.08003347161729854,0.03649588427840256,2.220446049250313e-16,2.220446049250313e-16,2.220446049250313e-16,2.220446049250313e-16,0.03105209436734599,2.220446049250313e-16,1.010852018746015,2.220446049250313e-16
44.0,0.08003347161729854,0.03649588427840256,2.220446049250313e-16,2.220446049250313e-16,2.220446049250313e-16,2.220446049250313e-16,0.03105209436734599,2.220446049250313e-16,1.010852018746015,2.220446049250313e-16
45.0,0.14101560985370956,2.220446049250313e-16,2.220446049250313e-16,0.08953947416729158,0.6708341473023793,2.220446049250313e-16,2.220446049250313e-16,0.07144897651850737,2.220446049250313e-16,0.775360532702191
46.0,0.05525732412273627,2.220446049250313e-16,0.28152332222562615,1.1102230246251565e-16,1.104794076697694,2.220446049250313e-16,2.220446049250313e-16,0.022031168289403512,0.00010354577673813614,2.220446049250313e-16
47.0,0.05525732412273627,2.220446049250313e-16,0.28152332222562615,1.1102230246251565e-16,1.104794076697694,2.220446049250313e-16,2.220446049250313e-16,0.022031168289403512,0.00010354577673813614,2.220446049250313e-16
48.0,0.14403731407924095,2.220446049250313e-16,2.220446049250313e-16,0.5695333786462368,2.220446049250313e-16,2.220446049250313e-16,0.3968949446788853,2.220446049250313e-16,2.220446049250313e-16,0.8750342997612132
49.0,0.14403731407924095,2.220446049250313e-16,2.220446049250313e-16,0.5695333786462368,2.220446049250313e-16,2.220446049250313e-16,0.3968949446788853,2.220446049250313e-16,2.220446049250313e-16,0.8750342997612132
50.0,0.14101560985370956,2.220446049250313e-16,2.220446049250313e-16,0.08953947416729158,0.6708341473023793,2.220446049250313e-16,2.220446049250313e-16,0.07144897651850737,2.220446049250313e-16,0.775360532702191
51.0,0.05525732412273627,2.220446049250313e-16,0.28152332222562615,1.1102230246251565e-16,1.104794076697694,2.220446049250313e-16,2.220446049250313e-16,0.022031168289403512,0.00010354577673813614,2.220446049250313e-16
52.0,0.05525732412273627,2.220446049250313e-16,0.28152332222562615,1.1102230246251565e-16,1.104794076697694,2.220446049250313e-16,2.220446049250313e-16,0.022031168289403512,0.00010354577673813614,2.220446049250313e-16
53.0,0.14403731407924095,2.220446049250313e-16,2.220446049250313e-16,0.5695333786462368,2.220446049250313e-16,2.220446049250313e-16,0.3968949446788853,2.220446049250313e-16,2.220446049250313e-16,0.8750342997612132
54.0,0.14403731407924095,2.220446049250313e-16,2.220446049250313e-16,0.5695333786462368,2.220446049250313e-16,2.220446049250313e-16,0.3968949446788853,2.220446049250313e-16,2.220446049250313e-16,0.8750342997612132
55.0,0.1556347608011118,2.220446049250313e-16,0.4547624673008456,2.220446049250313e-16,0.1550384508249336,2.220446049250313e-16,0.776695411718998,0.12966664647604578,0.13373549621547787,2.220446049250313e-16
56.0,0.31251419560079674,0.7767186013412279,2.220446049250313e-16,2.220446049250313e-16,0.03166096870201197,2.220446049250313e-16,2.220446049250313e-16,0.9203824188700886,0.016537598133582875,0.16667775941246404
57.0,0.08003347161729854,0.03649588427840256,2.220446049250313e-16,2.220446049250313e-16,2.220446049250313e-16,2.220446049250313e-16,0.03105209436734599,2.220446049250313e-16,1.010852018746015,2.220446049250313e-16
58.0,0.08003347161729854,0.03649588427840256,2.220446049250313e-16,2.220446049250313e-16,2.220446049250313e-16,2.220446049250313e-16,0.03105209436734599,2.220446049250313e-16,1.010852018746015,2.220446049250313e-16
59.0,0.08003347161729854,0.03649588427840256,2.220446049250313e-16,2.220446049250313e-16,2.220446049250313e-16,2.220446049250313e-16,0.03105209436734599,2.220446049250313e-16,1.010852018746015,2.220446049250313e-16
60.0,0.32599535966975735,2.220446049250313e-16,2.220446049250313e-16,2.220446049250313e-16,0.08495152998659983,2.220446049250313e-16,0.7727965035434616,0.12018082458731233,0.20873972227369064,2.220446049250313e-16
61.0,0.31251419560079674,0.7767186013412279,2.220446049250313e-16,2.220446049250313e-16,0.03166096870201197,2.220446049250313e-16,2.220446049250313e-16,0.9203824188700886,0.016537598133582875,0.16667775941246404
62.0,0.08003347161729854,0.03649588427840256,2.220446049250313e-16,2.220446049250313e-16,2.220446049250313e-16,2.220446049250313e-16,0.03105209436734599,2.220446049250313e-16,1.010852018746015,2.220446049250313e-16
63.0,0.08003347161729854,0.03649588427840256,2.220446049250313e-16,2.220446049250313e-16,2.220446049250313e-16,2.220446049250313e-16,0.03105209436734599,2.220446049250313e-16,1.010852018746015,2.220446049250313e-16
64.0,0.08003347161729854,0.03649588427840256,2.220446049250313e-16,2.220446049250313e-16,2.220446049250313e-16,2.220446049250313e-16,0.03105209436734599,2.220446049250313e-16,1.010852018746015,2.220446049250313e-16
65.0,0.2017335795192229,0.3763652524102026,3.3306690738754696e-16,0.03610173092448193,2.220446049250313e-16,0.4547696161678305,0.8767428302879883,2.220446049250313e-16,2.220446049250313e-16,2.220446049250313e-16
66.0,0.06465353033651958,0.8162874011408395,8.881784197001252e-16,0.04213360414466395,2.220446049250313e-16,2.220446049250313e-16,0.786907633944951,2.220446049250313e-16,2.220446049250313e-16,0.0024756271348942848
67.0,0.5455273438391373,0.7953708134066514,2.220446049250313e-16,0.10060773743279057,0.1709605266797067,2.220446049250313e-16,0.21993602158091852,2.220446049250313e-16,2.220446049250313e-16,2.220446049250313e-16
68.0,2.220446049250313e-16,0.6056230010197172,2.220446049250313e-16,2.220446049250313e-16,0.10555844627030408,2.220446049250313e-16,2.220446049250313e-16,2.220446049250313e-16,0.7181882080622105,2.220446049250313e-16
69.0,2.220446049250313e-16,0.6056230010197172,2.220446049250313e-16,2.220446049250313e-16,0.10555844627030408,2.220446049250313e-16,2.220446049250313e-16,2.220446049250313e-16,0.7181882080622105,2.220446049250313e-16
