28 0.5888819327234203 0.2465356927530555 0.2596594678860741 0.3377689408052857 0.4474200177781498 0.4156666243379824 0.21192037172684047 0.1628071570609124 0.47173184816468766 0.24653569205285572 0.3143549746310848 0.41297973012337963 0.21192037130866664 0.16812879005302725 0.44742001777118723 0.16280715674635707 0.24653569140776413 -0.023890571434225284 -0.023890570928867264 0.22820092220959787
23 0.48667859169062117 0.32277291941388486 0.476193353069407 0.18793261679763945 0.44781929447051033 0.4179142792143771 0.23986241043704218 0.12242801978492124 0.30746307334521467 0.3227729185449194 0.197184298340542 0.27825238085334103 0.23986241022744126 0.2820207585995944 0.44781929431817713 0.12242801964268188 0.32277291784853834 0.04563571813741038 0.0456357186643416 0.4154417154058202
27 0.2594146732467728 0.43101416422080574 0.49965506623379613 0.16657119997986106 0.2965982280952247 0.31209700759192405 0.3365191093969287 0.2133945569465947 0.14376194987553056 0.4310141642249592 0.19255207781952544 0.24237406870190975 0.33651910864410217 0.32906191212997804 0.29659822814595554 0.21339455677325123 0.43101416334518144 0.23668758010822746 0.23668758057316644 0.4126226391335182
7 0.24653569236559175 0.43451205563085665 0.40909009501076204 0.2165922034057112 0.310595498981184 0.31225926482318866 0.39241847778296685 0.24784201878186518 0.1472321663177957 0.43451205512137764 0.191650459121133 0.28614911607527516 0.3924184772560918 0.2922606226445123 0.31059549872793163 0.24784201879429177 0.43451205425880735 0.20941428644810176 0.20941428704662082 0.35193290573096664
58 0.5536049556275399 0.2334590391282161 0.3546796277448978 0.19718671477093866 0.4454867552055289 0.4809288020487623 0.20236855379834695 0.13019425280391067 0.4758329985169049 0.23345903854551148 0.2610871718965804 0.29841804249494847 0.2023685535196134 0.3584082455428929 0.44548675521679443 0.1301942526410661 0.23345903801191867 -0.03415209806109987 -0.034152097647528294 0.31941397628951806
1 0.24653569236559175 0.43451205563085665 0.40909009501076204 0.2165922034057112 0.310595498981184 0.31225926482318866 0.39241847778296685 0.24784201878186518 0.1472321663177957 0.43451205512137764 0.191650459121133 0.28614911607527516 0.3924184772560918 0.2922606226445123 0.31059549872793163 0.24784201879429177 0.43451205425880735 0.20941428644810176 0.20941428704662082 0.35193290573096664
44 0.33375138185013264 0.19365207973062856 0.16043321364392205 0.5568712169163316 0.21786703291001622 0.2533233175003373 0.22760112985244565 0.4780112024388121 0.36575808364805884 0.19365207917962207 0.59601399085707 0.3758785675307952 0.22760112934931637 0.21528133722190376 0.21786703303182095 0.47801120246894496 0.19365207812891777 0.07403611102014619 0.07403611141824888 0.180235556672202
0 0.41297973012343364 0.28614911690530875 0.19982551745607857 0.47877613833937355 0.42744210141161454 0.36892076955969183 0.3169382446155822 0.20161388803014726 0.39797106672690125 0.2861491159150611 0.28512589091137996 0.48192510158069196 0.31693824430618994 0.1527499084865842 0.4274421016852855 0.20161388805645966 0.28614911533501686 0.03328844328749291 0.033288443782014246 0.18291141544410527
57 0.2596594678861471 0.40909009550518644 0.5655402363811586 0.13552437411480442 0.27900361522186923 0.3019125839790474 0.2871512227076085 0.19194707116292145 0.14642485982322612 0.4090900946671301 0.21444978472449877 0.1998255174561064 0.2871512223511822 0.36500759938540417 0.2790036147849794 0.19194707118374738 0.40909009433066945 0.268773677235614 0.26877367757742315 0.4709624890823364
52 -0.023890571299601964 0.20941428667759115 0.268773677282226 0.052171788826275885 0.035653672285697116 0.036323731541352836 0.20682289091332956 0.2739978577387832 -0.028893405202344735 0.20941428660668115 0.10648256181558602 0.033288443313867114 0.20682289056476294 0.3200151073695607 0.03565367251499392 0.2739978578187493 0.20941428614557958 0.8176892514328079 0.8176892512581365 0.31689051313783684
61 0.16280715697194462 0.24784201931381353 0.19194707122071644 0.2612342346567512 0.1664876121312273 0.18729002365363132 0.30434041430366837 0.6790240007233961 0.1205996110130357 0.2478420188688888 0.3865656622951574 0.20161388817570997 0.30434041348377716 0.28079602085765526 0.16648761161723796 0.6790240008848036 0.247842018006832 0.2739978577557147 0.2739978579184238 0.22934944399194046
10 0.44742001791913744 0.31059549958686 0.2790036150144123 0.35805326329566534 0.44961657124423193 0.3960153191741537 0.30884762073133903 0.16648761192315736 0.37190895230563376 0.31059549879624654 0.26177544475173786 0.4274421015287919 0.3088476203936747 0.19449615855951932 0.44961657110297476 0.16648761172658344 0.3105954980099938 0.03565367213326012 0.03565367267417166 0.2590226672033588
35 0.22820092220957955 0.35193290609123906 0.4709624890822752 0.15011294435051425 0.2590226670519531 0.26743604518315406 0.3150736597530823 0.22934944396611412 0.17992780565676908 0.3519329054431566 0.3477026770561018 0.18291141544408873 0.31507365926566777 0.396931878792393 0.25902266727044854 0.22934944398129442 0.35193290504046004 0.31689051299133597 0.3168905134110487 0.5267256623952576
31 0.16280715697194462 0.24784201931381353 0.19194707122071644 0.2612342346567512 0.1664876121312273 0.18729002365363132 0.30434041430366837 0.6790240007233961 0.1205996110130357 0.2478420188688888 0.3865656622951574 0.20161388817570997 0.30434041348377716 0.28079602085765526 0.16648761161723796 0.6790240008848036 0.247842018006832 0.2739978577557147 0.2739978579184238 0.22934944399194046
50 -0.023890571299601964 0.20941428667759115 0.268773677282226 0.052171788826275885 0.035653672285697116 0.036323731541352836 0.20682289091332956 0.2739978577387832 -0.028893405202344735 0.20941428660668115 0.10648256181558602 0.033288443313867114 0.20682289056476294 0.3200151073695607 0.03565367251499392 0.2739978578187493 0.20941428614557958 0.8176892514328079 0.8176892512581365 0.31689051313783684
9 0.24653569236559175 0.43451205563085665 0.40909009501076204 0.2165922034057112 0.310595498981184 0.31225926482318866 0.39241847778296685 0.24784201878186518 0.1472321663177957 0.43451205512137764 0.191650459121133 0.28614911607527516 0.3924184772560918 0.2922606226445123 0.31059549872793163 0.24784201879429177 0.43451205425880735 0.20941428644810176 0.20941428704662082 0.35193290573096664
20 0.1681287900530176 0.29226062310945505 0.36500759938536514 0.14024693128102844 0.19449615876806775 0.3175750418020087 0.2693950995121652 0.28079602093480577 0.22157851811534104 0.29226062280835147 0.3050230205783298 0.15274990848657546 0.2693950991544762 0.7452446618971282 0.1944961585525117 0.2807960207464797 0.29226062191647 0.32001510735142635 0.32001510775976816 0.3969318787924044
26 -0.03721834894772683 0.2627682762998778 0.1129747469227981 0.09233768022820764 0.05399732352409177 -0.002204214439999464 0.4227909957664529 0.4426297996122896 0.01867424303887242 0.2627682754874568 -0.042363234194502865 -0.08806358769148828 0.4227909953314483 0.24164531935834607 0.053997323680289845 0.44262979950033987 0.2627682752587414 0.6717020667881872 0.6717020669720327 0.19914216719461064
12 0.41297973012343364 0.28614911690530875 0.19982551745607857 0.47877613833937355 0.42744210141161454 0.36892076955969183 0.3169382446155822 0.20161388803014726 0.39797106672690125 0.2861491159150611 0.28512589091137996 0.48192510158069196 0.31693824430618994 0.1527499084865842 0.4274421016852855 0.20161388805645966 0.28614911533501686 0.03328844328749291 0.033288443782014246 0.18291141544410527
19 0.47173184816466984 0.14723216682737275 0.14642485982318745 0.4498698625287229 0.3719089522831461 0.3748095046555229 0.1654286387875931 0.12059961096484331 0.7542505125303266 0.14723216624066082 0.4210249116173706 0.39797106672688415 0.1654286385792184 0.22157851811534016 0.3719089523206041 0.12059961116527274 0.14723216562486485 -0.028893405420677212 -0.028893404905645268 0.1799278056567771
54 0.21192037158799057 0.3924184780792455 0.2871512224730827 0.2993887436727634 0.3088476203407702 0.2901602711213412 0.4533995642262308 0.3043404138691468 0.16542863873688937 0.39241847703677385 0.2538804880066512 0.3169382445297542 0.45339956397963516 0.2693950992970481 0.3088476202953264 0.30434041373621 0.39241847671089364 0.20682289073567323 0.20682289094070416 0.3150736595118761
3 0.24653569236559175 0.43451205563085665 0.40909009501076204 0.2165922034057112 0.310595498981184 0.31225926482318866 0.39241847778296685 0.24784201878186518 0.1472321663177957 0.43451205512137764 0.191650459121133 0.28614911607527516 0.3924184772560918 0.2922606226445123 0.31059549872793163 0.24784201879429177 0.43451205425880735 0.20941428644810176 0.20941428704662082 0.35193290573096664
47 0.16280715697194462 0.24784201931381353 0.19194707122071644 0.2612342346567512 0.1664876121312273 0.18729002365363132 0.30434041430366837 0.6790240007233961 0.1205996110130357 0.2478420188688888 0.3865656622951574 0.20161388817570997 0.30434041348377716 0.28079602085765526 0.16648761161723796 0.6790240008848036 0.247842018006832 0.2739978577557147 0.2739978579184238 0.22934944399194046
34 0.5518646061874861 0.16611149262851813 0.1469665594831175 0.5144293364391321 0.3979425300510573 0.31943274746234435 0.147149999381232 0.11688550202837979 0.6884421150690604 0.1661114913981968 0.355600700018444 0.442469580916577 0.14714999892817043 0.10636967374055145 0.3979425300434594 0.11688550205851556 0.1661114910386106 -0.024765922011801167 -0.02476592128806557 0.16326638668334806
60 0.31435497463105244 0.19165045959386315 0.214449784724458 0.3898619824522056 0.26177544459963226 0.24572455362080023 0.2538804882191458 0.3865656622613647 0.4210249116173619 0.19165045938865427 0.6874796086500206 0.2851258909113638 0.2538804878185294 0.3050230205783306 0.2617754448238799 0.3865656621140376 0.19165045830547842 0.10648256174071151 0.10648256210623668 0.3477026770560928
14 0.44742001791913744 0.31059549958686 0.2790036150144123 0.35805326329566534 0.44961657124423193 0.3960153191741537 0.30884762073133903 0.16648761192315736 0.37190895230563376 0.31059549879624654 0.26177544475173786 0.4274421015287919 0.3088476203936747 0.19449615855951932 0.44961657110297476 0.16648761172658344 0.3105954980099938 0.03565367213326012 0.03565367267417166 0.2590226672033588
15 0.41566662433795143 0.31225926543202986 0.30191258397898996 0.2980041282898532 0.39601531898862125 0.5390442261070736 0.29016027132111744 0.1872900235624714 0.3748095046555213 0.3122592646207889 0.24572455362080667 0.36892076955969033 0.29016027097457303 0.3175750418020051 0.39601531923032696 0.18729002356628022 0.31225926400678367 0.036323731463087844 0.03632373188856713 0.2674360451831636
56 -0.03721834894772683 0.2627682762998778 0.1129747469227981 0.09233768022820764 0.05399732352409177 -0.002204214439999464 0.4227909957664529 0.4426297996122896 0.01867424303887242 0.2627682754874568 -0.042363234194502865 -0.08806358769148828 0.4227909953314483 0.24164531935834607 0.053997323680289845 0.44262979950033987 0.2627682752587414 0.6717020667881872 0.6717020669720327 0.19914216719461064
36 -0.023890571299601964 0.20941428667759115 0.268773677282226 0.052171788826275885 0.035653672285697116 0.036323731541352836 0.20682289091332956 0.2739978577387832 -0.028893405202344735 0.20941428660668115 0.10648256181558602 0.033288443313867114 0.20682289056476294 0.3200151073695607 0.03565367251499392 0.2739978578187493 0.20941428614557958 0.8176892514328079 0.8176892512581365 0.31689051313783684
21 -0.023890571299601964 0.20941428667759115 0.268773677282226 0.052171788826275885 0.035653672285697116 0.036323731541352836 0.20682289091332956 0.2739978577387832 -0.028893405202344735 0.20941428660668115 0.10648256181558602 0.033288443313867114 0.20682289056476294 0.3200151073695607 0.03565367251499392 0.2739978578187493 0.20941428614557958 0.8176892514328079 0.8176892512581365 0.31689051313783684
41 -0.03721834894772683 0.2627682762998778 0.1129747469227981 0.09233768022820764 0.05399732352409177 -0.002204214439999464 0.4227909957664529 0.4426297996122896 0.01867424303887242 0.2627682754874568 -0.042363234194502865 -0.08806358769148828 0.4227909953314483 0.24164531935834607 0.053997323680289845 0.44262979950033987 0.2627682752587414 0.6717020667881872 0.6717020669720327 0.19914216719461064
42 0.21192037158799057 0.3924184780792455 0.2871512224730827 0.2993887436727634 0.3088476203407702 0.2901602711213412 0.4533995642262308 0.3043404138691468 0.16542863873688937 0.39241847703677385 0.2538804880066512 0.3169382445297542 0.45339956397963516 0.2693950992970481 0.3088476202953264 0.30434041373621 0.39241847671089364 0.20682289073567323 0.20682289094070416 0.3150736595118761
30 0.31435497463105244 0.19165045959386315 0.214449784724458 0.3898619824522056 0.26177544459963226 0.24572455362080023 0.2538804882191458 0.3865656622613647 0.4210249116173619 0.19165045938865427 0.6874796086500206 0.2851258909113638 0.2538804878185294 0.3050230205783306 0.2617754448238799 0.3865656621140376 0.19165045830547842 0.10648256174071151 0.10648256210623668 0.3477026770560928
59 0.31435497463105244 0.19165045959386315 0.214449784724458 0.3898619824522056 0.26177544459963226 0.24572455362080023 0.2538804882191458 0.3865656622613647 0.4210249116173619 0.19165045938865427 0.6874796086500206 0.2851258909113638 0.2538804878185294 0.3050230205783306 0.2617754448238799 0.3865656621140376 0.19165045830547842 0.10648256174071151 0.10648256210623668 0.3477026770560928
13 0.24653569236559175 0.43451205563085665 0.40909009501076204 0.2165922034057112 0.310595498981184 0.31225926482318866 0.39241847778296685 0.24784201878186518 0.1472321663177957 0.43451205512137764 0.191650459121133 0.28614911607527516 0.3924184772560918 0.2922606226445123 0.31059549872793163 0.24784201879429177 0.43451205425880735 0.20941428644810176 0.20941428704662082 0.35193290573096664
17 0.24653569236559175 0.43451205563085665 0.40909009501076204 0.2165922034057112 0.310595498981184 0.31225926482318866 0.39241847778296685 0.24784201878186518 0.1472321663177957 0.43451205512137764 0.191650459121133 0.28614911607527516 0.3924184772560918 0.2922606226445123 0.31059549872793163 0.24784201879429177 0.43451205425880735 0.20941428644810176 0.20941428704662082 0.35193290573096664
39 0.21192037158799057 0.3924184780792455 0.2871512224730827 0.2993887436727634 0.3088476203407702 0.2901602711213412 0.4533995642262308 0.3043404138691468 0.16542863873688937 0.39241847703677385 0.2538804880066512 0.3169382445297542 0.45339956397963516 0.2693950992970481 0.3088476202953264 0.30434041373621 0.39241847671089364 0.20682289073567323 0.20682289094070416 0.3150736595118761
18 0.2596594678861471 0.40909009550518644 0.5655402363811586 0.13552437411480442 0.27900361522186923 0.3019125839790474 0.2871512227076085 0.19194707116292145 0.14642485982322612 0.4090900946671301 0.21444978472449877 0.1998255174561064 0.2871512223511822 0.36500759938540417 0.2790036147849794 0.19194707118374738 0.40909009433066945 0.268773677235614 0.26877367757742315 0.4709624890823364
32 0.16280715697194462 0.24784201931381353 0.19194707122071644 0.2612342346567512 0.1664876121312273 0.18729002365363132 0.30434041430366837 0.6790240007233961 0.1205996110130357 0.2478420188688888 0.3865656622951574 0.20161388817570997 0.30434041348377716 0.28079602085765526 0.16648761161723796 0.6790240008848036 0.247842018006832 0.2739978577557147 0.2739978579184238 0.22934944399194046
22 -0.023890571299601964 0.20941428667759115 0.268773677282226 0.052171788826275885 0.035653672285697116 0.036323731541352836 0.20682289091332956 0.2739978577387832 -0.028893405202344735 0.20941428660668115 0.10648256181558602 0.033288443313867114 0.20682289056476294 0.3200151073695607 0.03565367251499392 0.2739978578187493 0.20941428614557958 0.8176892514328079 0.8176892512581365 0.31689051313783684
11 0.24653569236559175 0.43451205563085665 0.40909009501076204 0.2165922034057112 0.310595498981184 0.31225926482318866 0.39241847778296685 0.24784201878186518 0.1472321663177957 0.43451205512137764 0.191650459121133 0.28614911607527516 0.3924184772560918 0.2922606226445123 0.31059549872793163 0.24784201879429177 0.43451205425880735 0.20941428644810176 0.20941428704662082 0.35193290573096664
43 0.4717613872870771 0.3109253042486973 0.29220941495132124 0.30688301392157946 0.37821435571319023 0.3889982882655832 0.28771795714653914 0.2857028915423894 0.3271722253129702 0.31092530321191514 0.39632014480357475 0.37285263471774105 0.28771795647486653 0.2361681633231705 0.37821435557939287 0.2857028913323256 0.31092530225511317 0.046639089417672815 0.046639089911022724 0.27853869334554276
48 0.2596594678861471 0.40909009550518644 0.5655402363811586 0.13552437411480442 0.27900361522186923 0.3019125839790474 0.2871512227076085 0.19194707116292145 0.14642485982322612 0.4090900946671301 0.21444978472449877 0.1998255174561064 0.2871512223511822 0.36500759938540417 0.2790036147849794 0.19194707118374738 0.40909009433066945 0.268773677235614 0.26877367757742315 0.4709624890823364
29 0.31435497463105244 0.19165045959386315 0.214449784724458 0.3898619824522056 0.26177544459963226 0.24572455362080023 0.2538804882191458 0.3865656622613647 0.4210249116173619 0.19165045938865427 0.6874796086500206 0.2851258909113638 0.2538804878185294 0.3050230205783306 0.2617754448238799 0.3865656621140376 0.19165045830547842 0.10648256174071151 0.10648256210623668 0.3477026770560928
5 0.24653569236559175 0.43451205563085665 0.40909009501076204 0.2165922034057112 0.310595498981184 0.31225926482318866 0.39241847778296685 0.24784201878186518 0.1472321663177957 0.43451205512137764 0.191650459121133 0.28614911607527516 0.3924184772560918 0.2922606226445123 0.31059549872793163 0.24784201879429177 0.43451205425880735 0.20941428644810176 0.20941428704662082 0.35193290573096664
46 0.16280715697194462 0.24784201931381353 0.19194707122071644 0.2612342346567512 0.1664876121312273 0.18729002365363132 0.30434041430366837 0.6790240007233961 0.1205996110130357 0.2478420188688888 0.3865656622951574 0.20161388817570997 0.30434041348377716 0.28079602085765526 0.16648761161723796 0.6790240008848036 0.247842018006832 0.2739978577557147 0.2739978579184238 0.22934944399194046
37 -0.023890571299601964 0.20941428667759115 0.268773677282226 0.052171788826275885 0.035653672285697116 0.036323731541352836 0.20682289091332956 0.2739978577387832 -0.028893405202344735 0.20941428660668115 0.10648256181558602 0.033288443313867114 0.20682289056476294 0.3200151073695607 0.03565367251499392 0.2739978578187493 0.20941428614557958 0.8176892514328079 0.8176892512581365 0.31689051313783684
40 0.33776894080524666 0.21659220381624839 0.13552437411477605 0.6592384782678617 0.35805326333867593 0.2980041282898394 0.29938874383489816 0.2612342346807028 0.44986986252871813 0.21659220345738703 0.3898619824522093 0.4787761383393447 0.2993887433657831 0.14024693128101828 0.3580532634776046 0.2612342344994029 0.21659220265022766 0.05217178873457147 0.05217178905238798 0.15011294435052075
8 0.41297973012343364 0.28614911690530875 0.19982551745607857 0.47877613833937355 0.42744210141161454 0.36892076955969183 0.3169382446155822 0.20161388803014726 0.39797106672690125 0.2861491159150611 0.28512589091137996 0.48192510158069196 0.31693824430618994 0.1527499084865842 0.4274421016852855 0.20161388805645966 0.28614911533501686 0.03328844328749291 0.033288443782014246 0.18291141544410527
16 0.4026104505911113 0.2938721447646711 0.3267809788078349 0.23562249187751377 0.39049109794088377 0.49039247072068565 0.2826940248587069 0.17004061380062468 0.40422721657396465 0.29387214451169824 0.26554310383116186 0.3281527076951065 0.28269402449368947 0.4608345203856487 0.39049109828460127 0.17004061369369897 0.29387214371566817 0.04423572929615094 0.044235729941357785 0.30294438793248285
38 0.21192037158799057 0.3924184780792455 0.2871512224730827 0.2993887436727634 0.3088476203407702 0.2901602711213412 0.4533995642262308 0.3043404138691468 0.16542863873688937 0.39241847703677385 0.2538804880066512 0.3169382445297542 0.45339956397963516 0.2693950992970481 0.3088476202953264 0.30434041373621 0.39241847671089364 0.20682289073567323 0.20682289094070416 0.3150736595118761
49 0.4791027916410261 0.13705832168015686 0.1006930567672486 0.7495906161438843 0.2471406083294806 0.22833771164134062 0.06380417130426717 0.19701547260427307 0.7097309625741892 0.13705831974371277 0.3858165547972565 0.4520897651761664 0.06380417067626339 0.07885621538297401 0.24714060812265776 0.1970154725565125 0.13705831889128547 -0.01397981236697408 -0.013979811400341522 0.10646369580860895
24 0.24653569236559175 0.43451205563085665 0.40909009501076204 0.2165922034057112 0.310595498981184 0.31225926482318866 0.39241847778296685 0.24784201878186518 0.1472321663177957 0.43451205512137764 0.191650459121133 0.28614911607527516 0.3924184772560918 0.2922606226445123 0.31059549872793163 0.24784201879429177 0.43451205425880735 0.20941428644810176 0.20941428704662082 0.35193290573096664
51 -0.023890571299601964 0.20941428667759115 0.268773677282226 0.052171788826275885 0.035653672285697116 0.036323731541352836 0.20682289091332956 0.2739978577387832 -0.028893405202344735 0.20941428660668115 0.10648256181558602 0.033288443313867114 0.20682289056476294 0.3200151073695607 0.03565367251499392 0.2739978578187493 0.20941428614557958 0.8176892514328079 0.8176892512581365 0.31689051313783684
62 0.16280715697194462 0.24784201931381353 0.19194707122071644 0.2612342346567512 0.1664876121312273 0.18729002365363132 0.30434041430366837 0.6790240007233961 0.1205996110130357 0.2478420188688888 0.3865656622951574 0.20161388817570997 0.30434041348377716 0.28079602085765526 0.16648761161723796 0.6790240008848036 0.247842018006832 0.2739978577557147 0.2739978579184238 0.22934944399194046
55 0.33776894080524666 0.21659220381624839 0.13552437411477605 0.6592384782678617 0.35805326333867593 0.2980041282898394 0.29938874383489816 0.2612342346807028 0.44986986252871813 0.21659220345738703 0.3898619824522093 0.4787761383393447 0.2993887433657831 0.14024693128101828 0.3580532634776046 0.2612342344994029 0.21659220265022766 0.05217178873457147 0.05217178905238798 0.15011294435052075
53 0.21192037158799057 0.3924184780792455 0.2871512224730827 0.2993887436727634 0.3088476203407702 0.2901602711213412 0.4533995642262308 0.3043404138691468 0.16542863873688937 0.39241847703677385 0.2538804880066512 0.3169382445297542 0.45339956397963516 0.2693950992970481 0.3088476202953264 0.30434041373621 0.39241847671089364 0.20682289073567323 0.20682289094070416 0.3150736595118761
25 0.33776894080524666 0.21659220381624839 0.13552437411477605 0.6592384782678617 0.35805326333867593 0.2980041282898394 0.29938874383489816 0.2612342346807028 0.44986986252871813 0.21659220345738703 0.3898619824522093 0.4787761383393447 0.2993887433657831 0.14024693128101828 0.3580532634776046 0.2612342344994029 0.21659220265022766 0.05217178873457147 0.05217178905238798 0.15011294435052075
2 0.44742001791913744 0.31059549958686 0.2790036150144123 0.35805326329566534 0.44961657124423193 0.3960153191741537 0.30884762073133903 0.16648761192315736 0.37190895230563376 0.31059549879624654 0.26177544475173786 0.4274421015287919 0.3088476203936747 0.19449615855951932 0.44961657110297476 0.16648761172658344 0.3105954980099938 0.03565367213326012 0.03565367267417166 0.2590226672033588
6 0.41297973012343364 0.28614911690530875 0.19982551745607857 0.47877613833937355 0.42744210141161454 0.36892076955969183 0.3169382446155822 0.20161388803014726 0.39797106672690125 0.2861491159150611 0.28512589091137996 0.48192510158069196 0.31693824430618994 0.1527499084865842 0.4274421016852855 0.20161388805645966 0.28614911533501686 0.03328844328749291 0.033288443782014246 0.18291141544410527
45 0.3337513818501314 0.19365207967348397 0.1604332136439126 0.5568712169163419 0.21786703303223476 0.2533233175003371 0.22760112979449332 0.4780112025919152 0.3657580836480585 0.19365207909140736 0.5960139908570685 0.3758785675307905 0.22760112944524735 0.21528133722190446 0.21786703294492327 0.4780112024582195 0.1936520779854618 0.07403611089102924 0.07403611141489819 0.18023555667220847
33 0.2596594678861471 0.40909009550518644 0.5655402363811586 0.13552437411480442 0.27900361522186923 0.3019125839790474 0.2871512227076085 0.19194707116292145 0.14642485982322612 0.4090900946671301 0.21444978472449877 0.1998255174561064 0.2871512223511822 0.36500759938540417 0.2790036147849794 0.19194707118374738 0.40909009433066945 0.268773677235614 0.26877367757742315 0.4709624890823364
4 0.4608304855842205 0.31323927489767295 0.35605471011987816 0.2756253613686183 0.44933769619026903 0.40157002772010925 0.2907065090085068 0.14553320741704637 0.3596163839729282 0.31323927419147113 0.27552609645314485 0.3542630863846328 0.29070650868532855 0.2442230126112266 0.449337696296728 0.1455332075501855 0.31323927336186397 0.04680435184237796 0.04680435244873632 0.3454269243231754
