53 0.7820756366668945 0.2750453580576937 0.2473978222780359 0.29345976947600766 0.2750453580243746 0.36688908602511167 0.3668890862714126 0.24739782186667736 0.309421500334525 0.18414914267717478 0.36688908595569925 0.27504535810594716 0.24739782169128038 0.2934597693560016 0.20586176693623434 0.20586176718722465 0.18414914305747024 0.09950381280163911 0.20586176620924973 0.2934597709668955
2 0.3096299983477945 0.29073139676306153 0.05150222467046272 0.3166806476382998 0.2907313967744946 0.07396703056687783 0.07396703089247889 0.051502224160344764 0.35939046584258977 0.43073238792175345 0.07396703050845269 0.29073139655953734 0.05150222392014607 0.3166806473830455 0.46757261460328386 0.4675726148278119 0.4307323878531178 0.41137524516347496 0.4675726138088697 0.31668064924488165
44 0.1281443178848297 0.2027196556780286 0.45799847901951407 0.24110357909389063 0.20271965575972895 0.5842550964175487 0.5842550965454122 0.4579984785081197 0.09642204544583949 0.057634648025055836 0.5842550963926242 0.20271965572546993 0.4579984780333114 0.24110357877270092 0.0739670307091235 0.07396703094561442 0.05763464834650938 0.014017723304437213 0.0739670301193309 0.24110357976084099
48 0.11842258979411353 0.21556864442998933 0.5989633736365563 0.19754354267243035 0.21556864445185664 0.4579984783016917 0.45799847857270726 0.5989633730895745 0.07207287783036093 0.07021445304031775 0.4579984784679546 0.2155686446088714 0.598963372697685 0.19754354224996096 0.0515022243107448 0.05150222445693559 0.07021445331537415 0.030413041513039002 0.051502223723235575 0.19754354353320258
25 0.28875218123497604 0.3921878996770829 0.19754354318138212 0.4363256174547132 0.3921878995606676 0.24110357894096524 0.24110357934841886 0.19754354265751317 0.23495519882858507 0.31601212063105777 0.24110357905738056 0.39218789944425225 0.19754354245378636 0.4363256169599481 0.3166806481021922 0.31668064853874967 0.31601212068926543 0.1918167668313473 0.3166806472581811 0.43632561861886643
14 0.27134843827396155 0.3461516820704583 0.07021445368697068 0.3160121203168998 0.34615168207297486 0.05763464790886761 0.05763464839000668 0.07021445294798327 0.25316402094616375 0.49754941884336507 0.05763464787560203 0.3461516824143516 0.0702144525636241 0.31601212003816637 0.4307323878966016 0.4307323882094981 0.4975494186909873 0.35604294308974305 0.4307323869443661 0.3160121216538206
10 0.3096299983477945 0.29073139676306153 0.05150222467046272 0.3166806476382998 0.2907313967744946 0.07396703056687783 0.07396703089247889 0.051502224160344764 0.35939046584258977 0.43073238792175345 0.07396703050845269 0.29073139655953734 0.05150222392014607 0.3166806473830455 0.46757261460328386 0.4675726148278119 0.4307323878531178 0.41137524516347496 0.4675726138088697 0.31668064924488165
23 0.11842258979411353 0.21556864442998933 0.5989633736365563 0.19754354267243035 0.21556864445185664 0.4579984783016917 0.45799847857270726 0.5989633730895745 0.07207287783036093 0.07021445304031775 0.4579984784679546 0.2155686446088714 0.598963372697685 0.19754354224996096 0.0515022243107448 0.05150222445693559 0.07021445331537415 0.030413041513039002 0.051502223723235575 0.19754354353320258
27 0.4976564932864766 0.15503552039550372 0.07207287819996512 0.23495519830400266 0.15503552043813357 0.09642204539178603 0.0964220457219037 0.0720728777397458 0.7933846503638252 0.25316402097850355 0.09642204530184763 0.1550355204264894 0.07207287787587704 0.23495519816785582 0.35939046593705676 0.3593904662081658 0.25316402100066693 0.5709774441590766 0.3593904651130566 0.23495520007821669
31 0.28875218123497604 0.3921878996770829 0.19754354318138212 0.4363256174547132 0.3921878995606676 0.24110357894096524 0.24110357934841886 0.19754354265751317 0.23495519882858507 0.31601212063105777 0.24110357905738056 0.39218789944425225 0.19754354245378636 0.4363256169599481 0.3166806481021922 0.31668064853874967 0.31601212068926543 0.1918167668313473 0.3166806472581811 0.43632561861886643
69 0.7026379725156751 0.28644009392028613 0.35814248040031305 0.33718815594960816 0.286440093828986 0.2877210765556995 0.2877210769053942 0.3581424798683357 0.20732442521262132 0.286176414794786 0.28772107655563967 0.28644009407011084 0.35814247954366496 0.337188155727048 0.11637570929614949 0.11637570951912665 0.28617641515488934 0.16950759733941814 0.11637570845592338 0.33718815701159377
66 0.5726537634343115 0.21655254360475762 0.03975314646882983 0.22902120783490582 0.21655254341567487 0.01513199284451735 0.015131993170130866 0.03975314618459672 0.4061708780353526 0.4058860191937168 0.01513199278521648 0.21655254360334278 0.03975314597213995 0.2290212077261502 0.4065076216751958 0.40650762180370387 0.40588601949845 0.6138363459891127 0.4065076207703478 0.22902120929882472
4 0.3096299983477945 0.29073139676306153 0.05150222467046272 0.3166806476382998 0.2907313967744946 0.07396703056687783 0.07396703089247889 0.051502224160344764 0.35939046584258977 0.43073238792175345 0.07396703050845269 0.29073139655953734 0.05150222392014607 0.3166806473830455 0.46757261460328386 0.4675726148278119 0.4307323878531178 0.41137524516347496 0.4675726138088697 0.31668064924488165
37 0.4182494310621701 0.20642418382993305 0.06432834752904706 0.31215522600982576 0.20642418337173393 0.08601440787150959 0.08601440832895245 0.0643283470352612 0.54324383839634 0.3515742197986946 0.08601440794812609 0.20642418371292823 0.0643283469455702 0.31215522561969317 0.4335385566989402 0.4335385570074167 0.3515742197971358 0.513385261158569 0.4335385560598406 0.31215522766301834
15 0.2238703347734168 0.39874412821549615 0.07572921584075806 0.29209125184712936 0.39874412805129916 0.046949321134528925 0.04694932183226396 0.07572921493616847 0.19014430560963866 0.5377086049374358 0.04694932132099097 0.39874412814911275 0.0757292151450412 0.2920912515245408 0.40445584402498014 0.4044558443081822 0.5377086052782613 0.2959003603655738 0.40445584286313346 0.2920912532908562
3 0.21565374667221238 0.4778892536490144 0.2155686449843437 0.39218789913297314 0.477889253434323 0.20271965553500962 0.2027196558918746 0.21556864429995043 0.15503552026301662 0.3461516822759504 0.2027196556167782 0.4778892537638545 0.21556864424484035 0.39218789905462126 0.2907313968212658 0.2907313971694291 0.34615168232017224 0.16424822798530062 0.29073139574971457 0.39218790050077057
13 0.21565374667221238 0.4778892536490144 0.2155686449843437 0.39218789913297314 0.477889253434323 0.20271965553500962 0.2027196558918746 0.21556864429995043 0.15503552026301662 0.3461516822759504 0.2027196556167782 0.4778892537638545 0.21556864424484035 0.39218789905462126 0.2907313968212658 0.2907313971694291 0.34615168232017224 0.16424822798530062 0.29073139574971457 0.39218790050077057
34 0.21565374667221238 0.4778892536490144 0.2155686449843437 0.39218789913297314 0.477889253434323 0.20271965553500962 0.2027196558918746 0.21556864429995043 0.15503552026301662 0.3461516822759504 0.2027196556167782 0.4778892537638545 0.21556864424484035 0.39218789905462126 0.2907313968212658 0.2907313971694291 0.34615168232017224 0.16424822798530062 0.29073139574971457 0.39218790050077057
32 0.4182494310621701 0.20642418382993305 0.06432834752904706 0.31215522600982576 0.20642418337173393 0.08601440787150959 0.08601440832895245 0.0643283470352612 0.54324383839634 0.3515742197986946 0.08601440794812609 0.20642418371292823 0.0643283469455702 0.31215522561969317 0.4335385566989402 0.4335385570074167 0.3515742197971358 0.513385261158569 0.4335385560598406 0.31215522766301834
29 0.1281443178848297 0.2027196556780286 0.45799847901951407 0.24110357909389063 0.20271965575972895 0.5842550964175487 0.5842550965454122 0.4579984785081197 0.09642204544583949 0.057634648025055836 0.5842550963926242 0.20271965572546993 0.4579984780333114 0.24110357877270092 0.0739670307091235 0.07396703094561442 0.05763464834650938 0.014017723304437213 0.0739670301193309 0.24110357976084099
41 0.28875218123497604 0.3921878996770829 0.19754354318138212 0.4363256174547132 0.3921878995606676 0.24110357894096524 0.24110357934841886 0.19754354265751317 0.23495519882858507 0.31601212063105777 0.24110357905738056 0.39218789944425225 0.19754354245378636 0.4363256169599481 0.3166806481021922 0.31668064853874967 0.31601212068926543 0.1918167668313473 0.3166806472581811 0.43632561861886643
47 0.11842258979411353 0.21556864442998933 0.5989633736365563 0.19754354267243035 0.21556864445185664 0.4579984783016917 0.45799847857270726 0.5989633730895745 0.07207287783036093 0.07021445304031775 0.4579984784679546 0.2155686446088714 0.598963372697685 0.19754354224996096 0.0515022243107448 0.05150222445693559 0.07021445331537415 0.030413041513039002 0.051502223723235575 0.19754354353320258
51 0.7982174901035014 0.2156537469485404 0.11842259021880225 0.28875218066925645 0.2156537467273724 0.12814431778829127 0.1281443182134602 0.11842258968455259 0.49765649328648065 0.2713484381692108 0.12814431771319315 0.21565374687769642 0.11842258956170292 0.2887521804487733 0.30962999841168865 0.30962999860202545 0.2713484383756524 0.44646050871312193 0.30962999777690875 0.2887521825627578
46 0.5059526100631833 0.15599077980333748 0.033849709386003214 0.12332664443361986 0.1559907796089556 0.026638585095230094 0.026638585403012224 0.03384970914245971 0.7453148421341851 0.257042153018685 0.026638585156536564 0.15599077990846297 0.03384970894090501 0.12332664438439349 0.3402116393946606 0.3402116395985603 0.2570421532203896 0.7617591970904635 0.3402116385867816 0.12332664627766304
61 0.5059526100631833 0.15599077980333748 0.033849709386003214 0.12332664443361986 0.1559907796089556 0.026638585095230094 0.026638585403012224 0.03384970914245971 0.7453148421341851 0.257042153018685 0.026638585156536564 0.15599077990846297 0.03384970894090501 0.12332664438439349 0.3402116393946606 0.3402116395985603 0.2570421532203896 0.7617591970904635 0.3402116385867816 0.12332664627766304
39 0.1281443178848297 0.2027196556780286 0.45799847901951407 0.24110357909389063 0.20271965575972895 0.5842550964175487 0.5842550965454122 0.4579984785081197 0.09642204544583949 0.057634648025055836 0.5842550963926242 0.20271965572546993 0.4579984780333114 0.24110357877270092 0.0739670307091235 0.07396703094561442 0.05763464834650938 0.014017723304437213 0.0739670301193309 0.24110357976084099
59 0.1281443178848297 0.2027196556780286 0.45799847901951407 0.24110357909389063 0.20271965575972895 0.5842550964175487 0.5842550965454122 0.4579984785081197 0.09642204544583949 0.057634648025055836 0.5842550963926242 0.20271965572546993 0.4579984780333114 0.24110357877270092 0.0739670307091235 0.07396703094561442 0.05763464834650938 0.014017723304437213 0.0739670301193309 0.24110357976084099
67 0.7982174901035014 0.2156537469485404 0.11842259021880225 0.28875218066925645 0.2156537467273724 0.12814431778829127 0.1281443182134602 0.11842258968455259 0.49765649328648065 0.2713484381692108 0.12814431771319315 0.21565374687769642 0.11842258956170292 0.2887521804487733 0.30962999841168865 0.30962999860202545 0.2713484383756524 0.44646050871312193 0.30962999777690875 0.2887521825627578
28 0.1281443178848297 0.2027196556780286 0.45799847901951407 0.24110357909389063 0.20271965575972895 0.5842550964175487 0.5842550965454122 0.4579984785081197 0.09642204544583949 0.057634648025055836 0.5842550963926242 0.20271965572546993 0.4579984780333114 0.24110357877270092 0.0739670307091235 0.07396703094561442 0.05763464834650938 0.014017723304437213 0.0739670301193309 0.24110357976084099
38 0.28875218123497604 0.3921878996770829 0.19754354318138212 0.4363256174547132 0.3921878995606676 0.24110357894096524 0.24110357934841886 0.19754354265751317 0.23495519882858507 0.31601212063105777 0.24110357905738056 0.39218789944425225 0.19754354245378636 0.4363256169599481 0.3166806481021922 0.31668064853874967 0.31601212068926543 0.1918167668313473 0.3166806472581811 0.43632561861886643
18 0.27134843827396155 0.3461516820704583 0.07021445368697068 0.3160121203168998 0.34615168207297486 0.05763464790886761 0.05763464839000668 0.07021445294798327 0.25316402094616375 0.49754941884336507 0.05763464787560203 0.3461516824143516 0.0702144525636241 0.31601212003816637 0.4307323878966016 0.4307323882094981 0.4975494186909873 0.35604294308974305 0.4307323869443661 0.3160121216538206
19 0.21565374667221238 0.4778892536490144 0.2155686449843437 0.39218789913297314 0.477889253434323 0.20271965553500962 0.2027196558918746 0.21556864429995043 0.15503552026301662 0.3461516822759504 0.2027196556167782 0.4778892537638545 0.21556864424484035 0.39218789905462126 0.2907313968212658 0.2907313971694291 0.34615168232017224 0.16424822798530062 0.29073139574971457 0.39218790050077057
24 0.11842258979411353 0.21556864442998933 0.5989633736365563 0.19754354267243035 0.21556864445185664 0.4579984783016917 0.45799847857270726 0.5989633730895745 0.07207287783036093 0.07021445304031775 0.4579984784679546 0.2155686446088714 0.598963372697685 0.19754354224996096 0.0515022243107448 0.05150222445693559 0.07021445331537415 0.030413041513039002 0.051502223723235575 0.19754354353320258
0 0.3096299983477945 0.29073139676306153 0.05150222467046272 0.3166806476382998 0.2907313967744946 0.07396703056687783 0.07396703089247889 0.051502224160344764 0.35939046584258977 0.43073238792175345 0.07396703050845269 0.29073139655953734 0.05150222392014607 0.3166806473830455 0.46757261460328386 0.4675726148278119 0.4307323878531178 0.41137524516347496 0.4675726138088697 0.31668064924488165
43 0.1281443178848297 0.2027196556780286 0.45799847901951407 0.24110357909389063 0.20271965575972895 0.5842550964175487 0.5842550965454122 0.4579984785081197 0.09642204544583949 0.057634648025055836 0.5842550963926242 0.20271965572546993 0.4579984780333114 0.24110357877270092 0.0739670307091235 0.07396703094561442 0.05763464834650938 0.014017723304437213 0.0739670301193309 0.24110357976084099
45 0.19660436160684752 0.5150355946674053 0.2588650290942976 0.35841252171898186 0.5150355943531899 0.16883385113067115 0.16883385167791662 0.2588650282800848 0.12181095423167188 0.37658149402836244 0.16883385115784777 0.5150355947086759 0.2588650282945638 0.35841252166241194 0.2382155292428626 0.23821552955997455 0.37658149440806643 0.15754196248978378 0.23821552827474338 0.35841252313088107
57 0.4182494310621701 0.20642418382993305 0.06432834752904706 0.31215522600982576 0.20642418337173393 0.08601440787150959 0.08601440832895245 0.0643283470352612 0.54324383839634 0.3515742197986946 0.08601440794812609 0.20642418371292823 0.0643283469455702 0.31215522561969317 0.4335385566989402 0.4335385570074167 0.3515742197971358 0.513385261158569 0.4335385560598406 0.31215522766301834
22 0.1599186656286357 0.5512013145791064 0.2687408554006153 0.3209165713101094 0.5512013150782411 0.14584092951716177 0.1458409299090362 0.268740854800657 0.11029635915946252 0.3881519107103745 0.14584092963106088 0.551201315287416 0.2687408544432199 0.3209165710238818 0.2159612724921355 0.21596127280716454 0.38815191079857625 0.14046192183530948 0.2159612713447648 0.3209165724918422
9 0.21565374667221238 0.4778892536490144 0.2155686449843437 0.39218789913297314 0.477889253434323 0.20271965553500962 0.2027196558918746 0.21556864429995043 0.15503552026301662 0.3461516822759504 0.2027196556167782 0.4778892537638545 0.21556864424484035 0.39218789905462126 0.2907313968212658 0.2907313971694291 0.34615168232017224 0.16424822798530062 0.29073139574971457 0.39218790050077057
68 0.7026379725156751 0.28644009392028613 0.35814248040031305 0.33718815594960816 0.286440093828986 0.2877210765556995 0.2877210769053942 0.3581424798683357 0.20732442521262132 0.286176414794786 0.28772107655563967 0.28644009407011084 0.35814247954366496 0.337188155727048 0.11637570929614949 0.11637570951912665 0.28617641515488934 0.16950759733941814 0.11637570845592338 0.33718815701159377
7 0.21565374667221238 0.4778892536490144 0.2155686449843437 0.39218789913297314 0.477889253434323 0.20271965553500962 0.2027196558918746 0.21556864429995043 0.15503552026301662 0.3461516822759504 0.2027196556167782 0.4778892537638545 0.21556864424484035 0.39218789905462126 0.2907313968212658 0.2907313971694291 0.34615168232017224 0.16424822798530062 0.29073139574971457 0.39218790050077057
1 0.21565374667221238 0.4778892536490144 0.2155686449843437 0.39218789913297314 0.477889253434323 0.20271965553500962 0.2027196558918746 0.21556864429995043 0.15503552026301662 0.3461516822759504 0.2027196556167782 0.4778892537638545 0.21556864424484035 0.39218789905462126 0.2907313968212658 0.2907313971694291 0.34615168232017224 0.16424822798530062 0.29073139574971457 0.39218790050077057
36 0.28875218123497604 0.3921878996770829 0.19754354318138212 0.4363256174547132 0.3921878995606676 0.24110357894096524 0.24110357934841886 0.19754354265751317 0.23495519882858507 0.31601212063105777 0.24110357905738056 0.39218789944425225 0.19754354245378636 0.4363256169599481 0.3166806481021922 0.31668064853874967 0.31601212068926543 0.1918167668313473 0.3166806472581811 0.43632561861886643
5 0.21565374667221238 0.4778892536490144 0.2155686449843437 0.39218789913297314 0.477889253434323 0.20271965553500962 0.2027196558918746 0.21556864429995043 0.15503552026301662 0.3461516822759504 0.2027196556167782 0.4778892537638545 0.21556864424484035 0.39218789905462126 0.2907313968212658 0.2907313971694291 0.34615168232017224 0.16424822798530062 0.29073139574971457 0.39218790050077057
30 0.28875218123497604 0.3921878996770829 0.19754354318138212 0.4363256174547132 0.3921878995606676 0.24110357894096524 0.24110357934841886 0.19754354265751317 0.23495519882858507 0.31601212063105777 0.24110357905738056 0.39218789944425225 0.19754354245378636 0.4363256169599481 0.3166806481021922 0.31668064853874967 0.31601212068926543 0.1918167668313473 0.3166806472581811 0.43632561861886643
55 0.28875218123497604 0.3921878996770829 0.19754354318138212 0.4363256174547132 0.3921878995606676 0.24110357894096524 0.24110357934841886 0.19754354265751317 0.23495519882858507 0.31601212063105777 0.24110357905738056 0.39218789944425225 0.19754354245378636 0.4363256169599481 0.3166806481021922 0.31668064853874967 0.31601212068926543 0.1918167668313473 0.3166806472581811 0.43632561861886643
52 0.7982174901035014 0.2156537469485404 0.11842259021880225 0.28875218066925645 0.2156537467273724 0.12814431778829127 0.1281443182134602 0.11842258968455259 0.49765649328648065 0.2713484381692108 0.12814431771319315 0.21565374687769642 0.11842258956170292 0.2887521804487733 0.30962999841168865 0.30962999860202545 0.2713484383756524 0.44646050871312193 0.30962999777690875 0.2887521825627578
6 0.3096299983477945 0.29073139676306153 0.05150222467046272 0.3166806476382998 0.2907313967744946 0.07396703056687783 0.07396703089247889 0.051502224160344764 0.35939046584258977 0.43073238792175345 0.07396703050845269 0.29073139655953734 0.05150222392014607 0.3166806473830455 0.46757261460328386 0.4675726148278119 0.4307323878531178 0.41137524516347496 0.4675726138088697 0.31668064924488165
35 0.28875218123497604 0.3921878996770829 0.19754354318138212 0.4363256174547132 0.3921878995606676 0.24110357894096524 0.24110357934841886 0.19754354265751317 0.23495519882858507 0.31601212063105777 0.24110357905738056 0.39218789944425225 0.19754354245378636 0.4363256169599481 0.3166806481021922 0.31668064853874967 0.31601212068926543 0.1918167668313473 0.3166806472581811 0.43632561861886643
63 0.11842258979411353 0.21556864442998933 0.5989633736365563 0.19754354267243035 0.21556864445185664 0.4579984783016917 0.45799847857270726 0.5989633730895745 0.07207287783036093 0.07021445304031775 0.4579984784679546 0.2155686446088714 0.598963372697685 0.19754354224996096 0.0515022243107448 0.05150222445693559 0.07021445331537415 0.030413041513039002 0.051502223723235575 0.19754354353320258
20 0.19660436160684752 0.5150355946674053 0.2588650290942976 0.35841252171898186 0.5150355943531899 0.16883385113067115 0.16883385167791662 0.2588650282800848 0.12181095423167188 0.37658149402836244 0.16883385115784777 0.5150355947086759 0.2588650282945638 0.35841252166241194 0.2382155292428626 0.23821552955997455 0.37658149440806643 0.15754196248978378 0.23821552827474338 0.35841252313088107
60 0.19660436160684752 0.5150355946674053 0.2588650290942976 0.35841252171898186 0.5150355943531899 0.16883385113067115 0.16883385167791662 0.2588650282800848 0.12181095423167188 0.37658149402836244 0.16883385115784777 0.5150355947086759 0.2588650282945638 0.35841252166241194 0.2382155292428626 0.23821552955997455 0.37658149440806643 0.15754196248978378 0.23821552827474338 0.35841252313088107
21 0.4464605087131152 0.16424822805661768 0.03041304178738192 0.19181676633307365 0.16424822797065353 0.014017723115170128 0.014017723487839402 0.030413041509468698 0.5709774441590788 0.3560429428389356 0.01401772317233143 0.1642482278938515 0.030413041194248275 0.19181676619666516 0.41137524526688046 0.411375245477428 0.3560429431470267 0.7202485921466862 0.4113752445098945 0.1918167679827172
56 0.28875218123497604 0.3921878996770829 0.19754354318138212 0.4363256174547132 0.3921878995606676 0.24110357894096524 0.24110357934841886 0.19754354265751317 0.23495519882858507 0.31601212063105777 0.24110357905738056 0.39218789944425225 0.19754354245378636 0.4363256169599481 0.3166806481021922 0.31668064853874967 0.31601212068926543 0.1918167668313473 0.3166806472581811 0.43632561861886643
50 0.4949177193011488 0.3592248457474556 0.10035921705010409 0.31951561388861693 0.3592248456055013 0.08057168062472177 0.08057168108400488 0.10035921655618374 0.21979105192231563 0.46448316641372916 0.08057168064233317 0.35922484577992286 0.10035921647808514 0.3195156136975856 0.37605232070383615 0.3760523208726392 0.4644831667561611 0.326673633615073 0.3760523196589864 0.3195156155983771
26 0.28875218123497604 0.3921878996770829 0.19754354318138212 0.4363256174547132 0.3921878995606676 0.24110357894096524 0.24110357934841886 0.19754354265751317 0.23495519882858507 0.31601212063105777 0.24110357905738056 0.39218789944425225 0.19754354245378636 0.4363256169599481 0.3166806481021922 0.31668064853874967 0.31601212068926543 0.1918167668313473 0.3166806472581811 0.43632561861886643
33 0.1281443178848297 0.2027196556780286 0.45799847901951407 0.24110357909389063 0.20271965575972895 0.5842550964175487 0.5842550965454122 0.4579984785081197 0.09642204544583949 0.057634648025055836 0.5842550963926242 0.20271965572546993 0.4579984780333114 0.24110357877270092 0.0739670307091235 0.07396703094561442 0.05763464834650938 0.014017723304437213 0.0739670301193309 0.24110357976084099
62 0.11842258979411353 0.21556864442998933 0.5989633736365563 0.19754354267243035 0.21556864445185664 0.4579984783016917 0.45799847857270726 0.5989633730895745 0.07207287783036093 0.07021445304031775 0.4579984784679546 0.2155686446088714 0.598963372697685 0.19754354224996096 0.0515022243107448 0.05150222445693559 0.07021445331537415 0.030413041513039002 0.051502223723235575 0.19754354353320258
54 0.7820756366668945 0.2750453580576937 0.2473978222780359 0.29345976947600766 0.2750453580243746 0.36688908602511167 0.3668890862714126 0.24739782186667736 0.309421500334525 0.18414914267717478 0.36688908595569925 0.27504535810594716 0.24739782169128038 0.2934597693560016 0.20586176693623434 0.20586176718722465 0.18414914305747024 0.09950381280163911 0.20586176620924973 0.2934597709668955
64 0.11842258979411353 0.21556864442998933 0.5989633736365563 0.19754354267243035 0.21556864445185664 0.4579984783016917 0.45799847857270726 0.5989633730895745 0.07207287783036093 0.07021445304031775 0.4579984784679546 0.2155686446088714 0.598963372697685 0.19754354224996096 0.0515022243107448 0.05150222445693559 0.07021445331537415 0.030413041513039002 0.051502223723235575 0.19754354353320258
8 0.3096299983477945 0.29073139676306153 0.05150222467046272 0.3166806476382998 0.2907313967744946 0.07396703056687783 0.07396703089247889 0.051502224160344764 0.35939046584258977 0.43073238792175345 0.07396703050845269 0.29073139655953734 0.05150222392014607 0.3166806473830455 0.46757261460328386 0.4675726148278119 0.4307323878531178 0.41137524516347496 0.4675726138088697 0.31668064924488165
65 0.4365057623129177 0.3944427968850954 0.12463149398170749 0.31468214311694553 0.3944427968747227 0.05802335378483464 0.05802335428935611 0.12463149312418914 0.16367682153235208 0.528404554231093 0.05802335393063589 0.39444279694902534 0.12463149320595998 0.3146821426650787 0.322326367823386 0.32232636813717613 0.5284045545148384 0.30228426996075747 0.32232636663435305 0.31468214432928404
17 0.21565374667221238 0.4778892536490144 0.2155686449843437 0.39218789913297314 0.477889253434323 0.20271965553500962 0.2027196558918746 0.21556864429995043 0.15503552026301662 0.3461516822759504 0.2027196556167782 0.4778892537638545 0.21556864424484035 0.39218789905462126 0.2907313968212658 0.2907313971694291 0.34615168232017224 0.16424822798530062 0.29073139574971457 0.39218790050077057
58 0.28875218123497604 0.3921878996770829 0.19754354318138212 0.4363256174547132 0.3921878995606676 0.24110357894096524 0.24110357934841886 0.19754354265751317 0.23495519882858507 0.31601212063105777 0.24110357905738056 0.39218789944425225 0.19754354245378636 0.4363256169599481 0.3166806481021922 0.31668064853874967 0.31601212068926543 0.1918167668313473 0.3166806472581811 0.43632561861886643
42 0.4976564932864766 0.15503552039550372 0.07207287819996512 0.23495519830400266 0.15503552043813357 0.09642204539178603 0.0964220457219037 0.0720728777397458 0.7933846503638252 0.25316402097850355 0.09642204530184763 0.1550355204264894 0.07207287787587704 0.23495519816785582 0.35939046593705676 0.3593904662081658 0.25316402100066693 0.5709774441590766 0.3593904651130566 0.23495520007821669
16 0.27134843827396155 0.3461516820704583 0.07021445368697068 0.3160121203168998 0.34615168207297486 0.05763464790886761 0.05763464839000668 0.07021445294798327 0.25316402094616375 0.49754941884336507 0.05763464787560203 0.3461516824143516 0.0702144525636241 0.31601212003816637 0.4307323878966016 0.4307323882094981 0.4975494186909873 0.35604294308974305 0.4307323869443661 0.3160121216538206
49 0.11842258979411353 0.21556864442998933 0.5989633736365563 0.19754354267243035 0.21556864445185664 0.4579984783016917 0.45799847857270726 0.5989633730895745 0.07207287783036093 0.07021445304031775 0.4579984784679546 0.2155686446088714 0.598963372697685 0.19754354224996096 0.0515022243107448 0.05150222445693559 0.07021445331537415 0.030413041513039002 0.051502223723235575 0.19754354353320258
40 0.28875218123497604 0.3921878996770829 0.19754354318138212 0.4363256174547132 0.3921878995606676 0.24110357894096524 0.24110357934841886 0.19754354265751317 0.23495519882858507 0.31601212063105777 0.24110357905738056 0.39218789944425225 0.19754354245378636 0.4363256169599481 0.3166806481021922 0.31668064853874967 0.31601212068926543 0.1918167668313473 0.3166806472581811 0.43632561861886643
11 0.21565374667221238 0.4778892536490144 0.2155686449843437 0.39218789913297314 0.477889253434323 0.20271965553500962 0.2027196558918746 0.21556864429995043 0.15503552026301662 0.3461516822759504 0.2027196556167782 0.4778892537638545 0.21556864424484035 0.39218789905462126 0.2907313968212658 0.2907313971694291 0.34615168232017224 0.16424822798530062 0.29073139574971457 0.39218790050077057
12 0.27134843827396155 0.3461516820704583 0.07021445368697068 0.3160121203168998 0.34615168207297486 0.05763464790886761 0.05763464839000668 0.07021445294798327 0.25316402094616375 0.49754941884336507 0.05763464787560203 0.3461516824143516 0.0702144525636241 0.31601212003816637 0.4307323878966016 0.4307323882094981 0.4975494186909873 0.35604294308974305 0.4307323869443661 0.3160121216538206
