25 0.3248863121832626 0.23775980240590583 0.34704969654328116 0.4185480214537259 0.3139736553398813 0.2760174317629311 0.4935050832401851 0.27746076309440565 0.1910179347560824 0.3994004923952437 0.21969158406738007 0.11194451962729894 0.3115393670529266 0.21969158427306945 0.41854802178368433 0.2196915842710584 0.23775980179976136 0.4079870551650502 0.2792797319609379 0.3470496964283513
12 0.3191403642937588 0.3894954943330483 0.3002226123987804 0.2314298167728328 0.33340414890521336 0.08688603847351153 0.12343747456589726 0.4059695453774868 0.4591142709957344 0.30368123744850856 0.06281585038414766 0.4402056567929495 0.4171382413478721 0.0628158504294349 0.23142981753151165 0.06281585044563542 0.3894954904553997 0.26643945017199405 0.5001551752404846 0.3002226120256969
43 0.27966698102923976 0.2815481849690263 0.3875046649205144 0.4120187681088885 0.3122945902443387 0.21754449792812594 0.4266592828615128 0.33577294089199816 0.20826202874013208 0.37729335543780007 0.21629382232333347 0.11947779521679093 0.294256217167103 0.21629382258654622 0.4120187684852009 0.21629382263282543 0.2815481848433879 0.4055440296792687 0.30393058279686536 0.3875046647421275
22 0.0024939817369570906 0.05047547861825139 0.13363928033785163 0.21104822133612333 0.08544504572745788 0.807188707382931 0.3210780024968604 0.11066501904946915 0.020555294857209454 0.2455903722810172 0.554209339580747 0.012364459631794061 0.26326565896652404 0.5542093396754025 0.21104822142170168 0.5542093397361174 0.05047547750888512 0.20428657938289085 0.05023473711605148 0.13363928036668118
49 0.3514428353013425 0.2221061046552923 0.3387693847596718 0.4266592824273893 0.29187129370733983 0.2704040445093184 0.5958220855682145 0.22417896950285904 0.15303987589580792 0.32343364472652 0.19613634316995995 0.09219752135663802 0.26750341906193353 0.1961363433003547 0.4266592829079706 0.19613634343835726 0.2221061041564771 0.4570841738296861 0.2970342031186231 0.3387693846253949
63 0.0004054283715295888 0.056233060030251 0.21815416861698142 0.216293822472725 0.06022674490968534 0.587163341782244 0.1961363432909547 0.2354479025735792 0.008241976418536233 0.2465247219245967 0.6278807946315839 0.003226522660151709 0.2776652428517351 0.6278807948525961 0.21629382241778042 0.62788079506106 0.05623305996998637 0.19767319407616404 0.05390210903813506 0.21815416873097268
44 0.0004054283715295888 0.056233060030251 0.21815416861698142 0.216293822472725 0.06022674490968534 0.587163341782244 0.1961363432909547 0.2354479025735792 0.008241976418536233 0.2465247219245967 0.6278807946315839 0.003226522660151709 0.2776652428517351 0.6278807948525961 0.21629382241778042 0.62788079506106 0.05623305996998637 0.19767319407616404 0.05390210903813506 0.21815416873097268
69 0.0004054283715295888 0.056233060030251 0.21815416861698142 0.216293822472725 0.06022674490968534 0.587163341782244 0.1961363432909547 0.2354479025735792 0.008241976418536233 0.2465247219245967 0.6278807946315839 0.003226522660151709 0.2776652428517351 0.6278807948525961 0.21629382241778042 0.62788079506106 0.05623305996998637 0.19767319407616404 0.05390210903813506 0.21815416873097268
33 0.39073524638543766 0.3592117428654665 0.28934905423182705 0.3021751332829826 0.41708795422810335 0.11293983119534774 0.1975496283461503 0.3660755716603514 0.4001983541991868 0.4579011491475547 0.09526214108593764 0.4262467483010974 0.37119136589370433 0.09526214107597064 0.3021751329571923 0.0952621411733977 0.35921174154441743 0.20859122207472808 0.29853077927312316 0.2893490538798271
34 0.27389495155908733 0.1840992573831758 0.2963566896717488 0.23918673949310376 0.21625377166985477 0.3344215633009323 0.18937004121469886 0.41583880378056365 0.13053108572074323 0.5565264851545606 0.3532306051812653 0.3180123077582608 0.5342619687595332 0.35323060541838736 0.23918673880472022 0.3532306055631048 0.1840992591504156 0.1485572545887283 0.09313802658583005 0.2963566895001404
2 0.28453241243455885 0.49148105092903505 0.31682499658335606 0.2382912655108952 0.3809245134214874 0.046536906675711275 0.1554673077858566 0.416280857490404 0.4812460087202015 0.256416728376117 0.058466900720245976 0.47993770991918444 0.20527184739734156 0.05846690073931889 0.23829126560053093 0.05846690090157674 0.4914810510033599 0.23264996481781436 0.3776460203756752 0.31682499619477356
30 0.46255500830930263 0.37030539223260694 0.30562508563588114 0.3352363374966203 0.43010468474791097 0.09311876459651586 0.27318130801964796 0.3140462770738513 0.3694094046520815 0.39843202983296244 0.08019575745617263 0.32321671652213296 0.3150470356251637 0.0801957576456641 0.33523633772685385 0.08019575784459522 0.37030539123666895 0.2720746333792045 0.3526019640253307 0.3056250853823953
51 0.3040997950654951 0.4503589959546792 0.2513880874332314 0.18838540605520165 0.3546629042994496 0.05065545812227205 0.12668423665121167 0.362292294162444 0.553747950606978 0.21792810780409888 0.02519902748999922 0.6219718912129144 0.20129395462749577 0.02519902756648377 0.18838540621674374 0.025199027628184305 0.45035899340349733 0.16552102441339783 0.37940985002280603 0.2513880869742511
42 0.5536470265878798 0.4336886996062893 0.23692349097990095 0.2523982832044325 0.4676990754919391 0.005663496271742526 0.24906233893055604 0.21053310344712114 0.5359756560304848 0.26070248434816495 0.0035999908862266532 0.38014754723133526 0.1882605183909961 0.0035999909439539033 0.2523982832383559 0.0035999909896465756 0.4336886990563931 0.23965176080867742 0.3997038253482844 0.23692349047531416
39 0.0004054283715295888 0.056233060030251 0.21815416861698142 0.216293822472725 0.06022674490968534 0.587163341782244 0.1961363432909547 0.2354479025735792 0.008241976418536233 0.2465247219245967 0.6278807946315839 0.003226522660151709 0.2776652428517351 0.6278807948525961 0.21629382241778042 0.62788079506106 0.05623305996998637 0.19767319407616404 0.05390210903813506 0.21815416873097268
37 0.4105629833052863 0.4575450089733069 0.23053254474959622 0.20826202886834042 0.4304636559247429 0.01560295020429478 0.1530398758958119 0.2619810301928716 0.6013314612850864 0.2443400244307474 0.008241976313149138 0.559582350536533 0.18640856151935842 0.008241976410420243 0.2082620288634155 0.008241976462933053 0.45754500821293603 0.187819013723896 0.3707383627941116 0.23053254445021823
40 0.2260604673863611 0.32527210816624574 0.4186431993730366 0.38750466518104076 0.30879165567645117 0.16595669846121552 0.33876938471708584 0.4134124191934916 0.23053254451305705 0.36606997134012786 0.21815416855451986 0.14672674465151114 0.2885808564973158 0.21815416879985605 0.3875046654138714 0.21815416888966865 0.325272107264027 0.38069633154762883 0.3133956055844287 0.4186431992566213
31 0.5560255655767689 0.40644431158127436 0.23732300931620517 0.2720364108666188 0.4747795219477612 0.014122795832832269 0.23943283871050222 0.22187199674946026 0.5029658004800391 0.3070312622094365 0.007070044838736835 0.3984730063610109 0.2338798290667644 0.007070044855929438 0.2720364113976705 0.0070700448848842485 0.4064443101506647 0.22882331309499873 0.3853753596424807 0.23732300881293178
54 -0.04064524694954099 0.0638849151705213 0.24203195919355816 0.13838375017988847 0.07900242454308734 0.23355297032562672 0.09628352303541342 0.3554799144674072 0.016479317406139175 -0.16704655635012616 0.42637949423528443 -0.02376886021884628 0.5379531687814233 0.4263794943380595 0.138383753393451 0.42637949443708 0.06388489891146011 0.095997032104837 0.023029177033315272 0.24203195909419778
6 0.48853123826983236 0.47970288806890365 0.25648574358625215 0.23140862317258065 0.43025454434625127 -0.0002162185091327854 0.19481155777849063 0.22978051131994198 0.5462648112434972 0.19429683593333177 0.000264073805252012 0.4396397768446489 0.14648253895689906 0.00026407381288876084 0.23140862346725993 0.0002640738389933264 0.4797028873575154 0.23480306839921616 0.42455359591639036 0.25648574314810935
46 0.6512046086010156 0.37376151862063955 0.1687855196290273 0.222852893833158 0.4972935646584869 -0.03696179114542558 0.2689838275397171 0.13939593827762156 0.58906745447891 0.29340195769347305 -0.015335552219137802 0.3971163097928427 0.21130598254651597 -0.015335552187738225 0.2228528941833798 -0.01533555215459331 0.37376151859214507 0.19730063467849265 0.35313476917707154 0.16878551924861046
48 0.003004500361995049 0.05294133471590792 0.16595669844696143 0.21754449781107923 0.07311967841152626 0.7267267095680272 0.2704040445093154 0.15252262337584582 0.01560295020432826 0.25165245611518783 0.5871633416921286 0.008248998097532248 0.2706641527011626 0.5871633418951892 0.2175444977893044 0.5871633419177775 0.05294133420994137 0.20219032547965593 0.05223409828292048 0.1659566984892532
62 0.3903036701212258 0.4732800164348336 0.23662991527141897 0.1783085130994404 0.39736654263186855 0.017905216830491146 0.10586608154591794 0.2710741577893997 0.6072028514973492 0.21354404781513062 0.00321377882477616 0.5622726901579428 0.17530443895514472 0.0032137788925206646 0.17830851323624225 0.0032137789234072344 0.47328001540956927 0.24455862691569108 0.3985994866729367 0.23662991487516458
67 0.0004054283715295888 0.056233060030251 0.21815416861698142 0.216293822472725 0.06022674490968534 0.587163341782244 0.1961363432909547 0.2354479025735792 0.008241976418536233 0.2465247219245967 0.6278807946315839 0.003226522660151709 0.2776652428517351 0.6278807948525961 0.21629382241778042 0.62788079506106 0.05623305996998637 0.19767319407616404 0.05390210903813506 0.21815416873097268
32 0.30027490666880574 0.3476542687286829 0.26844764676627275 0.24814702813283773 0.36616981274281174 0.12812019446428813 0.12462954012894112 0.42750671976799065 0.3956795939149426 0.48092599050112045 0.1106864860313577 0.5704392361204671 0.4168275406028923 0.11068648613154719 0.24814702855120557 0.11068648613755336 0.34765426847504594 0.1391804192519075 0.23629003873771645 0.26844764645064634
15 0.48525189035694904 0.37681994172822 0.29822773550210246 0.316758778523953 0.39548143307985584 0.05139499587183547 0.3601713613126118 0.24213156409377568 0.33938192369579456 0.2624105355131461 0.05675015195305765 0.2196169066457198 0.35979725895254555 0.056750152108411896 0.3167587788840339 0.056750152154833394 0.3768199425450748 0.33576439173810513 0.5195177869125944 0.29822773512202755
28 0.003004500361995049 0.05294133471590792 0.16595669844696143 0.21754449781107923 0.07311967841152626 0.7267267095680272 0.2704040445093154 0.15252262337584582 0.01560295020432826 0.25165245611518783 0.5871633416921286 0.008248998097532248 0.2706641527011626 0.5871633418951892 0.2175444977893044 0.5871633419177775 0.05294133420994137 0.20219032547965593 0.05223409828292048 0.1659566984892532
56 0.2378300277143856 0.4172918198608717 0.17714420799583186 0.13742171701850636 0.32206146674043157 0.03730060089126673 0.10251821601592412 0.3254342306637946 0.556451196605787 0.21844550805401908 0.024147559943857203 0.8841476444223825 0.20794294597410642 0.024147560016131924 0.13742171666511452 0.024147560040900705 0.4172918204993371 0.11194357290528872 0.2756268074478471 0.17714420759658778
1 0.27966698102923976 0.2815481849690263 0.3875046649205144 0.4120187681088885 0.3122945902443387 0.21754449792812594 0.4266592828615128 0.33577294089199816 0.20826202874013208 0.37729335543780007 0.21629382232333347 0.11947779521679093 0.294256217167103 0.21629382258654622 0.4120187684852009 0.21629382263282543 0.2815481848433879 0.4055440296792687 0.30393058279686536 0.3875046647421275
47 0.003004500361995049 0.05294133471590792 0.16595669844696143 0.21754449781107923 0.07311967841152626 0.7267267095680272 0.2704040445093154 0.15252262337584582 0.01560295020432826 0.25165245611518783 0.5871633416921286 0.008248998097532248 0.2706641527011626 0.5871633418951892 0.2175444977893044 0.5871633419177775 0.05294133420994137 0.20219032547965593 0.05223409828292048 0.1659566984892532
19 0.538470936065164 0.40819386221823106 0.3264502653328544 0.33469257601631874 0.40818311173810035 0.050427950612522615 0.39808089814508363 0.23752090248125646 0.31969639456978954 0.23041343606434064 0.04741283650303042 0.2014301047609065 0.18039743918785184 0.04741283660959954 0.33469257718039164 0.0474128367457058 0.4081938617982962 0.3678564165988084 0.4299145947599392 0.326450264961672
9 0.2260604673863611 0.32527210816624574 0.4186431993730366 0.38750466518104076 0.30879165567645117 0.16595669846121552 0.33876938471708584 0.4134124191934916 0.23053254451305705 0.36606997134012786 0.21815416855451986 0.14672674465151114 0.2885808564973158 0.21815416879985605 0.3875046654138714 0.21815416888966865 0.325272107264027 0.38069633154762883 0.3133956055844287 0.4186431992566213
4 0.3742996987479569 0.46397900371933404 0.32527210779078897 0.2815481851067517 0.4163665587798608 0.05294133452305856 0.22210610436997238 0.3543369881781486 0.4575450085121481 0.2818861554699293 0.05623305991592817 0.36425279230567476 0.21191630439123574 0.05623306001868989 0.2815481854975283 0.05623306010337137 0.4639790035052044 0.27517234601222695 0.3956667644354305 0.3252721076199051
3 0.2260604673863611 0.32527210816624574 0.4186431993730366 0.38750466518104076 0.30879165567645117 0.16595669846121552 0.33876938471708584 0.4134124191934916 0.23053254451305705 0.36606997134012786 0.21815416855451986 0.14672674465151114 0.2885808564973158 0.21815416879985605 0.3875046654138714 0.21815416888966865 0.325272107264027 0.38069633154762883 0.3133956055844287 0.4186431992566213
18 0.3742996987479569 0.46397900371933404 0.32527210779078897 0.2815481851067517 0.4163665587798608 0.05294133452305856 0.22210610436997238 0.3543369881781486 0.4575450085121481 0.2818861554699293 0.05623305991592817 0.36425279230567476 0.21191630439123574 0.05623306001868989 0.2815481854975283 0.05623306010337137 0.4639790035052044 0.27517234601222695 0.3956667644354305 0.3252721076199051
24 0.0024939817369570906 0.05047547861825139 0.13363928033785163 0.21104822133612333 0.08544504572745788 0.807188707382931 0.3210780024968604 0.11066501904946915 0.020555294857209454 0.2455903722810172 0.554209339580747 0.012364459631794061 0.26326565896652404 0.5542093396754025 0.21104822142170168 0.5542093397361174 0.05047547750888512 0.20428657938289085 0.05023473711605148 0.13363928036668118
58 0.27966698102923976 0.2815481849690263 0.3875046649205144 0.4120187681088885 0.3122945902443387 0.21754449792812594 0.4266592828615128 0.33577294089199816 0.20826202874013208 0.37729335543780007 0.21629382232333347 0.11947779521679093 0.294256217167103 0.21629382258654622 0.4120187684852009 0.21629382263282543 0.2815481848433879 0.4055440296792687 0.30393058279686536 0.3875046647421275
52 0.29239266508346656 0.2751723462443855 0.38069633182286744 0.40554402922858446 0.29541421012967034 0.20219032547965643 0.45708417382970334 0.3066577595351954 0.18781901372388354 0.3260363390424896 0.1976731939192647 0.097767062100138 0.2758129624106868 0.19767319411856854 0.4055440295494096 0.1976731942001824 0.2751723458214876 0.5080777376348551 0.3325450970038887 0.38069633132987296
8 0.3742996987479569 0.46397900371933404 0.32527210779078897 0.2815481851067517 0.4163665587798608 0.05294133452305856 0.22210610436997238 0.3543369881781486 0.4575450085121481 0.2818861554699293 0.05623305991592817 0.36425279230567476 0.21191630439123574 0.05623306001868989 0.2815481854975283 0.05623306010337137 0.4639790035052044 0.27517234601222695 0.3956667644354305 0.3252721076199051
0 0.5508893941036638 0.47283869513236293 0.2619436196832816 0.24798006716441426 0.4343576062479679 -0.006435175235933264 0.2395118831309667 0.20578250451311927 0.5011947917660851 0.18444046845323664 -0.002372485982337349 0.3637776183917268 0.13819374497946288 -0.0023724859737913025 0.2479800676316166 -0.0023724858321543182 0.4728386944497428 0.26136150955964055 0.4418209658710071 0.2619436192112658
21 0.6320517406768169 0.39313517797792563 0.1521859192954861 0.18894339646366032 0.4727961557533574 -0.06470504166403138 0.20754507287582208 0.1039311995660565 0.6497699553025054 0.22478927702983448 -0.026905994920699023 0.47725683964698284 0.1651826371327443 -0.026905994904074727 0.18894339706194208 -0.02690599484546872 0.3931351772529945 0.16981365966700748 0.3646642444929198 0.15218591875760934
66 0.1834621198291943 0.3591568844304945 0.12975135515618252 0.09926343332496258 0.22203949018669492 0.04796232332675832 0.1401860452673931 0.3448404581933603 0.42283993076858195 0.1776678832247615 0.035851390523094766 1.072839161723315 0.21705336730817898 0.03585139052329589 0.09926343309631881 0.03585139064811734 0.3591568863518046 0.08482590818093176 0.20964286233080073 0.1297513548141697
38 0.27966698102923976 0.2815481849690263 0.3875046649205144 0.4120187681088885 0.3122945902443387 0.21754449792812594 0.4266592828615128 0.33577294089199816 0.20826202874013208 0.37729335543780007 0.21629382232333347 0.11947779521679093 0.294256217167103 0.21629382258654622 0.4120187684852009 0.21629382263282543 0.2815481848433879 0.4055440296792687 0.30393058279686536 0.3875046647421275
5 0.27966698102923976 0.2815481849690263 0.3875046649205144 0.4120187681088885 0.3122945902443387 0.21754449792812594 0.4266592828615128 0.33577294089199816 0.20826202874013208 0.37729335543780007 0.21629382232333347 0.11947779521679093 0.294256217167103 0.21629382258654622 0.4120187684852009 0.21629382263282543 0.2815481848433879 0.4055440296792687 0.30393058279686536 0.3875046647421275
65 0.27966698102923976 0.2815481849690263 0.3875046649205144 0.4120187681088885 0.3122945902443387 0.21754449792812594 0.4266592828615128 0.33577294089199816 0.20826202874013208 0.37729335543780007 0.21629382232333347 0.11947779521679093 0.294256217167103 0.21629382258654622 0.4120187684852009 0.21629382263282543 0.2815481848433879 0.4055440296792687 0.30393058279686536 0.3875046647421275
23 0.0024939817369570906 0.05047547861825139 0.13363928033785163 0.21104822133612333 0.08544504572745788 0.807188707382931 0.3210780024968604 0.11066501904946915 0.020555294857209454 0.2455903722810172 0.554209339580747 0.012364459631794061 0.26326565896652404 0.5542093396754025 0.21104822142170168 0.5542093397361174 0.05047547750888512 0.20428657938289085 0.05023473711605148 0.13363928036668118
20 0.3612881804551386 0.20830167036687547 0.3223477333347206 0.4235001794309809 0.2976546525211282 0.2969722521856048 0.5928126574174558 0.21827851424739503 0.15664955307444098 0.3537420034659244 0.20454200292347857 0.09845233307296669 0.28800320891814457 0.20454200318540094 0.4235001799046587 0.20454200315101753 0.20830166976955086 0.44094510641203005 0.2793769989990989 0.32234773326360977
59 0.0004054283715295888 0.056233060030251 0.21815416861698142 0.216293822472725 0.06022674490968534 0.587163341782244 0.1961363432909547 0.2354479025735792 0.008241976418536233 0.2465247219245967 0.6278807946315839 0.003226522660151709 0.2776652428517351 0.6278807948525961 0.21629382241778042 0.62788079506106 0.05623305996998637 0.19767319407616404 0.05390210903813506 0.21815416873097268
10 0.4447481036379145 0.44547503673690625 0.33172661929752806 0.30861920812259497 0.4208613920759636 0.050236036332011146 0.289970469837716 0.30397391967813553 0.40894072095378914 0.2643802529981964 0.05171773530478415 0.28379391571860785 0.1981521267748461 0.05171773545454214 0.3086192084437511 0.051717735418670516 0.44547503605877387 0.3168542786296841 0.4161423279457585 0.3317266191623487
55 0.30842663051485625 0.26078821878796354 0.3745776835209378 0.4231742487569986 0.30379257534604404 0.2311939477581225 0.49955804893911787 0.28673001526322023 0.1843918183854382 0.3471215244425705 0.20522459619022929 0.10147055487745815 0.27650893950931466 0.20522459642023827 0.4231742487728638 0.20522459639758658 0.26078821812453257 0.43540973227205776 0.30885131335829275 0.37457768311011314
60 0.17084774862970978 0.3543369883094321 0.4134124193266463 0.3357729411236833 0.3055076525446878 0.1525226233758624 0.2241789695028322 0.5198208543624208 0.2619810301928283 0.3981076393780528 0.23544790240242 0.21461957031732462 0.31862562972400066 0.23544790255567516 0.3357729407867288 0.23544790262052165 0.3543369876127427 0.30665775953517554 0.2833254561312129 0.4134124190138472
35 0.27966698102923976 0.2815481849690263 0.3875046649205144 0.4120187681088885 0.3122945902443387 0.21754449792812594 0.4266592828615128 0.33577294089199816 0.20826202874013208 0.37729335543780007 0.21629382232333347 0.11947779521679093 0.294256217167103 0.21629382258654622 0.4120187684852009 0.21629382263282543 0.2815481848433879 0.4055440296792687 0.30393058279686536 0.3875046647421275
45 0.5511780232112762 0.3722177496894683 0.2987143006330545 0.34163717509807673 0.43603201082477183 0.07766792115973525 0.40473192073635905 0.23708156487164006 0.34259469427849504 0.306569233657402 0.057381620076290434 0.21149104909818883 0.22906227067288185 0.057381620018682314 0.3416371758356502 0.057381620128569975 0.37221774904982646 0.34469195506521233 0.39211109449928555 0.2987143002538501
26 0.2668279109909235 0.36425279273920336 0.1467267447916636 0.11947779528290187 0.29543058123572485 0.008248998097519914 0.092197521356625 0.21461957031734893 0.5595823505365148 0.1682300368248048 0.003226522606596216 0.9995235830275873 0.1820322827481265 0.0032265226440428675 0.11947779551710501 0.003226522730929066 0.3642527922035952 0.09776706210014534 0.2583013084036856 0.14672674448231615
68 0.0004054283715295888 0.056233060030251 0.21815416861698142 0.216293822472725 0.06022674490968534 0.587163341782244 0.1961363432909547 0.2354479025735792 0.008241976418536233 0.2465247219245967 0.6278807946315839 0.003226522660151709 0.2776652428517351 0.6278807948525961 0.21629382241778042 0.62788079506106 0.05623305996998637 0.19767319407616404 0.05390210903813506 0.21815416873097268
14 0.6791340296399098 0.3742996990971612 0.22606046759557014 0.2796669812962445 0.4517560753050157 0.003004500361992362 0.3514428353012278 0.17084774862993315 0.4105629833052792 0.25616571349538925 0.00040542831425711626 0.26682791099094727 0.22378090619633403 0.0004054283476222501 0.27966698087889563 0.000405428421744235 0.3742996981148721 0.2923926650834807 0.44966332331589887 0.22606046722709722
61 0.25616571349558315 0.2818861558864537 0.36606997158805094 0.37729335556466304 0.32857460260412125 0.2516524561151903 0.3234336447265343 0.3981076393781328 0.24434002443071834 0.4678663204966332 0.24652472176183915 0.16823003682481164 0.3569179468015662 0.24652472189842353 0.3772933554453309 0.24652472207225617 0.2818861551390775 0.3260363390424949 0.2558115662013026 0.3660699714400273
7 0.538470936065164 0.40819386221823106 0.3264502653328544 0.33469257601631874 0.40818311173810035 0.050427950612522615 0.39808089814508363 0.23752090248125646 0.31969639456978954 0.23041343606434064 0.04741283650303042 0.2014301047609065 0.18039743918785184 0.04741283660959954 0.33469257718039164 0.0474128367457058 0.4081938617982962 0.3678564165988084 0.4299145947599392 0.326450264961672
50 0.25587427696174897 0.3016364869374135 0.39601351649219935 0.38316434051317894 0.29993556483172085 0.17722505153719256 0.36533624445659946 0.36417935527549533 0.2129700497370529 0.3470508149560216 0.2059609784084047 0.11644616707825863 0.2937568434938555 0.20596097854474976 0.3831643405048017 0.20596097867187127 0.30163648621609856 0.5030688495660026 0.33439108662246775 0.39601351629026127
17 0.2260604673863611 0.32527210816624574 0.4186431993730366 0.38750466518104076 0.30879165567645117 0.16595669846121552 0.33876938471708584 0.4134124191934916 0.23053254451305705 0.36606997134012786 0.21815416855451986 0.14672674465151114 0.2885808564973158 0.21815416879985605 0.3875046654138714 0.21815416888966865 0.325272107264027 0.38069633154762883 0.3133956055844287 0.4186431992566213
27 0.003004500361995049 0.05294133471590792 0.16595669844696143 0.21754449781107923 0.07311967841152626 0.7267267095680272 0.2704040445093154 0.15252262337584582 0.01560295020432826 0.25165245611518783 0.5871633416921286 0.008248998097532248 0.2706641527011626 0.5871633418951892 0.2175444977893044 0.5871633419177775 0.05294133420994137 0.20219032547965593 0.05223409828292048 0.1659566984892532
57 0.0004054283715295888 0.056233060030251 0.21815416861698142 0.216293822472725 0.06022674490968534 0.587163341782244 0.1961363432909547 0.2354479025735792 0.008241976418536233 0.2465247219245967 0.6278807946315839 0.003226522660151709 0.2776652428517351 0.6278807948525961 0.21629382241778042 0.62788079506106 0.05623305996998637 0.19767319407616404 0.05390210903813506 0.21815416873097268
53 0.33929015235915083 0.3006930261513732 0.3352747600072635 0.3379392014909066 0.3483579651431234 0.18642039868300295 0.3321588193368955 0.35881190298565746 0.32763050628465273 0.35799705825374994 0.12917497092903168 0.19429428863610204 0.30250290809354013 0.12917497114150917 0.3379392027065381 0.12917497120429078 0.30069302176831214 0.3010262679478079 0.3486160124470158 0.33527475969348414
36 0.45175607530484596 0.41636655901904157 0.30879165586070334 0.31229458998739895 0.44346715979376905 0.07311967841151247 0.2918712937073006 0.3055076525446569 0.43046365592470476 0.3285746026040866 0.06022674476947899 0.29543058123572186 0.23947463690595158 0.06022674495274516 0.31229459001812354 0.06022674504990781 0.41636655817102897 0.295414210129638 0.3832251908073346 0.3087916554832673
64 0.30842663051485625 0.26078821878796354 0.3745776835209378 0.4231742487569986 0.30379257534604404 0.2311939477581225 0.49955804893911787 0.28673001526322023 0.1843918183854382 0.3471215244425705 0.20522459619022929 0.10147055487745815 0.27650893950931466 0.20522459642023827 0.4231742487728638 0.20522459639758658 0.26078821812453257 0.43540973227205776 0.30885131335829275 0.37457768311011314
29 0.003004500361995049 0.05294133471590792 0.16595669844696143 0.21754449781107923 0.07311967841152626 0.7267267095680272 0.2704040445093154 0.15252262337584582 0.01560295020432826 0.25165245611518783 0.5871633416921286 0.008248998097532248 0.2706641527011626 0.5871633418951892 0.2175444977893044 0.5871633419177775 0.05294133420994137 0.20219032547965593 0.05223409828292048 0.1659566984892532
41 0.5450495040243346 0.3909110413074607 0.3128811974384005 0.33911931071689716 0.42266161051050644 0.06359508335697496 0.4013451604515075 0.23758134188576555 0.33135964384095157 0.2680082553806116 0.05224181049010631 0.20594557823061457 0.20405995122390622 0.052241810515480686 0.33911931124722094 0.05224181065246687 0.3909110407072322 0.35687802207371866 0.41221419604930987 0.3128811970255227
11 0.4496633233158629 0.3956667647637614 0.3133956056896403 0.30393058249775884 0.3832251908073252 0.052234098282911985 0.2970342031186291 0.28332545613125026 0.3707383627940902 0.25581156620131507 0.053902108926000385 0.25830130840367704 0.34597607962309346 0.053902109119434 0.30393058276832263 0.05390210910170013 0.39566676387701266 0.3325450970038949 0.526133700802814 0.31339560540935874
13 0.2237809061963251 0.21191630464324598 0.2885808566282055 0.29425621659610396 0.2394746369059595 0.270664152701156 0.26750341906191966 0.31862562972398983 0.18640856151934515 0.3569179468015792 0.27766524275161003 0.18203228274811914 0.7709382087030345 0.2776652428584757 0.29425621731980356 0.2776652429376026 0.2119163040460627 0.2758129624106818 0.3459760796230765 0.2885808563984897
16 0.3742996987479569 0.46397900371933404 0.32527210779078897 0.2815481851067517 0.4163665587798608 0.05294133452305856 0.22210610436997238 0.3543369881781486 0.4575450085121481 0.2818861554699293 0.05623305991592817 0.36425279230567476 0.21191630439123574 0.05623306001868989 0.2815481854975283 0.05623306010337137 0.4639790035052044 0.27517234601222695 0.3956667644354305 0.3252721076199051
