id,x_0,x_1,x_2,x_3,x_4,x_5,x_6,x_7,x_8,x_9,x_10,x_11
0.0,0.00487095687124741,2.220446049250313e-16,0.676411555365766,0.011220888468873808,1.127481188998847,0.4493029301752798,2.220446049250313e-16,0.09020752157095577,0.25437002084716687,0.02591794633296291,2.220446049250313e-16,2.220446049250313e-16
1.0,0.25111259635377636,0.3129830183562743,0.0009512444747536246,2.220446049250313e-16,0.022195823571578118,2.220446049250313e-16,2.220446049250313e-16,2.220446049250313e-16,2.220446049250313e-16,1.0541890667699172,2.220446049250313e-16,0.8074921955519196
2.0,2.220446049250313e-16,2.220446049250313e-16,0.6385780532593,0.7122415639205054,1.0119549009434243,0.11427880008445239,2.220446049250313e-16,2.220446049250313e-16,0.5345255413345757,0.023060681306504342,2.220446049250313e-16,2.220446049250313e-16
3.0,0.0042943217512035866,0.6063550428506621,0.0035214586928379115,2.220446049250313e-16,0.005455195960658783,2.220446049250313e-16,0.004697813723184263,2.220446049250313e-16,0.07593817552341343,0.9746502739119272,2.220446049250313e-16,0.9689393981467117
4.0,2.220446049250313e-16,0.03533780489776518,0.34796559445615555,2.220446049250313e-16,0.5105500771455767,0.8845671619080462,2.220446049250313e-16,2.220446049250313e-16,0.31316108064174913,2.220446049250313e-16,0.011341103943461918,0.35819702567227096
5.0,0.0042943217512035866,0.6063550428506621,0.0035214586928379115,2.220446049250313e-16,0.005455195960658783,2.220446049250313e-16,0.004697813723184263,2.220446049250313e-16,0.07593817552341343,0.9746502739119272,2.220446049250313e-16,0.9689393981467117
6.0,2.220446049250313e-16,2.220446049250313e-16,0.6385780532593,0.7122415639205054,1.0119549009434243,0.11427880008445239,2.220446049250313e-16,2.220446049250313e-16,0.5345255413345757,0.023060681306504342,2.220446049250313e-16,2.220446049250313e-16
7.0,0.10250520914993641,0.6030055834577991,2.220446049250313e-16,2.220446049250313e-16,0.07984792059549867,2.220446049250313e-16,0.0039720275186029075,2.220446049250313e-16,0.3287778590294741,1.0786862173690395,2.220446049250313e-16,0.5312240050408862
8.0,0.0448790306415163,2.220446049250313e-16,0.2898895265343129,0.7544926125300256,1.104228361737552,2.220446049250313e-16,2.220446049250313e-16,2.220446049250313e-16,0.5191811657643765,0.14708847634026329,2.220446049250313e-16,2.220446049250313e-16
9.0,0.40345433081258314,2.220446049250313e-16,2.220446049250313e-16,2.220446049250313e-16,0.015152809169494574,2.220446049250313e-16,2.220446049250313e-16,2.220446049250313e-16,2.220446049250313e-16,1.0505564590283476,2.220446049250313e-16,0.8001581693658868
10.0,0.048822503457965453,2.220446049250313e-16,0.33122101083530997,0.021525868657272573,1.1140065796587535,0.5407302042704935,2.220446049250313e-16,0.090672058753377,0.2504094093870666,0.024250463561984313,2.220446049250313e-16,2.220446049250313e-16
11.0,1.0165041698329584,2.220446049250313e-16,0.6649247180148363,0.16713177596726347,0.06226619601250284,2.220446049250313e-16,2.220446049250313e-16,2.220446049250313e-16,2.220446049250313e-16,0.541059813389318,0.10651720977528986,0.07308140377920942
12.0,0.19976556458084438,2.220446049250313e-16,2.220446049250313e-16,2.220446049250313e-16,0.11261386269843454,1.142600114184338,0.6005548915776607,2.220446049250313e-16,0.06840431244029764,0.0306770488779779,2.220446049250313e-16,0.11703300250711277
13.0,1.1547866719132702,2.220446049250313e-16,0.278467002972807,0.8437124843223627,0.04962749372848219,0.06877606041483329,2.220446049250313e-16,2.220446049250313e-16,2.220446049250313e-16,0.010046303560100103,2.220446049250313e-16,0.20184069304511434
14.0,0.11250149525853516,2.220446049250313e-16,2.220446049250313e-16,2.220446049250313e-16,0.06553066014096443,1.1950602326986561,0.6071738547470629,2.220446049250313e-16,0.27997350878563576,2.220446049250313e-16,2.220446049250313e-16,0.08985985495920565
15.0,0.6570977152519022,2.220446049250313e-16,0.5898793891825682,0.8524045520659703,0.00719476439237049,2.220446049250313e-16,2.220446049250313e-16,2.220446049250313e-16,0.1529792343112995,2.220446049250313e-16,2.220446049250313e-16,0.7199145901489346
16.0,2.220446049250313e-16,0.036664656433732554,2.220446049250313e-16,2.220446049250313e-16,0.08605733690998862,1.2120916069357681,0.6125059858044783,0.013363997564292459,0.11769890773506844,2.220446049250313e-16,0.020264743088359606,0.25544429807997
17.0,2.220446049250313e-16,0.6072757524629968,0.3000101622630954,0.02080508939053649,2.220446049250313e-16,0.025859733765800894,0.003180945385522452,2.220446049250313e-16,2.220446049250313e-16,0.8184882986696084,2.220446049250313e-16,1.0950982437727992
18.0,2.220446049250313e-16,2.220446049250313e-16,0.6589097402925286,0.3464545790398469,1.0377794904747277,0.3381210789744022,2.220446049250313e-16,2.220446049250313e-16,0.5154418033702581,0.0203614520475403,2.220446049250313e-16,2.220446049250313e-16
19.0,0.25111259635377636,0.3129830183562743,0.0009512444747536246,2.220446049250313e-16,0.022195823571578118,2.220446049250313e-16,2.220446049250313e-16,2.220446049250313e-16,2.220446049250313e-16,1.0541890667699172,2.220446049250313e-16,0.8074921955519196
20.0,0.9548494125856525,2.220446049250313e-16,0.3265827166877613,2.220446049250313e-16,2.220446049250313e-16,0.2459013755276889,2.220446049250313e-16,2.220446049250313e-16,2.220446049250313e-16,0.4185043737176017,0.4467942361041571,2.220446049250313e-16
21.0,0.05146905593172796,2.220446049250313e-16,2.220446049250313e-16,2.220446049250313e-16,0.8268828599027331,1.0596699595527568,2.220446049250313e-16,2.220446049250313e-16,2.220446049250313e-16,0.047874354657713676,2.220446049250313e-16,0.014435307163361671
22.0,0.7179963656670627,2.220446049250313e-16,0.3466352354498865,2.220446049250313e-16,2.220446049250313e-16,2.220446049250313e-16,2.220446049250313e-16,2.220446049250313e-16,0.31155164959032794,0.3483810463091508,0.7746207224759851,0.0854690969521449
23.0,0.7179963656670627,2.220446049250313e-16,0.3466352354498865,2.220446049250313e-16,2.220446049250313e-16,2.220446049250313e-16,2.220446049250313e-16,2.220446049250313e-16,0.31155164959032794,0.3483810463091508,0.7746207224759851,0.0854690969521449
24.0,0.7179963656670627,2.220446049250313e-16,0.3466352354498865,2.220446049250313e-16,2.220446049250313e-16,2.220446049250313e-16,2.220446049250313e-16,2.220446049250313e-16,0.31155164959032794,0.3483810463091508,0.7746207224759851,0.0854690969521449
25.0,2.220446049250313e-16,0.025747009952321372,2.220446049250313e-16,2.220446049250313e-16,0.3280252719523834,2.220446049250313e-16,2.220446049250313e-16,0.04636262954834797,1.1535957531944239,0.9366556028974521,0.12160091620441262,2.220446049250313e-16
26.0,0.026312884357710915,2.220446049250313e-16,2.220446049250313e-16,2.220446049250313e-16,0.11835699434256985,2.220446049250313e-16,0.6270084131356468,0.8196934184992668,2.220446049250313e-16,0.01351283142424839,0.6093046901122856,0.526253858989443
27.0,2.220446049250313e-16,2.220446049250313e-16,2.220446049250313e-16,0.7372812289402035,0.9358231229308303,0.023017539408587893,2.220446049250313e-16,0.9379917251434157,2.220446049250313e-16,2.220446049250313e-16,2.220446049250313e-16,2.220446049250313e-16
28.0,2.220446049250313e-16,0.6331166506772222,8.881784197001252e-16,2.220446049250313e-16,2.220446049250313e-16,0.0034732478377413442,2.220446049250313e-16,0.9005135536429237,0.06304608369221917,2.220446049250313e-16,0.9875455087414696,2.220446049250313e-16
29.0,2.220446049250313e-16,0.6331166506772222,8.881784197001252e-16,2.220446049250313e-16,2.220446049250313e-16,0.0034732478377413442,2.220446049250313e-16,0.9005135536429237,0.06304608369221917,2.220446049250313e-16,0.9875455087414696,2.220446049250313e-16
30.0,0.10044977893405581,0.6020146433908774,0.32210528476603145,0.28917149814860604,2.220446049250313e-16,0.6717109922190626,2.220446049250313e-16,2.220446049250313e-16,0.2363828532473828,0.2809064753324248,2.220446049250313e-16,0.2701136625093586
31.0,2.220446049250313e-16,0.036943968080227395,0.009566166284943556,2.220446049250313e-16,0.09958607005929526,1.129024298755637,0.6093728987825164,0.013068336549005882,0.11728194840962887,2.220446049250313e-16,0.020512564268502266,0.42217184078708403
32.0,2.220446049250313e-16,0.036943968080227395,0.009566166284943556,2.220446049250313e-16,0.09958607005929526,1.129024298755637,0.6093728987825164,0.013068336549005882,0.11728194840962887,2.220446049250313e-16,0.020512564268502266,0.42217184078708403
33.0,2.220446049250313e-16,0.6054649321318554,0.5974896663022877,0.8416284550582491,2.220446049250313e-16,0.04086104832947449,0.00714130381971059,2.220446049250313e-16,0.13295884952417594,0.018129026221620895,2.220446049250313e-16,1.0949412664654186
34.0,2.220446049250313e-16,0.6054649321318554,0.5974896663022877,0.8416284550582491,2.220446049250313e-16,0.04086104832947449,0.00714130381971059,2.220446049250313e-16,0.13295884952417594,0.018129026221620895,2.220446049250313e-16,1.0949412664654186
35.0,2.220446049250313e-16,0.025747009952321372,2.220446049250313e-16,2.220446049250313e-16,0.3280252719523834,2.220446049250313e-16,2.220446049250313e-16,0.04636262954834797,1.1535957531944239,0.9366556028974521,0.12160091620441262,2.220446049250313e-16
36.0,0.026312884357710915,2.220446049250313e-16,2.220446049250313e-16,2.220446049250313e-16,0.11835699434256985,2.220446049250313e-16,0.6270084131356468,0.8196934184992668,2.220446049250313e-16,0.01351283142424839,0.6093046901122856,0.526253858989443
37.0,2.220446049250313e-16,2.220446049250313e-16,2.220446049250313e-16,0.7372812289402035,0.9358231229308303,0.023017539408587893,2.220446049250313e-16,0.9379917251434157,2.220446049250313e-16,2.220446049250313e-16,2.220446049250313e-16,2.220446049250313e-16
38.0,2.220446049250313e-16,0.6331166506772222,8.881784197001252e-16,2.220446049250313e-16,2.220446049250313e-16,0.0034732478377413442,2.220446049250313e-16,0.9005135536429237,0.06304608369221917,2.220446049250313e-16,0.9875455087414696,2.220446049250313e-16
39.0,2.220446049250313e-16,0.6331166506772222,8.881784197001252e-16,2.220446049250313e-16,2.220446049250313e-16,0.0034732478377413442,2.220446049250313e-16,0.9005135536429237,0.06304608369221917,2.220446049250313e-16,0.9875455087414696,2.220446049250313e-16
40.0,2.220446049250313e-16,0.02680551054797864,2.220446049250313e-16,2.220446049250313e-16,0.29792500529235066,2.220446049250313e-16,2.220446049250313e-16,0.20398050732980125,0.9921488616264643,0.9199783895742454,0.11206723614314593,2.220446049250313e-16
41.0,0.026312884357710915,2.220446049250313e-16,2.220446049250313e-16,2.220446049250313e-16,0.11835699434256985,2.220446049250313e-16,0.6270084131356468,0.8196934184992668,2.220446049250313e-16,0.01351283142424839,0.6093046901122856,0.526253858989443
42.0,2.220446049250313e-16,2.220446049250313e-16,2.220446049250313e-16,0.7372812289402035,0.9358231229308303,0.023017539408587893,2.220446049250313e-16,0.9379917251434157,2.220446049250313e-16,2.220446049250313e-16,2.220446049250313e-16,2.220446049250313e-16
43.0,2.220446049250313e-16,0.6331166506772222,8.881784197001252e-16,2.220446049250313e-16,2.220446049250313e-16,0.0034732478377413442,2.220446049250313e-16,0.9005135536429237,0.06304608369221917,2.220446049250313e-16,0.9875455087414696,2.220446049250313e-16
44.0,2.220446049250313e-16,0.6331166506772222,8.881784197001252e-16,2.220446049250313e-16,2.220446049250313e-16,0.0034732478377413442,2.220446049250313e-16,0.9005135536429237,0.06304608369221917,2.220446049250313e-16,0.9875455087414696,2.220446049250313e-16
45.0,0.6520463711592815,2.220446049250313e-16,0.3482726939707984,0.028345257540892635,0.09157997291883697,2.220446049250313e-16,2.220446049250313e-16,2.220446049250313e-16,2.220446049250313e-16,0.2558872005600892,0.7297212408410644,0.3363814793539904
46.0,2.220446049250313e-16,2.220446049250313e-16,0.6295424976187755,2.220446049250313e-16,0.8674733207587657,0.7300328514398847,2.220446049250313e-16,0.4085808893644912,0.02675194417037034,2.220446049250313e-16,2.220446049250313e-16,2.220446049250313e-16
47.0,0.4472497591932331,2.220446049250313e-16,2.220446049250313e-16,2.220446049250313e-16,2.220446049250313e-16,2.220446049250313e-16,2.220446049250313e-16,0.5785965229614425,0.01187845784728854,2.220446049250313e-16,0.9975414734333465,0.21179126795769596
48.0,0.4472497591932331,2.220446049250313e-16,2.220446049250313e-16,2.220446049250313e-16,2.220446049250313e-16,2.220446049250313e-16,2.220446049250313e-16,0.5785965229614425,0.01187845784728854,2.220446049250313e-16,0.9975414734333465,0.21179126795769596
49.0,0.04414610593681914,2.220446049250313e-16,2.220446049250313e-16,2.220446049250313e-16,0.09457364138555069,2.220446049250313e-16,0.6145138240148501,2.220446049250313e-16,0.3185398611986095,0.8208439901750596,0.3267542358838589,0.4551961688306789
50.0,0.2724504164201924,2.220446049250313e-16,0.6100497063037839,0.6703571493673062,2.220446049250313e-16,0.021833289742144126,0.623123114791252,2.220446049250313e-16,0.5222774496463123,0.12363921353673121,2.220446049250313e-16,0.5209479817748525
51.0,2.220446049250313e-16,0.03014600152352398,2.220446049250313e-16,2.220446049250313e-16,2.220446049250313e-16,2.220446049250313e-16,0.6235476207255153,0.266158930416052,0.6179887682456771,0.6775002822230948,0.23567978346815469,0.39742904393510164
52.0,2.220446049250313e-16,2.220446049250313e-16,2.220446049250313e-16,0.37176151480285513,0.9750575863851603,0.24363661120116284,2.220446049250313e-16,0.808538477446261,2.220446049250313e-16,0.0899536587357567,2.220446049250313e-16,2.220446049250313e-16
53.0,2.220446049250313e-16,0.6331166506772222,8.881784197001252e-16,2.220446049250313e-16,2.220446049250313e-16,0.0034732478377413442,2.220446049250313e-16,0.9005135536429237,0.06304608369221917,2.220446049250313e-16,0.9875455087414696,2.220446049250313e-16
54.0,2.220446049250313e-16,0.6331166506772222,8.881784197001252e-16,2.220446049250313e-16,2.220446049250313e-16,0.0034732478377413442,2.220446049250313e-16,0.9005135536429237,0.06304608369221917,2.220446049250313e-16,0.9875455087414696,2.220446049250313e-16
55.0,0.9685595425582152,2.220446049250313e-16,2.220446049250313e-16,0.6314382342598341,2.220446049250313e-16,0.634224514450127,0.004156175930386814,2.220446049250313e-16,0.10066656866629715,0.013318587173192316,2.220446049250313e-16,2.220446049250313e-16
56.0,0.34438058292680346,2.220446049250313e-16,2.220446049250313e-16,2.220446049250313e-16,0.10771543858951937,1.126725453687934,0.6029842667546357,2.220446049250313e-16,0.07274508622281872,0.03413289604410883,2.220446049250313e-16,2.220446049250313e-16
57.0,0.25223493320416324,2.220446049250313e-16,2.220446049250313e-16,2.220446049250313e-16,0.06089701387050894,1.1802569459961023,0.609061603779718,2.220446049250313e-16,0.28380104199372996,2.220446049250313e-16,2.220446049250313e-16,2.220446049250313e-16
58.0,1.16725019581123,2.220446049250313e-16,0.2807033549856332,0.843726299706352,0.047007683718324166,0.07913180761568869,2.220446049250313e-16,2.220446049250313e-16,2.220446049250313e-16,0.014681959412421763,0.09464098521385066,0.024051316617634655
59.0,1.16725019581123,2.220446049250313e-16,0.2807033549856332,0.843726299706352,0.047007683718324166,0.07913180761568869,2.220446049250313e-16,2.220446049250313e-16,2.220446049250313e-16,0.014681959412421763,0.09464098521385066,0.024051316617634655
60.0,0.9685595425582152,2.220446049250313e-16,2.220446049250313e-16,0.6314382342598341,2.220446049250313e-16,0.634224514450127,0.004156175930386814,2.220446049250313e-16,0.10066656866629715,0.013318587173192316,2.220446049250313e-16,2.220446049250313e-16
61.0,0.24303504018860458,2.220446049250313e-16,2.220446049250313e-16,2.220446049250313e-16,0.08501105102637396,1.202739669880395,0.6157883362028148,2.220446049250313e-16,0.04446130177438922,2.220446049250313e-16,2.220446049250313e-16,0.11119671785427161
62.0,0.5090329273039169,0.6028560711261646,2.220446049250313e-16,2.220446049250313e-16,0.10956857387788044,1.0766781397094898,2.220446049250313e-16,2.220446049250313e-16,0.0720645199199387,0.0019614278676496535,2.220446049250313e-16,2.220446049250313e-16
63.0,1.0454715643309815,2.220446049250313e-16,0.0012351022738245065,0.45831882701383614,0.06243293991466179,0.4142455546311204,4.921252913418053e-05,2.220446049250313e-16,2.220446049250313e-16,2.220446049250313e-16,2.220446049250313e-16,0.3231408620746532
64.0,1.0454715643309815,2.220446049250313e-16,0.0012351022738245065,0.45831882701383614,0.06243293991466179,0.4142455546311204,4.921252913418053e-05,2.220446049250313e-16,2.220446049250313e-16,2.220446049250313e-16,2.220446049250313e-16,0.3231408620746532
65.0,2.220446049250313e-16,0.027361102094848364,2.220446049250313e-16,2.220446049250313e-16,2.220446049250313e-16,0.014580599742897493,0.6259469606570252,0.07494679004843093,1.0891076025651014,0.9833232935724179,0.012431218952385407,0.0438508539855601
66.0,2.220446049250313e-16,2.220446049250313e-16,2.220446049250313e-16,2.220446049250313e-16,0.09543951588574731,2.220446049250313e-16,0.627805260680216,0.35063629627455467,0.9119296115641748,0.6724873125547716,0.1051577668707318,0.07428640152236433
67.0,0.03046037889673074,2.220446049250313e-16,2.220446049250313e-16,0.8383534322146733,0.8425596830293645,2.220446049250313e-16,2.220446049250313e-16,0.5680234811018929,2.220446049250313e-16,0.23507925975427924,2.220446049250313e-16,0.11730565828485927
68.0,2.220446049250313e-16,2.220446049250313e-16,2.220446049250313e-16,0.34907468168722067,0.4917723130202145,2.220446049250313e-16,2.220446049250313e-16,0.04009103090506385,1.0670481412954538,0.6820555317495133,0.09551548031953604,2.220446049250313e-16
69.0,2.220446049250313e-16,2.220446049250313e-16,2.220446049250313e-16,2.220446049250313e-16,0.08377351208954864,2.220446049250313e-16,0.6045035244729887,0.5661628698809366,0.22020770571754422,0.09121965080602351,0.9898555575306941,0.0787755725406815
