id,x_0,x_1,x_2,x_3,x_4,x_5,x_6,x_7,x_8,x_9,x_10,x_11,x_12,x_13,x_14,x_15
0.0,0.14022165462851444,2.220446049250313e-16,2.220446049250313e-16,0.29163347931263217,0.8072966010578894,2.220446049250313e-16,0.7054267584717012,2.220446049250313e-16,0.00017170772359451726,2.220446049250313e-16,0.6204383899813597,0.6834558800131416,0.3584396664460653,0.007574301396715786,2.220446049250313e-16,2.220446049250313e-16
1.0,0.008214496945163638,2.220446049250313e-16,0.8005842239942091,0.2480186685224033,0.0189674329379972,0.762975957925704,2.220446049250313e-16,2.220446049250313e-16,0.9604258604137813,2.220446049250313e-16,0.10388462791543332,0.27764887625435747,2.220446049250313e-16,0.13520077929899238,0.021819760065131186,2.220446049250313e-16
2.0,0.06643163430240154,2.220446049250313e-16,2.220446049250313e-16,0.96296249002941,0.867069274903885,2.220446049250313e-16,0.5359184699545867,0.009882346876934829,0.17630077384282467,2.220446049250313e-16,2.220446049250313e-16,2.220446049250313e-16,0.3375676153288227,2.220446049250313e-16,2.220446049250313e-16,2.220446049250313e-16
3.0,2.220446049250313e-16,2.220446049250313e-16,0.7713906550693194,0.11668870721643876,2.220446049250313e-16,2.220446049250313e-16,2.220446049250313e-16,0.7816857356370488,0.9392016599742536,2.220446049250313e-16,2.220446049250313e-16,0.630592049250844,2.220446049250313e-16,0.270916632452645,0.0002707840583554347,2.220446049250313e-16
4.0,0.9865012084341515,1.1102230246251565e-16,2.220446049250313e-16,2.220446049250313e-16,0.3851901093230931,0.38148797974121634,2.220446049250313e-16,2.220446049250313e-16,0.022994042692874066,0.4890953195928202,0.6275646371176521,0.1826494457899297,2.220446049250313e-16,0.09073591474735596,2.220446049250313e-16,0.38011024003130145
5.0,0.032779659397539636,0.6577795694940478,0.06470712344254714,2.220446049250313e-16,2.220446049250313e-16,2.220446049250313e-16,2.220446049250313e-16,0.07970745453697191,0.04649912192176797,2.220446049250313e-16,2.220446049250313e-16,2.220446049250313e-16,0.6813481252520385,1.2282612118429315,0.03926130146888273,0.6418251964498424
6.0,0.9081824703119402,2.220446049250313e-16,2.220446049250313e-16,2.220446049250313e-16,0.755508572039161,2.220446049250313e-16,0.01717626065996949,2.220446049250313e-16,2.220446049250313e-16,0.0015420035381305032,0.6313817256046994,0.7281351628885809,2.220446049250313e-16,2.220446049250313e-16,2.220446049250313e-16,0.6193323832219433
7.0,2.220446049250313e-16,0.65701869378144,0.08721456307863742,2.220446049250313e-16,2.220446049250313e-16,2.220446049250313e-16,0.022369430859083318,0.08720632867599022,0.10693891031640056,2.220446049250313e-16,2.220446049250313e-16,0.06292444537642708,0.5099249490661386,1.1211868925508217,0.057303892006334414,0.7908252332258436
8.0,1.0035674372876116,2.220446049250313e-16,2.220446049250313e-16,2.220446049250313e-16,0.020170243592706028,0.38148797818448715,2.220446049250313e-16,0.4111918456259752,2.220446049250313e-16,0.6875069215208853,0.6273640824221479,2.220446049250313e-16,2.220446049250313e-16,0.17315206536114391,2.220446049250313e-16,0.2496507779639932
9.0,2.220446049250313e-16,0.7396833067036473,0.11991899165420261,2.220446049250313e-16,2.220446049250313e-16,2.220446049250313e-16,0.20858816007545028,2.220446049250313e-16,0.06474099697959601,2.220446049250313e-16,2.220446049250313e-16,0.07878912552050236,0.33830783537046893,0.8507887278615185,0.3681786202192193,0.8294707660541445
10.0,0.882508241231408,2.220446049250313e-16,2.220446049250313e-16,2.220446049250313e-16,0.7714705484594757,2.220446049250313e-16,2.220446049250313e-16,2.220446049250313e-16,0.003527009557213994,0.7223433630185363,0.6349557077128813,2.220446049250313e-16,2.220446049250313e-16,0.09885957067784117,0.022385608819106166,0.2578623159360078
11.0,2.220446049250313e-16,0.6562171994020386,0.08916346435723752,2.220446049250313e-16,2.220446049250313e-16,2.220446049250313e-16,0.2152772638799949,0.09204555731559903,0.42028376924019034,2.220446049250313e-16,2.220446049250313e-16,0.08062079171824515,2.220446049250313e-16,1.0858801977819525,0.07630967004083081,0.8056380412984188
12.0,0.7560948860817901,2.220446049250313e-16,2.220446049250313e-16,2.220446049250313e-16,0.7658203332968678,2.220446049250313e-16,0.2046181383657986,2.220446049250313e-16,2.220446049250313e-16,2.220446049250313e-16,0.6412430135866934,0.5248729493219091,2.220446049250313e-16,0.08888176281236906,2.220446049250313e-16,0.7481915091944652
13.0,0.0324548923961867,0.6576892983712874,0.06142007907909713,2.220446049250313e-16,2.220446049250313e-16,2.220446049250313e-16,2.220446049250313e-16,0.08116935089562,0.3588465083223694,2.220446049250313e-16,2.220446049250313e-16,2.220446049250313e-16,0.4651780786390233,1.222713675861784,0.04140189404969668,0.3960292152799574
14.0,0.9057542630794657,2.220446049250313e-16,0.009293849895518846,2.220446049250313e-16,0.7705725965717516,2.220446049250313e-16,2.220446049250313e-16,0.0005322304745866168,0.02962732710096666,0.2626476480244567,0.6315389745633339,0.17605623064158613,2.220446049250313e-16,2.220446049250313e-16,0.05632418578913986,0.6423368069288182
15.0,0.033112276272673505,0.6579542018262754,0.059141770435761964,2.220446049250313e-16,2.220446049250313e-16,1.1102230246251565e-16,2.220446049250313e-16,0.07741720017246245,0.04478544591403831,2.220446049250313e-16,2.220446049250313e-16,2.220446049250313e-16,0.8099166911169798,1.2540386108889572,0.03512025765216593,0.3928556644130632
16.0,0.9363902745227445,2.220446049250313e-16,2.220446049250313e-16,2.220446049250313e-16,0.3901787053988388,0.3814879781844874,0.010477245417699893,2.220446049250313e-16,2.220446049250313e-16,0.001112461785164114,0.6286303351270034,0.26457630330645154,2.220446049250313e-16,0.14320054966767323,2.220446049250313e-16,0.8853091306682107
17.0,0.03518513677800951,2.220446049250313e-16,0.05119455730626177,2.220446049250313e-16,2.220446049250313e-16,5.551115123125783e-17,2.220446049250313e-16,0.7169370307712215,2.220446049250313e-16,2.220446049250313e-16,2.220446049250313e-16,2.220446049250313e-16,0.7911946362223033,1.0731709856716884,0.27008654124889586,0.4046898452427211
18.0,0.5093738444308958,2.220446049250313e-16,2.220446049250313e-16,2.220446049250313e-16,0.0555473026744841,0.7629759579257034,0.5471460868972409,2.220446049250313e-16,0.04375314820714403,0.02584426245247649,0.6594945234443462,0.8177090560460776,2.220446049250313e-16,2.220446049250313e-16,2.220446049250313e-16,0.5852500982970325
19.0,2.220446049250313e-16,2.220446049250313e-16,2.220446049250313e-16,1.0048228799716437,0.005839944831046995,0.7629759579257038,2.220446049250313e-16,0.010345270444157287,2.220446049250313e-16,2.220446049250313e-16,0.5067984008221547,0.03928830189467493,0.9230249412145085,2.220446049250313e-16,0.005660140186168355,2.220446049250313e-16
20.0,2.220446049250313e-16,2.220446049250313e-16,2.220446049250313e-16,0.6433549684563924,2.220446049250313e-16,2.220446049250313e-16,2.220446049250313e-16,0.7835448841940309,0.7495384597619134,1.249000902703301e-16,0.6450344961078596,0.2050331275713571,0.08129454080453079,0.11989411437395853,2.220446049250313e-16,2.220446049250313e-16
21.0,0.20863339108614107,2.220446049250313e-16,2.220446049250313e-16,0.8327838402898097,0.9067653260063492,2.220446049250313e-16,0.8001639440063195,0.0019392088647457964,2.220446049250313e-16,2.220446049250313e-16,2.220446049250313e-16,0.1285972972846543,0.2103685894485318,2.220446049250313e-16,2.220446049250313e-16,0.10909559433539043
22.0,0.7321621228717587,2.220446049250313e-16,2.220446049250313e-16,0.20484460272340838,0.823737741561337,2.7755575615628914e-17,0.24727683129574704,2.220446049250313e-16,2.220446049250313e-16,2.220446049250313e-16,0.5161389017476979,0.6469442955614173,0.19713018398497187,0.04937450000729191,2.220446049250313e-16,0.11943822851328141
23.0,0.03894818454578072,2.220446049250313e-16,0.7876290924417235,2.220446049250313e-16,2.220446049250313e-16,2.220446049250313e-16,2.220446049250313e-16,0.7701132280442428,0.9292479534625008,2.220446049250313e-16,2.220446049250313e-16,0.5563993410514145,0.07633090650801162,0.2935243536100116,2.220446049250313e-16,2.220446049250313e-16
24.0,0.03894818454578072,2.220446049250313e-16,0.7876290924417235,2.220446049250313e-16,2.220446049250313e-16,2.220446049250313e-16,2.220446049250313e-16,0.7701132280442428,0.9292479534625008,2.220446049250313e-16,2.220446049250313e-16,0.5563993410514145,0.07633090650801162,0.2935243536100116,2.220446049250313e-16,2.220446049250313e-16
25.0,2.220446049250313e-16,2.220446049250313e-16,2.220446049250313e-16,0.9459968912856965,0.009814603704144664,0.7629759579257036,2.220446049250313e-16,2.220446049250313e-16,0.8015331221880581,2.220446049250313e-16,0.5100595910548686,2.220446049250313e-16,2.220446049250313e-16,0.0838419814879954,2.220446049250313e-16,2.220446049250313e-16
26.0,2.220446049250313e-16,2.220446049250313e-16,2.220446049250313e-16,0.8504873489905869,0.7426141725227966,2.220446049250313e-16,2.220446049250313e-16,2.220446049250313e-16,0.5572638683068003,2.220446049250313e-16,0.5146868637881833,0.028075376312295355,0.3484393460993293,2.220446049250313e-16,0.0010841727807672182,2.220446049250313e-16
27.0,2.220446049250313e-16,2.220446049250313e-16,2.220446049250313e-16,0.8504873489905869,0.7426141725227966,2.220446049250313e-16,2.220446049250313e-16,2.220446049250313e-16,0.5572638683068003,2.220446049250313e-16,0.5146868637881833,0.028075376312295355,0.3484393460993293,2.220446049250313e-16,0.0010841727807672182,2.220446049250313e-16
28.0,2.220446049250313e-16,2.220446049250313e-16,2.220446049250313e-16,0.9887731923607317,0.7341579241752949,2.220446049250313e-16,2.220446049250313e-16,0.012322681636313355,0.24146921613984285,2.220446049250313e-16,0.5070440476541878,2.220446049250313e-16,0.6297588729397928,2.220446049250313e-16,2.220446049250313e-16,2.220446049250313e-16
29.0,2.220446049250313e-16,2.220446049250313e-16,2.220446049250313e-16,0.9459968912856965,0.009814603704144664,0.7629759579257036,2.220446049250313e-16,2.220446049250313e-16,0.8015331221880581,2.220446049250313e-16,0.5100595910548686,2.220446049250313e-16,2.220446049250313e-16,0.0838419814879954,2.220446049250313e-16,2.220446049250313e-16
30.0,0.3318897153727444,2.220446049250313e-16,0.1466087006804193,0.05836722367165138,2.220446049250313e-16,2.220446049250313e-16,0.2436929929165893,0.7749088003473439,2.220446049250313e-16,0.44502358771740014,2.220446049250313e-16,0.0315971417812151,0.016303543230540073,0.3552605892713656,0.9717987765170316,0.10883503059041269
31.0,0.34459732359960604,0.7213612754213703,0.09406741851865953,2.220446049250313e-16,2.220446049250313e-16,2.220446049250313e-16,0.25494138560658347,2.220446049250313e-16,2.220446049250313e-16,0.7245169786801451,2.220446049250313e-16,2.220446049250313e-16,2.220446049250313e-16,0.6532000716731283,0.8026476179326647,2.220446049250313e-16
32.0,0.8383542521649064,2.220446049250313e-16,2.220446049250313e-16,2.220446049250313e-16,0.04394437932149575,0.7629759579257035,2.220446049250313e-16,2.220446049250313e-16,0.04912410376493363,0.7792063488693987,0.521580741597734,2.220446049250313e-16,2.220446049250313e-16,0.09252013936081935,0.46264197700642884,2.220446049250313e-16
33.0,2.220446049250313e-16,0.715160988510983,0.7138177779287864,2.220446049250313e-16,0.002480506895588886,2.220446049250313e-16,0.6996878345182239,2.220446049250313e-16,2.220446049250313e-16,0.7020008405165122,2.220446049250313e-16,2.220446049250313e-16,2.220446049250313e-16,0.05363898124919961,0.9496745713305071,2.220446049250313e-16
34.0,2.220446049250313e-16,0.715160988510983,0.7138177779287864,2.220446049250313e-16,0.002480506895588886,2.220446049250313e-16,0.6996878345182239,2.220446049250313e-16,2.220446049250313e-16,0.7020008405165122,2.220446049250313e-16,2.220446049250313e-16,2.220446049250313e-16,0.05363898124919961,0.9496745713305071,2.220446049250313e-16
35.0,2.220446049250313e-16,2.220446049250313e-16,2.220446049250313e-16,0.6042859134252395,2.220446049250313e-16,0.7629759579257035,2.220446049250313e-16,0.01925605684643288,2.220446049250313e-16,2.220446049250313e-16,0.6471383147126936,0.49892944568508774,0.9053850062900355,2.220446049250313e-16,0.00903554222945971,2.220446049250313e-16
36.0,2.220446049250313e-16,2.220446049250313e-16,2.220446049250313e-16,1.0048228799716437,0.005839944831046995,0.7629759579257038,2.220446049250313e-16,0.010345270444157287,2.220446049250313e-16,2.220446049250313e-16,0.5067984008221547,0.03928830189467493,0.9230249412145085,2.220446049250313e-16,0.005660140186168355,2.220446049250313e-16
37.0,2.220446049250313e-16,2.220446049250313e-16,2.220446049250313e-16,1.0048228799716437,0.005839944831046995,0.7629759579257036,2.220446049250313e-16,0.010345270444157204,2.220446049250313e-16,2.220446049250313e-16,0.5067984008221547,0.03928830189467473,0.9230249412145084,2.220446049250313e-16,0.005660140186168372,2.220446049250313e-16
38.0,0.2090459182088311,2.220446049250313e-16,2.220446049250313e-16,0.8254398658341355,0.908376915012702,2.220446049250313e-16,0.5412616795040602,0.00038027789476146565,2.220446049250313e-16,2.220446049250313e-16,2.220446049250313e-16,0.06182479655386034,0.5527147487390677,2.220446049250313e-16,2.220446049250313e-16,2.220446049250313e-16
39.0,2.220446049250313e-16,2.220446049250313e-16,0.19598405680468015,0.17266716508041846,0.7648392999633921,2.220446049250313e-16,2.220446049250313e-16,2.220446049250313e-16,0.2904736355020062,2.220446049250313e-16,0.10795776302393242,0.25463132790714216,0.6320681821219304,0.5415168988975877,0.29491095535321044,2.220446049250313e-16
40.0,0.5334765196172039,2.220446049250313e-16,0.12887469561323317,0.0592166279970604,2.220446049250313e-16,2.220446049250313e-16,2.220446049250313e-16,0.765908114681443,2.220446049250313e-16,0.7155745203124652,2.220446049250313e-16,2.220446049250313e-16,0.01959956261896205,0.502084738890782,0.7918880956266575,2.220446049250313e-16
41.0,0.34459732359960604,0.7213612754213703,0.09406741851865953,2.220446049250313e-16,2.220446049250313e-16,2.220446049250313e-16,0.25494138560658347,2.220446049250313e-16,2.220446049250313e-16,0.7245169786801451,2.220446049250313e-16,2.220446049250313e-16,2.220446049250313e-16,0.6532000716731283,0.8026476179326647,2.220446049250313e-16
42.0,0.8383542521649064,2.220446049250313e-16,2.220446049250313e-16,2.220446049250313e-16,0.04394437932149575,0.7629759579257035,2.220446049250313e-16,2.220446049250313e-16,0.04912410376493363,0.7792063488693987,0.521580741597734,2.220446049250313e-16,2.220446049250313e-16,0.09252013936081935,0.46264197700642884,2.220446049250313e-16
43.0,2.220446049250313e-16,0.715160988510983,0.7138177779287864,2.220446049250313e-16,0.002480506895588886,2.220446049250313e-16,0.6996878345182239,2.220446049250313e-16,2.220446049250313e-16,0.7020008405165122,2.220446049250313e-16,2.220446049250313e-16,2.220446049250313e-16,0.05363898124919961,0.9496745713305071,2.220446049250313e-16
44.0,2.220446049250313e-16,0.715160988510983,0.7138177779287864,2.220446049250313e-16,0.002480506895588886,2.220446049250313e-16,0.6996878345182239,2.220446049250313e-16,2.220446049250313e-16,0.7020008405165122,2.220446049250313e-16,2.220446049250313e-16,2.220446049250313e-16,0.05363898124919961,0.9496745713305071,2.220446049250313e-16
45.0,0.04383585483959685,0.7381872940138063,0.8003762571654037,0.09523233356816796,2.220446049250313e-16,2.220446049250313e-16,2.220446049250313e-16,0.00859985078656518,0.3762887925767577,2.220446049250313e-16,2.220446049250313e-16,2.220446049250313e-16,0.33377882643664253,0.10031969031298787,0.40365346053073803,0.636094622145185
46.0,0.7130838807233278,2.220446049250313e-16,2.220446049250313e-16,0.2721405064574738,0.8857693581558569,2.220446049250313e-16,0.005681557685673405,2.220446049250313e-16,2.220446049250313e-16,0.7873459940232573,2.220446049250313e-16,0.23904905839528354,2.220446049250313e-16,0.01453591144678158,0.15918815290197005,0.10665742720773627
47.0,2.220446049250313e-16,0.7225895913231287,0.4056034773395648,2.220446049250313e-16,2.220446049250313e-16,2.220446049250313e-16,0.7474260002938291,2.220446049250313e-16,0.019688457969672543,0.1272715756861627,2.220446049250313e-16,0.11516714700311219,2.220446049250313e-16,0.38399512638342026,0.7735206521235705,0.4746924421424648
48.0,2.220446049250313e-16,0.7130360233147517,0.7126267434870306,2.220446049250313e-16,0.00662217769708487,2.220446049250313e-16,2.220446049250313e-16,0.002445519683511679,0.6205039772419404,0.0058185929277024834,2.220446049250313e-16,0.016531200868577327,0.11020449654606573,2.220446049250313e-16,1.0000637167674042,0.24415635046744907
49.0,2.220446049250313e-16,0.7130360233147517,0.7126267434870306,2.220446049250313e-16,0.00662217769708487,2.220446049250313e-16,2.220446049250313e-16,0.002445519683511679,0.6205039772419404,0.0058185929277024834,2.220446049250313e-16,0.016531200868577327,0.11020449654606573,2.220446049250313e-16,1.0000637167674042,0.24415635046744907
50.0,2.220446049250313e-16,2.220446049250313e-16,2.220446049250313e-16,0.5129041208869423,2.220446049250313e-16,2.220446049250313e-16,2.220446049250313e-16,0.7778097986833272,2.220446049250313e-16,2.220446049250313e-16,0.6521976415889799,0.49850625189225417,0.8773424791172044,0.18787094122858478,2.220446049250313e-16,2.220446049250313e-16
51.0,0.08287109259634948,2.220446049250313e-16,2.220446049250313e-16,0.15692692093791893,2.220446049250313e-16,0.7629759579257033,0.7739647156985525,0.014505377886940257,0.028081435412213633,2.220446049250313e-16,0.746781756836748,0.9333544188776874,0.2055907960290549,2.220446049250313e-16,0.01743219231096302,0.09501790150044023
52.0,0.8951255970347156,2.220446049250313e-16,0.01250992280555141,2.220446049250313e-16,0.7709996440641816,2.220446049250313e-16,2.220446049250313e-16,0.0005702365948269182,0.02933618402528288,0.5230953169138026,0.6334404684943704,0.1829743481116322,2.220446049250313e-16,2.220446049250313e-16,0.024664471987608044,0.38980427106063376
53.0,0.027561434063167155,2.220446049250313e-16,0.4644413568468242,2.220446049250313e-16,2.220446049250313e-16,2.220446049250313e-16,2.220446049250313e-16,0.747697451989663,0.7636485319379478,2.220446049250313e-16,2.220446049250313e-16,0.40499169311910804,0.21407559343426563,0.644657598641278,2.220446049250313e-16,0.04321072073552139
54.0,2.220446049250313e-16,0.28398109321484755,0.4127384472466986,2.220446049250313e-16,0.008508547280704135,2.220446049250313e-16,2.220446049250313e-16,0.3937288147917053,2.220446049250313e-16,2.220446049250313e-16,2.220446049250313e-16,2.220446049250313e-16,0.8065508258246685,0.35158682910822153,0.826737727169847,0.3348466329438104
55.0,2.220446049250313e-16,2.220446049250313e-16,0.7713906550693194,0.11668870721643876,2.220446049250313e-16,2.220446049250313e-16,2.220446049250313e-16,0.7816857356370488,0.9392016599742536,2.220446049250313e-16,2.220446049250313e-16,0.630592049250844,2.220446049250313e-16,0.270916632452645,0.0002707840583554347,2.220446049250313e-16
56.0,0.06643163430240154,2.220446049250313e-16,2.220446049250313e-16,0.96296249002941,0.867069274903885,2.220446049250313e-16,0.5359184699545867,0.009882346876934829,0.17630077384282467,2.220446049250313e-16,2.220446049250313e-16,2.220446049250313e-16,0.3375676153288227,2.220446049250313e-16,2.220446049250313e-16,2.220446049250313e-16
57.0,2.220446049250313e-16,2.220446049250313e-16,0.23261861564413985,0.9357502456354414,0.010451427123854353,0.7629759579257038,2.220446049250313e-16,2.220446049250313e-16,0.8057606980939893,2.220446049250313e-16,0.5106263150348278,2.220446049250313e-16,2.220446049250313e-16,2.220446049250313e-16,2.220446049250313e-16,2.220446049250313e-16
58.0,2.220446049250313e-16,2.220446049250313e-16,0.7731827217713225,0.11727670421028263,2.220446049250313e-16,0.7629759579257037,2.220446049250313e-16,2.220446049250313e-16,1.0411992016208806,2.220446049250313e-16,2.220446049250313e-16,0.4668706852193038,2.220446049250313e-16,0.2560176215305986,0.0038429680236128755,2.220446049250313e-16
59.0,2.220446049250313e-16,2.220446049250313e-16,0.7731827217713225,0.11727670421028263,2.220446049250313e-16,0.7629759579257037,2.220446049250313e-16,2.220446049250313e-16,1.0411992016208806,2.220446049250313e-16,2.220446049250313e-16,0.4668706852193038,2.220446049250313e-16,0.2560176215305986,0.0038429680236128755,2.220446049250313e-16
60.0,0.07878455444671274,2.220446049250313e-16,2.220446049250313e-16,0.27065406462435004,2.220446049250313e-16,2.220446049250313e-16,0.7312166332198906,0.8086704157954097,2.220446049250313e-16,2.220446049250313e-16,0.7379299465255775,0.5132695105294933,2.220446049250313e-16,0.04316510823588266,0.007889639472732812,0.7229419668160822
61.0,0.03552465174190125,2.220446049250313e-16,0.04569384437746482,2.220446049250313e-16,2.220446049250313e-16,2.220446049250313e-16,2.220446049250313e-16,0.714640935436829,2.220446049250313e-16,2.220446049250313e-16,2.220446049250313e-16,0.029640407282910286,0.917984139673622,1.0985325332595892,0.26602729660933644,0.15497880726662414
62.0,0.36490469172167367,1.1102230246251565e-16,2.220446049250313e-16,0.2833856808075409,0.7918855858815176,2.220446049250313e-16,0.5645242875713871,2.220446049250313e-16,2.220446049250313e-16,0.031571084237663256,0.6039831150293559,0.5701048498646649,0.08502505890850282,0.04637300180403156,2.220446049250313e-16,0.3314984158267368
63.0,2.220446049250313e-16,2.220446049250313e-16,2.220446049250313e-16,0.45739478621505997,0.003528943233953974,0.762975957925704,0.24921143846233082,0.005653153929436926,0.006321210093993208,2.220446049250313e-16,0.536366253872047,0.912621248648865,0.5461510684082663,2.220446049250313e-16,0.021876051618602788,0.12170456097389698
64.0,2.220446049250313e-16,2.220446049250313e-16,0.7581427066466858,0.11011324860840821,2.220446049250313e-16,0.3814879797412165,2.220446049250313e-16,0.339254430232333,1.0373792117633434,2.220446049250313e-16,2.220446049250313e-16,0.46584512873149353,2.220446049250313e-16,0.3223265957751936,2.220446049250313e-16,2.220446049250313e-16
65.0,0.3551464727587912,2.220446049250313e-16,0.13796311963107222,0.05956269849755292,2.220446049250313e-16,2.220446049250313e-16,0.20081475472596425,0.7652016773216174,2.220446049250313e-16,2.220446049250313e-16,2.220446049250313e-16,0.00978487806496174,0.018472779502531015,0.5167435387013412,0.6783189033813075,0.8629500552367761
66.0,0.15559052743270177,0.721926701514525,0.0940396204590384,2.220446049250313e-16,2.220446049250313e-16,2.220446049250313e-16,0.5094673055080708,2.220446049250313e-16,2.220446049250313e-16,0.7369187030629072,2.220446049250313e-16,2.220446049250313e-16,2.220446049250313e-16,0.6646916900944793,0.7892397100326678,2.220446049250313e-16
67.0,0.8664657517668177,2.220446049250313e-16,2.220446049250313e-16,2.220446049250313e-16,0.04168062402141137,2.220446049250313e-16,2.220446049250313e-16,0.7827755285906713,2.220446049250313e-16,0.7755678099134197,0.6379071494936337,2.220446049250313e-16,2.220446049250313e-16,0.004371498790011793,0.4772445074892907,2.220446049250313e-16
68.0,2.220446049250313e-16,0.7138253263520143,0.7147403424981287,2.220446049250313e-16,0.0024849094226210627,2.220446049250313e-16,0.7647724884235155,2.220446049250313e-16,2.220446049250313e-16,0.4620658571238916,2.220446049250313e-16,0.029026954805188545,2.220446049250313e-16,0.03618211734316928,0.981347031144071,0.10989566885345523
69.0,0.5334765196172039,2.220446049250313e-16,0.12887469561323317,0.0592166279970604,2.220446049250313e-16,2.220446049250313e-16,2.220446049250313e-16,0.765908114681443,2.220446049250313e-16,0.7155745203124652,2.220446049250313e-16,2.220446049250313e-16,0.01959956261896205,0.502084738890782,0.7918880956266575,2.220446049250313e-16
