8 0.27629201232735123 0.15495996746872576 0.41848460568873574 0.29182023444175287 0.23467378020828086 -0.026476981899992435 0.20229896572953418 0.19762936147594043 0.23467378070094824 0.6706463501141992 -0.026476981822280567 0.5447690751949457 0.28000792006111175 -0.02498548898451188 0.4166296511261864 0.2631593388391163 0.2914523128946785 0.2477214550604635 0.47140284594523413 0.10169909579280116
21 0.5816649278123732 0.2897888192465344 0.28393865454940753 0.30359197036549485 0.38179266597191 0.23517100627142487 0.33714217223007636 0.33578732014172114 0.3817926668358135 0.22991244113633788 0.2351710063590759 0.2070552097251334 0.40128448440036163 0.12350861791379632 0.3446877608081262 0.414771551257954 0.2352478497208369 0.20873414269390053 0.2684870349693443 0.20611155934023725
45 0.27355066117807975 0.2967020479075873 0.6630141304068254 0.2113160841918828 0.3016554658409057 -0.04318962602750965 0.25031539078217707 0.3086754949566528 0.30165546638081875 0.4964548175532429 -0.04318962618087778 0.4427255139127959 0.25347423692374393 -0.06166736237554832 0.38580847494184706 0.2778632430739455 0.37788319461246433 0.12091902723284739 0.27758476505291996 0.18777098852910934
15 0.41477155108882496 0.33683178671744696 0.3049488280836302 0.2833836649754041 0.4125508230026797 0.23381200058944754 0.3724550122297042 0.3752983014220041 0.4125508235720681 0.21945508812832054 0.23381200065967436 0.21021856196977762 0.411050691628681 0.1723457017863376 0.30388296904019707 0.4355474955734771 0.26636859993423107 0.21223175541578507 0.25163055190010636 0.24398308471060534
23 0.23517100627262294 0.18479057627715925 0.03504648006940078 0.1646387060267702 0.2108299822872723 0.7479829157518474 0.24531719864225945 0.19544873902395277 0.21082998247091733 -0.009294766869476934 0.7479829158434183 -0.0010443675769917918 0.2704819508306382 0.543647590809586 0.06283005526956115 0.23381200069626215 0.04802808215611853 0.1258354445065183 0.08223721284016497 0.3516477525068707
36 0.17111146486444226 0.20166766652707344 0.3800737710934186 0.23684701317288812 0.18571229385088417 -0.05153875434025808 0.21965111520877614 0.20295763357125482 0.18571229438858508 0.7099480846417926 -0.05153875452231012 0.6172241729609601 0.19810675743268022 -0.058140615388551094 0.39442883969045706 0.16615179285807963 0.4050459688657073 0.23790796956664212 0.4573029165016581 0.15404680782801417
53 0.20611155934025382 0.2947887495530077 0.20149737565159187 0.20130994627415918 0.24663201541195878 0.35164775243736246 0.3443994588336956 0.2682270704319851 0.246632015724086 0.11870124329052167 0.3516477524794117 0.24580726001526543 0.29482678899959147 0.3459804190739939 0.2086294340514595 0.24398308485184406 0.276503181077949 0.4769366202537171 0.19300516509165888 0.7103541285572383
0 0.3035919703655012 0.17051887206372301 0.23661958905283006 0.8649282751175079 0.24123914791731257 0.1646387059381203 0.25365123010114343 0.2028266692880184 0.2412391484896136 0.30049163663148076 0.16463870609459966 0.28371293396687625 0.3213479764302005 0.08046468365757486 0.35163218192472495 0.2833836650787695 0.24420251451808284 0.29816677886498943 0.353610789989279 0.2013099462741549
59 0.23517100627262294 0.18479057627715925 0.03504648006940078 0.1646387060267702 0.2108299822872723 0.7479829157518474 0.24531719864225945 0.19544873902395277 0.21082998247091733 -0.009294766869476934 0.7479829158434183 -0.0010443675769917918 0.2704819508306382 0.543647590809586 0.06283005526956115 0.23381200069626215 0.04802808215611853 0.1258354445065183 0.08223721284016497 0.3516477525068707
61 0.10996336855024405 0.38973314493695654 0.21770886312628507 0.19110325102256065 0.1799302662815495 0.09010409140836635 0.41756704870359 0.2593314610988193 0.17993026651784286 0.31567495219879854 0.09010409186528066 0.44320145184766524 0.2597302752336298 0.1390384064927428 0.2636922125498467 0.17201013782848074 0.5117708299500218 0.43845185656371116 0.3430259536932322 0.6112555601284246
50 0.2568642084506187 0.4488931926569994 0.5871698637989732 0.17826040177267674 0.3505064168732724 0.03231455119859045 0.3458116715789761 0.4048964526625731 0.35050641717599784 0.30528904579476296 0.03231455124843216 0.33891669695359816 0.2470774611698452 0.05760806093069231 0.3106412182679239 0.2915696350969304 0.44202130937641 0.16990043074170086 0.21197187187709304 0.316695112508762
22 0.268487034969371 0.14762559926047372 0.20780370290015132 0.353610789989282 0.19849847362890877 0.0822372127823062 0.2513838607190058 0.16638826263671938 0.19849847416233427 0.5479128144840413 0.08223721285562588 0.4828376381892767 0.3411514564469501 0.04690063791478409 0.34720504402889046 0.25163055203794654 0.23236168169746593 0.47148657901952157 0.6366740761250717 0.1930051650916557
42 0.268487034969371 0.14762559926047372 0.20780370290015132 0.353610789989282 0.19849847362890877 0.0822372127823062 0.2513838607190058 0.16638826263671938 0.19849847416233427 0.5479128144840413 0.08223721285562588 0.4828376381892767 0.3411514564469501 0.04690063791478409 0.34720504402889046 0.25163055203794654 0.23236168169746593 0.47148657901952157 0.6366740761250717 0.1930051650916557
66 0.34468776080812685 0.22378239765995797 0.4142742226382347 0.3516321819247246 0.27991765285078896 0.06283005520743536 0.2852071632707607 0.2517531334095842 0.2799176532135177 0.3862434459185574 0.06283005524691719 0.36663934820717836 0.31291694604878423 0.050645028617197496 0.5614397440474483 0.30388296912323975 0.4342633650937153 0.28671525351633087 0.3472050440288932 0.20862943405145176
63 0.2832994701739771 0.14812951152202955 0.18816253344500794 0.2640351554209239 0.24915895584436873 0.4005153905674708 0.18045042875091696 0.212433126276022 0.24915895653913775 0.11765980059522281 0.4005153904109983 0.25323107655866833 0.32357139251014494 0.2184204883111524 0.2148953441885228 0.2699124828291121 0.1163298342728631 0.6067520765436688 0.24806310789725766 0.6909262625154157
11 0.2897888193974479 0.5380926326944613 0.3853703455944568 0.17051887216102213 0.41467123119990734 0.18479057632096557 0.3713972375555912 0.4825595023675779 0.4146712317473517 0.15047146049977858 0.18479057636355023 0.16177524519604475 0.25897350425020155 0.3297671872997436 0.22378239768239083 0.33683178694049376 0.37572651707431415 0.16693620149689473 0.1476255993660654 0.2947887496302051
7 0.3817926665292239 0.4146712314692084 0.3464836047773727 0.24123914825620502 0.4302528233406462 0.2108299824630294 0.37108815416702007 0.42771303066993277 0.4302528237244121 0.19278978716842612 0.21082998249480786 0.19138936091787837 0.35377016589705135 0.22319404305622298 0.27991765297466253 0.41255082344269384 0.30566536520959603 0.1824210157103542 0.19849847403084253 0.24663201548177782
57 0.180352643222741 0.1818334285799312 0.139577553623008 0.34588983757789904 0.12486790517128121 0.11312621716558645 0.1639247290110084 0.13979624098126953 0.12486790560278456 0.525786750032474 0.11312621736405597 0.44499580716601894 0.22109790494330583 0.07427868390535186 0.24178876976033406 0.14756422649479708 0.16547736784603445 0.6756189384213744 0.7521681458943013 0.1787291797159692
69 0.23517100627262294 0.18479057627715925 0.03504648006940078 0.1646387060267702 0.2108299822872723 0.7479829157518474 0.24531719864225945 0.19544873902395277 0.21082998247091733 -0.009294766869476934 0.7479829158434183 -0.0010443675769917918 0.2704819508306382 0.543647590809586 0.06283005526956115 0.23381200069626215 0.04802808215611853 0.1258354445065183 0.08223721284016497 0.3516477525068707
4 0.3440968372922985 0.1608064392209623 0.3364821761986806 0.3411192865675101 0.27189781684475506 0.05449606847041954 0.2630760294617473 0.2122650802446358 0.27189781716356015 0.5376651790697138 0.05449606849632798 0.45649319311393305 0.38350528214369045 0.017417263987952326 0.39786460397162543 0.33435673780777164 0.2512732215419261 0.3073651986681251 0.5103118597257342 0.15749239901781423
12 0.23585149950030448 0.21006703999713172 0.7686234110952815 0.19772214644874386 0.23413101995296282 -0.08379341076119592 0.14401118865163196 0.23578785181768863 0.23413102052481818 0.6436653396340071 -0.08379341091250578 0.4336438466444831 0.1770134621805771 -0.1204397719201262 0.42396633694422764 0.2074240973693191 0.3403977743401557 0.044186515463453944 0.2684325533041788 0.07728637616730662
37 0.3357873198123613 0.4825595020418015 0.3713571671578297 0.20282666904328073 0.4277130300427181 0.19544873868598986 0.3728979417486889 0.4624235310230051 0.42771303060716376 0.16918549191452123 0.19544873872113566 0.1756726042738057 0.30282927727332876 0.27909534670775216 0.25175313316913395 0.37529830130395914 0.3438251800195248 0.17033293402986804 0.1663882622304365 0.26822707015990127
14 0.3440968372922985 0.1608064392209623 0.3364821761986806 0.3411192865675101 0.27189781684475506 0.05449606847041954 0.2630760294617473 0.2122650802446358 0.27189781716356015 0.5376651790697138 0.05449606849632798 0.45649319311393305 0.38350528214369045 0.017417263987952326 0.39786460397162543 0.33435673780777164 0.2512732215419261 0.3073651986681251 0.5103118597257342 0.15749239901781423
48 0.2832994701739771 0.14812951152202955 0.18816253344500794 0.2640351554209239 0.24915895584436873 0.4005153905674708 0.18045042875091696 0.212433126276022 0.24915895653913775 0.11765980059522281 0.4005153904109983 0.25323107655866833 0.32357139251014494 0.2184204883111524 0.2148953441885228 0.2699124828291121 0.1163298342728631 0.6067520765436688 0.24806310789725766 0.6909262625154157
25 0.3817926665292239 0.4146712314692084 0.3464836047773727 0.24123914825620502 0.4302528233406462 0.2108299824630294 0.37108815416702007 0.42771303066993277 0.4302528237244121 0.19278978716842612 0.21082998249480786 0.19138936091787837 0.35377016589705135 0.22319404305622298 0.27991765297466253 0.41255082344269384 0.30566536520959603 0.1824210157103542 0.19849847403084253 0.24663201548177782
55 0.40128448445004805 0.2589735042430948 0.23553043391237496 0.32134797644919827 0.35377016555110624 0.27048195068166797 0.3965326093610277 0.3028292775544479 0.3537701661341076 0.24267443088106444 0.27048195097370026 0.23550984510930636 0.4713241052905364 0.15480433190561843 0.31291694605609727 0.4110506917457969 0.24149024143401362 0.2803963820668199 0.34115145648606005 0.29482678902141274
6 0.3440968372922985 0.1608064392209623 0.3364821761986806 0.3411192865675101 0.27189781684475506 0.05449606847041954 0.2630760294617473 0.2122650802446358 0.27189781716356015 0.5376651790697138 0.05449606849632798 0.45649319311393305 0.38350528214369045 0.017417263987952326 0.39786460397162543 0.33435673780777164 0.2512732215419261 0.3073651986681251 0.5103118597257342 0.15749239901781423
17 0.41477155108882496 0.33683178671744696 0.3049488280836302 0.2833836649754041 0.4125508230026797 0.23381200058944754 0.3724550122297042 0.3752983014220041 0.4125508235720681 0.21945508812832054 0.23381200065967436 0.21021856196977762 0.411050691628681 0.1723457017863376 0.30388296904019707 0.4355474955734771 0.26636859993423107 0.21223175541578507 0.25163055190010636 0.24398308471060534
20 0.3035919703655012 0.17051887206372301 0.23661958905283006 0.8649282751175079 0.24123914791731257 0.1646387059381203 0.25365123010114343 0.2028266692880184 0.2412391484896136 0.30049163663148076 0.16463870609459966 0.28371293396687625 0.3213479764302005 0.08046468365757486 0.35163218192472495 0.2833836650787695 0.24420251451808284 0.29816677886498943 0.353610789989279 0.2013099462741549
26 0.22991244113632203 0.1504714604543498 0.29858358368749877 0.3004916366314832 0.19278978673852815 -0.009294766862702704 0.20273854508316447 0.16918549202992866 0.1927897872435674 0.68647081950506 -0.009294766792268878 0.5843803122986205 0.24267443086181517 -0.005564955769246954 0.3862434459185572 0.2194550882818088 0.286479927532593 0.36801886630469516 0.5479128144840425 0.1187012432905262
62 0.10996336855024405 0.38973314493695654 0.21770886312628507 0.19110325102256065 0.1799302662815495 0.09010409140836635 0.41756704870359 0.2593314610988193 0.17993026651784286 0.31567495219879854 0.09010409186528066 0.44320145184766524 0.2597302752336298 0.1390384064927428 0.2636922125498467 0.17201013782848074 0.5117708299500218 0.43845185656371116 0.3430259536932322 0.6112555601284246
44 0.41477155108882496 0.33683178671744696 0.3049488280836302 0.2833836649754041 0.4125508230026797 0.23381200058944754 0.3724550122297042 0.3752983014220041 0.4125508235720681 0.21945508812832054 0.23381200065967436 0.21021856196977762 0.411050691628681 0.1723457017863376 0.30388296904019707 0.4355474955734771 0.26636859993423107 0.21223175541578507 0.25163055190010636 0.24398308471060534
67 0.252580500434535 0.21097273288438112 0.21241431691267665 0.37300873526713707 0.16630866581468098 0.09870166521804369 0.31065735407556627 0.16752999061803484 0.1663086660232177 0.37352726885324256 0.0987016655733102 0.3794496411508514 0.2804805662263278 0.10793657497543703 0.5758736242791817 0.20960800343292213 0.5190426980454335 0.43803245935980584 0.42664029771895357 0.3395458212578142
2 0.45867337072210734 0.18541068163167315 0.4013434240670585 0.3200588374339079 0.28405854634983124 0.03890292011378792 0.2591531187031487 0.23314254498283077 0.28405854699062855 0.5173631811126908 0.0389029200349659 0.41810251513515256 0.369501247001226 0.009479925856729824 0.43751517673814216 0.3334966947637196 0.26647432797880416 0.21787107847158305 0.4276419011652511 0.14409036374964945
10 0.3242956519058113 0.2924014102415687 0.4747539080089064 0.26890096594353474 0.32744320530848825 0.03277150595744952 0.3290091576906463 0.3125940728793638 0.3274432058705555 0.4469937587454812 0.03277150597452469 0.407470292816023 0.3503261743584535 0.028440293686603668 0.3849758170793607 0.33791031703070323 0.3640686653168633 0.17186899909316158 0.35904070732197074 0.21239716182880963
40 0.33714217223010917 0.37139723748122827 0.2795574744327228 0.25365123010115215 0.37108815396552647 0.24531719855956 0.4435554085250871 0.372897941976383 0.3710881543373223 0.20273854508318442 0.24531719860240572 0.22148304170569919 0.39653260932556206 0.2529087320264855 0.285207163270766 0.37245501222044775 0.3249975070349104 0.23555696797528658 0.25138386071901975 0.3443994588337089
35 0.3357873198123613 0.4825595020418015 0.3713571671578297 0.20282666904328073 0.4277130300427181 0.19544873868598986 0.3728979417486889 0.4624235310230051 0.42771303060716376 0.16918549191452123 0.19544873872113566 0.1756726042738057 0.30282927727332876 0.27909534670775216 0.25175313316913395 0.37529830130395914 0.3438251800195248 0.17033293402986804 0.1663882622304365 0.26822707015990127
29 0.3817926665292239 0.4146712314692084 0.3464836047773727 0.24123914825620502 0.4302528233406462 0.2108299824630294 0.37108815416702007 0.42771303066993277 0.4302528237244121 0.19278978716842612 0.21082998249480786 0.19138936091787837 0.35377016589705135 0.22319404305622298 0.27991765297466253 0.41255082344269384 0.30566536520959603 0.1824210157103542 0.19849847403084253 0.24663201548177782
31 0.10836827196547662 0.26605385909794255 0.2905452935962826 0.21122201520889128 0.15650802013487822 -0.04390063303253385 0.26682741561711687 0.21321042559658016 0.15650802072137535 0.6702397922163363 -0.04390063331267792 0.6240040287129159 0.17032532328897843 -0.0624185509979227 0.3562851942079485 0.12023970138030646 0.49861801429504804 0.27209377405714497 0.4686784376846794 0.24748795627328687
39 0.12350861791380369 0.3297671872652538 0.0657655903801632 0.08046468365757783 0.22319404293502418 0.5436475907860876 0.25290873202649033 0.27909534686437554 0.22319404324476685 -0.005564955769233288 0.5436475909142607 -0.0005720035846457848 0.15480433188677706 0.9152827114230101 0.05064502861720367 0.17234570188966356 0.0982708591231838 0.08390814950208432 0.04690063791478589 0.3459804190739958
60 0.25298928088137634 0.29403330518362303 0.8200852380336142 0.17654011769887124 0.27601944164770476 -0.07226600297435037 0.18243695983195926 0.2902537642594522 0.2760194420470611 0.5353283659269773 -0.07226600291800482 0.37912431488276327 0.1831273504272635 -0.11934143227192533 0.36766827622718495 0.24470222510236336 0.34508836212449384 0.0490271381566001 0.2286705627700124 0.12478357373941355
33 0.12350861791380369 0.3297671872652538 0.0657655903801632 0.08046468365757783 0.22319404293502418 0.5436475907860876 0.25290873202649033 0.27909534686437554 0.22319404324476685 -0.005564955769233288 0.5436475909142607 -0.0005720035846457848 0.15480433188677706 0.9152827114230101 0.05064502861720367 0.17234570188966356 0.0982708591231838 0.08390814950208432 0.04690063791478589 0.3459804190739958
16 0.28673439020561153 0.36556781451112175 0.5097760737957767 0.23038806319809801 0.33213758674661054 0.02989133507217362 0.35826205975221614 0.35236637286466976 0.33213758733643217 0.3982118376948423 0.029891334978470234 0.38331981007481647 0.3139346215368194 0.04520431346953771 0.35752221984292026 0.3119319273501323 0.42138790548049904 0.1495482109109963 0.31240487814378703 0.25696677609509383
1 0.33427563758028045 0.23915160028411112 0.31120596044317067 0.7835312399885683 0.30434415251531927 0.13059117266520529 0.3107055154027859 0.2795209641152439 0.3043441531078084 0.29549168202404064 0.1305911725730007 0.2899768417925725 0.3234633429257709 0.09634815141621654 0.31643409338425343 0.3147189805993665 0.293607466544295 0.1877885120061677 0.272883784541259 0.19117000977026163
52 0.2087341426938815 0.16693620145431412 0.16976152067689784 0.29816677886499227 0.1824210155350637 0.12583544445068856 0.23555696797526363 0.1703329343493368 0.1824210159197809 0.3680188663046995 0.12583544461016272 0.5146004749219248 0.2803963820477312 0.08390814950207517 0.2867152535163245 0.2122317555155557 0.21739349187208 0.7196702942651934 0.47148657901950725 0.4769366202537099
54 0.20611155934025382 0.2947887495530077 0.20149737565159187 0.20130994627415918 0.24663201541195878 0.35164775243736246 0.3443994588336956 0.2682270704319851 0.246632015724086 0.11870124329052167 0.3516477524794117 0.24580726001526543 0.29482678899959147 0.3459804190739939 0.2086294340514595 0.24398308485184406 0.276503181077949 0.4769366202537171 0.19300516509165888 0.7103541285572383
28 0.16477307404467237 0.26743881398618563 0.05310007324668916 0.10900991721400025 0.22580761342933883 0.6329185206887677 0.2714062562496928 0.25084480269360226 0.22580761395910126 -0.0011553353524603625 0.6329185205278373 -0.001318753180522307 0.18985857796946154 0.7880967672765616 0.05934629632622322 0.19860923514626305 0.07988672872343872 0.1023736632711945 0.04558941223911697 0.3575278666110649
43 0.23517100627262294 0.18479057627715925 0.03504648006940078 0.1646387060267702 0.2108299822872723 0.7479829157518474 0.24531719864225945 0.19544873902395277 0.21082998247091733 -0.009294766869476934 0.7479829158434183 -0.0010443675769917918 0.2704819508306382 0.543647590809586 0.06283005526956115 0.23381200069626215 0.04802808215611853 0.1258354445065183 0.08223721284016497 0.3516477525068707
46 0.20961217635522608 0.301156587000569 0.3086644986192504 0.23795693930558345 0.25497209352482425 0.0775483543283713 0.39279687112000716 0.28131365358732785 0.2549720941032489 0.347166799730121 0.07754835416575177 0.48452823720946264 0.3211435253751102 0.08937655227965433 0.33383258364078805 0.24582552190530166 0.42066810533731536 0.405930650304748 0.3458621402405044 0.48656016726247886
9 0.3817926665292239 0.4146712314692084 0.3464836047773727 0.24123914825620502 0.4302528233406462 0.2108299824630294 0.37108815416702007 0.42771303066993277 0.4302528237244121 0.19278978716842612 0.21082998249480786 0.19138936091787837 0.35377016589705135 0.22319404305622298 0.27991765297466253 0.41255082344269384 0.30566536520959603 0.1824210157103542 0.19849847403084253 0.24663201548177782
38 0.12350861791380369 0.3297671872652538 0.0657655903801632 0.08046468365757783 0.22319404293502418 0.5436475907860876 0.25290873202649033 0.27909534686437554 0.22319404324476685 -0.005564955769233288 0.5436475909142607 -0.0005720035846457848 0.15480433188677706 0.9152827114230101 0.05064502861720367 0.17234570188966356 0.0982708591231838 0.08390814950208432 0.04690063791478589 0.3459804190739958
19 0.5816649278123732 0.2897888192465344 0.28393865454940753 0.30359197036549485 0.38179266597191 0.23517100627142487 0.33714217223007636 0.33578732014172114 0.3817926668358135 0.22991244113633788 0.2351710063590759 0.2070552097251334 0.40128448440036163 0.12350861791379632 0.3446877608081262 0.414771551257954 0.2352478497208369 0.20873414269390053 0.2684870349693443 0.20611155934023725
24 0.3817926665292239 0.4146712314692084 0.3464836047773727 0.24123914825620502 0.4302528233406462 0.2108299824630294 0.37108815416702007 0.42771303066993277 0.4302528237244121 0.19278978716842612 0.21082998249480786 0.19138936091787837 0.35377016589705135 0.22319404305622298 0.27991765297466253 0.41255082344269384 0.30566536520959603 0.1824210157103542 0.19849847403084253 0.24663201548177782
68 0.23524784972084273 0.375726516970651 0.5286468180542975 0.24420251451807504 0.305665365027247 0.04802808208220657 0.32499750703488617 0.3438251802341663 0.30566536533451377 0.2864799275325728 0.0480280822094841 0.28748189560166043 0.24149024138476285 0.0982708591231769 0.43426336509370467 0.2663686000446257 0.6157405861256623 0.21739349187205786 0.232361681697458 0.27650318107794253
49 0.3047058130196729 0.15725317563262597 0.3103630528140644 0.30879267683417577 0.27460878403798417 0.0872240333701943 0.27830010558875645 0.22743909540159837 0.2746087845119173 0.402057429691487 0.08722403333335933 0.5143298449887536 0.35835371647039366 0.04190124306908257 0.37167900406442994 0.30631810191167447 0.2420929529056488 0.5019493346569386 0.40020411814816836 0.36892784367530246
3 0.41477155108882496 0.33683178671744696 0.3049488280836302 0.2833836649754041 0.4125508230026797 0.23381200058944754 0.3724550122297042 0.3752983014220041 0.4125508235720681 0.21945508812832054 0.23381200065967436 0.21021856196977762 0.411050691628681 0.1723457017863376 0.30388296904019707 0.4355474955734771 0.26636859993423107 0.21223175541578507 0.25163055190010636 0.24398308471060534
13 0.2897888193974479 0.5380926326944613 0.3853703455944568 0.17051887216102213 0.41467123119990734 0.18479057632096557 0.3713972375555912 0.4825595023675779 0.4146712317473517 0.15047146049977858 0.18479057636355023 0.16177524519604475 0.25897350425020155 0.3297671872997436 0.22378239768239083 0.33683178694049376 0.37572651707431415 0.16693620149689473 0.1476255993660654 0.2947887496302051
5 0.41477155108882496 0.33683178671744696 0.3049488280836302 0.2833836649754041 0.4125508230026797 0.23381200058944754 0.3724550122297042 0.3752983014220041 0.4125508235720681 0.21945508812832054 0.23381200065967436 0.21021856196977762 0.411050691628681 0.1723457017863376 0.30388296904019707 0.4355474955734771 0.26636859993423107 0.21223175541578507 0.25163055190010636 0.24398308471060534
18 0.34942761745844697 0.2199796828574416 0.4197263383002678 0.30768106531888206 0.3093226084514816 0.040036844346106534 0.2936638020503189 0.2639563114181508 0.3093226091534112 0.49667836794485454 0.040036844319776305 0.4305223335271816 0.3769682085094304 0.016762367588433004 0.4016024180073132 0.3510653620372408 0.303393094135965 0.21881727807163198 0.42188987578903187 0.1746572061114911
32 0.12350861791380369 0.3297671872652538 0.0657655903801632 0.08046468365757783 0.22319404293502418 0.5436475907860876 0.25290873202649033 0.27909534686437554 0.22319404324476685 -0.005564955769233288 0.5436475909142607 -0.0005720035846457848 0.15480433188677706 0.9152827114230101 0.05064502861720367 0.17234570188966356 0.0982708591231838 0.08390814950208432 0.04690063791478589 0.3459804190739958
41 0.40128448445004805 0.2589735042430948 0.23553043391237496 0.32134797644919827 0.35377016555110624 0.27048195068166797 0.3965326093610277 0.3028292775544479 0.3537701661341076 0.24267443088106444 0.27048195097370026 0.23550984510930636 0.4713241052905364 0.15480433190561843 0.31291694605609727 0.4110506917457969 0.24149024143401362 0.2803963820668199 0.34115145648606005 0.29482678902141274
47 0.20961217635522608 0.301156587000569 0.3086644986192504 0.23795693930558345 0.25497209352482425 0.0775483543283713 0.39279687112000716 0.28131365358732785 0.2549720941032489 0.347166799730121 0.07754835416575177 0.48452823720946264 0.3211435253751102 0.08937655227965433 0.33383258364078805 0.24582552190530166 0.42066810533731536 0.405930650304748 0.3458621402405044 0.48656016726247886
51 0.20705520972516803 0.16177524512771618 0.2666891595204464 0.2837129339668875 0.19138936069057294 -0.0010443676003170325 0.22148304170570435 0.17567260450729363 0.1913893610770077 0.5843803122986266 -0.0010443674487371406 0.6399754005056906 0.2355098450817804 -0.0005720035846354801 0.3666393482071829 0.21021856204892594 0.2874818956016786 0.5146004749219439 0.4828376381892992 0.24580726001527076
58 0.23517100627262294 0.18479057627715925 0.03504648006940078 0.1646387060267702 0.2108299822872723 0.7479829157518474 0.24531719864225945 0.19544873902395277 0.21082998247091733 -0.009294766869476934 0.7479829158434183 -0.0010443675769917918 0.2704819508306382 0.543647590809586 0.06283005526956115 0.23381200069626215 0.04802808215611853 0.1258354445065183 0.08223721284016497 0.3516477525068707
30 0.3357873198123613 0.4825595020418015 0.3713571671578297 0.20282666904328073 0.4277130300427181 0.19544873868598986 0.3728979417486889 0.4624235310230051 0.42771303060716376 0.16918549191452123 0.19544873872113566 0.1756726042738057 0.30282927727332876 0.27909534670775216 0.25175313316913395 0.37529830130395914 0.3438251800195248 0.17033293402986804 0.1663882622304365 0.26822707015990127
64 0.2832994701739771 0.14812951152202955 0.18816253344500794 0.2640351554209239 0.24915895584436873 0.4005153905674708 0.18045042875091696 0.212433126276022 0.24915895653913775 0.11765980059522281 0.4005153904109983 0.25323107655866833 0.32357139251014494 0.2184204883111524 0.2148953441885228 0.2699124828291121 0.1163298342728631 0.6067520765436688 0.24806310789725766 0.6909262625154157
65 0.28393865454941064 0.3853703455497232 0.6160365303030616 0.23661958905283723 0.34648360448690096 0.03504648002622649 0.2795574744327021 0.3713571672811041 0.34648360493598523 0.2985835836874962 0.03504648012197651 0.2666891595204484 0.2355304338705782 0.06576559038016377 0.4142742226382345 0.3049488281923827 0.5286468180543002 0.16976152067690078 0.2078037029001629 0.20149737565159548
34 0.12350861791380369 0.3297671872652538 0.0657655903801632 0.08046468365757783 0.22319404293502418 0.5436475907860876 0.25290873202649033 0.27909534686437554 0.22319404324476685 -0.005564955769233288 0.5436475909142607 -0.0005720035846457848 0.15480433188677706 0.9152827114230101 0.05064502861720367 0.17234570188966356 0.0982708591231838 0.08390814950208432 0.04690063791478589 0.3459804190739958
27 0.37612648433297396 0.4633468275237065 0.3834667605698113 0.2188439765412432 0.4484891681405733 0.1900176947911035 0.3365146393508227 0.4625032645873381 0.448489168542692 0.17828863189933977 0.1900176947942087 0.17026252353714583 0.31133827523371893 0.2369111257223133 0.261753534263494 0.408052392095972 0.31308570623296617 0.1589479594014394 0.16752078980876647 0.21689327284643084
56 0.40128448445004805 0.2589735042430948 0.23553043391237496 0.32134797644919827 0.35377016555110624 0.27048195068166797 0.3965326093610277 0.3028292775544479 0.3537701661341076 0.24267443088106444 0.27048195097370026 0.23550984510930636 0.4713241052905364 0.15480433190561843 0.31291694605609727 0.4110506917457969 0.24149024143401362 0.2803963820668199 0.34115145648606005 0.29482678902141274
