id,x_0,x_1,x_2,x_3,x_4,x_5,x_6,x_7,x_8,x_9,x_10,x_11,x_12,x_13,x_14,x_15,x_16,x_17,x_18,x_19,x_20,x_21,x_22,x_23
0.0,0.030263844384672514,2.220446049250313e-16,2.220446049250313e-16,0.20927768086774248,0.7086393957595863,1.0800449618379104,2.220446049250313e-16,0.008162231213774174,2.220446049250313e-16,0.5379813905963908,2.220446049250313e-16,0.33646812055286424,2.220446049250313e-16,0.377260504942691,2.220446049250313e-16,2.220446049250313e-16,0.13747439138677897,2.220446049250313e-16,2.220446049250313e-16,0.18053291006074773,2.220446049250313e-16,2.220446049250313e-16,0.41282455855107697,2.220446049250313e-16
1.0,2.220446049250313e-16,0.3115389412953846,0.8367431720491731,2.220446049250313e-16,0.10618887326298698,2.220446049250313e-16,2.220446049250313e-16,2.220446049250313e-16,0.8242474023674419,0.38794198494191884,0.4605199020665963,2.220446049250313e-16,2.220446049250313e-16,2.220446049250313e-16,0.02458060769451869,2.220446049250313e-16,0.009955769821133876,2.220446049250313e-16,2.220446049250313e-16,0.9352739631011862,0.3882748774149602,2.220446049250313e-16,2.220446049250313e-16,0.09034434833755431
2.0,2.220446049250313e-16,2.220446049250313e-16,2.220446049250313e-16,2.220446049250313e-16,0.743269193578118,0.7568147108847452,0.007769403903913958,2.220446049250313e-16,2.220446049250313e-16,2.220446049250313e-16,2.220446049250313e-16,2.220446049250313e-16,2.220446049250313e-16,2.220446049250313e-16,0.01351621164167492,2.220446049250313e-16,0.11282991279915093,0.5654548338498873,2.220446049250313e-16,0.5074933746094644,0.9340585438813592,2.220446049250313e-16,2.220446049250313e-16,2.220446049250313e-16
3.0,2.220446049250313e-16,2.220446049250313e-16,2.220446049250313e-16,0.43499066602262254,0.7126145870510839,0.1589586734410476,0.7617387113946252,2.220446049250313e-16,0.04642949130111563,2.220446049250313e-16,2.220446049250313e-16,2.220446049250313e-16,0.00022957335556157463,2.220446049250313e-16,0.0010101476990444767,2.220446049250313e-16,2.220446049250313e-16,2.220446049250313e-16,0.613465939809708,0.9135752156421632,0.8077955941823307,0.4746775000383645,2.220446049250313e-16,2.220446049250313e-16
4.0,2.220446049250313e-16,2.220446049250313e-16,2.220446049250313e-16,2.220446049250313e-16,0.7728694684820508,0.08015011874467731,0.7519794149042758,2.220446049250313e-16,2.220446049250313e-16,2.220446049250313e-16,2.220446049250313e-16,2.220446049250313e-16,2.220446049250313e-16,4.440892098500626e-16,2.220446049250313e-16,0.04581768417772717,0.18773361509438502,0.49402619352117344,0.7278201314994608,0.699843856359583,0.9239949795202611,0.47467750003836456,2.220446049250313e-16,2.220446049250313e-16
5.0,2.220446049250313e-16,2.220446049250313e-16,2.220446049250313e-16,2.220446049250313e-16,0.8252439268522823,0.2284473502106228,0.36228594095050176,2.220446049250313e-16,2.220446049250313e-16,2.220446049250313e-16,2.220446049250313e-16,2.220446049250313e-16,0.01499041668832676,2.220446049250313e-16,0.018809806107076638,0.037446113554860834,0.15659415294584927,0.9309816079574407,0.6751465605380088,0.3134978446275758,0.9649347388207439,2.220446049250313e-16,2.220446049250313e-16,2.220446049250313e-16
6.0,2.220446049250313e-16,2.220446049250313e-16,2.220446049250313e-16,0.42942275052152007,0.7982449393311364,0.495776911464243,2.220446049250313e-16,2.220446049250313e-16,2.220446049250313e-16,0.9808109899274284,2.220446049250313e-16,2.220446049250313e-16,2.220446049250313e-16,2.220446049250313e-16,0.030205657936927137,0.0587298422389317,0.504594496613992,0.564915282883944,0.07480937257070794,0.006538464269906087,0.002720362893685896,2.220446049250313e-16,2.220446049250313e-16,2.220446049250313e-16
7.0,2.220446049250313e-16,0.6166799297038283,2.220446049250313e-16,0.4268719836688138,0.33281960026822643,2.220446049250313e-16,0.7777694646634049,2.220446049250313e-16,2.220446049250313e-16,2.220446049250313e-16,2.220446049250313e-16,2.220446049250313e-16,2.220446049250313e-16,2.220446049250313e-16,2.220446049250313e-16,0.6954325052402452,0.048646347540610244,0.6724497611731178,0.054327305329831176,0.7132530035405702,0.8562309230796639,0.4746775000383647,2.220446049250313e-16,2.220446049250313e-16
8.0,0.029996670799834438,0.6151381506324606,0.005432933695981813,0.7069027677203973,2.220446049250313e-16,0.5504162976957745,0.4180321037693846,0.07151008009753683,2.220446049250313e-16,0.8132312848347161,0.022460536585132196,0.33311509883098267,2.220446049250313e-16,2.220446049250313e-16,0.006089112225871541,2.220446049250313e-16,0.23554504891217928,2.220446049250313e-16,0.6004909940079189,0.002067814503251948,2.220446049250313e-16,2.220446049250313e-16,2.220446049250313e-16,2.220446049250313e-16
9.0,0.4860936058291516,2.220446049250313e-16,0.1122126066085169,2.220446049250313e-16,2.220446049250313e-16,0.002122384348260879,0.7548707948289911,2.220446049250313e-16,2.220446049250313e-16,0.0806228666660597,0.7460174313901234,0.28904776835886115,0.1865410776803219,2.220446049250313e-16,2.220446049250313e-16,0.012151198403036526,0.9922226821733656,0.019670270939722945,0.6753392419151337,2.220446049250313e-16,2.220446049250313e-16,2.220446049250313e-16,0.14381054964268017,0.8443429259255546
10.0,2.220446049250313e-16,0.6150809414025576,2.220446049250313e-16,0.7172935855762592,2.220446049250313e-16,0.007383512349685934,0.7415363343465103,0.003405297506343741,2.220446049250313e-16,0.8934982294524414,0.1893323285576529,0.30605347664200866,2.220446049250313e-16,2.220446049250313e-16,0.009951691745364028,0.024855446452763146,0.8992265342364951,0.00992850522441769,0.6590114541642972,0.0005469460031495468,0.006371807698527448,2.220446049250313e-16,0.03171221069633497,0.018839639175858788
11.0,0.4922399101304366,2.220446049250313e-16,0.839148708428382,0.0016225021667015424,2.220446049250313e-16,2.220446049250313e-16,2.220446049250313e-16,0.19848811063283398,2.220446049250313e-16,2.220446049250313e-16,0.6227431177249451,0.2888223780552489,0.2980340788180217,2.220446049250313e-16,2.220446049250313e-16,0.01312098378157841,0.9877665539740509,2.220446049250313e-16,0.6775811791476609,2.220446049250313e-16,2.220446049250313e-16,2.220446049250313e-16,0.1044726910150271,0.5959800719615981
12.0,2.220446049250313e-16,0.6178001995122313,2.220446049250313e-16,0.2233992302620103,2.220446049250313e-16,0.8995182962513744,0.3992080979854744,0.8142181625987331,2.220446049250313e-16,2.220446049250313e-16,0.4598033824913724,2.220446049250313e-16,0.08061248807681146,0.5441135386405542,2.220446049250313e-16,2.220446049250313e-16,2.220446049250313e-16,2.220446049250313e-16,2.220446049250313e-16,2.220446049250313e-16,2.220446049250313e-16,2.220446049250313e-16,0.6689666401028673,0.31153063313627827
13.0,0.5004493387224702,2.220446049250313e-16,0.8638173199764538,2.220446049250313e-16,2.220446049250313e-16,2.220446049250313e-16,2.220446049250313e-16,0.6670165678054146,2.220446049250313e-16,2.220446049250313e-16,0.13559130807959008,0.29349274016429927,0.5979844799636278,2.220446049250313e-16,0.07118598961738898,0.6638816911780834,0.711220869321039,2.220446049250313e-16,0.02034777325661947,2.220446049250313e-16,2.220446049250313e-16,0.4746775000383644,0.023675668592030828,0.3017833014434428
14.0,0.4619828560540516,0.6162709247717824,2.220446049250313e-16,0.501158873359552,2.220446049250313e-16,0.89938815969866,0.3972598546243697,0.7979700312079374,5.551115123125783e-17,2.220446049250313e-16,0.14562983319560302,2.220446049250313e-16,2.220446049250313e-16,0.16460641845179141,2.220446049250313e-16,2.220446049250313e-16,2.220446049250313e-16,2.220446049250313e-16,2.220446049250313e-16,2.220446049250313e-16,2.220446049250313e-16,2.220446049250313e-16,0.6096769336743265,0.6567401137840853
15.0,0.4928717131589717,4.440892098500626e-16,0.8568446120229222,2.220446049250313e-16,2.220446049250313e-16,2.220446049250313e-16,2.220446049250313e-16,0.625051473308444,2.220446049250313e-16,2.220446049250313e-16,0.12712146675974884,0.29669771594446676,0.48818461829752047,2.220446049250313e-16,0.07618783250746294,0.6671663380817677,0.5686403583625043,0.18545669278061752,0.03672598124206537,2.220446049250313e-16,2.220446049250313e-16,0.4746775000383646,2.220446049250313e-16,0.6281557298727424
16.0,2.220446049250313e-16,2.220446049250313e-16,2.220446049250313e-16,0.25694878882822936,0.31091333738500815,1.0692450560942108,2.220446049250313e-16,0.792526229394052,2.220446049250313e-16,2.220446049250313e-16,0.32885241613624033,2.220446049250313e-16,0.08229373401809055,0.5462343488585973,0.0016695838697901668,2.220446049250313e-16,2.220446049250313e-16,2.220446049250313e-16,2.220446049250313e-16,2.220446049250313e-16,2.220446049250313e-16,2.220446049250313e-16,0.6704153191398616,0.31563597450206854
17.0,2.220446049250313e-16,2.220446049250313e-16,0.8781827030594522,2.220446049250313e-16,2.220446049250313e-16,0.0012010596560937392,2.220446049250313e-16,0.006679730168545272,0.5474223853437327,0.5612127649784181,0.7534465522826267,2.220446049250313e-16,2.220446049250313e-16,2.220446049250313e-16,2.220446049250313e-16,2.220446049250313e-16,2.220446049250313e-16,0.6884965931088454,2.220446049250313e-16,0.3170332222386726,2.220446049250313e-16,0.4746775000383646,0.6522109630902329,0.42162095276788575
18.0,2.220446049250313e-16,2.220446049250313e-16,2.220446049250313e-16,2.220446049250313e-16,0.7176386537627377,1.0347609349410085,2.220446049250313e-16,2.220446049250313e-16,5.551115123125783e-17,0.44770075825586697,2.220446049250313e-16,2.220446049250313e-16,2.220446049250313e-16,5.551115123125783e-17,2.220446049250313e-16,2.220446049250313e-16,0.2799817917127524,0.056527175513140085,2.220446049250313e-16,2.220446049250313e-16,0.7262108344126944,2.220446049250313e-16,2.220446049250313e-16,2.220446049250313e-16
19.0,2.220446049250313e-16,0.6190301794908405,0.7531030312768734,2.220446049250313e-16,0.3811588811274491,2.220446049250313e-16,2.220446049250313e-16,2.220446049250313e-16,0.8284408223577884,2.220446049250313e-16,2.220446049250313e-16,2.220446049250313e-16,2.220446049250313e-16,2.220446049250313e-16,0.014774810537161917,2.220446049250313e-16,0.013640468546995434,2.220446049250313e-16,2.220446049250313e-16,0.8955333572500466,0.9159204099278261,2.220446049250313e-16,2.220446049250313e-16,0.11085959030118027
20.0,2.220446049250313e-16,2.220446049250313e-16,0.8701995175375101,2.220446049250313e-16,2.220446049250313e-16,2.220446049250313e-16,0.053190682214444895,2.220446049250313e-16,0.6913195456767693,0.8008616510463584,0.5766349096630364,2.220446049250313e-16,0.11656913389348994,2.220446049250313e-16,2.220446049250313e-16,2.220446049250313e-16,2.220446049250313e-16,0.16025804213267014,2.220446049250313e-16,0.6817534355256315,2.220446049250313e-16,0.47467750003836456,0.4069894349501461,2.220446049250313e-16
21.0,2.220446049250313e-16,2.220446049250313e-16,2.220446049250313e-16,2.220446049250313e-16,0.702543692461673,1.0786573242381035,2.220446049250313e-16,0.23048457285220647,2.220446049250313e-16,0.2218077094788338,2.220446049250313e-16,0.3342664449896858,2.220446049250313e-16,2.220446049250313e-16,0.013686432490520371,2.220446049250313e-16,2.220446049250313e-16,0.02233169481947671,2.220446049250313e-16,2.220446049250313e-16,0.855280296121207,2.220446049250313e-16,2.220446049250313e-16,2.220446049250313e-16
22.0,0.4986410336298236,0.30351875517024646,0.03407547020031144,0.7215155250446544,2.220446049250313e-16,0.5495443549456879,0.7753711386985352,0.7418589818778426,2.220446049250313e-16,0.11229734356377868,0.28055367444360957,0.316472744132866,2.220446049250313e-16,2.220446049250313e-16,2.220446049250313e-16,2.220446049250313e-16,0.13039947816768713,2.220446049250313e-16,2.220446049250313e-16,2.220446049250313e-16,2.220446049250313e-16,2.220446049250313e-16,0.5623268146348974,0.4338883837929884
23.0,2.220446049250313e-16,2.220446049250313e-16,0.4240811834654083,2.220446049250313e-16,2.220446049250313e-16,0.05570081823710488,0.35400090165713316,0.48193178360552436,2.220446049250313e-16,2.220446049250313e-16,0.04202471906599424,2.220446049250313e-16,0.9580979936146077,0.5746619598013686,2.220446049250313e-16,0.026759526762693803,0.7697121952980408,2.220446049250313e-16,0.7025081179198303,2.220446049250313e-16,2.220446049250313e-16,2.220446049250313e-16,2.220446049250313e-16,2.220446049250313e-16
24.0,2.220446049250313e-16,2.220446049250313e-16,0.4240811834654083,2.220446049250313e-16,2.220446049250313e-16,0.05570081823710488,0.35400090165713316,0.48193178360552436,2.220446049250313e-16,2.220446049250313e-16,0.04202471906599424,2.220446049250313e-16,0.9580979936146077,0.5746619598013686,2.220446049250313e-16,0.026759526762693803,0.7697121952980408,2.220446049250313e-16,0.7025081179198303,2.220446049250313e-16,2.220446049250313e-16,2.220446049250313e-16,2.220446049250313e-16,2.220446049250313e-16
25.0,2.220446049250313e-16,2.220446049250313e-16,2.220446049250313e-16,0.433158712537564,0.7372865970837037,2.220446049250313e-16,2.220446049250313e-16,2.220446049250313e-16,0.17025439857138125,2.220446049250313e-16,2.220446049250313e-16,2.220446049250313e-16,2.220446049250313e-16,2.220446049250313e-16,0.7118921867284308,0.702038927778926,0.2264616195691034,0.011113175939251813,0.1004266137568302,0.9000436943947078,0.8113670323339203,2.220446049250313e-16,2.220446049250313e-16,2.220446049250313e-16
26.0,2.220446049250313e-16,2.220446049250313e-16,0.004482316884729239,2.220446049250313e-16,0.619442721546893,1.0649145811692056,0.07397143470613146,0.735748954309212,2.220446049250313e-16,0.16230642165465264,2.220446049250313e-16,2.220446049250313e-16,2.220446049250313e-16,0.5487606858395148,2.220446049250313e-16,9.173152146997073e-05,2.220446049250313e-16,2.220446049250313e-16,2.220446049250313e-16,2.220446049250313e-16,0.039585341845520344,2.220446049250313e-16,0.531389276980566,0.3972480424980878
27.0,0.49681661279710393,2.220446049250313e-16,2.220446049250313e-16,2.220446049250313e-16,2.220446049250313e-16,2.220446049250313e-16,2.220446049250313e-16,0.17209401695042048,0.3869530538116852,2.220446049250313e-16,2.220446049250313e-16,0.6148927928891517,1.1473431780443424,2.220446049250313e-16,0.8497099296641286,0.6052091499842177,2.220446049250313e-16,0.25340704869734215,2.220446049250313e-16,0.13083623631466879,2.220446049250313e-16,2.220446049250313e-16,2.220446049250313e-16,2.220446049250313e-16
28.0,0.49681661279710393,2.220446049250313e-16,2.220446049250313e-16,2.220446049250313e-16,2.220446049250313e-16,2.220446049250313e-16,2.220446049250313e-16,0.17209401695042048,0.3869530538116852,2.220446049250313e-16,2.220446049250313e-16,0.6148927928891517,1.1473431780443424,2.220446049250313e-16,0.8497099296641286,0.6052091499842177,2.220446049250313e-16,0.25340704869734215,2.220446049250313e-16,0.13083623631466879,2.220446049250313e-16,2.220446049250313e-16,2.220446049250313e-16,2.220446049250313e-16
29.0,0.4968166127971039,2.220446049250313e-16,2.220446049250313e-16,2.220446049250313e-16,2.220446049250313e-16,2.220446049250313e-16,2.220446049250313e-16,0.17209401695042026,0.3869530538116852,2.220446049250313e-16,2.220446049250313e-16,0.6148927928891513,1.1473431780443424,2.220446049250313e-16,0.8497099296641284,0.6052091499842178,2.220446049250313e-16,0.25340704869734193,2.220446049250313e-16,0.13083623631466884,2.220446049250313e-16,2.220446049250313e-16,2.220446049250313e-16,2.220446049250313e-16
30.0,2.220446049250313e-16,0.6190301794908405,0.7531030312768734,2.220446049250313e-16,0.3811588811274491,2.220446049250313e-16,2.220446049250313e-16,2.220446049250313e-16,0.8284408223577884,2.220446049250313e-16,2.220446049250313e-16,2.220446049250313e-16,2.220446049250313e-16,2.220446049250313e-16,0.014774810537161917,2.220446049250313e-16,0.013640468546995434,2.220446049250313e-16,2.220446049250313e-16,0.8955333572500466,0.9159204099278261,2.220446049250313e-16,2.220446049250313e-16,0.11085959030118027
31.0,0.4781595628075273,2.220446049250313e-16,2.220446049250313e-16,2.220446049250313e-16,0.7222964070089699,1.080211629711857,2.220446049250313e-16,0.23028838087236309,2.220446049250313e-16,0.4654765942507036,2.220446049250313e-16,2.220446049250313e-16,2.220446049250313e-16,2.220446049250313e-16,2.220446049250313e-16,2.220446049250313e-16,2.220446049250313e-16,0.04304054912613478,2.220446049250313e-16,2.220446049250313e-16,0.5698996305502348,2.220446049250313e-16,2.220446049250313e-16,2.220446049250313e-16
32.0,2.220446049250313e-16,2.220446049250313e-16,0.8535599134765038,2.220446049250313e-16,0.11771231225062107,2.220446049250313e-16,2.220446049250313e-16,2.220446049250313e-16,0.727221327611254,0.5175753539742214,0.5896984592873837,2.220446049250313e-16,0.07417770799708175,2.220446049250313e-16,2.220446049250313e-16,2.220446049250313e-16,2.220446049250313e-16,2.220446049250313e-16,2.220446049250313e-16,0.9704448545378779,0.22019986760230473,0.47467750003836456,2.220446049250313e-16,2.220446049250313e-16
33.0,2.220446049250313e-16,2.220446049250313e-16,0.8716394334695509,2.220446049250313e-16,2.220446049250313e-16,2.220446049250313e-16,0.06446104189069124,2.220446049250313e-16,0.8691000801822201,0.28197378485539276,0.5864374216566878,2.220446049250313e-16,0.07782359669258278,2.220446049250313e-16,0.003938638146932756,2.220446049250313e-16,2.220446049250313e-16,2.220446049250313e-16,2.220446049250313e-16,0.9554278563030976,0.4685127062579845,2.220446049250313e-16,2.220446049250313e-16,2.220446049250313e-16
34.0,0.5031596687389046,2.220446049250313e-16,0.3522864012590031,2.220446049250313e-16,2.220446049250313e-16,2.220446049250313e-16,0.07362879066622773,2.220446049250313e-16,0.8066623505693199,0.034475406331309244,2.220446049250313e-16,0.298108335104567,0.7754718461033401,2.220446049250313e-16,0.47211790045398594,2.220446049250313e-16,0.017390253120791625,2.220446049250313e-16,0.0150251411172254,0.8608372861552807,2.220446049250313e-16,2.220446049250313e-16,2.220446049250313e-16,0.3024403475919221
35.0,2.220446049250313e-16,2.220446049250313e-16,0.15409969296354015,2.220446049250313e-16,2.220446049250313e-16,2.220446049250313e-16,2.220446049250313e-16,0.004539870485328779,2.220446049250313e-16,0.43155875664295246,0.904458611396071,2.220446049250313e-16,2.220446049250313e-16,2.220446049250313e-16,0.7322307080514419,0.6747536452307847,0.07021216554254713,0.98136121189702,0.03408295739991814,2.220446049250313e-16,2.220446049250313e-16,0.47467750003836473,0.643264569494308,0.44364097318336315
36.0,2.220446049250313e-16,2.220446049250313e-16,2.220446049250313e-16,2.220446049250313e-16,0.6199430515911697,1.0674504554889042,2.220446049250313e-16,0.793152101495512,2.220446049250313e-16,2.220446049250313e-16,0.15463367289935956,2.220446049250313e-16,0.08272340481189258,0.5461720690046665,2.220446049250313e-16,0.00023182068018884897,2.220446049250313e-16,2.220446049250313e-16,2.220446049250313e-16,2.220446049250313e-16,0.0424878015317953,2.220446049250313e-16,0.6747589416498914,0.32144127451619886
37.0,2.220446049250313e-16,2.220446049250313e-16,2.220446049250313e-16,2.220446049250313e-16,2.220446049250313e-16,2.220446049250313e-16,2.220446049250313e-16,0.22548057050823597,0.6611034082811207,2.220446049250313e-16,2.220446049250313e-16,0.2903445097838182,1.0489665791573415,0.599573453818886,0.8418593711784448,2.220446049250313e-16,2.220446049250313e-16,0.7353781721022598,2.220446049250313e-16,2.220446049250313e-16,2.220446049250313e-16,2.220446049250313e-16,2.220446049250313e-16,2.220446049250313e-16
38.0,2.220446049250313e-16,2.220446049250313e-16,2.220446049250313e-16,2.220446049250313e-16,2.220446049250313e-16,2.220446049250313e-16,2.220446049250313e-16,0.22548057050823597,0.6611034082811207,2.220446049250313e-16,2.220446049250313e-16,0.2903445097838182,1.0489665791573415,0.599573453818886,0.8418593711784448,2.220446049250313e-16,2.220446049250313e-16,0.7353781721022598,2.220446049250313e-16,2.220446049250313e-16,2.220446049250313e-16,2.220446049250313e-16,2.220446049250313e-16,2.220446049250313e-16
39.0,2.220446049250313e-16,2.220446049250313e-16,0.0031520516852653075,2.220446049250313e-16,2.220446049250313e-16,2.220446049250313e-16,2.220446049250313e-16,0.009373552287857079,0.7775636684925792,0.7374178023040433,0.6443637600311615,2.220446049250313e-16,2.220446049250313e-16,2.220446049250313e-16,0.9041161468729902,2.220446049250313e-16,0.005149730230970178,0.21477296469330612,2.220446049250313e-16,0.5106655896203317,0.06874500608977892,2.220446049250313e-16,0.03788477332366014,0.3808169513659102
40.0,2.220446049250313e-16,0.6151381811782523,2.220446049250313e-16,0.706897219738683,2.220446049250313e-16,0.16748775144490172,0.8353471723889965,2.220446049250313e-16,2.220446049250313e-16,1.0152253116545797,2.220446049250313e-16,2.220446049250313e-16,2.220446049250313e-16,2.220446049250313e-16,0.008496209579111822,0.04476476284117645,0.806281055487235,0.2021104437788319,0.057958699742186044,0.0004494181678257629,0.0007338551186879044,2.220446049250313e-16,2.220446049250313e-16,2.220446049250313e-16
41.0,0.5067757608093933,2.220446049250313e-16,0.04208191339590761,2.220446049250313e-16,2.220446049250313e-16,0.012842383170378106,2.220446049250313e-16,0.7560761933720298,2.220446049250313e-16,2.220446049250313e-16,2.220446049250313e-16,0.2673465893525029,0.8305421277145878,2.220446049250313e-16,0.812162119762647,0.04132908112815793,0.5288869404993821,2.220446049250313e-16,0.7073036119820579,2.220446049250313e-16,2.220446049250313e-16,0.4746775000383647,2.220446049250313e-16,0.12265058543651214
42.0,2.220446049250313e-16,0.6190301794908404,2.220446049250313e-16,2.220446049250313e-16,2.220446049250313e-16,0.7051174296845318,0.7758306379217251,0.7908695474899717,2.220446049250313e-16,2.220446049250313e-16,0.4634059245083267,2.220446049250313e-16,0.582439896615996,0.5452579745772963,2.220446049250313e-16,2.220446049250313e-16,0.009124675934155358,2.220446049250313e-16,0.002516895575744591,2.220446049250313e-16,2.220446049250313e-16,2.220446049250313e-16,2.220446049250313e-16,2.220446049250313e-16
43.0,2.220446049250313e-16,2.220446049250313e-16,2.220446049250313e-16,2.220446049250313e-16,2.220446049250313e-16,0.01086394741727293,2.220446049250313e-16,0.7931468735189392,2.220446049250313e-16,2.220446049250313e-16,2.220446049250313e-16,2.220446049250313e-16,0.9254712157600474,0.5442539698240307,0.7984791224907943,0.04350047153116368,0.4917107115013655,2.220446049250313e-16,0.7075067852803336,2.220446049250313e-16,2.220446049250313e-16,0.4746775000383646,2.220446049250313e-16,2.220446049250313e-16
44.0,2.220446049250313e-16,2.220446049250313e-16,2.220446049250313e-16,2.220446049250313e-16,2.220446049250313e-16,0.01086394741727293,2.220446049250313e-16,0.7931468735189392,2.220446049250313e-16,2.220446049250313e-16,2.220446049250313e-16,2.220446049250313e-16,0.9254712157600474,0.5442539698240307,0.7984791224907943,0.04350047153116368,0.4917107115013655,2.220446049250313e-16,0.7075067852803336,2.220446049250313e-16,2.220446049250313e-16,0.4746775000383646,2.220446049250313e-16,2.220446049250313e-16
45.0,2.220446049250313e-16,2.220446049250313e-16,2.220446049250313e-16,2.220446049250313e-16,0.7560939734679688,0.6915065443159021,2.220446049250313e-16,2.220446049250313e-16,2.220446049250313e-16,0.10946052302343748,2.220446049250313e-16,0.3222288329423067,2.220446049250313e-16,2.220446049250313e-16,0.01359105117573672,2.220446049250313e-16,0.39529903053246473,2.220446049250313e-16,0.6238256059164486,0.005815428158745474,0.9678712950072129,2.220446049250313e-16,2.220446049250313e-16,2.220446049250313e-16
46.0,2.220446049250313e-16,0.6151759518244739,2.220446049250313e-16,0.7000369997032507,2.220446049250313e-16,0.0014166418177366273,0.8357039269359845,2.220446049250313e-16,6.938893903907228e-17,1.0202138890974313,2.220446049250313e-16,2.220446049250313e-16,2.220446049250313e-16,2.220446049250313e-16,2.220446049250313e-16,0.6565403233960012,0.7753990495148622,0.2746948183394923,0.03991291501498546,2.220446049250313e-16,0.004006744058477952,2.220446049250313e-16,2.220446049250313e-16,2.220446049250313e-16
47.0,2.220446049250313e-16,0.6151759518244739,2.220446049250313e-16,0.7000369997032507,2.220446049250313e-16,0.0014166418177366273,0.8357039269359845,2.220446049250313e-16,6.938893903907228e-17,1.0202138890974313,2.220446049250313e-16,2.220446049250313e-16,2.220446049250313e-16,2.220446049250313e-16,2.220446049250313e-16,0.6565403233960012,0.7753990495148622,0.2746948183394923,0.03991291501498546,2.220446049250313e-16,0.004006744058477952,2.220446049250313e-16,2.220446049250313e-16,2.220446049250313e-16
48.0,2.220446049250313e-16,0.3115389412953847,0.09012850423211458,2.220446049250313e-16,2.220446049250313e-16,2.220446049250313e-16,0.8310273868648231,2.220446049250313e-16,2.220446049250313e-16,0.14415992330270835,0.39627021697341075,0.6454828637463446,0.30037681121650617,0.3773761207457094,2.220446049250313e-16,0.013029100426598482,0.9766711525960323,2.220446049250313e-16,0.687312342856122,2.220446049250313e-16,0.0152949677756222,2.220446049250313e-16,0.07123179314846433,0.5927149308233906
49.0,2.220446049250313e-16,0.3115389412953847,0.09012850423211458,2.220446049250313e-16,2.220446049250313e-16,2.220446049250313e-16,0.8310273868648231,2.220446049250313e-16,2.220446049250313e-16,0.14415992330270835,0.39627021697341075,0.6454828637463446,0.30037681121650617,0.3773761207457094,2.220446049250313e-16,0.013029100426598482,0.9766711525960323,2.220446049250313e-16,0.687312342856122,2.220446049250313e-16,0.0152949677756222,2.220446049250313e-16,0.07123179314846433,0.5927149308233906
50.0,2.220446049250313e-16,2.220446049250313e-16,0.056077736526777,2.220446049250313e-16,2.220446049250313e-16,2.220446049250313e-16,2.220446049250313e-16,0.20338103807332203,2.220446049250313e-16,0.19397453469763468,0.1039153228134807,0.2863109318339915,0.35077369000341346,2.220446049250313e-16,0.9169106890450269,0.681198652677574,0.03174344334158882,0.9145303320487235,0.025098997843864088,2.220446049250313e-16,2.220446049250313e-16,0.4746775000383648,0.5625166743261523,0.7558561107102486
51.0,2.220446049250313e-16,2.220446049250313e-16,0.005808357191211308,2.220446049250313e-16,0.6181538049610745,1.0634221332967795,0.06781955538088955,0.7385253114386715,5.551115123125783e-17,0.4375665032544316,2.220446049250313e-16,2.220446049250313e-16,2.220446049250313e-16,0.5484887528055844,2.220446049250313e-16,2.220446049250313e-16,2.220446049250313e-16,2.220446049250313e-16,2.220446049250313e-16,2.220446049250313e-16,0.0346939115959966,2.220446049250313e-16,2.220446049250313e-16,0.30564352152381874
52.0,2.220446049250313e-16,2.220446049250313e-16,2.220446049250313e-16,2.220446049250313e-16,2.220446049250313e-16,2.220446049250313e-16,2.220446049250313e-16,2.220446049250313e-16,0.7843973996375355,0.08338885054983525,0.01464471591610853,2.220446049250313e-16,1.1045838812896718,0.6215317512959276,0.8479163381465386,2.220446049250313e-16,2.220446049250313e-16,0.30669579756180837,2.220446049250313e-16,0.08922692297758149,2.220446049250313e-16,2.220446049250313e-16,2.220446049250313e-16,2.220446049250313e-16
53.0,2.220446049250313e-16,2.220446049250313e-16,0.8859629463964382,0.47622044419332826,2.220446049250313e-16,2.220446049250313e-16,0.07427919977552265,2.220446049250313e-16,0.829444748538124,0.023340138552053215,0.10446065101067391,2.220446049250313e-16,2.220446049250313e-16,2.220446049250313e-16,0.002920751478469836,0.010180065580785783,2.220446049250313e-16,2.220446049250313e-16,2.220446049250313e-16,0.8884927566573944,0.8955038005243497,2.220446049250313e-16,2.220446049250313e-16,2.220446049250313e-16
54.0,2.220446049250313e-16,2.220446049250313e-16,2.220446049250313e-16,2.220446049250313e-16,2.220446049250313e-16,2.220446049250313e-16,2.220446049250313e-16,2.220446049250313e-16,0.7843973996375355,0.08338885054983525,0.01464471591610853,2.220446049250313e-16,1.1045838812896718,0.6215317512959276,0.8479163381465386,2.220446049250313e-16,2.220446049250313e-16,0.30669579756180837,2.220446049250313e-16,0.08922692297758149,2.220446049250313e-16,2.220446049250313e-16,2.220446049250313e-16,2.220446049250313e-16
55.0,2.220446049250313e-16,0.3049369055648495,0.42708087856990357,0.46393921318597925,0.030593440060542446,0.0052678867611874736,0.4666621694987885,2.220446049250313e-16,2.220446049250313e-16,0.6800117823389246,0.07990950237116227,0.3072636259224979,2.220446049250313e-16,2.220446049250313e-16,0.015845539373817812,0.6624843428785335,0.7832285808348644,0.2509084513551453,0.011773399628058033,2.220446049250313e-16,0.24469564905529612,2.220446049250313e-16,2.220446049250313e-16,2.220446049250313e-16
56.0,2.220446049250313e-16,2.220446049250313e-16,2.220446049250313e-16,0.7032693982932128,0.5211747262693988,0.6176065914188683,2.220446049250313e-16,2.220446049250313e-16,2.220446049250313e-16,1.0063283287946743,2.220446049250313e-16,2.220446049250313e-16,2.220446049250313e-16,1.3877787807814457e-16,0.024898821165762173,0.05472819327227432,0.3284070385818607,0.17918815880579017,0.7077561971531757,0.007652852904000618,0.01010192072917006,2.220446049250313e-16,2.220446049250313e-16,2.220446049250313e-16
57.0,2.220446049250313e-16,2.220446049250313e-16,2.220446049250313e-16,0.7035168058257721,0.5217666224144105,0.6142067964530318,2.220446049250313e-16,2.220446049250313e-16,2.220446049250313e-16,0.9930227061423197,2.220446049250313e-16,2.220446049250313e-16,0.020084347169209718,2.220446049250313e-16,0.035347362498539196,0.058789832963379876,0.18973028277625012,0.3289239221768556,0.7190332217450269,0.007017069975853277,0.010574990359837505,2.220446049250313e-16,2.220446049250313e-16,2.220446049250313e-16
58.0,2.220446049250313e-16,0.616509997980422,0.009700189373542056,0.457736401680709,2.220446049250313e-16,2.220446049250313e-16,0.8537777192823117,2.220446049250313e-16,2.220446049250313e-16,0.07033873884029362,2.220446049250313e-16,2.220446049250313e-16,0.00659156665126411,2.220446049250313e-16,2.220446049250313e-16,0.6900375593391558,0.041802968882504385,0.8555241832970945,0.04714540556994536,0.32392805992543894,0.9485078052018596,0.47467750003836456,2.220446049250313e-16,2.220446049250313e-16
59.0,2.220446049250313e-16,0.30494715642682657,0.44039487266660016,0.4620773660705806,2.220446049250313e-16,0.0006208650496404115,0.4753727283196145,2.220446049250313e-16,2.220446049250313e-16,0.1000812987816937,0.04513887259370242,2.220446049250313e-16,0.008632195823835908,2.220446049250313e-16,2.220446049250313e-16,0.69183644674744,0.050842822546608483,0.8102490977706737,0.01993967359389206,0.37155628057847545,0.9366410545576805,0.47467750003836456,2.220446049250313e-16,2.220446049250313e-16
60.0,2.220446049250313e-16,2.220446049250313e-16,0.05592828561336555,2.220446049250313e-16,2.220446049250313e-16,2.220446049250313e-16,2.220446049250313e-16,0.20727004148476402,0.33834967252241716,0.1934449635747801,0.103975686369279,0.28573457734510116,0.32418717094734917,2.220446049250313e-16,0.9109583788487868,0.067514143650957,0.05506091673288053,0.93126143742561,0.04291798555271849,2.220446049250313e-16,2.220446049250313e-16,0.4746775000383646,0.5625896809409977,0.7553745921367905
61.0,2.220446049250313e-16,2.220446049250313e-16,8.515085349412391e-05,2.220446049250313e-16,0.6190247653502317,1.0623309772245573,0.07069915821262839,0.7477977952492832,2.220446049250313e-16,0.31045218565497634,2.220446049250313e-16,2.220446049250313e-16,2.220446049250313e-16,0.5475805502447788,2.220446049250313e-16,2.220446049250313e-16,2.220446049250313e-16,2.220446049250313e-16,2.220446049250313e-16,2.220446049250313e-16,0.03697870967234163,2.220446049250313e-16,2.220446049250313e-16,0.5281614702795266
62.0,2.220446049250313e-16,2.220446049250313e-16,0.47312669480305314,2.220446049250313e-16,2.220446049250313e-16,2.220446049250313e-16,2.220446049250313e-16,2.220446049250313e-16,0.8594712843598726,0.5340663344402725,0.850596121323236,2.220446049250313e-16,0.04633705385079647,2.220446049250313e-16,0.3487056057087507,2.220446049250313e-16,2.220446049250313e-16,2.220446049250313e-16,2.220446049250313e-16,0.9900235052367721,0.14552286947081491,2.220446049250313e-16,0.016004562796414053,2.220446049250313e-16
63.0,2.220446049250313e-16,2.220446049250313e-16,2.220446049250313e-16,2.220446049250313e-16,2.220446049250313e-16,1.503112764193295e-05,2.220446049250313e-16,2.220446049250313e-16,0.72394102848853,2.220446049250313e-16,0.014073597698891925,0.29172511866677164,1.0825323120850177,0.6215819542012151,0.8566844926138266,2.220446049250313e-16,2.220446049250313e-16,0.508868130879991,2.220446049250313e-16,2.220446049250313e-16,2.220446049250313e-16,2.220446049250313e-16,2.220446049250313e-16,2.220446049250313e-16
64.0,2.220446049250313e-16,2.220446049250313e-16,2.220446049250313e-16,2.220446049250313e-16,2.220446049250313e-16,0.0009836807944384246,2.220446049250313e-16,2.220446049250313e-16,0.8527064700098563,0.6572908108210426,0.6583178823205904,2.220446049250313e-16,0.11882731155480976,2.220446049250313e-16,0.886359834367052,2.220446049250313e-16,2.220446049250313e-16,2.220446049250313e-16,2.220446049250313e-16,0.8557546101772885,0.1400644714258983,2.220446049250313e-16,0.018869664377830973,0.01489782270380351
65.0,2.220446049250313e-16,2.220446049250313e-16,0.8439255244936477,0.46524980104930586,2.220446049250313e-16,0.005920755027343254,2.220446049250313e-16,2.220446049250313e-16,2.220446049250313e-16,0.15568323087221958,0.3073779494637901,2.220446049250313e-16,0.04087101727213653,2.220446049250313e-16,0.006895135240587572,0.6877081291338853,0.04401616101880771,0.9609908763648255,0.035165433294498394,2.220446049250313e-16,0.967070832758405,0.4746775000383645,0.032097705071197656,2.220446049250313e-16
66.0,0.4619824622308233,0.6162698524609751,2.220446049250313e-16,0.5013536353989002,2.220446049250313e-16,1.0528888760265347,2.220446049250313e-16,0.7782346653166966,2.220446049250313e-16,2.220446049250313e-16,0.14358785217385556,2.220446049250313e-16,2.220446049250313e-16,0.16653941830457597,2.220446049250313e-16,2.220446049250313e-16,2.220446049250313e-16,2.220446049250313e-16,2.220446049250313e-16,2.220446049250313e-16,2.220446049250313e-16,2.220446049250313e-16,0.6082103333596596,0.65675610217502
67.0,0.4619824622308233,0.6162698524609751,2.220446049250313e-16,0.5013536353989002,2.220446049250313e-16,1.0528888760265347,2.220446049250313e-16,0.7782346653166966,2.220446049250313e-16,2.220446049250313e-16,0.14358785217385556,2.220446049250313e-16,2.220446049250313e-16,0.16653941830457597,2.220446049250313e-16,2.220446049250313e-16,2.220446049250313e-16,2.220446049250313e-16,2.220446049250313e-16,2.220446049250313e-16,2.220446049250313e-16,2.220446049250313e-16,0.6082103333596596,0.65675610217502
68.0,0.4761314691068727,2.220446049250313e-16,0.8662122986185004,2.220446049250313e-16,2.220446049250313e-16,2.220446049250313e-16,2.220446049250313e-16,0.21720335463511617,2.220446049250313e-16,2.220446049250313e-16,0.7577019775545583,0.6245648143017601,0.22340525533407538,2.220446049250313e-16,2.220446049250313e-16,0.6480183380015822,0.9943794664642299,2.220446049250313e-16,0.003917379088436608,2.220446049250313e-16,2.220446049250313e-16,2.220446049250313e-16,2.220446049250313e-16,0.6521917486296381
69.0,0.4761314691068727,2.220446049250313e-16,0.8662122986185004,2.220446049250313e-16,2.220446049250313e-16,2.220446049250313e-16,2.220446049250313e-16,0.21720335463511617,2.220446049250313e-16,2.220446049250313e-16,0.7577019775545583,0.6245648143017601,0.22340525533407538,2.220446049250313e-16,2.220446049250313e-16,0.6480183380015822,0.9943794664642299,2.220446049250313e-16,0.003917379088436608,2.220446049250313e-16,2.220446049250313e-16,2.220446049250313e-16,2.220446049250313e-16,0.6521917486296381
