52 0.4549538791336731 0.057321213294594796 0.07539007682973285 0.2348044998941455 0.23610604805357316 0.07539007612798726 0.02321251291923169 0.1874488233633294 0.4549538805719396 0.10732423819709491 0.1874488233463878 0.4549538803841824 0.0420304404438996 0.16978436501895888 0.45495388087723554 0.638166878400936 0.2348045004691009 0.169784365290808 0.6381668785744914 0.18744882328734855
61 0.2994111311107804 0.275877367237161 0.29811826356645343 0.21611450430803622 0.7439108448719387 0.2981182628593352 0.20629124231547863 0.2382636843314488 0.29941113178147116 0.4902279602241432 0.2382636840564198 0.29941113164087474 0.14706114777190613 0.27787846425826235 0.2994111317949442 0.23610604840457602 0.21611450520254216 0.2778784643271528 0.23610604807033325 0.2382636842474676
2 0.06401066041528108 0.4473197631671189 0.4454404094102749 0.23310232112436335 0.16554714398260786 0.44544040866273277 0.4189936956502918 0.3382330740494711 0.06401066101165039 0.3195005882991907 0.338233073748716 0.06401066098023975 0.5973759283125291 0.3682678572471585 0.06401066126044319 0.027775996302572836 0.23310232205605846 0.3682678572881222 0.027775996005783236 0.3382330738540997
17 0.1983386308857007 0.1892392174352584 0.33541182870976627 0.4308468512699619 0.23826368430706135 0.3354118277784437 0.15394943924256266 0.4396574173879344 0.19833863202302382 0.21198330500721507 0.439657417111448 0.19833863173698774 0.35084165477511137 0.39491049596108496 0.19833863223175285 0.18744882379542105 0.43084685227586306 0.39491049661592115 0.18744882350438274 0.43965741741703823
25 0.08157209267001525 0.773265070220491 0.2929995421896648 0.1409973721502661 0.2758773672371671 0.2929995415225322 0.6749024903552145 0.18923921752508038 0.08157209306790476 0.49151811476128515 0.1892392171090663 0.08157209302541894 0.3456776017714941 0.28044293699847966 0.08157209332289773 0.05732121349302862 0.14099737316593416 0.2804429372956462 0.057321213342460715 0.1892392173425686
45 0.10266598278032738 0.4915181147612948 0.3993659059344357 0.18835419197506137 0.4902279602241455 0.3993659051031969 0.4920217585521498 0.21198330500023557 0.10266598343810343 0.6645770052073079 0.21198330477978455 0.10266598328998215 0.2679934779068879 0.2937415157142595 0.10266598366598213 0.10732423839796952 0.18835419284466196 0.29374151597602693 0.10732423802504854 0.21198330475349053
55 0.08157209267001525 0.773265070220491 0.2929995421896648 0.1409973721502661 0.2758773672371671 0.2929995415225322 0.6749024903552145 0.18923921752508038 0.08157209306790476 0.49151811476128515 0.1892392171090663 0.08157209302541894 0.3456776017714941 0.28044293699847966 0.08157209332289773 0.05732121349302862 0.14099737316593416 0.2804429372956462 0.057321213342460715 0.1892392173425686
59 0.10266598278032738 0.4915181147612948 0.3993659059344357 0.18835419197506137 0.4902279602241455 0.3993659051031969 0.4920217585521498 0.21198330500023557 0.10266598343810343 0.6645770052073079 0.21198330477978455 0.10266598328998215 0.2679934779068879 0.2937415157142595 0.10266598366598213 0.10732423839796952 0.18835419284466196 0.29374151597602693 0.10732423802504854 0.21198330475349053
10 0.05612652786706519 0.3456776017714951 0.47645727699946505 0.3241186562844224 0.14706114777190704 0.4764572760685581 0.33990400241649993 0.3508416547248088 0.0561265284863215 0.26799347790689193 0.35084165453056815 0.056126528372831226 0.6094497080169531 0.35395161194388247 0.05612652852603162 0.04203044072717828 0.32411865736478623 0.35395161238207273 0.04203044045240964 0.3508416546626734
53 0.2262333238862898 0.28044293732117986 0.33134512133991845 0.34341383879457726 0.277878464140783 0.3313451200234073 0.17634399519971494 0.39491049626043295 0.22623332470926266 0.29374151591406583 0.394910496196043 0.22623332448173417 0.35395161213618437 0.4559520549577127 0.22623332497616438 0.16978436549591652 0.34341383973628886 0.45595205519930654 0.16978436510737138 0.3949104961561533
14 0.06401066041528108 0.4473197631671189 0.4454404094102749 0.23310232112436335 0.16554714398260786 0.44544040866273277 0.4189936956502918 0.3382330740494711 0.06401066101165039 0.3195005882991907 0.338233073748716 0.06401066098023975 0.5973759283125291 0.3682678572471585 0.06401066126044319 0.027775996302572836 0.23310232205605846 0.3682678572881222 0.027775996005783236 0.3382330738540997
38 0.2262333238862898 0.28044293732117986 0.33134512133991845 0.34341383879457726 0.277878464140783 0.3313451200234073 0.17634399519971494 0.39491049626043295 0.22623332470926266 0.29374151591406583 0.394910496196043 0.22623332448173417 0.35395161213618437 0.4559520549577127 0.22623332497616438 0.16978436549591652 0.34341383973628886 0.45595205519930654 0.16978436510737138 0.3949104961561533
42 0.543437252088962 0.08157209292084941 0.0720984613686719 0.17837294225572048 0.29941113152290666 0.07209846075523724 0.018394428555414417 0.1983386314700924 0.5434372538056526 0.10266598328797323 0.19833863159773027 0.5434372532240423 0.05612652835434373 0.22623332434989687 0.5434372540021852 0.45495388035507905 0.17837294292750494 0.2262333245226885 0.45495388044943774 0.19833863151293407
44 0.10266598278032738 0.4915181147612948 0.3993659059344357 0.18835419197506137 0.4902279602241455 0.3993659051031969 0.4920217585521498 0.21198330500023557 0.10266598343810343 0.6645770052073079 0.21198330477978455 0.10266598328998215 0.2679934779068879 0.2937415157142595 0.10266598366598213 0.10732423839796952 0.18835419284466196 0.29374151597602693 0.10732423802504854 0.21198330475349053
13 0.1983386308857007 0.1892392174352584 0.33541182870976627 0.4308468512699619 0.23826368430706135 0.3354118277784437 0.15394943924256266 0.4396574173879344 0.19833863202302382 0.21198330500721507 0.439657417111448 0.19833863173698774 0.35084165477511137 0.39491049596108496 0.19833863223175285 0.18744882379542105 0.43084685227586306 0.39491049661592115 0.18744882350438274 0.43965741741703823
16 0.05612652786706519 0.3456776017714951 0.47645727699946505 0.3241186562844224 0.14706114777190704 0.4764572760685581 0.33990400241649993 0.3508416547248088 0.0561265284863215 0.26799347790689193 0.35084165453056815 0.056126528372831226 0.6094497080169531 0.35395161194388247 0.05612652852603162 0.04203044072717828 0.32411865736478623 0.35395161238207273 0.04203044045240964 0.3508416546626734
33 0.17837294217370073 0.1409973727317108 0.33449664374082844 0.5097026067400003 0.21611450477425673 0.33449664287069103 0.13866311238878254 0.43084685162450215 0.17837294299067305 0.18835419253895516 0.4308468514170793 0.17837294264676423 0.3241186569221967 0.3434138393402863 0.17837294301659673 0.23480450055813556 0.5097026078197121 0.3434138397443451 0.23480450017799073 0.430846851558771
40 0.08157209267001525 0.773265070220491 0.2929995421896648 0.1409973721502661 0.2758773672371671 0.2929995415225322 0.6749024903552145 0.18923921752508038 0.08157209306790476 0.49151811476128515 0.1892392171090663 0.08157209302541894 0.3456776017714941 0.28044293699847966 0.08157209332289773 0.05732121349302862 0.14099737316593416 0.2804429372956462 0.057321213342460715 0.1892392173425686
39 0.2262333238862898 0.28044293732117986 0.33134512133991845 0.34341383879457726 0.277878464140783 0.3313451200234073 0.17634399519971494 0.39491049626043295 0.22623332470926266 0.29374151591406583 0.394910496196043 0.22623332448173417 0.35395161213618437 0.4559520549577127 0.22623332497616438 0.16978436549591652 0.34341383973628886 0.45595205519930654 0.16978436510737138 0.3949104961561533
12 0.06401066041528108 0.4473197631671189 0.4454404094102749 0.23310232112436335 0.16554714398260786 0.44544040866273277 0.4189936956502918 0.3382330740494711 0.06401066101165039 0.3195005882991907 0.338233073748716 0.06401066098023975 0.5973759283125291 0.3682678572471585 0.06401066126044319 0.027775996302572836 0.23310232205605846 0.3682678572881222 0.027775996005783236 0.3382330738540997
0 0.06401066041528108 0.4473197631671189 0.4454404094102749 0.23310232112436335 0.16554714398260786 0.44544040866273277 0.4189936956502918 0.3382330740494711 0.06401066101165039 0.3195005882991907 0.338233073748716 0.06401066098023975 0.5973759283125291 0.3682678572471585 0.06401066126044319 0.027775996302572836 0.23310232205605846 0.3682678572881222 0.027775996005783236 0.3382330738540997
27 0.543437252088962 0.08157209292084941 0.0720984613686719 0.17837294225572048 0.29941113152290666 0.07209846075523724 0.018394428555414417 0.1983386314700924 0.5434372538056526 0.10266598328797323 0.19833863159773027 0.5434372532240423 0.05612652835434373 0.22623332434989687 0.5434372540021852 0.45495388035507905 0.17837294292750494 0.2262333245226885 0.45495388044943774 0.19833863151293407
32 0.2994111311107804 0.275877367237161 0.29811826356645343 0.21611450430803622 0.7439108448719387 0.2981182628593352 0.20629124231547863 0.2382636843314488 0.29941113178147116 0.4902279602241432 0.2382636840564198 0.29941113164087474 0.14706114777190613 0.27787846425826235 0.2994111317949442 0.23610604840457602 0.21611450520254216 0.2778784643271528 0.23610604807033325 0.2382636842474676
50 0.4549538791336731 0.057321213294594796 0.07539007682973285 0.2348044998941455 0.23610604805357316 0.07539007612798726 0.02321251291923169 0.1874488233633294 0.4549538805719396 0.10732423819709491 0.1874488233463878 0.4549538803841824 0.0420304404438996 0.16978436501895888 0.45495388087723554 0.638166878400936 0.2348045004691009 0.169784365290808 0.6381668785744914 0.18744882328734855
41 0.543437252088962 0.08157209292084941 0.0720984613686719 0.17837294225572048 0.29941113152290666 0.07209846075523724 0.018394428555414417 0.1983386314700924 0.5434372538056526 0.10266598328797323 0.19833863159773027 0.5434372532240423 0.05612652835434373 0.22623332434989687 0.5434372540021852 0.45495388035507905 0.17837294292750494 0.2262333245226885 0.45495388044943774 0.19833863151293407
18 0.17837294217370073 0.1409973727317108 0.33449664374082844 0.5097026067400003 0.21611450477425673 0.33449664287069103 0.13866311238878254 0.43084685162450215 0.17837294299067305 0.18835419253895516 0.4308468514170793 0.17837294264676423 0.3241186569221967 0.3434138393402863 0.17837294301659673 0.23480450055813556 0.5097026078197121 0.3434138397443451 0.23480450017799073 0.430846851558771
29 0.10266598278032738 0.4915181147612948 0.3993659059344357 0.18835419197506137 0.4902279602241455 0.3993659051031969 0.4920217585521498 0.21198330500023557 0.10266598343810343 0.6645770052073079 0.21198330477978455 0.10266598328998215 0.2679934779068879 0.2937415157142595 0.10266598366598213 0.10732423839796952 0.18835419284466196 0.29374151597602693 0.10732423802504854 0.21198330475349053
31 0.2994111311107804 0.275877367237161 0.29811826356645343 0.21611450430803622 0.7439108448719387 0.2981182628593352 0.20629124231547863 0.2382636843314488 0.29941113178147116 0.4902279602241432 0.2382636840564198 0.29941113164087474 0.14706114777190613 0.27787846425826235 0.2994111317949442 0.23610604840457602 0.21611450520254216 0.2778784643271528 0.23610604807033325 0.2382636842474676
4 0.05612652786706519 0.3456776017714951 0.47645727699946505 0.3241186562844224 0.14706114777190704 0.4764572760685581 0.33990400241649993 0.3508416547248088 0.0561265284863215 0.26799347790689193 0.35084165453056815 0.056126528372831226 0.6094497080169531 0.35395161194388247 0.05612652852603162 0.04203044072717828 0.32411865736478623 0.35395161238207273 0.04203044045240964 0.3508416546626734
6 0.06401066041528108 0.4473197631671189 0.4454404094102749 0.23310232112436335 0.16554714398260786 0.44544040866273277 0.4189936956502918 0.3382330740494711 0.06401066101165039 0.3195005882991907 0.338233073748716 0.06401066098023975 0.5973759283125291 0.3682678572471585 0.06401066126044319 0.027775996302572836 0.23310232205605846 0.3682678572881222 0.027775996005783236 0.3382330738540997
19 0.018394428305689003 0.6749024903552163 0.3135823099476907 0.13866311191484598 0.20629124231548274 0.3135823092274209 0.8794776872202764 0.15394943928638866 0.018394428621995213 0.49202175855215063 0.15394943903636704 0.018394428733025124 0.33990400241649815 0.1763439951407586 0.01839442880637842 0.023212513176695208 0.1386631127723902 0.176343995378243 0.023212512948588688 0.1539494391253162
56 0.543437252088962 0.08157209292084941 0.0720984613686719 0.17837294225572048 0.29941113152290666 0.07209846075523724 0.018394428555414417 0.1983386314700924 0.5434372538056526 0.10266598328797323 0.19833863159773027 0.5434372532240423 0.05612652835434373 0.22623332434989687 0.5434372540021852 0.45495388035507905 0.17837294292750494 0.2262333245226885 0.45495388044943774 0.19833863151293407
21 0.4549538791336731 0.057321213294594796 0.07539007682973285 0.2348044998941455 0.23610604805357316 0.07539007612798726 0.02321251291923169 0.1874488233633294 0.4549538805719396 0.10732423819709491 0.1874488233463878 0.4549538803841824 0.0420304404438996 0.16978436501895888 0.45495388087723554 0.638166878400936 0.2348045004691009 0.169784365290808 0.6381668785744914 0.18744882328734855
36 0.4549538791336731 0.057321213294594796 0.07539007682973285 0.2348044998941455 0.23610604805357316 0.07539007612798726 0.02321251291923169 0.1874488233633294 0.4549538805719396 0.10732423819709491 0.1874488233463878 0.4549538803841824 0.0420304404438996 0.16978436501895888 0.45495388087723554 0.638166878400936 0.2348045004691009 0.169784365290808 0.6381668785744914 0.18744882328734855
28 0.07209846054069834 0.29299954215131857 0.5135268692309592 0.3344966427374293 0.2981182633918351 0.5135268684229756 0.3135823097536463 0.3354118283535368 0.0720984613622861 0.3993659057724232 0.33541182808950987 0.07209846143608789 0.47645727669238996 0.33134512080525486 0.07209846149815788 0.07539007693137338 0.33449664405835433 0.3313451212080563 0.07539007651652607 0.33541182818190046
24 0.2262333238862898 0.28044293732117986 0.33134512133991845 0.34341383879457726 0.277878464140783 0.3313451200234073 0.17634399519971494 0.39491049626043295 0.22623332470926266 0.29374151591406583 0.394910496196043 0.22623332448173417 0.35395161213618437 0.4559520549577127 0.22623332497616438 0.16978436549591652 0.34341383973628886 0.45595205519930654 0.16978436510737138 0.3949104961561533
20 0.4549538791336731 0.057321213294594796 0.07539007682973285 0.2348044998941455 0.23610604805357316 0.07539007612798726 0.02321251291923169 0.1874488233633294 0.4549538805719396 0.10732423819709491 0.1874488233463878 0.4549538803841824 0.0420304404438996 0.16978436501895888 0.45495388087723554 0.638166878400936 0.2348045004691009 0.169784365290808 0.6381668785744914 0.18744882328734855
30 0.10266598278032738 0.4915181147612948 0.3993659059344357 0.18835419197506137 0.4902279602241455 0.3993659051031969 0.4920217585521498 0.21198330500023557 0.10266598343810343 0.6645770052073079 0.21198330477978455 0.10266598328998215 0.2679934779068879 0.2937415157142595 0.10266598366598213 0.10732423839796952 0.18835419284466196 0.29374151597602693 0.10732423802504854 0.21198330475349053
8 0.06401066041528108 0.4473197631671189 0.4454404094102749 0.23310232112436335 0.16554714398260786 0.44544040866273277 0.4189936956502918 0.3382330740494711 0.06401066101165039 0.3195005882991907 0.338233073748716 0.06401066098023975 0.5973759283125291 0.3682678572471585 0.06401066126044319 0.027775996302572836 0.23310232205605846 0.3682678572881222 0.027775996005783236 0.3382330738540997
15 0.1983386310748756 0.18923921743525884 0.3354118284769356 0.4308468511735555 0.2382636843070598 0.33541182754561305 0.1539494392425631 0.4396574173879344 0.19833863188978285 0.2119833050072133 0.43965741724241525 0.19833863188978285 0.3508416547751185 0.39491049625212327 0.1983386321226135 0.18744882382452488 0.43084685210487805 0.39491049654316157 0.1874488233588636 0.43965741724241525
35 0.4549538791336731 0.057321213294594796 0.07539007682973285 0.2348044998941455 0.23610604805357316 0.07539007612798726 0.02321251291923169 0.1874488233633294 0.4549538805719396 0.10732423819709491 0.1874488233463878 0.4549538803841824 0.0420304404438996 0.16978436501895888 0.45495388087723554 0.638166878400936 0.2348045004691009 0.169784365290808 0.6381668785744914 0.18744882328734855
54 0.2262333238862898 0.28044293732117986 0.33134512133991845 0.34341383879457726 0.277878464140783 0.3313451200234073 0.17634399519971494 0.39491049626043295 0.22623332470926266 0.29374151591406583 0.394910496196043 0.22623332448173417 0.35395161213618437 0.4559520549577127 0.22623332497616438 0.16978436549591652 0.34341383973628886 0.45595205519930654 0.16978436510737138 0.3949104961561533
7 0.1983386308857007 0.1892392174352584 0.33541182870976627 0.4308468512699619 0.23826368430706135 0.3354118277784437 0.15394943924256266 0.4396574173879344 0.19833863202302382 0.21198330500721507 0.439657417111448 0.19833863173698774 0.35084165477511137 0.39491049596108496 0.19833863223175285 0.18744882379542105 0.43084685227586306 0.39491049661592115 0.18744882350438274 0.43965741741703823
57 0.543437252088962 0.08157209292084941 0.0720984613686719 0.17837294225572048 0.29941113152290666 0.07209846075523724 0.018394428555414417 0.1983386314700924 0.5434372538056526 0.10266598328797323 0.19833863159773027 0.5434372532240423 0.05612652835434373 0.22623332434989687 0.5434372540021852 0.45495388035507905 0.17837294292750494 0.2262333245226885 0.45495388044943774 0.19833863151293407
58 0.07209846054069834 0.29299954215131857 0.5135268692309592 0.3344966427374293 0.2981182633918351 0.5135268684229756 0.3135823097536463 0.3354118283535368 0.0720984613622861 0.3993659057724232 0.33541182808950987 0.07209846143608789 0.47645727669238996 0.33134512080525486 0.07209846149815788 0.07539007693137338 0.33449664405835433 0.3313451212080563 0.07539007651652607 0.33541182818190046
47 0.2994111311107804 0.275877367237161 0.29811826356645343 0.21611450430803622 0.7439108448719387 0.2981182628593352 0.20629124231547863 0.2382636843314488 0.29941113178147116 0.4902279602241432 0.2382636840564198 0.29941113164087474 0.14706114777190613 0.27787846425826235 0.2994111317949442 0.23610604840457602 0.21611450520254216 0.2778784643271528 0.23610604807033325 0.2382636842474676
37 0.4549538791336731 0.057321213294594796 0.07539007682973285 0.2348044998941455 0.23610604805357316 0.07539007612798726 0.02321251291923169 0.1874488233633294 0.4549538805719396 0.10732423819709491 0.1874488233463878 0.4549538803841824 0.0420304404438996 0.16978436501895888 0.45495388087723554 0.638166878400936 0.2348045004691009 0.169784365290808 0.6381668785744914 0.18744882328734855
22 0.4549538791336731 0.057321213294594796 0.07539007682973285 0.2348044998941455 0.23610604805357316 0.07539007612798726 0.02321251291923169 0.1874488233633294 0.4549538805719396 0.10732423819709491 0.1874488233463878 0.4549538803841824 0.0420304404438996 0.16978436501895888 0.45495388087723554 0.638166878400936 0.2348045004691009 0.169784365290808 0.6381668785744914 0.18744882328734855
34 0.018394428305689003 0.6749024903552163 0.3135823099476907 0.13866311191484598 0.20629124231548274 0.3135823092274209 0.8794776872202764 0.15394943928638866 0.018394428621995213 0.49202175855215063 0.15394943903636704 0.018394428733025124 0.33990400241649815 0.1763439951407586 0.01839442880637842 0.023212513176695208 0.1386631127723902 0.176343995378243 0.023212512948588688 0.1539494391253162
48 0.17837294217370073 0.1409973727317108 0.33449664374082844 0.5097026067400003 0.21611450477425673 0.33449664287069103 0.13866311238878254 0.43084685162450215 0.17837294299067305 0.18835419253895516 0.4308468514170793 0.17837294264676423 0.3241186569221967 0.3434138393402863 0.17837294301659673 0.23480450055813556 0.5097026078197121 0.3434138397443451 0.23480450017799073 0.430846851558771
3 0.1983386308857007 0.1892392174352584 0.33541182870976627 0.4308468512699619 0.23826368430706135 0.3354118277784437 0.15394943924256266 0.4396574173879344 0.19833863202302382 0.21198330500721507 0.439657417111448 0.19833863173698774 0.35084165477511137 0.39491049596108496 0.19833863223175285 0.18744882379542105 0.43084685227586306 0.39491049661592115 0.18744882350438274 0.43965741741703823
60 0.10266598278032738 0.4915181147612948 0.3993659059344357 0.18835419197506137 0.4902279602241455 0.3993659051031969 0.4920217585521498 0.21198330500023557 0.10266598343810343 0.6645770052073079 0.21198330477978455 0.10266598328998215 0.2679934779068879 0.2937415157142595 0.10266598366598213 0.10732423839796952 0.18835419284466196 0.29374151597602693 0.10732423802504854 0.21198330475349053
11 0.1983386308857007 0.1892392174352584 0.33541182870976627 0.4308468512699619 0.23826368430706135 0.3354118277784437 0.15394943924256266 0.4396574173879344 0.19833863202302382 0.21198330500721507 0.439657417111448 0.19833863173698774 0.35084165477511137 0.39491049596108496 0.19833863223175285 0.18744882379542105 0.43084685227586306 0.39491049661592115 0.18744882350438274 0.43965741741703823
1 0.1983386308857007 0.1892392174352584 0.33541182870976627 0.4308468512699619 0.23826368430706135 0.3354118277784437 0.15394943924256266 0.4396574173879344 0.19833863202302382 0.21198330500721507 0.439657417111448 0.19833863173698774 0.35084165477511137 0.39491049596108496 0.19833863223175285 0.18744882379542105 0.43084685227586306 0.39491049661592115 0.18744882350438274 0.43965741741703823
43 0.07209846054069834 0.29299954215131857 0.5135268692309592 0.3344966427374293 0.2981182633918351 0.5135268684229756 0.3135823097536463 0.3354118283535368 0.0720984613622861 0.3993659057724232 0.33541182808950987 0.07209846143608789 0.47645727669238996 0.33134512080525486 0.07209846149815788 0.07539007693137338 0.33449664405835433 0.3313451212080563 0.07539007651652607 0.33541182818190046
26 0.543437252088962 0.08157209292084941 0.0720984613686719 0.17837294225572048 0.29941113152290666 0.07209846075523724 0.018394428555414417 0.1983386314700924 0.5434372538056526 0.10266598328797323 0.19833863159773027 0.5434372532240423 0.05612652835434373 0.22623332434989687 0.5434372540021852 0.45495388035507905 0.17837294292750494 0.2262333245226885 0.45495388044943774 0.19833863151293407
46 0.2994111311107804 0.275877367237161 0.29811826356645343 0.21611450430803622 0.7439108448719387 0.2981182628593352 0.20629124231547863 0.2382636843314488 0.29941113178147116 0.4902279602241432 0.2382636840564198 0.29941113164087474 0.14706114777190613 0.27787846425826235 0.2994111317949442 0.23610604840457602 0.21611450520254216 0.2778784643271528 0.23610604807033325 0.2382636842474676
9 0.1983386308857007 0.1892392174352584 0.33541182870976627 0.4308468512699619 0.23826368430706135 0.3354118277784437 0.15394943924256266 0.4396574173879344 0.19833863202302382 0.21198330500721507 0.439657417111448 0.19833863173698774 0.35084165477511137 0.39491049596108496 0.19833863223175285 0.18744882379542105 0.43084685227586306 0.39491049661592115 0.18744882350438274 0.43965741741703823
51 0.4549538791336731 0.057321213294594796 0.07539007682973285 0.2348044998941455 0.23610604805357316 0.07539007612798726 0.02321251291923169 0.1874488233633294 0.4549538805719396 0.10732423819709491 0.1874488233463878 0.4549538803841824 0.0420304404438996 0.16978436501895888 0.45495388087723554 0.638166878400936 0.2348045004691009 0.169784365290808 0.6381668785744914 0.18744882328734855
5 0.1983386308857007 0.1892392174352584 0.33541182870976627 0.4308468512699619 0.23826368430706135 0.3354118277784437 0.15394943924256266 0.4396574173879344 0.19833863202302382 0.21198330500721507 0.439657417111448 0.19833863173698774 0.35084165477511137 0.39491049596108496 0.19833863223175285 0.18744882379542105 0.43084685227586306 0.39491049661592115 0.18744882350438274 0.43965741741703823
23 0.2262333238862898 0.28044293732117986 0.33134512133991845 0.34341383879457726 0.277878464140783 0.3313451200234073 0.17634399519971494 0.39491049626043295 0.22623332470926266 0.29374151591406583 0.394910496196043 0.22623332448173417 0.35395161213618437 0.4559520549577127 0.22623332497616438 0.16978436549591652 0.34341383973628886 0.45595205519930654 0.16978436510737138 0.3949104961561533
62 0.2994111311107804 0.275877367237161 0.29811826356645343 0.21611450430803622 0.7439108448719387 0.2981182628593352 0.20629124231547863 0.2382636843314488 0.29941113178147116 0.4902279602241432 0.2382636840564198 0.29941113164087474 0.14706114777190613 0.27787846425826235 0.2994111317949442 0.23610604840457602 0.21611450520254216 0.2778784643271528 0.23610604807033325 0.2382636842474676
49 0.018394428305689003 0.6749024903552163 0.3135823099476907 0.13866311191484598 0.20629124231548274 0.3135823092274209 0.8794776872202764 0.15394943928638866 0.018394428621995213 0.49202175855215063 0.15394943903636704 0.018394428733025124 0.33990400241649815 0.1763439951407586 0.01839442880637842 0.023212513176695208 0.1386631127723902 0.176343995378243 0.023212512948588688 0.1539494391253162
