id,x_0,x_1,x_2,x_3,x_4,x_5,x_6,x_7,x_8,x_9,x_10,x_11,x_12,x_13,x_14,x_15,x_16
0.0,0.7748593957026972,2.220446049250313e-16,2.220446049250313e-16,0.49720419866732635,2.220446049250313e-16,2.220446049250313e-16,0.0022759886458109703,0.4747105554562272,2.220446049250313e-16,0.20728163275418418,0.8873421337266794,0.025616395631569592,0.8477010480209983,0.47869430367418864,2.220446049250313e-16,2.220446049250313e-16,2.220446049250313e-16
1.0,0.04702159964106917,0.9472151769531441,0.4203085313543493,0.31520566692557817,0.7644699338750047,2.220446049250313e-16,2.220446049250313e-16,0.474710555456227,2.220446049250313e-16,0.02033601251969944,2.220446049250313e-16,2.220446049250313e-16,2.220446049250313e-16,2.220446049250313e-16,2.220446049250313e-16,0.5758938406017197,0.30311406452338147
2.0,2.220446049250313e-16,0.06625983665825193,2.220446049250313e-16,2.220446049250313e-16,0.006774435534962986,2.220446049250313e-16,2.220446049250313e-16,2.220446049250313e-16,0.4842992327208732,0.7481971877668555,1.1493586655396877,0.02846328275378968,0.011990905700440794,0.4479010909893698,0.7691805014217454,2.220446049250313e-16,2.220446049250313e-16
3.0,2.220446049250313e-16,0.3358989287160996,0.49062507244844655,2.220446049250313e-16,0.06021839543080422,0.3348738959497934,0.5966210483552419,2.220446049250313e-16,2.220446049250313e-16,2.220446049250313e-16,2.220446049250313e-16,0.8938204558045609,0.11139115108521908,0.04177646159923896,2.220446049250313e-16,2.220446049250313e-16,2.220446049250313e-16
4.0,0.44850488702730346,2.220446049250313e-16,2.220446049250313e-16,2.220446049250313e-16,0.11749455546018717,0.9945213527990465,2.220446049250313e-16,0.47471055545622726,2.220446049250313e-16,2.220446049250313e-16,0.5564599470134737,0.15081892489973533,2.220446049250313e-16,2.220446049250313e-16,0.8589213696510547,0.5194772764816691,0.029383803196949356
5.0,0.13376610605529765,0.01508213587818108,0.6161769507217242,2.220446049250313e-16,2.220446049250313e-16,0.6722410146832086,0.5845542360522965,2.220446049250313e-16,0.40230437849325185,2.220446049250313e-16,0.032997065977151116,0.493946931008397,0.2837267358118672,2.220446049250313e-16,2.220446049250313e-16,2.220446049250313e-16,2.220446049250313e-16
6.0,0.7193372932685098,2.220446049250313e-16,2.220446049250313e-16,2.220446049250313e-16,2.220446049250313e-16,0.8724610751868883,2.220446049250313e-16,0.4747105554562268,2.220446049250313e-16,2.220446049250313e-16,0.5315392355177476,2.220446049250313e-16,2.220446049250313e-16,2.220446049250313e-16,0.8188435541365392,0.05870269593805147,0.5974041097932126
7.0,2.220446049250313e-16,0.6890495468563069,0.26491032662101044,2.220446049250313e-16,0.11329102816900352,0.4848394764412759,2.220446049250313e-16,2.220446049250313e-16,0.16659845861708555,2.220446049250313e-16,0.011330370097220672,0.8450153913598302,2.220446049250313e-16,2.220446049250313e-16,2.220446049250313e-16,2.220446049250313e-16,2.220446049250313e-16
8.0,0.9751287382950033,2.220446049250313e-16,2.220446049250313e-16,0.4971924329518722,2.220446049250313e-16,2.220446049250313e-16,0.001969892966447528,2.220446049250313e-16,2.220446049250313e-16,2.220446049250313e-16,0.7966819406539891,0.02415500460483817,0.8516686287421905,0.48194972724307045,2.220446049250313e-16,0.05286687752073281,0.2656189866633212
9.0,2.220446049250313e-16,1.2230695322094003,0.0005818524193892394,0.26147074075301535,0.8103965184001685,0.028054058180993127,2.220446049250313e-16,3.3306690738754696e-16,0.20291422664368908,0.007222630471077692,2.220446049250313e-16,0.09602135401893062,2.220446049250313e-16,2.220446049250313e-16,2.220446049250313e-16,0.46917565581848236,0.2858138840521115
10.0,0.7474445578179522,2.220446049250313e-16,2.220446049250313e-16,0.49743799013745416,2.220446049250313e-16,0.08286178023144025,2.220446049250313e-16,0.474710555456227,0.15499646930497604,0.14531787418904324,0.832356083301776,0.0013164706890424556,0.768862958377679,0.4818396537893364,2.220446049250313e-16,2.220446049250313e-16,0.03741259025194056
11.0,0.020938135575382523,1.3721566743425386,0.03575442518036505,0.23232282297518583,0.2971074526810047,0.03393666820433976,2.220446049250313e-16,1.6653345369377348e-16,2.220446049250313e-16,0.0027062850374657763,2.220446049250313e-16,0.0029557792671635356,0.0359317804762621,0.0036022582948522976,0.015069825675904912,0.5838779378469839,0.36352829109235474
12.0,2.220446049250313e-16,2.220446049250313e-16,2.220446049250313e-16,2.220446049250313e-16,0.23929426718848676,0.17219201939792894,0.6399989636983501,2.220446049250313e-16,0.8422507840578455,0.22643405674247885,0.32364486466593184,0.013348620286909581,0.9424763119369846,0.013307293852826595,0.5405816279950529,2.220446049250313e-16,0.08454813142178946
13.0,0.0424245092977462,1.2956183609689131,0.0056753212864424,0.2473386239927895,0.7939133863428339,2.220446049250313e-16,2.220446049250313e-16,0.4747105554562269,2.220446049250313e-16,0.007698114265291273,2.220446049250313e-16,2.220446049250313e-16,2.220446049250313e-16,0.004932897019873824,2.220446049250313e-16,0.563149962793834,0.22087833220152417
14.0,0.26670775120775664,0.07656206991586112,2.220446049250313e-16,0.48183746187662635,2.220446049250313e-16,2.220446049250313e-16,2.220446049250313e-16,2.220446049250313e-16,0.4493751307705856,0.18000428562221327,0.9990619051925081,2.220446049250313e-16,1.0004132706058668,2.220446049250313e-16,2.220446049250313e-16,2.220446049250313e-16,2.220446049250313e-16
15.0,0.40960647948431506,0.08665452461305612,2.220446049250313e-16,2.220446049250313e-16,2.220446049250313e-16,1.0064821866152813,0.6470120277052073,1.0495077029659683e-16,0.3010790371370461,2.220446049250313e-16,2.220446049250313e-16,0.02571787887456584,2.220446049250313e-16,2.220446049250313e-16,0.7821815415581483,0.5232834499299747,0.7943919010301166
16.0,0.9156955861723644,2.220446049250313e-16,2.220446049250313e-16,2.220446049250313e-16,0.40253203963770967,0.4076433220152413,0.6586596270169504,0.4747105554562276,0.37025241973593853,2.220446049250313e-16,2.220446049250313e-16,2.220446049250313e-16,0.39599552374526753,0.021096348701577426,0.16789963317009415,0.03275830977430086,0.8022288020550737
17.0,0.03659259734607667,0.8467753354908905,0.0563145946107277,2.220446049250313e-16,0.07828074337815652,0.0094780623652647,2.220446049250313e-16,1.457167719820518e-16,0.2204319996854287,0.006086159315301233,2.220446049250313e-16,2.220446049250313e-16,0.19985337302550243,2.220446049250313e-16,0.7842120710564267,0.5152863986097176,0.7535556779885833
18.0,0.014145014389475269,2.220446049250313e-16,2.220446049250313e-16,2.220446049250313e-16,2.220446049250313e-16,0.008368887393260582,0.63805832589664,8.326672684688674e-17,0.8690353609891287,0.21202123182703317,0.4776115906164257,0.020454093196537307,1.330378366085659,0.006904677507015342,0.10207385932115405,2.220446049250313e-16,2.220446049250313e-16
19.0,0.027864570515995078,1.344973205858543,0.007158971410693048,0.23772456898198888,0.5472251161993927,0.03113321868500536,2.220446049250313e-16,2.220446049250313e-16,2.220446049250313e-16,0.006304879823551278,2.220446049250313e-16,0.0016305904287614301,2.220446049250313e-16,0.004320879402619522,0.013562217808899792,0.5728588762254669,0.3702235517438561
20.0,0.17623057624123964,2.220446049250313e-16,2.220446049250313e-16,2.220446049250313e-16,0.17210034268662167,0.9371409842473993,0.03719498609481805,2.220446049250313e-16,0.5276438456106777,2.220446049250313e-16,2.220446049250313e-16,0.9998263957502658,2.220446049250313e-16,2.220446049250313e-16,0.7245447000941583,2.220446049250313e-16,2.220446049250313e-16
21.0,0.8735485291223783,0.01860816749975891,2.220446049250313e-16,0.49583295296399665,2.220446049250313e-16,0.8459240485475072,2.220446049250313e-16,2.220446049250313e-16,2.220446049250313e-16,0.02726044429694774,1.1503526156112671,2.220446049250313e-16,0.08777800091848777,2.220446049250313e-16,0.008941259904449113,0.05362504789151628,2.220446049250313e-16
22.0,0.025601136607915603,0.35202602246130044,0.686445065198707,2.220446049250313e-16,0.06767942761086079,2.220446049250313e-16,2.220446049250313e-16,2.220446049250313e-16,2.220446049250313e-16,0.03836797386950334,2.220446049250313e-16,1.125399378058356,2.220446049250313e-16,0.5166420552810015,2.220446049250313e-16,2.220446049250313e-16,2.220446049250313e-16
23.0,0.025601136607915603,0.35202602246130044,0.686445065198707,2.220446049250313e-16,0.06767942761086079,2.220446049250313e-16,2.220446049250313e-16,2.220446049250313e-16,2.220446049250313e-16,0.03836797386950334,2.220446049250313e-16,1.125399378058356,2.220446049250313e-16,0.5166420552810015,2.220446049250313e-16,2.220446049250313e-16,2.220446049250313e-16
24.0,0.025601136607915603,0.35202602246130044,0.686445065198707,2.220446049250313e-16,0.06767942761086079,2.220446049250313e-16,2.220446049250313e-16,2.220446049250313e-16,2.220446049250313e-16,0.03836797386950334,2.220446049250313e-16,1.125399378058356,2.220446049250313e-16,0.5166420552810015,2.220446049250313e-16,2.220446049250313e-16,2.220446049250313e-16
25.0,2.220446049250313e-16,0.4682981232037256,0.3399161314686192,2.220446049250313e-16,0.00993235352713963,0.030933686773286534,0.07455351089494229,2.220446049250313e-16,0.15839436265083792,0.9153759671974337,0.41160468654580623,2.220446049250313e-16,0.00028976737135359107,0.4488673474068967,2.220446049250313e-16,2.220446049250313e-16,0.614065272672542
26.0,2.220446049250313e-16,2.220446049250313e-16,0.8959914615309214,2.220446049250313e-16,0.4829846899279304,2.220446049250313e-16,0.6768791985998198,2.220446049250313e-16,0.1438030490484182,0.8669661465384453,0.12259554386350431,2.220446049250313e-16,0.09404164428985799,2.220446049250313e-16,2.220446049250313e-16,2.220446049250313e-16,0.617821090187809
27.0,2.220446049250313e-16,0.128658310110545,0.14128010391043389,2.220446049250313e-16,0.002966947133651542,0.004618455219616325,2.220446049250313e-16,2.220446049250313e-16,0.26184350725473193,0.9188820892438176,1.079840765414584,2.220446049250313e-16,0.008176857075666082,0.4452176656498317,0.7749065188444403,2.220446049250313e-16,2.220446049250313e-16
28.0,2.220446049250313e-16,0.06027774621188487,1.0580214900075822,2.220446049250313e-16,2.220446049250313e-16,2.220446049250313e-16,0.6019946078891504,0.47471055545622726,0.0019002009726105066,0.8419090191452238,0.04714964807187119,2.220446049250313e-16,2.220446049250313e-16,0.4608076657947084,2.220446049250313e-16,2.220446049250313e-16,0.7041129560480338
29.0,2.220446049250313e-16,0.06027774621188487,1.0580214900075822,2.220446049250313e-16,2.220446049250313e-16,2.220446049250313e-16,0.6019946078891504,0.47471055545622726,0.0019002009726105066,0.8419090191452238,0.04714964807187119,2.220446049250313e-16,2.220446049250313e-16,0.4608076657947084,2.220446049250313e-16,2.220446049250313e-16,0.7041129560480338
30.0,2.220446049250313e-16,0.3787536625722319,2.220446049250313e-16,2.220446049250313e-16,0.1471289826884279,0.9989760618107164,0.630198832666811,2.220446049250313e-16,0.7404805828474945,2.220446049250313e-16,2.220446049250313e-16,0.5785858853193667,2.220446049250313e-16,2.220446049250313e-16,2.220446049250313e-16,2.220446049250313e-16,2.220446049250313e-16
31.0,0.8313300691239318,0.00809825594281488,0.014447430616066176,0.49483821999617467,2.220446049250313e-16,2.220446049250313e-16,8.198764294630225e-05,1.1102230246251565e-16,2.220446049250313e-16,2.220446049250313e-16,0.857406270719162,0.01562880964293011,1.1135895131822584,0.002173341013791371,2.220446049250313e-16,2.220446049250313e-16,0.03339381954080922
32.0,0.8313300691239318,0.00809825594281488,0.014447430616066176,0.49483821999617467,2.220446049250313e-16,2.220446049250313e-16,8.198764294630225e-05,1.1102230246251565e-16,2.220446049250313e-16,2.220446049250313e-16,0.857406270719162,0.01562880964293011,1.1135895131822584,0.002173341013791371,2.220446049250313e-16,2.220446049250313e-16,0.03339381954080922
33.0,0.0424245092977462,1.2956183609689131,0.0056753212864424,0.2473386239927895,0.7939133863428339,2.220446049250313e-16,2.220446049250313e-16,0.4747105554562269,2.220446049250313e-16,0.007698114265291273,2.220446049250313e-16,2.220446049250313e-16,2.220446049250313e-16,0.004932897019873824,2.220446049250313e-16,0.563149962793834,0.22087833220152417
34.0,0.042424509297746216,1.2956183609689136,0.005675321286442404,0.24733862399278952,0.793913386342834,2.220446049250313e-16,2.220446049250313e-16,0.4747105554562269,2.220446049250313e-16,0.007698114265291279,2.220446049250313e-16,2.220446049250313e-16,2.220446049250313e-16,0.004932897019873824,2.220446049250313e-16,0.563149962793834,0.22087833220152428
35.0,2.220446049250313e-16,2.220446049250313e-16,0.8725219439698504,2.220446049250313e-16,0.06938394667532588,0.4914212497929309,2.220446049250313e-16,2.220446049250313e-16,2.220446049250313e-16,2.220446049250313e-16,2.220446049250313e-16,1.0156591319997723,0.21517970488133967,2.220446049250313e-16,2.220446049250313e-16,2.220446049250313e-16,2.220446049250313e-16
36.0,0.6038221122448605,0.03940329308953838,0.0011072954213296638,2.220446049250313e-16,0.01639047453668336,0.09832144366473689,2.220446049250313e-16,2.220446049250313e-16,2.220446049250313e-16,0.8408634335205285,1.1674290258835491,0.023024298184023056,0.11238992446892697,0.4653517433472113,0.005401828249044788,2.220446049250313e-16,2.220446049250313e-16
37.0,2.220446049250313e-16,0.053918968085535056,1.1694274763180559,2.220446049250313e-16,2.220446049250313e-16,2.220446049250313e-16,2.220446049250313e-16,2.220446049250313e-16,2.220446049250313e-16,0.5870740458688752,2.220446049250313e-16,0.6464491048103348,0.1403615310713864,2.220446049250313e-16,2.220446049250313e-16,2.220446049250313e-16,0.038174201185949865
38.0,2.220446049250313e-16,0.053918968085535056,1.1694274763180559,2.220446049250313e-16,2.220446049250313e-16,2.220446049250313e-16,2.220446049250313e-16,2.220446049250313e-16,2.220446049250313e-16,0.5870740458688752,2.220446049250313e-16,0.6464491048103348,0.1403615310713864,2.220446049250313e-16,2.220446049250313e-16,2.220446049250313e-16,0.038174201185949865
39.0,2.220446049250313e-16,0.053918968085535056,1.1694274763180559,2.220446049250313e-16,2.220446049250313e-16,2.220446049250313e-16,2.220446049250313e-16,2.220446049250313e-16,2.220446049250313e-16,0.5870740458688752,2.220446049250313e-16,0.6464491048103348,0.1403615310713864,2.220446049250313e-16,2.220446049250313e-16,2.220446049250313e-16,0.038174201185949865
40.0,0.3513006586530693,0.0008964922735699155,2.220446049250313e-16,2.220446049250313e-16,0.3482943745887064,1.0304496536900674,0.043650953941441764,2.220446049250313e-16,0.3273338394259214,2.220446049250313e-16,2.220446049250313e-16,0.619210031220223,2.220446049250313e-16,2.220446049250313e-16,0.7949616039136813,0.057677125342025765,0.0275115697886325
41.0,0.4841860746547316,0.09519224121774572,2.220446049250313e-16,2.220446049250313e-16,0.06591619096013528,1.0062450607396596,0.5876971492468474,2.220446049250313e-16,2.220446049250313e-16,2.220446049250313e-16,0.10501573006378608,0.12130918343660475,2.220446049250313e-16,2.220446049250313e-16,0.7986419356130059,0.514988396674758,0.5530588885002176
42.0,1.1938485981607545,2.220446049250313e-16,2.220446049250313e-16,2.220446049250313e-16,0.15893787138508098,0.21685740268888293,0.671078941106007,0.47471055545622753,0.07246414753812769,2.220446049250313e-16,0.2824859766235683,0.0023322209753527906,0.6023998102505493,0.4899969895407099,2.220446049250313e-16,0.03459114609858954,0.2957960935797933
43.0,0.11937364962659297,0.026523659907189134,2.220446049250313e-16,2.220446049250313e-16,0.9831608810528035,0.16498403920288582,2.220446049250313e-16,2.220446049250313e-16,0.24247016514745143,2.220446049250313e-16,2.220446049250313e-16,1.0326653916447335,0.05914026362524693,2.220446049250313e-16,0.8097324369000389,0.04191847847127384,2.220446049250313e-16
44.0,0.11937364962659297,0.026523659907189134,2.220446049250313e-16,2.220446049250313e-16,0.9831608810528035,0.16498403920288582,2.220446049250313e-16,2.220446049250313e-16,0.24247016514745143,2.220446049250313e-16,2.220446049250313e-16,1.0326653916447335,0.05914026362524693,2.220446049250313e-16,0.8097324369000389,0.04191847847127384,2.220446049250313e-16
45.0,2.220446049250313e-16,0.3738115093849802,2.220446049250313e-16,2.220446049250313e-16,0.30136810404739645,1.004512334225601,0.02717740999916026,1.1102230246251565e-16,0.762499991851099,2.220446049250313e-16,2.220446049250313e-16,0.6616182537665363,2.220446049250313e-16,2.220446049250313e-16,2.220446049250313e-16,0.06296190996311755,2.220446049250313e-16
46.0,1.149760146519726,2.220446049250313e-16,2.220446049250313e-16,2.220446049250313e-16,2.220446049250313e-16,0.8327340054996044,0.5972136095745579,0.4747105554562269,2.220446049250313e-16,2.220446049250313e-16,0.13981193074135498,2.220446049250313e-16,0.25392786297744935,2.220446049250313e-16,0.007332591210268756,0.03909474580470579,0.7776916743276406
47.0,1.1266190186179388,2.220446049250313e-16,2.220446049250313e-16,2.220446049250313e-16,2.220446049250313e-16,0.09690725228455221,0.671057955895953,0.4747105554562274,0.07056561853235972,2.220446049250313e-16,0.4026395168019594,2.220446049250313e-16,0.8313919635879592,0.48632136215469884,2.220446049250313e-16,0.046385263207496065,0.07689912568993072
48.0,2.220446049250313e-16,0.09928399771048847,2.220446049250313e-16,2.220446049250313e-16,0.8837764084767996,2.220446049250313e-16,2.220446049250313e-16,3.3306690738754696e-16,0.20850520014795793,2.220446049250313e-16,2.220446049250313e-16,1.1778156043935575,0.14750619680646862,0.017515121846869913,0.7920254157464749,2.220446049250313e-16,2.220446049250313e-16
49.0,2.220446049250313e-16,0.09928399771048847,2.220446049250313e-16,2.220446049250313e-16,0.8837764084767996,2.220446049250313e-16,2.220446049250313e-16,3.3306690738754696e-16,0.20850520014795793,2.220446049250313e-16,2.220446049250313e-16,1.1778156043935575,0.14750619680646862,0.017515121846869913,0.7920254157464749,2.220446049250313e-16,2.220446049250313e-16
50.0,2.220446049250313e-16,0.07409603355134328,0.008862865335299452,2.220446049250313e-16,2.220446049250313e-16,0.9367335998135575,0.6295688500336039,2.220446049250313e-16,0.7591187574168963,2.220446049250313e-16,2.220446049250313e-16,2.220446049250313e-16,0.09254101536611122,2.220446049250313e-16,0.7509574223597686,0.4447993408082576,0.8625343390148053
51.0,0.03288157699021018,0.27097719654051,0.8738663325390851,0.4467614297417586,0.44516462723183176,2.220446049250313e-16,0.6015641705864245,0.4747105554562274,2.220446049250313e-16,0.3099038352162711,2.220446049250313e-16,2.220446049250313e-16,0.05790432307849549,2.220446049250313e-16,2.220446049250313e-16,2.220446049250313e-16,0.7404806737542825
52.0,2.220446049250313e-16,0.04366795176311613,0.14357814551025905,2.220446049250313e-16,2.220446049250313e-16,2.220446049250313e-16,2.220446049250313e-16,2.220446049250313e-16,0.5205668196321984,0.9136454453904153,1.1066024802336558,2.220446049250313e-16,0.10403545584719535,0.4451050575446129,0.5700507557617739,2.220446049250313e-16,2.220446049250313e-16
53.0,0.039505004613711855,0.2348652875644045,1.05535860974625,2.220446049250313e-16,2.220446049250313e-16,2.220446049250313e-16,2.220446049250313e-16,0.47471055545622676,2.220446049250313e-16,0.776120114514086,2.220446049250313e-16,2.220446049250313e-16,2.220446049250313e-16,0.4596884202466821,2.220446049250313e-16,2.220446049250313e-16,0.779188675908457
54.0,0.039505004613711855,0.2348652875644045,1.05535860974625,2.220446049250313e-16,2.220446049250313e-16,2.220446049250313e-16,2.220446049250313e-16,0.47471055545622676,2.220446049250313e-16,0.776120114514086,2.220446049250313e-16,2.220446049250313e-16,2.220446049250313e-16,0.4596884202466821,2.220446049250313e-16,2.220446049250313e-16,0.779188675908457
55.0,2.220446049250313e-16,0.0950444237423831,0.9030664705373532,0.4806459522431376,0.00632469656266059,0.2875158191575446,2.220446049250313e-16,2.220446049250313e-16,2.220446049250313e-16,2.220446049250313e-16,0.0346021834143038,0.5829735662926686,0.18814486293162383,0.02261890291324595,0.04262723448925407,0.45018830576538515,0.015289129920121547
56.0,0.6012916344284347,0.13058689383547684,2.220446049250313e-16,2.220446049250313e-16,0.003617104827541236,0.09702460509632894,2.220446049250313e-16,2.220446049250313e-16,0.0006817991637183512,0.7502949716659023,1.1750855144137802,0.020044002914680045,0.10606307007633015,0.4656118504516536,0.005170448460676037,2.220446049250313e-16,2.220446049250313e-16
57.0,2.220446049250313e-16,2.220446049250313e-16,1.141641132263926,2.220446049250313e-16,2.220446049250313e-16,2.220446049250313e-16,2.220446049250313e-16,2.220446049250313e-16,2.220446049250313e-16,0.7693858869046395,2.220446049250313e-16,0.656710978065401,0.03564820900957132,2.220446049250313e-16,2.220446049250313e-16,0.45518859671270884,2.220446049250313e-16
58.0,2.220446049250313e-16,2.220446049250313e-16,1.141641132263926,2.220446049250313e-16,2.220446049250313e-16,2.220446049250313e-16,2.220446049250313e-16,2.220446049250313e-16,2.220446049250313e-16,0.7693858869046395,2.220446049250313e-16,0.656710978065401,0.03564820900957132,2.220446049250313e-16,2.220446049250313e-16,0.45518859671270884,2.220446049250313e-16
59.0,2.220446049250313e-16,2.220446049250313e-16,1.141641132263926,2.220446049250313e-16,2.220446049250313e-16,2.220446049250313e-16,2.220446049250313e-16,2.220446049250313e-16,2.220446049250313e-16,0.7693858869046395,2.220446049250313e-16,0.656710978065401,0.03564820900957132,2.220446049250313e-16,2.220446049250313e-16,0.45518859671270884,2.220446049250313e-16
60.0,0.06158347473542105,0.3435327679788003,2.220446049250313e-16,2.220446049250313e-16,2.220446049250313e-16,0.940065432587498,0.03532162934603287,2.220446049250313e-16,0.5776927157287104,2.220446049250313e-16,2.220446049250313e-16,2.220446049250313e-16,2.220446049250313e-16,0.018964953551655773,0.7604942426357472,0.5301361665243538,0.8360279082125318
61.0,2.220446049250313e-16,0.06309453876247434,2.220446049250313e-16,2.220446049250313e-16,2.220446049250313e-16,0.011557156003219271,0.34724030631643116,2.220446049250313e-16,0.8776868748635962,0.20521969380913416,0.6330487389986237,2.220446049250313e-16,1.2658198130398122,2.220446049250313e-16,0.10124519893889602,2.220446049250313e-16,2.220446049250313e-16
62.0,2.220446049250313e-16,0.06309453876247434,2.220446049250313e-16,2.220446049250313e-16,2.220446049250313e-16,0.011557156003219271,0.34724030631643116,2.220446049250313e-16,0.8776868748635962,0.20521969380913416,0.6330487389986237,2.220446049250313e-16,1.2658198130398122,2.220446049250313e-16,0.10124519893889602,2.220446049250313e-16,2.220446049250313e-16
63.0,2.220446049250313e-16,1.3379338422750755,0.043862579202337715,0.23827212015214766,0.03235817281285133,0.022065739305499845,2.220446049250313e-16,2.220446049250313e-16,2.220446049250313e-16,2.220446049250313e-16,2.220446049250313e-16,2.220446049250313e-16,0.27775710152331884,0.0015217846243415969,0.008800595410330476,2.220446049250313e-16,0.6799642255810212
64.0,2.220446049250313e-16,1.3379338422750755,0.043862579202337715,0.23827212015214766,0.03235817281285133,0.022065739305499845,2.220446049250313e-16,2.220446049250313e-16,2.220446049250313e-16,2.220446049250313e-16,2.220446049250313e-16,2.220446049250313e-16,0.27775710152331884,0.0015217846243415969,0.008800595410330476,2.220446049250313e-16,0.6799642255810212
65.0,0.00029884875927062835,0.7465580001851321,2.220446049250313e-16,0.3541480986978001,2.220446049250313e-16,0.9468325983719761,0.035864986109884776,1.6653345369377348e-16,0.5540737777480708,2.220446049250313e-16,2.220446049250313e-16,2.220446049250313e-16,0.048725448682354636,0.012908020569889742,2.220446049250313e-16,2.220446049250313e-16,0.7850142850661967
66.0,2.220446049250313e-16,0.027741604892033075,2.220446049250313e-16,2.220446049250313e-16,2.220446049250313e-16,2.220446049250313e-16,2.220446049250313e-16,6.661338147750939e-16,0.7483651034887282,0.5757396637771128,0.9361115148864436,2.220446049250313e-16,0.9619195626253398,2.220446049250313e-16,0.11059648744188413,2.220446049250313e-16,2.220446049250313e-16
67.0,2.220446049250313e-16,0.027741604892033075,2.220446049250313e-16,2.220446049250313e-16,2.220446049250313e-16,2.220446049250313e-16,2.220446049250313e-16,6.661338147750939e-16,0.7483651034887282,0.5757396637771128,0.9361115148864436,2.220446049250313e-16,0.9619195626253398,2.220446049250313e-16,0.11059648744188413,2.220446049250313e-16,2.220446049250313e-16
68.0,2.220446049250313e-16,1.304194225338469,0.017138982151306936,0.24514415346844332,0.5224748694445474,2.220446049250313e-16,2.220446049250313e-16,2.7755575615628914e-17,2.220446049250313e-16,0.002039581345654539,2.220446049250313e-16,2.220446049250313e-16,0.17668026028560285,0.0031611490432247574,2.220446049250313e-16,2.220446049250313e-16,0.5826129021597614
69.0,2.220446049250313e-16,1.304194225338469,0.017138982151306936,0.24514415346844332,0.5224748694445474,2.220446049250313e-16,2.220446049250313e-16,2.7755575615628914e-17,2.220446049250313e-16,0.002039581345654539,2.220446049250313e-16,2.220446049250313e-16,0.17668026028560285,0.0031611490432247574,2.220446049250313e-16,2.220446049250313e-16,0.5826129021597614
