4 0.5894125008999254 0.05509886238723993 0.37964745961653534 0.0550988620670978 0.20367483751761029 0.42112714291606146 0.20367483773043205 0.3378097637266535 0.05509886209620163 0.3378097639377913 0.5247494694695085 0.27597739661009335 0.05509886203799397 0.37964746052603005 0.3378097639147839 0.05509886227082461 0.0550988620670978 0.20367483791778795 0.05509886075742543 0.5894125010891003
36 0.20367483786229604 0.23029249283757844 0.3820892792783771 0.2302924930286976 0.5514513886914941 0.2730401627031962 0.5514513887054339 0.24956758682823874 0.23029249303541297 0.24956758709358837 0.18478834776008196 0.214384590320462 0.2302924931495028 0.3820892795179077 0.24956758705947782 0.23029249320771047 0.2302924929876689 0.55145138884695 0.23029249199270138 0.20367483805709932
30 0.05509886194010504 0.48620653716545525 0.08845775989538117 0.48620653766783867 0.23029249249979236 0.07631419455753413 0.2302924932428158 0.19342873529125265 0.4862065375336423 0.19342873529678944 0.06140441224267357 0.20629788890655912 0.48620653788611035 0.0884577601404368 0.19342873529858204 0.486206537769695 0.4862065377800522 0.2302924925444407 0.48620653696135824 0.05509886178399672
28 0.27597739674338134 0.20629788882195665 0.19707407351852937 0.20629788916704855 0.21438458997718712 0.3830744283528161 0.2143845905589176 0.4794806690519323 0.20629788903807447 0.4794806691450785 0.37706501322429087 0.5962997600322195 0.20629788941004482 0.1970740738810609 0.4794806690874663 0.20629788946825248 0.20629788924925727 0.21438459049315636 0.2062978880943485 0.2759773967193798
15 0.33780976418651415 0.19342873560147192 0.20915526949093868 0.19342873554145232 0.24956758670132248 0.3548128070939341 0.24956758692052622 0.4980969578335872 0.1934287351049383 0.49809695810227234 0.36800410759861163 0.4794806690885439 0.19342873554309858 0.2091552702526721 0.49809695807777826 0.19342873589234455 0.19342873558947835 0.2495675871859342 0.19342873418650502 0.3378097641094184
41 0.05509886194010504 0.48620653716545525 0.08845775989538117 0.48620653766783867 0.23029249249979236 0.07631419455753413 0.2302924932428158 0.19342873529125265 0.4862065375336423 0.19342873529678944 0.06140441224267357 0.20629788890655912 0.48620653788611035 0.0884577601404368 0.19342873529858204 0.486206537769695 0.4862065377800522 0.2302924925444407 0.48620653696135824 0.05509886178399672
50 0.3796474602096511 0.08845776078984338 0.636303493451567 0.08845776030977172 0.38208927917685503 0.37665642437346936 0.3820892792569811 0.20915526992776715 0.08845776009873682 0.20915527009748977 0.311889767597328 0.19707407349762382 0.08845776030675931 0.6363034937273837 0.2091552700782068 0.08845776053958995 0.0884577602682206 0.38208927950161603 0.08845775924848319 0.37964746029066054
52 0.20367483786229604 0.23029249283757844 0.3820892792783771 0.2302924930286976 0.5514513886914941 0.2730401627031962 0.5514513887054339 0.24956758682823874 0.23029249303541297 0.24956758709358837 0.18478834776008196 0.214384590320462 0.2302924931495028 0.3820892795179077 0.24956758705947782 0.23029249320771047 0.2302924929876689 0.55145138884695 0.23029249199270138 0.20367483805709932
48 0.4211271430707551 0.07631419444854597 0.3766564240106316 0.0763141947706632 0.27304016245059576 0.5741378748519185 0.273040162628435 0.3548128070211912 0.07631419474953112 0.35481280718860897 0.4930387898942618 0.38307442835281447 0.07631419485948551 0.37665642428158064 0.35481280712600516 0.07631419491769317 0.07631419475447204 0.27304016288842736 0.076314193968573 0.42112714291024345
16 0.5894125008999254 0.05509886238723993 0.37964745961653534 0.0550988620670978 0.20367483751761029 0.42112714291606146 0.20367483773043205 0.3378097637266535 0.05509886209620163 0.3378097639377913 0.5247494694695085 0.27597739661009335 0.05509886203799397 0.37964746052603005 0.3378097639147839 0.05509886227082461 0.0550988620670978 0.20367483791778795 0.05509886075742543 0.5894125010891003
7 0.33780976418651415 0.19342873560147192 0.20915526949093868 0.19342873554145232 0.24956758670132248 0.3548128070939341 0.24956758692052622 0.4980969578335872 0.1934287351049383 0.49809695810227234 0.36800410759861163 0.4794806690885439 0.19342873554309858 0.2091552702526721 0.49809695807777826 0.19342873589234455 0.19342873558947835 0.2495675871859342 0.19342873418650502 0.3378097641094184
18 0.4211271430707551 0.07631419444854597 0.3766564240106316 0.0763141947706632 0.27304016245059576 0.5741378748519185 0.273040162628435 0.3548128070211912 0.07631419474953112 0.35481280718860897 0.4930387898942618 0.38307442835281447 0.07631419485948551 0.37665642428158064 0.35481280712600516 0.07631419491769317 0.07631419475447204 0.27304016288842736 0.076314193968573 0.42112714291024345
11 0.33780976418651415 0.19342873560147192 0.20915526949093868 0.19342873554145232 0.24956758670132248 0.3548128070939341 0.24956758692052622 0.4980969578335872 0.1934287351049383 0.49809695810227234 0.36800410759861163 0.4794806690885439 0.19342873554309858 0.2091552702526721 0.49809695807777826 0.19342873589234455 0.19342873558947835 0.2495675871859342 0.19342873418650502 0.3378097641094184
62 0.05509886194010504 0.48620653716545525 0.08845775989538117 0.48620653766783867 0.23029249249979236 0.07631419455753413 0.2302924932428158 0.19342873529125265 0.4862065375336423 0.19342873529678944 0.06140441224267357 0.20629788890655912 0.48620653788611035 0.0884577601404368 0.19342873529858204 0.486206537769695 0.4862065377800522 0.2302924925444407 0.48620653696135824 0.05509886178399672
49 0.3796474602096511 0.08845776078984338 0.636303493451567 0.08845776030977172 0.38208927917685503 0.37665642437346936 0.3820892792569811 0.20915526992776715 0.08845776009873682 0.20915527009748977 0.311889767597328 0.19707407349762382 0.08845776030675931 0.6363034937273837 0.2091552700782068 0.08845776053958995 0.0884577602682206 0.38208927950161603 0.08845775924848319 0.37964746029066054
19 0.3796474602096511 0.08845776078984338 0.636303493451567 0.08845776030977172 0.38208927917685503 0.37665642437346936 0.3820892792569811 0.20915526992776715 0.08845776009873682 0.20915527009748977 0.311889767597328 0.19707407349762382 0.08845776030675931 0.6363034937273837 0.2091552700782068 0.08845776053958995 0.0884577602682206 0.38208927950161603 0.08845775924848319 0.37964746029066054
56 0.05509886194010504 0.48620653716545525 0.08845775989538117 0.48620653766783867 0.23029249249979236 0.07631419455753413 0.2302924932428158 0.19342873529125265 0.4862065375336423 0.19342873529678944 0.06140441224267357 0.20629788890655912 0.48620653788611035 0.0884577601404368 0.19342873529858204 0.486206537769695 0.4862065377800522 0.2302924925444407 0.48620653696135824 0.05509886178399672
29 0.5655572245153886 0.020454578873068643 0.7077754050620457 0.020454577454542728 0.1740507277599162 0.16861810686274967 0.1740507280089427 0.06265316370465109 0.0204545778477997 0.06265316382634854 0.3481849597386336 0.23677598743364964 0.020454577754772284 0.7077754062430813 0.06265316385939716 0.020454577871187606 0.02045457786072803 0.17405072837667956 0.020454576153226666 0.5655572259709055
23 0.27597739674338134 0.20629788882195665 0.19707407351852937 0.20629788916704855 0.21438458997718712 0.3830744283528161 0.2143845905589176 0.4794806690519323 0.20629788903807447 0.4794806691450785 0.37706501322429087 0.5962997600322195 0.20629788941004482 0.1970740738810609 0.4794806690874663 0.20629788946825248 0.20629788924925727 0.21438459049315636 0.2062978880943485 0.2759773967193798
40 0.05509886194010504 0.48620653716545525 0.08845775989538117 0.48620653766783867 0.23029249249979236 0.07631419455753413 0.2302924932428158 0.19342873529125265 0.4862065375336423 0.19342873529678944 0.06140441224267357 0.20629788890655912 0.48620653788611035 0.0884577601404368 0.19342873529858204 0.486206537769695 0.4862065377800522 0.2302924925444407 0.48620653696135824 0.05509886178399672
34 0.3796474602096511 0.08845776078984338 0.636303493451567 0.08845776030977172 0.38208927917685503 0.37665642437346936 0.3820892792569811 0.20915526992776715 0.08845776009873682 0.20915527009748977 0.311889767597328 0.19707407349762382 0.08845776030675931 0.6363034937273837 0.2091552700782068 0.08845776053958995 0.0884577602682206 0.38208927950161603 0.08845775924848319 0.37964746029066054
37 0.20367483786229604 0.23029249283757844 0.3820892792783771 0.2302924930286976 0.5514513886914941 0.2730401627031962 0.5514513887054339 0.24956758682823874 0.23029249303541297 0.24956758709358837 0.18478834776008196 0.214384590320462 0.2302924931495028 0.3820892795179077 0.24956758705947782 0.23029249320771047 0.2302924929876689 0.55145138884695 0.23029249199270138 0.20367483805709932
26 0.05509886194010504 0.48620653716545525 0.08845775989538117 0.48620653766783867 0.23029249249979236 0.07631419455753413 0.2302924932428158 0.19342873529125265 0.4862065375336423 0.19342873529678944 0.06140441224267357 0.20629788890655912 0.48620653788611035 0.0884577601404368 0.19342873529858204 0.486206537769695 0.4862065377800522 0.2302924925444407 0.48620653696135824 0.05509886178399672
0 0.5247494696384623 0.06140441277426626 0.31188976738916563 0.0614044124098184 0.18478834754637274 0.4930387898942511 0.184788347751869 0.3680041075282154 0.06140441232295391 0.36800410766852937 0.5782261485343037 0.37706501322427327 0.06140441249525569 0.31188976760763354 0.3680041077146238 0.06140441266987867 0.06140441250941338 0.184788347799391 0.061404411337152805 0.5247494693701781
33 0.4211271430707551 0.07631419444854597 0.3766564240106316 0.0763141947706632 0.27304016245059576 0.5741378748519185 0.273040162628435 0.3548128070211912 0.07631419474953112 0.35481280718860897 0.4930387898942618 0.38307442835281447 0.07631419485948551 0.37665642428158064 0.35481280712600516 0.07631419491769317 0.07631419475447204 0.27304016288842736 0.076314193968573 0.42112714291024345
38 0.27597739674338134 0.20629788882195665 0.19707407351852937 0.20629788916704855 0.21438458997718712 0.3830744283528161 0.2143845905589176 0.4794806690519323 0.20629788903807447 0.4794806691450785 0.37706501322429087 0.5962997600322195 0.20629788941004482 0.1970740738810609 0.4794806690874663 0.20629788946825248 0.20629788924925727 0.21438459049315636 0.2062978880943485 0.2759773967193798
51 0.20367483786229604 0.23029249283757844 0.3820892792783771 0.2302924930286976 0.5514513886914941 0.2730401627031962 0.5514513887054339 0.24956758682823874 0.23029249303541297 0.24956758709358837 0.18478834776008196 0.214384590320462 0.2302924931495028 0.3820892795179077 0.24956758705947782 0.23029249320771047 0.2302924929876689 0.55145138884695 0.23029249199270138 0.20367483805709932
10 0.5894125008999254 0.05509886238723993 0.37964745961653534 0.0550988620670978 0.20367483751761029 0.42112714291606146 0.20367483773043205 0.3378097637266535 0.05509886209620163 0.3378097639377913 0.5247494694695085 0.27597739661009335 0.05509886203799397 0.37964746052603005 0.3378097639147839 0.05509886227082461 0.0550988620670978 0.20367483791778795 0.05509886075742543 0.5894125010891003
31 0.05509886194010504 0.48620653716545525 0.08845775989538117 0.48620653766783867 0.23029249249979236 0.07631419455753413 0.2302924932428158 0.19342873529125265 0.4862065375336423 0.19342873529678944 0.06140441224267357 0.20629788890655912 0.48620653788611035 0.0884577601404368 0.19342873529858204 0.486206537769695 0.4862065377800522 0.2302924925444407 0.48620653696135824 0.05509886178399672
58 0.27597739674338134 0.20629788882195665 0.19707407351852937 0.20629788916704855 0.21438458997718712 0.3830744283528161 0.2143845905589176 0.4794806690519323 0.20629788903807447 0.4794806691450785 0.37706501322429087 0.5962997600322195 0.20629788941004482 0.1970740738810609 0.4794806690874663 0.20629788946825248 0.20629788924925727 0.21438459049315636 0.2062978880943485 0.2759773967193798
9 0.33780976418651415 0.19342873560147192 0.20915526949093868 0.19342873554145232 0.24956758670132248 0.3548128070939341 0.24956758692052622 0.4980969578335872 0.1934287351049383 0.49809695810227234 0.36800410759861163 0.4794806690885439 0.19342873554309858 0.2091552702526721 0.49809695807777826 0.19342873589234455 0.19342873558947835 0.2495675871859342 0.19342873418650502 0.3378097641094184
24 0.5655572246178053 0.020454578778299037 0.7077754052588716 0.020454577694181353 0.1740507276263088 0.16861810686274836 0.17405072809197009 0.06265316379722208 0.020454577752389014 0.06265316385542974 0.3481849597386173 0.2367759874336528 0.020454577752389014 0.7077754060737789 0.06265316385542974 0.020454577868804336 0.020454577868804336 0.17405072832480073 0.02045457623898983 0.5655572259565815
42 0.05509886194010504 0.48620653716545525 0.08845775989538117 0.48620653766783867 0.23029249249979236 0.07631419455753413 0.2302924932428158 0.19342873529125265 0.4862065375336423 0.19342873529678944 0.06140441224267357 0.20629788890655912 0.48620653788611035 0.0884577601404368 0.19342873529858204 0.486206537769695 0.4862065377800522 0.2302924925444407 0.48620653696135824 0.05509886178399672
13 0.33780976418651415 0.19342873560147192 0.20915526949093868 0.19342873554145232 0.24956758670132248 0.3548128070939341 0.24956758692052622 0.4980969578335872 0.1934287351049383 0.49809695810227234 0.36800410759861163 0.4794806690885439 0.19342873554309858 0.2091552702526721 0.49809695807777826 0.19342873589234455 0.19342873558947835 0.2495675871859342 0.19342873418650502 0.3378097641094184
44 0.5655572245153886 0.020454578873068643 0.7077754050620457 0.020454577454542728 0.1740507277599162 0.16861810686274967 0.1740507280089427 0.06265316370465109 0.0204545778477997 0.06265316382634854 0.3481849597386336 0.23677598743364964 0.020454577754772284 0.7077754062430813 0.06265316385939716 0.020454577871187606 0.02045457786072803 0.17405072837667956 0.020454576153226666 0.5655572259709055
17 0.33780976418651415 0.19342873560147192 0.20915526949093868 0.19342873554145232 0.24956758670132248 0.3548128070939341 0.24956758692052622 0.4980969578335872 0.1934287351049383 0.49809695810227234 0.36800410759861163 0.4794806690885439 0.19342873554309858 0.2091552702526721 0.49809695807777826 0.19342873589234455 0.19342873558947835 0.2495675871859342 0.19342873418650502 0.3378097641094184
25 0.05509886194010504 0.48620653716545525 0.08845775989538117 0.48620653766783867 0.23029249249979236 0.07631419455753413 0.2302924932428158 0.19342873529125265 0.4862065375336423 0.19342873529678944 0.06140441224267357 0.20629788890655912 0.48620653788611035 0.0884577601404368 0.19342873529858204 0.486206537769695 0.4862065377800522 0.2302924925444407 0.48620653696135824 0.05509886178399672
46 0.05509886194010504 0.48620653716545525 0.08845775989538117 0.48620653766783867 0.23029249249979236 0.07631419455753413 0.2302924932428158 0.19342873529125265 0.4862065375336423 0.19342873529678944 0.06140441224267357 0.20629788890655912 0.48620653788611035 0.0884577601404368 0.19342873529858204 0.486206537769695 0.4862065377800522 0.2302924925444407 0.48620653696135824 0.05509886178399672
22 0.20367483786229604 0.23029249283757844 0.3820892792783771 0.2302924930286976 0.5514513886914941 0.2730401627031962 0.5514513887054339 0.24956758682823874 0.23029249303541297 0.24956758709358837 0.18478834776008196 0.214384590320462 0.2302924931495028 0.3820892795179077 0.24956758705947782 0.23029249320771047 0.2302924929876689 0.55145138884695 0.23029249199270138 0.20367483805709932
39 0.5655572245153886 0.020454578873068643 0.7077754050620457 0.020454577454542728 0.1740507277599162 0.16861810686274967 0.1740507280089427 0.06265316370465109 0.0204545778477997 0.06265316382634854 0.3481849597386336 0.23677598743364964 0.020454577754772284 0.7077754062430813 0.06265316385939716 0.020454577871187606 0.02045457786072803 0.17405072837667956 0.020454576153226666 0.5655572259709055
27 0.05509886194010504 0.48620653716545525 0.08845775989538117 0.48620653766783867 0.23029249249979236 0.07631419455753413 0.2302924932428158 0.19342873529125265 0.4862065375336423 0.19342873529678944 0.06140441224267357 0.20629788890655912 0.48620653788611035 0.0884577601404368 0.19342873529858204 0.486206537769695 0.4862065377800522 0.2302924925444407 0.48620653696135824 0.05509886178399672
43 0.27597739674338134 0.20629788882195665 0.19707407351852937 0.20629788916704855 0.21438458997718712 0.3830744283528161 0.2143845905589176 0.4794806690519323 0.20629788903807447 0.4794806691450785 0.37706501322429087 0.5962997600322195 0.20629788941004482 0.1970740738810609 0.4794806690874663 0.20629788946825248 0.20629788924925727 0.21438459049315636 0.2062978880943485 0.2759773967193798
1 0.33780976418651415 0.19342873560147192 0.20915526949093868 0.19342873554145232 0.24956758670132248 0.3548128070939341 0.24956758692052622 0.4980969578335872 0.1934287351049383 0.49809695810227234 0.36800410759861163 0.4794806690885439 0.19342873554309858 0.2091552702526721 0.49809695807777826 0.19342873589234455 0.19342873558947835 0.2495675871859342 0.19342873418650502 0.3378097641094184
60 0.05509886194010504 0.48620653716545525 0.08845775989538117 0.48620653766783867 0.23029249249979236 0.07631419455753413 0.2302924932428158 0.19342873529125265 0.4862065375336423 0.19342873529678944 0.06140441224267357 0.20629788890655912 0.48620653788611035 0.0884577601404368 0.19342873529858204 0.486206537769695 0.4862065377800522 0.2302924925444407 0.48620653696135824 0.05509886178399672
61 0.05509886194010504 0.48620653716545525 0.08845775989538117 0.48620653766783867 0.23029249249979236 0.07631419455753413 0.2302924932428158 0.19342873529125265 0.4862065375336423 0.19342873529678944 0.06140441224267357 0.20629788890655912 0.48620653788611035 0.0884577601404368 0.19342873529858204 0.486206537769695 0.4862065377800522 0.2302924925444407 0.48620653696135824 0.05509886178399672
35 0.3796474602096511 0.08845776078984338 0.636303493451567 0.08845776030977172 0.38208927917685503 0.37665642437346936 0.3820892792569811 0.20915526992776715 0.08845776009873682 0.20915527009748977 0.311889767597328 0.19707407349762382 0.08845776030675931 0.6363034937273837 0.2091552700782068 0.08845776053958995 0.0884577602682206 0.38208927950161603 0.08845775924848319 0.37964746029066054
3 0.33780976418651415 0.19342873560147192 0.20915526949093868 0.19342873554145232 0.24956758670132248 0.3548128070939341 0.24956758692052622 0.4980969578335872 0.1934287351049383 0.49809695810227234 0.36800410759861163 0.4794806690885439 0.19342873554309858 0.2091552702526721 0.49809695807777826 0.19342873589234455 0.19342873558947835 0.2495675871859342 0.19342873418650502 0.3378097641094184
59 0.5655572245153886 0.020454578873068643 0.7077754050620457 0.020454577454542728 0.1740507277599162 0.16861810686274967 0.1740507280089427 0.06265316370465109 0.0204545778477997 0.06265316382634854 0.3481849597386336 0.23677598743364964 0.020454577754772284 0.7077754062430813 0.06265316385939716 0.020454577871187606 0.02045457786072803 0.17405072837667956 0.020454576153226666 0.5655572259709055
5 0.33780976418651415 0.19342873560147192 0.20915526949093868 0.19342873554145232 0.24956758670132248 0.3548128070939341 0.24956758692052622 0.4980969578335872 0.1934287351049383 0.49809695810227234 0.36800410759861163 0.4794806690885439 0.19342873554309858 0.2091552702526721 0.49809695807777826 0.19342873589234455 0.19342873558947835 0.2495675871859342 0.19342873418650502 0.3378097641094184
54 0.5655572245153886 0.020454578873068643 0.7077754050620457 0.020454577454542728 0.1740507277599162 0.16861810686274967 0.1740507280089427 0.06265316370465109 0.0204545778477997 0.06265316382634854 0.3481849597386336 0.23677598743364964 0.020454577754772284 0.7077754062430813 0.06265316385939716 0.020454577871187606 0.02045457786072803 0.17405072837667956 0.020454576153226666 0.5655572259709055
32 0.05509886194010504 0.48620653716545525 0.08845775989538117 0.48620653766783867 0.23029249249979236 0.07631419455753413 0.2302924932428158 0.19342873529125265 0.4862065375336423 0.19342873529678944 0.06140441224267357 0.20629788890655912 0.48620653788611035 0.0884577601404368 0.19342873529858204 0.486206537769695 0.4862065377800522 0.2302924925444407 0.48620653696135824 0.05509886178399672
20 0.3796474602096511 0.08845776078984338 0.636303493451567 0.08845776030977172 0.38208927917685503 0.37665642437346936 0.3820892792569811 0.20915526992776715 0.08845776009873682 0.20915527009748977 0.311889767597328 0.19707407349762382 0.08845776030675931 0.6363034937273837 0.2091552700782068 0.08845776053958995 0.0884577602682206 0.38208927950161603 0.08845775924848319 0.37964746029066054
21 0.20367483786229604 0.23029249283757844 0.3820892792783771 0.2302924930286976 0.5514513886914941 0.2730401627031962 0.5514513887054339 0.24956758682823874 0.23029249303541297 0.24956758709358837 0.18478834776008196 0.214384590320462 0.2302924931495028 0.3820892795179077 0.24956758705947782 0.23029249320771047 0.2302924929876689 0.55145138884695 0.23029249199270138 0.20367483805709932
47 0.05509886194010504 0.48620653716545525 0.08845775989538117 0.48620653766783867 0.23029249249979236 0.07631419455753413 0.2302924932428158 0.19342873529125265 0.4862065375336423 0.19342873529678944 0.06140441224267357 0.20629788890655912 0.48620653788611035 0.0884577601404368 0.19342873529858204 0.486206537769695 0.4862065377800522 0.2302924925444407 0.48620653696135824 0.05509886178399672
8 0.5894125008999254 0.05509886238723993 0.37964745961653534 0.0550988620670978 0.20367483751761029 0.42112714291606146 0.20367483773043205 0.3378097637266535 0.05509886209620163 0.3378097639377913 0.5247494694695085 0.27597739661009335 0.05509886203799397 0.37964746052603005 0.3378097639147839 0.05509886227082461 0.0550988620670978 0.20367483791778795 0.05509886075742543 0.5894125010891003
14 0.5894125008999254 0.05509886238723993 0.37964745961653534 0.0550988620670978 0.20367483751761029 0.42112714291606146 0.20367483773043205 0.3378097637266535 0.05509886209620163 0.3378097639377913 0.5247494694695085 0.27597739661009335 0.05509886203799397 0.37964746052603005 0.3378097639147839 0.05509886227082461 0.0550988620670978 0.20367483791778795 0.05509886075742543 0.5894125010891003
12 0.5247494696384623 0.06140441277426626 0.31188976738916563 0.0614044124098184 0.18478834754637274 0.4930387898942511 0.184788347751869 0.3680041075282154 0.06140441232295391 0.36800410766852937 0.5782261485343037 0.37706501322427327 0.06140441249525569 0.31188976760763354 0.3680041077146238 0.06140441266987867 0.06140441250941338 0.184788347799391 0.061404411337152805 0.5247494693701781
57 0.05509886194010504 0.48620653716545525 0.08845775989538117 0.48620653766783867 0.23029249249979236 0.07631419455753413 0.2302924932428158 0.19342873529125265 0.4862065375336423 0.19342873529678944 0.06140441224267357 0.20629788890655912 0.48620653788611035 0.0884577601404368 0.19342873529858204 0.486206537769695 0.4862065377800522 0.2302924925444407 0.48620653696135824 0.05509886178399672
53 0.27597739674338134 0.20629788882195665 0.19707407351852937 0.20629788916704855 0.21438458997718712 0.3830744283528161 0.2143845905589176 0.4794806690519323 0.20629788903807447 0.4794806691450785 0.37706501322429087 0.5962997600322195 0.20629788941004482 0.1970740738810609 0.4794806690874663 0.20629788946825248 0.20629788924925727 0.21438459049315636 0.2062978880943485 0.2759773967193798
6 0.5247494696384623 0.06140441277426626 0.31188976738916563 0.0614044124098184 0.18478834754637274 0.4930387898942511 0.184788347751869 0.3680041075282154 0.06140441232295391 0.36800410766852937 0.5782261485343037 0.37706501322427327 0.06140441249525569 0.31188976760763354 0.3680041077146238 0.06140441266987867 0.06140441250941338 0.184788347799391 0.061404411337152805 0.5247494693701781
55 0.05509886194010504 0.48620653716545525 0.08845775989538117 0.48620653766783867 0.23029249249979236 0.07631419455753413 0.2302924932428158 0.19342873529125265 0.4862065375336423 0.19342873529678944 0.06140441224267357 0.20629788890655912 0.48620653788611035 0.0884577601404368 0.19342873529858204 0.486206537769695 0.4862065377800522 0.2302924925444407 0.48620653696135824 0.05509886178399672
45 0.05509886194010504 0.48620653716545525 0.08845775989538117 0.48620653766783867 0.23029249249979236 0.07631419455753413 0.2302924932428158 0.19342873529125265 0.4862065375336423 0.19342873529678944 0.06140441224267357 0.20629788890655912 0.48620653788611035 0.0884577601404368 0.19342873529858204 0.486206537769695 0.4862065377800522 0.2302924925444407 0.48620653696135824 0.05509886178399672
2 0.5894125008999254 0.05509886238723993 0.37964745961653534 0.0550988620670978 0.20367483751761029 0.42112714291606146 0.20367483773043205 0.3378097637266535 0.05509886209620163 0.3378097639377913 0.5247494694695085 0.27597739661009335 0.05509886203799397 0.37964746052603005 0.3378097639147839 0.05509886227082461 0.0550988620670978 0.20367483791778795 0.05509886075742543 0.5894125010891003
