id,x_0,x_1,x_2,x_3,x_4,x_5,x_6,x_7,x_8,x_9,x_10,x_11,x_12,x_13,x_14,x_15,x_16,x_17,x_18,x_19,x_20,x_21
0.0,2.220446049250313e-16,0.009203891072705155,0.04157049325310702,0.4627900805544844,0.06850083739972171,2.220446049250313e-16,0.06421889419646572,0.3102662995725275,0.06023962358247116,0.3968404464009616,0.08551531423465139,1.2196079359038214,2.220446049250313e-16,0.9546475057407002,2.220446049250313e-16,0.5618373082089033,2.220446049250313e-16,2.220446049250313e-16,2.220446049250313e-16,2.220446049250313e-16,2.220446049250313e-16,0.6199996202223509
1.0,2.220446049250313e-16,0.0019228224585538356,0.10264383650477393,0.6262314437527916,2.220446049250313e-16,0.11782991659873032,2.220446049250313e-16,2.220446049250313e-16,2.220446049250313e-16,2.220446049250313e-16,0.6697407436816528,2.220446049250313e-16,1.0054120597239644,0.024506219704420785,0.9605449365219086,0.4091864329942595,2.220446049250313e-16,0.04129038129274946,0.8612209744404803,0.46334871782900494,2.220446049250313e-16,2.220446049250313e-16
2.0,2.220446049250313e-16,0.004400545172296075,0.18499143125851492,0.1653372945963065,0.09885465904902631,0.13441452551774968,2.220446049250313e-16,0.6497027512789383,0.06457967266076621,2.220446049250313e-16,2.220446049250313e-16,1.5112133302900324,2.220446049250313e-16,0.06475269814104181,0.2196632435682887,0.7026681203037543,0.9350523672585221,0.005287812136836785,2.220446049250313e-16,2.220446049250313e-16,0.005085534583647614,0.21773131088022007
3.0,2.220446049250313e-16,2.220446049250313e-16,0.7947973482508829,0.4134321193107491,2.220446049250313e-16,2.220446049250313e-16,2.220446049250313e-16,2.220446049250313e-16,0.06632511099224654,0.0002812368840405712,2.220446049250313e-16,0.039790331223614896,0.5165301590634949,0.06592440647974465,1.3614001965121552,0.08116143229337121,2.220446049250313e-16,0.04536192908591617,0.3510527711357744,0.7058707283065309,0.3879540711774277,2.220446049250313e-16
4.0,2.220446049250313e-16,0.014251929594942798,0.06734954429958162,0.6814847124163419,2.220446049250313e-16,2.220446049250313e-16,0.1311170795739434,2.220446049250313e-16,0.707746743555439,2.220446049250313e-16,0.7780191114494382,0.726683566331343,2.220446049250313e-16,0.9265711593773995,2.220446049250313e-16,0.6729006697077512,0.5199949327710582,2.220446049250313e-16,0.01677372149832199,0.210408026486195,0.4017997451393606,2.220446049250313e-16
5.0,2.220446049250313e-16,0.024296784240975384,2.220446049250313e-16,0.8857200778831968,2.220446049250313e-16,0.5553491782868664,2.220446049250313e-16,2.220446049250313e-16,0.013284849873194098,0.0019100838586632455,0.15891532669709632,2.220446049250313e-16,0.9922282340404586,0.020847085669461602,1.260214134395206,0.012544321403335003,0.0014183602423785573,0.06533755223696154,0.8252508717684751,0.1834288094442301,2.220446049250313e-16,0.0009582194696332372
6.0,2.220446049250313e-16,0.004399017828596004,2.220446049250313e-16,2.220446049250313e-16,0.25997666582778334,2.220446049250313e-16,2.220446049250313e-16,0.7877441987269369,2.220446049250313e-16,0.8790612923284093,2.220446049250313e-16,0.8999464315591094,2.220446049250313e-16,0.7691095954869505,0.15160165688250848,2.220446049250313e-16,0.09955793253308924,2.220446049250313e-16,2.220446049250313e-16,2.220446049250313e-16,2.220446049250313e-16,0.9390598048116345
7.0,2.220446049250313e-16,0.25187276151033217,0.6524315662654778,2.220446049250313e-16,0.9666737529852184,0.4396563060673928,2.220446049250313e-16,2.220446049250313e-16,2.220446049250313e-16,0.022265552962870205,0.7814602120221379,0.033262342631860904,0.7496724875760964,0.05908406518250923,0.7952690914650385,2.220446049250313e-16,2.220446049250313e-16,2.220446049250313e-16,0.8866502122913013,2.220446049250313e-16,2.220446049250313e-16,2.220446049250313e-16
8.0,2.220446049250313e-16,2.220446049250313e-16,0.8806081865643742,0.8926089294176738,0.010099099805758516,0.11796166181500549,1.014614522454466,2.220446049250313e-16,0.7702105836716764,2.220446049250313e-16,2.220446049250313e-16,2.220446049250313e-16,2.220446049250313e-16,0.285903169293765,2.220446049250313e-16,0.07361493846213178,0.108981103059674,2.220446049250313e-16,0.3668338215984322,0.17502190025767903,0.3808390987420098,0.2321825571192971
9.0,0.09381707732477698,0.12345128117865878,0.6395087848239889,0.08897677248752957,1.0633090769285782,2.220446049250313e-16,2.220446049250313e-16,2.220446049250313e-16,2.220446049250313e-16,0.09325348609718451,0.7846756634238827,0.05121335602515778,0.7705283484016981,0.0047345909362362494,0.7505539822949001,2.220446049250313e-16,2.220446049250313e-16,2.220446049250313e-16,0.4823460029220177,0.09569982649747161,0.3830402058316781,2.220446049250313e-16
10.0,2.220446049250313e-16,2.220446049250313e-16,0.8121523591513032,2.220446049250313e-16,0.2769206194772563,0.4413083961407006,2.220446049250313e-16,0.8401925978134569,2.220446049250313e-16,0.8451792111575663,2.220446049250313e-16,0.7126145267315311,0.002198999442274915,2.220446049250313e-16,2.220446049250313e-16,0.5535149726104476,0.7196077169726058,2.220446049250313e-16,2.220446049250313e-16,0.014594274099601528,2.220446049250313e-16,0.7716799644406934
11.0,0.8399829156039189,2.220446049250313e-16,2.220446049250313e-16,1.0577246104765932,2.220446049250313e-16,2.220446049250313e-16,2.220446049250313e-16,2.220446049250313e-16,0.013528276674004941,0.2044193600441717,0.4188187005282474,2.220446049250313e-16,0.016849256850717174,2.220446049250313e-16,1.0307836175410425,0.02874299242248704,2.220446049250313e-16,0.1889898007921855,0.7503006662248585,0.11530942664212546,2.220446049250313e-16,0.0020439188195198583
12.0,2.220446049250313e-16,0.004399017828596004,2.220446049250313e-16,2.220446049250313e-16,0.25997666582778334,2.220446049250313e-16,2.220446049250313e-16,0.7877441987269369,2.220446049250313e-16,0.8790612923284093,2.220446049250313e-16,0.8999464315591094,2.220446049250313e-16,0.7691095954869505,0.15160165688250848,2.220446049250313e-16,0.09955793253308924,2.220446049250313e-16,2.220446049250313e-16,2.220446049250313e-16,2.220446049250313e-16,0.9390598048116345
13.0,0.7760974491553957,2.220446049250313e-16,2.220446049250313e-16,1.051281170445303,2.220446049250313e-16,2.220446049250313e-16,2.220446049250313e-16,2.220446049250313e-16,0.01148401392788281,0.20756488852017518,0.6739308624194166,2.220446049250313e-16,0.06182217012736231,2.220446049250313e-16,0.6722064938397392,0.635598711423721,2.220446049250313e-16,0.2388262302702418,0.7681359434972335,0.1450626983501635,2.220446049250313e-16,2.220446049250313e-16
14.0,2.220446049250313e-16,2.220446049250313e-16,2.220446049250313e-16,2.220446049250313e-16,0.26211005192402587,0.4396997962394711,2.220446049250313e-16,0.7968400755262971,2.220446049250313e-16,0.8799450924720003,2.220446049250313e-16,0.8623071243930123,2.220446049250313e-16,0.7505770223963582,0.13174633971824898,2.220446049250313e-16,0.10165500921937373,2.220446049250313e-16,2.220446049250313e-16,2.220446049250313e-16,2.220446049250313e-16,0.9512119674882819
15.0,0.3144491338699547,2.220446049250313e-16,2.220446049250313e-16,1.0772629668414158,2.220446049250313e-16,0.551005787696954,0.003471376508261425,2.220446049250313e-16,0.00424353789942351,2.220446049250313e-16,0.6674494284183483,2.220446049250313e-16,0.6246800593083628,2.220446049250313e-16,0.9431191238053087,0.344325314169988,2.220446049250313e-16,0.049407053452802455,0.7694790839770289,0.1314797627022784,2.220446049250313e-16,0.003425065145458169
16.0,2.220446049250313e-16,0.029148627254157226,0.044569636279066516,0.45761049849295393,0.06896576134944145,2.220446049250313e-16,2.220446049250313e-16,0.2874348756379451,0.052850124226221616,2.220446049250313e-16,0.07918795683897621,1.380684865563395,2.220446049250313e-16,0.9181742922586972,0.1286154091405847,0.6190938417516584,2.220446049250313e-16,0.025060696836458642,2.220446049250313e-16,2.220446049250313e-16,2.220446049250313e-16,0.5873982281368167
17.0,0.09382048385727382,1.2035749660056878,2.220446049250313e-16,2.220446049250313e-16,0.15017068577612697,2.220446049250313e-16,0.9368793285848909,2.220446049250313e-16,0.0009105251069989156,2.220446049250313e-16,2.220446049250313e-16,0.014719582779751769,0.7010225676693117,2.220446049250313e-16,2.220446049250313e-16,0.05951414142120811,0.7354424652430047,0.01913660763122701,2.220446049250313e-16,2.220446049250313e-16,0.002841841912802929,2.220446049250313e-16
18.0,2.220446049250313e-16,0.025940600855616062,0.033278364121829385,0.29989276871714965,2.220446049250313e-16,2.220446049250313e-16,0.08013653789866078,0.3405323162565729,0.6566003268291714,2.220446049250313e-16,0.08164037363431594,1.208310559517853,2.220446049250313e-16,1.0997829579466403,0.17264071307643306,0.6261017740682224,0.10941856402910094,0.023913153970502827,0.02136250734409028,2.220446049250313e-16,0.01296485687503806,0.08115139917542331
19.0,0.1691525585431164,0.10261180554172916,0.11542002543841687,0.6483857816245535,2.220446049250313e-16,0.11650655964057503,2.220446049250313e-16,2.220446049250313e-16,0.0020078851965302322,2.220446049250313e-16,0.6644171879247373,2.220446049250313e-16,1.0262257395067802,0.030407867969471182,0.5049971668918697,0.7505310832637242,2.220446049250313e-16,0.09964167903658074,0.8457105623454213,0.4181706745274462,2.220446049250313e-16,2.220446049250313e-16
20.0,0.13480710036465812,1.2957923224703958,2.220446049250313e-16,2.220446049250313e-16,0.00419789517632482,2.220446049250313e-16,0.927713147413033,2.220446049250313e-16,0.0026647480409478386,2.220446049250313e-16,2.220446049250313e-16,0.018708258604780946,0.5407215157028168,2.220446049250313e-16,2.220446049250313e-16,0.05781286714749072,0.7353953888674316,0.01755146428797588,2.220446049250313e-16,2.220446049250313e-16,0.0034764346506255686,2.220446049250313e-16
21.0,2.220446049250313e-16,2.220446049250313e-16,2.220446049250313e-16,0.17325061893480115,2.220446049250313e-16,0.14391875934636755,0.747689507229423,0.8606733529123919,2.220446049250313e-16,2.220446049250313e-16,0.6765047979484927,0.6032215883730391,0.004640256048383157,0.9190605655825645,2.220446049250313e-16,2.220446049250313e-16,2.220446049250313e-16,2.220446049250313e-16,2.220446049250313e-16,2.220446049250313e-16,2.220446049250313e-16,0.8812926884141074
22.0,0.6307266193663584,1.2464494488167654,2.220446049250313e-16,2.220446049250313e-16,2.220446049250313e-16,0.44630550075942477,2.220446049250313e-16,2.220446049250313e-16,2.220446049250313e-16,2.220446049250313e-16,0.5752732999223414,0.030015371693981285,0.1843793695305737,2.220446049250313e-16,2.220446049250313e-16,2.220446049250313e-16,2.220446049250313e-16,1.0118340857036523,2.220446049250313e-16,2.220446049250313e-16,2.220446049250313e-16,2.220446049250313e-16
23.0,0.6307266193663584,1.2464494488167654,2.220446049250313e-16,2.220446049250313e-16,2.220446049250313e-16,0.44630550075942477,2.220446049250313e-16,2.220446049250313e-16,2.220446049250313e-16,2.220446049250313e-16,0.5752732999223414,0.030015371693981285,0.1843793695305737,2.220446049250313e-16,2.220446049250313e-16,2.220446049250313e-16,2.220446049250313e-16,1.0118340857036523,2.220446049250313e-16,2.220446049250313e-16,2.220446049250313e-16,2.220446049250313e-16
24.0,0.6307266193663584,1.2464494488167654,2.220446049250313e-16,2.220446049250313e-16,2.220446049250313e-16,0.44630550075942477,2.220446049250313e-16,2.220446049250313e-16,2.220446049250313e-16,2.220446049250313e-16,0.5752732999223414,0.030015371693981285,0.1843793695305737,2.220446049250313e-16,2.220446049250313e-16,2.220446049250313e-16,2.220446049250313e-16,1.0118340857036523,2.220446049250313e-16,2.220446049250313e-16,2.220446049250313e-16,2.220446049250313e-16
25.0,2.220446049250313e-16,2.220446049250313e-16,0.48811383485872717,0.7957375228263116,0.04195922318984392,0.564832734455156,0.8664242748627676,2.220446049250313e-16,2.220446049250313e-16,2.220446049250313e-16,0.1103816620789251,0.027355230133211037,0.5223250724621794,2.220446049250313e-16,0.13451024119825478,2.220446049250313e-16,0.6519043010580826,2.220446049250313e-16,0.029092101905294918,0.46759076452321263,0.7830363337095292,2.220446049250313e-16
26.0,2.220446049250313e-16,2.220446049250313e-16,0.18909743126914325,0.016086784070945104,0.009144142934511008,0.5908980956732909,2.220446049250313e-16,0.6917561933067911,0.07097217429642207,0.23173307849552421,2.220446049250313e-16,1.456362910010733,2.220446049250313e-16,0.04966419563130817,0.09810981443175112,0.6382782370479423,0.9362671064839904,0.008690438850601563,2.220446049250313e-16,0.026179878072981833,0.004875897385944514,0.2363630722337565
27.0,2.220446049250313e-16,2.220446049250313e-16,0.18909743126914325,0.016086784070945104,0.009144142934511008,0.5908980956732909,2.220446049250313e-16,0.6917561933067911,0.07097217429642207,0.23173307849552421,2.220446049250313e-16,1.456362910010733,2.220446049250313e-16,0.04966419563130817,0.09810981443175112,0.6382782370479423,0.9362671064839904,0.008690438850601563,2.220446049250313e-16,0.026179878072981833,0.004875897385944514,0.2363630722337565
28.0,2.220446049250313e-16,2.220446049250313e-16,0.10622790926071403,1.0299716541885022,0.02487902059663671,0.5485138897296754,2.220446049250313e-16,2.220446049250313e-16,2.220446049250313e-16,0.0005109209770149005,2.220446049250313e-16,0.048688075943076704,0.9729135439642737,2.220446049250313e-16,1.2822888107431316,0.007723328570046832,2.220446049250313e-16,0.063896725850356,2.220446049250313e-16,0.15010850716070845,0.7769213462497473,2.220446049250313e-16
29.0,2.220446049250313e-16,2.220446049250313e-16,0.10622790926071403,1.0299716541885022,0.02487902059663671,0.5485138897296754,2.220446049250313e-16,2.220446049250313e-16,2.220446049250313e-16,0.0005109209770149005,2.220446049250313e-16,0.048688075943076704,0.9729135439642737,2.220446049250313e-16,1.2822888107431316,0.007723328570046832,2.220446049250313e-16,0.063896725850356,2.220446049250313e-16,0.15010850716070845,0.7769213462497473,2.220446049250313e-16
30.0,2.220446049250313e-16,0.25893865451604603,0.8950114837714618,2.220446049250313e-16,0.5985902261393927,2.220446049250313e-16,1.1143503281216842,2.220446049250313e-16,0.040837721611060376,2.220446049250313e-16,0.0014926106724524513,2.220446049250313e-16,2.220446049250313e-16,0.331934279333078,0.20457652668456633,2.220446049250313e-16,0.1134628803014442,2.220446049250313e-16,0.8453489287446289,0.3419677768111883,2.220446049250313e-16,0.2004144727498665
31.0,2.220446049250313e-16,0.08131444980391947,2.220446049250313e-16,0.1322884014401089,2.220446049250313e-16,2.220446049250313e-16,0.7893477410451077,2.220446049250313e-16,0.040209857029114913,2.220446049250313e-16,0.6915236405623518,0.10803493233714356,2.220446049250313e-16,0.9090332377261603,0.14525126030688412,2.220446049250313e-16,0.350448433462213,2.220446049250313e-16,2.220446049250313e-16,1.2384726795240222,0.7830270973768299,2.220446049250313e-16
32.0,2.220446049250313e-16,0.08131444980391947,2.220446049250313e-16,0.1322884014401089,2.220446049250313e-16,2.220446049250313e-16,0.7893477410451077,2.220446049250313e-16,0.040209857029114913,2.220446049250313e-16,0.6915236405623518,0.10803493233714356,2.220446049250313e-16,0.9090332377261603,0.14525126030688412,2.220446049250313e-16,0.350448433462213,2.220446049250313e-16,2.220446049250313e-16,1.2384726795240222,0.7830270973768299,2.220446049250313e-16
33.0,2.220446049250313e-16,0.08138635034448337,0.6807169462770957,0.11364769654985965,2.220446049250313e-16,2.220446049250313e-16,0.05432342019446266,2.220446049250313e-16,0.00533874710134115,0.14776679896299227,0.08842663994800412,0.2645936654814209,2.220446049250313e-16,0.08746639221920115,0.8854381558426233,2.220446049250313e-16,0.7185812869328819,0.05801514609852959,0.7600255643182684,1.1909625461952495,2.220446049250313e-16,2.220446049250313e-16
34.0,2.220446049250313e-16,0.04548110757000555,0.7075782481563568,0.1464041551518254,2.220446049250313e-16,2.220446049250313e-16,1.1142412275288238,2.220446049250313e-16,0.04082275822278083,2.220446049250313e-16,0.005043363009355991,0.017648954508011943,2.220446049250313e-16,0.17984792427327317,0.15890874647481137,2.220446049250313e-16,0.6891260741557137,2.220446049250313e-16,0.159109488119286,1.2105113026288246,0.592259022178451,2.220446049250313e-16
35.0,1.3909806069468036,0.054508594772565366,2.220446049250313e-16,0.004063370353384086,1.029754479161225,2.220446049250313e-16,0.07796338053188318,2.220446049250313e-16,2.220446049250313e-16,0.1787845823780464,0.4952832192532441,0.0013081896201688258,2.220446049250313e-16,2.220446049250313e-16,0.09412013059691814,0.7041675307409655,2.220446049250313e-16,0.05574468604041483,0.5784046133148927,0.26006253944549274,2.220446049250313e-16,0.04266046665198287
36.0,2.220446049250313e-16,2.220446049250313e-16,2.220446049250313e-16,2.220446049250313e-16,0.14685915376729433,2.220446049250313e-16,0.07087543644317362,0.8694612127107072,2.220446049250313e-16,0.9523342941628136,2.220446049250313e-16,0.5583000655155463,2.220446049250313e-16,0.9663214949769244,0.00015405275695339364,2.220446049250313e-16,2.220446049250313e-16,0.26044470745298837,2.220446049250313e-16,2.220446049250313e-16,2.220446049250313e-16,0.9361430291964387
37.0,1.2930160268978932,0.35052191414493683,0.0004469416282602012,2.220446049250313e-16,0.054968648124998805,2.220446049250313e-16,2.220446049250313e-16,0.00030465506413601993,2.220446049250313e-16,0.7575000933654948,2.220446049250313e-16,0.026580708894855844,2.220446049250313e-16,2.220446049250313e-16,2.220446049250313e-16,2.220446049250313e-16,2.220446049250313e-16,0.8844173325336537,0.38067678724329435,0.274016893567329,2.220446049250313e-16,2.220446049250313e-16
38.0,1.2930160268978932,0.35052191414493683,0.0004469416282602012,2.220446049250313e-16,0.054968648124998805,2.220446049250313e-16,2.220446049250313e-16,0.00030465506413601993,2.220446049250313e-16,0.7575000933654948,2.220446049250313e-16,0.026580708894855844,2.220446049250313e-16,2.220446049250313e-16,2.220446049250313e-16,2.220446049250313e-16,2.220446049250313e-16,0.8844173325336537,0.38067678724329435,0.274016893567329,2.220446049250313e-16,2.220446049250313e-16
39.0,1.2930160268978932,0.35052191414493683,0.00044694162826042325,2.220446049250313e-16,0.054968648124998694,2.220446049250313e-16,2.220446049250313e-16,0.0003046550641361171,2.220446049250313e-16,0.757500093365495,2.220446049250313e-16,0.026580708894855705,2.220446049250313e-16,2.220446049250313e-16,2.220446049250313e-16,2.220446049250313e-16,2.220446049250313e-16,0.8844173325336538,0.38067678724329435,0.27401689356732917,2.220446049250313e-16,2.220446049250313e-16
40.0,2.220446049250313e-16,2.220446049250313e-16,0.9266453406888545,0.590652423263814,0.045915505504980116,2.220446049250313e-16,2.220446049250313e-16,2.220446049250313e-16,0.6329788421227844,0.02791803370085716,2.220446049250313e-16,0.041110173815138484,0.19589593597155344,2.220446049250313e-16,0.6036823549767818,0.06255778273579246,0.2768762838779747,0.6391438653747048,2.220446049250313e-16,0.6545330471648144,0.7876835703274928,2.220446049250313e-16
41.0,2.220446049250313e-16,0.011240982751453464,2.220446049250313e-16,2.220446049250313e-16,2.220446049250313e-16,2.220446049250313e-16,2.220446049250313e-16,0.9378544135071494,0.8001750209443456,0.9097399706175755,2.220446049250313e-16,0.17364466477505272,1.0445255862545242,2.220446049250313e-16,0.18442080733951133,2.220446049250313e-16,2.220446049250313e-16,0.7369709083881032,2.220446049250313e-16,0.18090033709868844,0.17981250190728357,2.220446049250313e-16
42.0,0.0063525262265392715,2.220446049250313e-16,0.8098053208503541,2.220446049250313e-16,2.220446049250313e-16,2.220446049250313e-16,2.220446049250313e-16,0.8737094324448036,2.220446049250313e-16,0.9702680551303284,2.220446049250313e-16,0.5533718005599995,2.220446049250313e-16,2.220446049250313e-16,0.21413816704092836,2.220446049250313e-16,0.7243303639016095,0.2336220896344214,2.220446049250313e-16,0.0017309552387739355,2.220446049250313e-16,0.8142801521703368
43.0,0.9120385379412665,2.220446049250313e-16,2.220446049250313e-16,0.7125790738569211,2.220446049250313e-16,2.220446049250313e-16,2.220446049250313e-16,0.18699065456169006,0.5741543020264235,0.9097325995791413,2.220446049250313e-16,2.220446049250313e-16,0.0064786259605155066,2.220446049250313e-16,2.220446049250313e-16,2.220446049250313e-16,2.220446049250313e-16,0.8610884061925435,2.220446049250313e-16,0.2169486581921228,0.779136164565486,2.220446049250313e-16
44.0,2.220446049250313e-16,0.011240982751453464,2.220446049250313e-16,2.220446049250313e-16,2.220446049250313e-16,2.220446049250313e-16,2.220446049250313e-16,0.9378544135071494,0.8001750209443456,0.9097399706175755,2.220446049250313e-16,0.17364466477505272,1.0445255862545242,2.220446049250313e-16,0.18442080733951133,2.220446049250313e-16,2.220446049250313e-16,0.7369709083881032,2.220446049250313e-16,0.18090033709868844,0.17981250190728357,2.220446049250313e-16
45.0,2.220446049250313e-16,0.009343165867752704,2.220446049250313e-16,2.220446049250313e-16,2.220446049250313e-16,2.220446049250313e-16,0.00880913553729612,0.7323673802421047,0.8303665055384825,0.9157671935716126,2.220446049250313e-16,0.06131681646263895,1.0046454333060433,2.220446049250313e-16,2.220446049250313e-16,2.220446049250313e-16,0.11849822584281047,0.9191813880527371,2.220446049250313e-16,0.19298474572117594,0.6026053270169189,2.220446049250313e-16
46.0,2.220446049250313e-16,0.013853203274770687,2.220446049250313e-16,2.220446049250313e-16,2.220446049250313e-16,2.220446049250313e-16,0.007445278012442769,0.7028375464670322,0.8331242574619986,0.9492389492028802,2.220446049250313e-16,2.220446049250313e-16,1.0077292798932245,2.220446049250313e-16,0.05929440039159385,2.220446049250313e-16,0.11821766488255812,0.7535145569692524,2.220446049250313e-16,0.18771839963411663,0.7892117261396289,2.220446049250313e-16
47.0,2.220446049250313e-16,0.0035753032526619475,0.7110644263630652,2.220446049250313e-16,0.24048126752160248,2.220446049250313e-16,2.220446049250313e-16,0.8485687725022618,2.220446049250313e-16,0.41159919314306015,2.220446049250313e-16,0.4429407643570453,2.220446049250313e-16,0.1045214243247004,0.27107521516478844,0.7417496339623743,0.31714012132043923,2.220446049250313e-16,2.220446049250313e-16,2.220446049250313e-16,0.19660834129214746,1.102197008552733
48.0,0.7293065969287388,2.220446049250313e-16,2.220446049250313e-16,1.053874125741739,2.220446049250313e-16,2.220446049250313e-16,2.220446049250313e-16,2.220446049250313e-16,0.5698205358673222,0.7847511905530301,2.220446049250313e-16,2.220446049250313e-16,0.18805362668592912,2.220446049250313e-16,2.220446049250313e-16,2.220446049250313e-16,2.220446049250313e-16,0.9310834097552736,0.771072104192597,0.08503764271230385,2.220446049250313e-16,2.220446049250313e-16
49.0,0.2934463555153576,0.856052323665812,0.010299982863399065,0.09250682753754788,2.220446049250313e-16,2.220446049250313e-16,1.1085164553392917,2.220446049250313e-16,0.7671133082694362,2.220446049250313e-16,2.220446049250313e-16,2.220446049250313e-16,2.220446049250313e-16,0.17331947897040623,2.220446049250313e-16,2.220446049250313e-16,0.49402082643649176,2.220446049250313e-16,0.12721515467038869,0.010811357737145413,0.006402390165895348,0.21143615851966166
50.0,0.9187758102734553,1.167662202294044,2.220446049250313e-16,2.220446049250313e-16,0.037810427892755634,0.4472428096771244,0.7242142446162211,2.220446049250313e-16,2.220446049250313e-16,2.220446049250313e-16,2.220446049250313e-16,0.13871247844065562,2.220446049250313e-16,2.220446049250313e-16,0.07373901415129824,0.01776418296243952,2.220446049250313e-16,0.005705555069483082,2.220446049250313e-16,2.220446049250313e-16,2.220446049250313e-16,0.0012931155429109149
51.0,2.220446049250313e-16,2.220446049250313e-16,0.062334779369702636,2.220446049250313e-16,2.220446049250313e-16,2.220446049250313e-16,0.8486349990437789,0.8697349879862121,2.220446049250313e-16,2.220446049250313e-16,0.4911465421762563,0.5670206264687977,2.220446049250313e-16,1.0253653017651414,2.220446049250313e-16,2.220446049250313e-16,2.220446049250313e-16,2.220446049250313e-16,0.028202083510551448,0.024741428236964912,2.220446049250313e-16,0.8717758800156966
52.0,0.7682860588226951,1.2862207626792466,2.220446049250313e-16,0.0034587072459274456,2.220446049250313e-16,2.220446049250313e-16,0.11903975186847672,2.220446049250313e-16,2.220446049250313e-16,2.220446049250313e-16,0.2589374705577026,0.0026744403385304846,0.05817424819845134,2.220446049250313e-16,0.12684352790697118,0.07061409874018514,2.220446049250313e-16,0.799602459558784,2.220446049250313e-16,2.220446049250313e-16,2.220446049250313e-16,2.220446049250313e-16
53.0,0.14744892614990057,1.0948853400586995,0.7346862491419244,0.04157214805404749,0.25818130827285546,2.220446049250313e-16,0.5658327301769445,2.220446049250313e-16,2.220446049250313e-16,2.220446049250313e-16,2.220446049250313e-16,0.3167339347990522,0.5703880199756179,2.220446049250313e-16,2.220446049250313e-16,0.3218264962621098,0.08534855515551251,2.220446049250313e-16,0.045849089736645254,2.220446049250313e-16,2.220446049250313e-16,2.220446049250313e-16
54.0,0.7682860588226951,1.2862207626792466,2.220446049250313e-16,0.0034587072459274456,2.220446049250313e-16,2.220446049250313e-16,0.11903975186847672,2.220446049250313e-16,2.220446049250313e-16,2.220446049250313e-16,0.2589374705577026,0.0026744403385304846,0.05817424819845134,2.220446049250313e-16,0.12684352790697118,0.07061409874018514,2.220446049250313e-16,0.799602459558784,2.220446049250313e-16,2.220446049250313e-16,2.220446049250313e-16,2.220446049250313e-16
55.0,1.3802457259408443,0.08079017309981157,2.220446049250313e-16,0.06216162246666359,1.0266476569217053,0.15442919925804485,0.07776734698098281,2.220446049250313e-16,2.220446049250313e-16,0.026392603071381252,0.6030160300768864,0.05739849118190668,2.220446049250313e-16,2.220446049250313e-16,2.220446049250313e-16,0.6161847491979852,2.220446049250313e-16,0.08103112925324261,0.5819200229481294,0.24514925333547966,2.220446049250313e-16,0.031839614129358686
56.0,2.220446049250313e-16,0.006940258074510566,2.220446049250313e-16,2.220446049250313e-16,2.220446049250313e-16,2.220446049250313e-16,0.07277842639504645,0.7997712824146881,2.220446049250313e-16,0.8223470964179128,2.220446049250313e-16,0.870328621105159,2.220446049250313e-16,0.958026156305705,2.220446049250313e-16,0.6646474697995508,2.220446049250313e-16,2.220446049250313e-16,2.220446049250313e-16,2.220446049250313e-16,2.220446049250313e-16,0.8158474074158384
57.0,1.139512114051603,0.8030285340478474,0.009839817785467974,0.038490309083130114,0.08030227863411155,0.15603512705594974,2.220446049250313e-16,2.220446049250313e-16,0.008124915034265353,0.3116807957931356,2.220446049250313e-16,0.017278179951301063,2.220446049250313e-16,0.052404529017102124,0.19987392271321833,2.220446049250313e-16,0.021248536138638585,0.8328366343872675,0.009784003484249125,2.220446049250313e-16,2.220446049250313e-16,2.220446049250313e-16
58.0,1.139512114051603,0.8030285340478474,0.009839817785467974,0.038490309083130114,0.08030227863411155,0.15603512705594974,2.220446049250313e-16,2.220446049250313e-16,0.008124915034265353,0.3116807957931356,2.220446049250313e-16,0.017278179951301063,2.220446049250313e-16,0.052404529017102124,0.19987392271321833,2.220446049250313e-16,0.021248536138638585,0.8328366343872675,0.009784003484249125,2.220446049250313e-16,2.220446049250313e-16,2.220446049250313e-16
59.0,0.7057049163745525,1.1579671279181964,2.220446049250313e-16,2.220446049250313e-16,0.010703330431445,0.443850771285672,0.4900516221612916,2.220446049250313e-16,2.220446049250313e-16,2.220446049250313e-16,2.220446049250313e-16,0.17520354272405544,0.2535054174423977,2.220446049250313e-16,0.3233462726171802,0.29036575969233414,2.220446049250313e-16,2.220446049250313e-16,2.220446049250313e-16,2.220446049250313e-16,2.220446049250313e-16,2.220446049250313e-16
60.0,0.009502987893440356,0.05217679660513974,0.05311979045573614,0.4779110206564794,0.0758866988844151,2.220446049250313e-16,0.04745039739098414,2.220446049250313e-16,0.5888347722592806,2.220446049250313e-16,0.5218975053457309,2.220446049250313e-16,0.42452255430526903,0.15837406034245266,0.33967305917415314,0.3006014843220819,0.8837660445663261,0.3496391986148928,0.888145856905196,0.37148811723050523,0.0003437062767404247,0.11711580592929265
61.0,0.2854979252029675,0.5043118829700094,0.0045299156652037825,0.03399226587011415,0.23746507378775125,2.220446049250313e-16,1.060048376150258,2.220446049250313e-16,2.220446049250313e-16,2.220446049250313e-16,2.220446049250313e-16,0.0396471252231642,0.007323593990735025,2.220446049250313e-16,2.220446049250313e-16,2.220446049250313e-16,0.5006751394372513,2.220446049250313e-16,0.40390507006512694,0.16950217629436162,0.006676028179608369,0.8959613933680808
62.0,0.03350109755920635,2.220446049250313e-16,0.8509992258306661,0.15789408539829278,0.049632407226829066,2.220446049250313e-16,1.0658605977186735,0.44786009344972066,2.220446049250313e-16,2.220446049250313e-16,2.220446049250313e-16,0.015506416256112428,2.220446049250313e-16,0.5438916653022118,2.220446049250313e-16,2.220446049250313e-16,2.220446049250313e-16,2.220446049250313e-16,0.24291234215224622,2.220446049250313e-16,0.388357155408667,1.055178688691542
63.0,2.220446049250313e-16,0.8120881805364221,2.220446049250313e-16,0.059713009296725295,2.220446049250313e-16,2.220446049250313e-16,1.0036894139991752,2.220446049250313e-16,2.220446049250313e-16,2.220446049250313e-16,2.220446049250313e-16,2.220446049250313e-16,0.22909388618971355,0.3750554516722103,2.220446049250313e-16,2.220446049250313e-16,2.220446049250313e-16,2.220446049250313e-16,0.4074351738262675,2.220446049250313e-16,2.220446049250313e-16,1.065244408579285
64.0,0.667249938224204,1.0668476976757293,2.220446049250313e-16,2.220446049250313e-16,2.220446049250313e-16,2.220446049250313e-16,0.11742504929577474,2.220446049250313e-16,0.5508436740905025,0.00523773361764462,0.5194292980674382,2.220446049250313e-16,0.07246003771294533,0.0673082550652051,0.11398731303682016,2.220446049250313e-16,2.220446049250313e-16,0.7036761285751763,2.220446049250313e-16,2.220446049250313e-16,2.220446049250313e-16,0.1194770926971796
65.0,0.003074163017548622,2.220446049250313e-16,0.882420017457968,0.15513985115380563,2.220446049250313e-16,2.220446049250313e-16,2.220446049250313e-16,2.220446049250313e-16,0.04018356203833342,2.220446049250313e-16,2.220446049250313e-16,0.03650201198854813,2.220446049250313e-16,0.03825984319199865,1.3106221165351013,0.08620796412520014,0.5604771306623567,0.06862135209423968,0.7994211233760399,1.0421331343970441,2.220446049250313e-16,2.220446049250313e-16
66.0,2.220446049250313e-16,2.220446049250313e-16,0.4645254924964591,0.17793751242720135,2.220446049250313e-16,2.220446049250313e-16,1.060904285236129,2.220446049250313e-16,0.6164661595451968,2.220446049250313e-16,2.220446049250313e-16,0.09135177023741752,0.016845125145476206,0.3385532201084212,2.220446049250313e-16,2.220446049250313e-16,0.7082477028525301,2.220446049250313e-16,0.031536137883336875,1.0499974065727653,0.778751377879043,2.220446049250313e-16
67.0,2.220446049250313e-16,2.220446049250313e-16,0.567487496562215,0.6367904738763659,2.220446049250313e-16,2.220446049250313e-16,1.0353422106216774,2.220446049250313e-16,0.7813989012981978,2.220446049250313e-16,2.220446049250313e-16,2.220446049250313e-16,2.220446049250313e-16,0.8986848255746389,2.220446049250313e-16,2.220446049250313e-16,2.220446049250313e-16,2.220446049250313e-16,0.001293682024100017,0.37952120379668375,0.7755856885487087,0.17281238123245532
68.0,2.220446049250313e-16,2.220446049250313e-16,0.9265311503269537,0.31881442519398506,0.06307305886377278,0.4319799995935513,2.220446049250313e-16,2.220446049250313e-16,0.5948804896737924,2.220446049250313e-16,2.220446049250313e-16,0.03474333259031634,0.190367983772246,2.220446049250313e-16,0.8655359969983316,0.04305877454707688,0.10256963489109824,0.4277916957296544,2.220446049250313e-16,0.9171024659154225,0.7723193511407708,2.220446049250313e-16
69.0,2.220446049250313e-16,0.08847694316449314,2.220446049250313e-16,0.16315778147815063,0.0037710107026587155,2.220446049250313e-16,2.220446049250313e-16,2.220446049250313e-16,0.5845036842908614,0.1467931744075361,0.07699539243878527,0.3397491522832776,2.220446049250313e-16,0.7433620898036828,0.7243013474117185,2.220446049250313e-16,0.5285340865551945,0.07536520088364981,0.01075260760688641,0.9962488374630337,0.7678117427973153,2.220446049250313e-16
