12 0.31078972148522255 0.06752818653756376 0.3480682491450118 0.3772351849354344 0.18983395180370155 0.42023578749519186 0.0675281868778331 0.3772351853157009 0.3107897214040516 0.06752818734333238 0.3480682510522295 0.18983395111773108 0.5453251963604453 0.3107897209855675 0.01444295172659745 0.5453251961459922 0.3755067642298043 0.18983395200621542 0.06752818678867673 0.3755067637872315
32 0.17415425894727665 0.07550629819364563 0.5317387912996073 0.6109624887287872 0.2533559583796622 0.26676629394324514 0.07550629859846421 0.6109624891725481 0.17415425926677097 0.07550629869931737 0.5317387931460239 0.25335595784949294 0.2964641393720392 0.1741542587856506 0.05153569708165149 0.29646413940253186 0.2568984089578222 0.2533559588920637 0.07550629858955404 0.2568984082622816
42 0.22495804621981527 0.49384796787913693 0.024882495666437698 0.05153569712678238 0.23791988030548267 0.09324945726370582 0.4938479681765176 0.05153569694520309 0.224958047138584 0.4938479677294832 0.024882496484030903 0.2379198803193385 0.050891279695449654 0.22495804685562365 0.7848715914212073 0.05089127921168652 0.18217012098912894 0.23791988118772434 0.493847968530028 0.18217012073743935
24 0.20693880539342754 0.5643029929734421 0.013258174930450752 0.07550629858280981 0.2743676479329521 0.06335239254201852 0.5643029935801218 0.07550629823410278 0.2069388058058273 0.5643029929873007 0.013258176003053125 0.27436764784060375 0.060689335003896235 0.20693880536085096 0.493847968103 0.06068933440075835 0.22904694706806722 0.27436764871792363 0.5643029938388445 0.229046946623098
6 0.3699961136439655 0.06068933448529743 0.292881906271643 0.29646413936137295 0.17732869550899932 0.47687478128919625 0.06068933478927323 0.2964641394420442 0.3699961136865212 0.06068933503893537 0.2928819079956963 0.17732869478229313 0.5683326381003097 0.36999611352059036 0.05089127943661391 0.5683326380244181 0.35839531136982006 0.17732869586116357 0.06068933451018428 0.35839531095701377
18 0.3699961136439655 0.06068933448529743 0.292881906271643 0.29646413936137295 0.17732869550899932 0.47687478128919625 0.06068933478927323 0.2964641394420442 0.3699961136865212 0.06068933503893537 0.2928819079956963 0.17732869478229313 0.5683326381003097 0.36999611352059036 0.05089127943661391 0.5683326380244181 0.35839531136982006 0.17732869586116357 0.06068933451018428 0.35839531095701377
16 0.31078972148522255 0.06752818653756376 0.3480682491450118 0.3772351849354344 0.18983395180370155 0.42023578749519186 0.0675281868778331 0.3772351853157009 0.3107897214040516 0.06752818734333238 0.3480682510522295 0.18983395111773108 0.5453251963604453 0.3107897209855675 0.01444295172659745 0.5453251961459922 0.3755067642298043 0.18983395200621542 0.06752818678867673 0.3755067637872315
54 0.20693880539342754 0.5643029929734421 0.013258174930450752 0.07550629858280981 0.2743676479329521 0.06335239254201852 0.5643029935801218 0.07550629823410278 0.2069388058058273 0.5643029929873007 0.013258176003053125 0.27436764784060375 0.060689335003896235 0.20693880536085096 0.493847968103 0.06068933440075835 0.22904694706806722 0.27436764871792363 0.5643029938388445 0.229046946623098
35 0.35939808297036224 0.0633523925812438 0.2938845487813751 0.2667662938375178 0.29393974890076646 0.5633831833739865 0.063352392595116 0.2667662939570908 0.3593980827685779 0.06335239279064689 0.2938845510122922 0.2939397483416045 0.47687478146309603 0.3593980825799758 0.09324945726370797 0.47687478122736143 0.34732065080926 0.29393974926194366 0.06335239251113606 0.34732065059415484
9 0.5004481591970846 0.2069388054295685 0.14740544692051305 0.17415425892748881 0.2400515715693114 0.3593980827973769 0.20693880556163663 0.17415425896673242 0.5004481597737314 0.20693880543207382 0.147405448623808 0.24005157120704515 0.369996113765131 0.5004481593139927 0.22495804679855702 0.3699961134600083 0.41641474155576624 0.24005157209499964 0.20693880587808874 0.4164147411609183
31 0.4164147413248429 0.2290469465078786 0.16595295135630295 0.2568984084064141 0.27614632836775854 0.3473206507338005 0.22904694703174755 0.2568984083191026 0.4164147416304331 0.22904694667158765 0.16595295324805193 0.2761463278438896 0.35839531134635355 0.416414740793698 0.18217012086915596 0.35839531101611966 0.470844749128446 0.276146328804316 0.22904694703174755 0.4708447486627847
38 0.24005157156560342 0.27436764810078407 0.20345728445814903 0.25335595857680165 0.5646344296478578 0.293939748942471 0.2743676484699463 0.2533559583123913 0.24005157182083092 0.2743676481894513 0.20345728592809967 0.5646344292794401 0.17732869554826733 0.24005157153515383 0.2379198807516339 0.17732869525483366 0.2761463285740128 0.5646344301641264 0.27436764847941375 0.2761463281336905
34 0.20693880539342754 0.5643029929734421 0.013258174930450752 0.07550629858280981 0.2743676479329521 0.06335239254201852 0.5643029935801218 0.07550629823410278 0.2069388058058273 0.5643029929873007 0.013258176003053125 0.27436764784060375 0.060689335003896235 0.20693880536085096 0.493847968103 0.06068933440075835 0.22904694706806722 0.27436764871792363 0.5643029938388445 0.229046946623098
41 0.14740544750640136 0.013258175591045371 0.6822049693137398 0.5317387921167136 0.20345728528037524 0.2938845496005219 0.013258175512044309 0.5317387922465013 0.14740544772775283 0.013258175877071345 0.6822049713682571 0.20345728470714916 0.2928819071321904 0.14740544734029312 0.02488249591115434 0.2928819071650282 0.16595295267934518 0.20345728540423882 0.013258175565002202 0.1659529520780939
58 0.24005157156560342 0.27436764810078407 0.20345728445814903 0.25335595857680165 0.5646344296478578 0.293939748942471 0.2743676484699463 0.2533559583123913 0.24005157182083092 0.2743676481894513 0.20345728592809967 0.5646344292794401 0.17732869554826733 0.24005157153515383 0.2379198807516339 0.17732869525483366 0.2761463285740128 0.5646344301641264 0.27436764847941375 0.2761463281336905
64 0.22495804621981527 0.49384796787913693 0.024882495666437698 0.05153569712678238 0.23791988030548267 0.09324945726370582 0.4938479681765176 0.05153569694520309 0.224958047138584 0.4938479677294832 0.024882496484030903 0.2379198803193385 0.050891279695449654 0.22495804685562365 0.7848715914212073 0.05089127921168652 0.18217012098912894 0.23791988118772434 0.493847968530028 0.18217012073743935
30 0.4164147413248429 0.2290469465078786 0.16595295135630295 0.2568984084064141 0.27614632836775854 0.3473206507338005 0.22904694703174755 0.2568984083191026 0.4164147416304331 0.22904694667158765 0.16595295324805193 0.2761463278438896 0.35839531134635355 0.416414740793698 0.18217012086915596 0.35839531101611966 0.470844749128446 0.276146328804316 0.22904694703174755 0.4708447486627847
28 0.20693880539342754 0.5643029929734421 0.013258174930450752 0.07550629858280981 0.2743676479329521 0.06335239254201852 0.5643029935801218 0.07550629823410278 0.2069388058058273 0.5643029929873007 0.013258176003053125 0.27436764784060375 0.060689335003896235 0.20693880536085096 0.493847968103 0.06068933440075835 0.22904694706806722 0.27436764871792363 0.5643029938388445 0.229046946623098
55 0.35939808297036224 0.0633523925812438 0.2938845487813751 0.2667662938375178 0.29393974890076646 0.5633831833739865 0.063352392595116 0.2667662939570908 0.3593980827685779 0.06335239279064689 0.2938845510122922 0.2939397483416045 0.47687478146309603 0.3593980825799758 0.09324945726370797 0.47687478122736143 0.34732065080926 0.29393974926194366 0.06335239251113606 0.34732065059415484
52 0.17415425894727665 0.07550629819364563 0.5317387912996073 0.6109624887287872 0.2533559583796622 0.26676629394324514 0.07550629859846421 0.6109624891725481 0.17415425926677097 0.07550629869931737 0.5317387931460239 0.25335595784949294 0.2964641393720392 0.1741542587856506 0.05153569708165149 0.29646413940253186 0.2568984089578222 0.2533559588920637 0.07550629858955404 0.2568984082622816
66 0.19256635678147593 0.07623259795327662 0.43740065946071593 0.4305979814819688 0.43069358355411796 0.46054636978141145 0.07623259820975939 0.4305979814960939 0.19256635608385858 0.07623259822994385 0.4374006618464078 0.430693582844602 0.2605198957783294 0.19256635547766918 0.11857956950445403 0.26051989567083533 0.3094015657793114 0.43069358363720567 0.07623259818617718 0.309401565021657
17 0.5004481591970846 0.2069388054295685 0.14740544692051305 0.17415425892748881 0.2400515715693114 0.3593980827973769 0.20693880556163663 0.17415425896673242 0.5004481597737314 0.20693880543207382 0.147405448623808 0.24005157120704515 0.369996113765131 0.5004481593139927 0.22495804679855702 0.3699961134600083 0.41641474155576624 0.24005157209499964 0.20693880587808874 0.4164147411609183
40 0.5400495082554466 0.19028156019941583 0.13916114346294056 0.12930081723156275 0.22391466340775598 0.3855885847186946 0.1902815603872043 0.12930081735106566 0.54004950930714 0.1902815602463768 0.1391611454226215 0.22391466314635536 0.35079752462913527 0.5400495091678106 0.31221659841889626 0.3507975243369985 0.3623610891493265 0.22391466423071174 0.1902815605180101 0.36236108881014206
50 0.4164147413248429 0.2290469465078786 0.16595295135630295 0.2568984084064141 0.27614632836775854 0.3473206507338005 0.22904694703174755 0.2568984083191026 0.4164147416304331 0.22904694667158765 0.16595295324805193 0.2761463278438896 0.35839531134635355 0.416414740793698 0.18217012086915596 0.35839531101611966 0.470844749128446 0.276146328804316 0.22904694703174755 0.4708447486627847
22 0.17415425894727665 0.07550629819364563 0.5317387912996073 0.6109624887287872 0.2533559583796622 0.26676629394324514 0.07550629859846421 0.6109624891725481 0.17415425926677097 0.07550629869931737 0.5317387931460239 0.25335595784949294 0.2964641393720392 0.1741542587856506 0.05153569708165149 0.29646413940253186 0.2568984089578222 0.2533559588920637 0.07550629858955404 0.2568984082622816
26 0.4164147413248429 0.2290469465078786 0.16595295135630295 0.2568984084064141 0.27614632836775854 0.3473206507338005 0.22904694703174755 0.2568984083191026 0.4164147416304331 0.22904694667158765 0.16595295324805193 0.2761463278438896 0.35839531134635355 0.416414740793698 0.18217012086915596 0.35839531101611966 0.470844749128446 0.276146328804316 0.22904694703174755 0.4708447486627847
61 0.14740544750640136 0.013258175591045371 0.6822049693137398 0.5317387921167136 0.20345728528037524 0.2938845496005219 0.013258175512044309 0.5317387922465013 0.14740544772775283 0.013258175877071345 0.6822049713682571 0.20345728470714916 0.2928819071321904 0.14740544734029312 0.02488249591115434 0.2928819071650282 0.16595295267934518 0.20345728540423882 0.013258175565002202 0.1659529520780939
67 0.19256635678147593 0.07623259795327662 0.43740065946071593 0.4305979814819688 0.43069358355411796 0.46054636978141145 0.07623259820975939 0.4305979814960939 0.19256635608385858 0.07623259822994385 0.4374006618464078 0.430693582844602 0.2605198957783294 0.19256635547766918 0.11857956950445403 0.26051989567083533 0.3094015657793114 0.43069358363720567 0.07623259818617718 0.309401565021657
68 0.24005157156560342 0.27436764810078407 0.20345728445814903 0.25335595857680165 0.5646344296478578 0.293939748942471 0.2743676484699463 0.2533559583123913 0.24005157182083092 0.2743676481894513 0.20345728592809967 0.5646344292794401 0.17732869554826733 0.24005157153515383 0.2379198807516339 0.17732869525483366 0.2761463285740128 0.5646344301641264 0.27436764847941375 0.2761463281336905
62 0.22495804621981527 0.49384796787913693 0.024882495666437698 0.05153569712678238 0.23791988030548267 0.09324945726370582 0.4938479681765176 0.05153569694520309 0.224958047138584 0.4938479677294832 0.024882496484030903 0.2379198803193385 0.050891279695449654 0.22495804685562365 0.7848715914212073 0.05089127921168652 0.18217012098912894 0.23791988118772434 0.493847968530028 0.18217012073743935
15 0.5004481591970846 0.2069388054295685 0.14740544692051305 0.17415425892748881 0.2400515715693114 0.3593980827973769 0.20693880556163663 0.17415425896673242 0.5004481597737314 0.20693880543207382 0.147405448623808 0.24005157120704515 0.369996113765131 0.5004481593139927 0.22495804679855702 0.3699961134600083 0.41641474155576624 0.24005157209499964 0.20693880587808874 0.4164147411609183
49 0.20693880539342754 0.5643029929734421 0.013258174930450752 0.07550629858280981 0.2743676479329521 0.06335239254201852 0.5643029935801218 0.07550629823410278 0.2069388058058273 0.5643029929873007 0.013258176003053125 0.27436764784060375 0.060689335003896235 0.20693880536085096 0.493847968103 0.06068933440075835 0.22904694706806722 0.27436764871792363 0.5643029938388445 0.229046946623098
10 0.31078972148522255 0.06752818653756376 0.3480682491450118 0.3772351849354344 0.18983395180370155 0.42023578749519186 0.0675281868778331 0.3772351853157009 0.3107897214040516 0.06752818734333238 0.3480682510522295 0.18983395111773108 0.5453251963604453 0.3107897209855675 0.01444295172659745 0.5453251961459922 0.3755067642298043 0.18983395200621542 0.06752818678867673 0.3755067637872315
27 0.17415425894727665 0.07550629819364563 0.5317387912996073 0.6109624887287872 0.2533559583796622 0.26676629394324514 0.07550629859846421 0.6109624891725481 0.17415425926677097 0.07550629869931737 0.5317387931460239 0.25335595784949294 0.2964641393720392 0.1741542587856506 0.05153569708165149 0.29646413940253186 0.2568984089578222 0.2533559588920637 0.07550629858955404 0.2568984082622816
59 0.24005157156560342 0.27436764810078407 0.20345728445814903 0.25335595857680165 0.5646344296478578 0.293939748942471 0.2743676484699463 0.2533559583123913 0.24005157182083092 0.2743676481894513 0.20345728592809967 0.5646344292794401 0.17732869554826733 0.24005157153515383 0.2379198807516339 0.17732869525483366 0.2761463285740128 0.5646344301641264 0.27436764847941375 0.2761463281336905
3 0.5004481591970846 0.2069388054295685 0.14740544692051305 0.17415425892748881 0.2400515715693114 0.3593980827973769 0.20693880556163663 0.17415425896673242 0.5004481597737314 0.20693880543207382 0.147405448623808 0.24005157120704515 0.369996113765131 0.5004481593139927 0.22495804679855702 0.3699961134600083 0.41641474155576624 0.24005157209499964 0.20693880587808874 0.4164147411609183
5 0.5004481591970846 0.2069388054295685 0.14740544692051305 0.17415425892748881 0.2400515715693114 0.3593980827973769 0.20693880556163663 0.17415425896673242 0.5004481597737314 0.20693880543207382 0.147405448623808 0.24005157120704515 0.369996113765131 0.5004481593139927 0.22495804679855702 0.3699961134600083 0.41641474155576624 0.24005157209499964 0.20693880587808874 0.4164147411609183
44 0.22495804621981527 0.49384796787913693 0.024882495666437698 0.05153569712678238 0.23791988030548267 0.09324945726370582 0.4938479681765176 0.05153569694520309 0.224958047138584 0.4938479677294832 0.024882496484030903 0.2379198803193385 0.050891279695449654 0.22495804685562365 0.7848715914212073 0.05089127921168652 0.18217012098912894 0.23791988118772434 0.493847968530028 0.18217012073743935
2 0.31078972148522255 0.06752818653756376 0.3480682491450118 0.3772351849354344 0.18983395180370155 0.42023578749519186 0.0675281868778331 0.3772351853157009 0.3107897214040516 0.06752818734333238 0.3480682510522295 0.18983395111773108 0.5453251963604453 0.3107897209855675 0.01444295172659745 0.5453251961459922 0.3755067642298043 0.18983395200621542 0.06752818678867673 0.3755067637872315
29 0.20693880539342754 0.5643029929734421 0.013258174930450752 0.07550629858280981 0.2743676479329521 0.06335239254201852 0.5643029935801218 0.07550629823410278 0.2069388058058273 0.5643029929873007 0.013258176003053125 0.27436764784060375 0.060689335003896235 0.20693880536085096 0.493847968103 0.06068933440075835 0.22904694706806722 0.27436764871792363 0.5643029938388445 0.229046946623098
47 0.17415425894727665 0.07550629819364563 0.5317387912996073 0.6109624887287872 0.2533559583796622 0.26676629394324514 0.07550629859846421 0.6109624891725481 0.17415425926677097 0.07550629869931737 0.5317387931460239 0.25335595784949294 0.2964641393720392 0.1741542587856506 0.05153569708165149 0.29646413940253186 0.2568984089578222 0.2533559588920637 0.07550629858955404 0.2568984082622816
56 0.19256635678147593 0.07623259795327662 0.43740065946071593 0.4305979814819688 0.43069358355411796 0.46054636978141145 0.07623259820975939 0.4305979814960939 0.19256635608385858 0.07623259822994385 0.4374006618464078 0.430693582844602 0.2605198957783294 0.19256635547766918 0.11857956950445403 0.26051989567083533 0.3094015657793114 0.43069358363720567 0.07623259818617718 0.309401565021657
25 0.4164147413248429 0.2290469465078786 0.16595295135630295 0.2568984084064141 0.27614632836775854 0.3473206507338005 0.22904694703174755 0.2568984083191026 0.4164147416304331 0.22904694667158765 0.16595295324805193 0.2761463278438896 0.35839531134635355 0.416414740793698 0.18217012086915596 0.35839531101611966 0.470844749128446 0.276146328804316 0.22904694703174755 0.4708447486627847
33 0.20693880539342754 0.5643029929734421 0.013258174930450752 0.07550629858280981 0.2743676479329521 0.06335239254201852 0.5643029935801218 0.07550629823410278 0.2069388058058273 0.5643029929873007 0.013258176003053125 0.27436764784060375 0.060689335003896235 0.20693880536085096 0.493847968103 0.06068933440075835 0.22904694706806722 0.27436764871792363 0.5643029938388445 0.229046946623098
57 0.19256635678147593 0.07623259795327662 0.43740065946071593 0.4305979814819688 0.43069358355411796 0.46054636978141145 0.07623259820975939 0.4305979814960939 0.19256635608385858 0.07623259822994385 0.4374006618464078 0.430693582844602 0.2605198957783294 0.19256635547766918 0.11857956950445403 0.26051989567083533 0.3094015657793114 0.43069358363720567 0.07623259818617718 0.309401565021657
23 0.20693880539342754 0.5643029929734421 0.013258174930450752 0.07550629858280981 0.2743676479329521 0.06335239254201852 0.5643029935801218 0.07550629823410278 0.2069388058058273 0.5643029929873007 0.013258176003053125 0.27436764784060375 0.060689335003896235 0.20693880536085096 0.493847968103 0.06068933440075835 0.22904694706806722 0.27436764871792363 0.5643029938388445 0.229046946623098
0 0.31078972148522255 0.06752818653756376 0.3480682491450118 0.3772351849354344 0.18983395180370155 0.42023578749519186 0.0675281868778331 0.3772351853157009 0.3107897214040516 0.06752818734333238 0.3480682510522295 0.18983395111773108 0.5453251963604453 0.3107897209855675 0.01444295172659745 0.5453251961459922 0.3755067642298043 0.18983395200621542 0.06752818678867673 0.3755067637872315
4 0.31078972148522255 0.06752818653756376 0.3480682491450118 0.3772351849354344 0.18983395180370155 0.42023578749519186 0.0675281868778331 0.3772351853157009 0.3107897214040516 0.06752818734333238 0.3480682510522295 0.18983395111773108 0.5453251963604453 0.3107897209855675 0.01444295172659745 0.5453251961459922 0.3755067642298043 0.18983395200621542 0.06752818678867673 0.3755067637872315
11 0.5004481591970846 0.2069388054295685 0.14740544692051305 0.17415425892748881 0.2400515715693114 0.3593980827973769 0.20693880556163663 0.17415425896673242 0.5004481597737314 0.20693880543207382 0.147405448623808 0.24005157120704515 0.369996113765131 0.5004481593139927 0.22495804679855702 0.3699961134600083 0.41641474155576624 0.24005157209499964 0.20693880587808874 0.4164147411609183
63 0.22495804621981527 0.49384796787913693 0.024882495666437698 0.05153569712678238 0.23791988030548267 0.09324945726370582 0.4938479681765176 0.05153569694520309 0.224958047138584 0.4938479677294832 0.024882496484030903 0.2379198803193385 0.050891279695449654 0.22495804685562365 0.7848715914212073 0.05089127921168652 0.18217012098912894 0.23791988118772434 0.493847968530028 0.18217012073743935
69 0.24005157156560342 0.27436764810078407 0.20345728445814903 0.25335595857680165 0.5646344296478578 0.293939748942471 0.2743676484699463 0.2533559583123913 0.24005157182083092 0.2743676481894513 0.20345728592809967 0.5646344292794401 0.17732869554826733 0.24005157153515383 0.2379198807516339 0.17732869525483366 0.2761463285740128 0.5646344301641264 0.27436764847941375 0.2761463281336905
37 0.19256635678147593 0.07623259795327662 0.43740065946071593 0.4305979814819688 0.43069358355411796 0.46054636978141145 0.07623259820975939 0.4305979814960939 0.19256635608385858 0.07623259822994385 0.4374006618464078 0.430693582844602 0.2605198957783294 0.19256635547766918 0.11857956950445403 0.26051989567083533 0.3094015657793114 0.43069358363720567 0.07623259818617718 0.309401565021657
60 0.5400495082554466 0.19028156019941583 0.13916114346294056 0.12930081723156275 0.22391466340775598 0.3855885847186946 0.1902815603872043 0.12930081735106566 0.54004950930714 0.1902815602463768 0.1391611454226215 0.22391466314635536 0.35079752462913527 0.5400495091678106 0.31221659841889626 0.3507975243369985 0.3623610891493265 0.22391466423071174 0.1902815605180101 0.36236108881014206
43 0.22495804621981527 0.49384796787913693 0.024882495666437698 0.05153569712678238 0.23791988030548267 0.09324945726370582 0.4938479681765176 0.05153569694520309 0.224958047138584 0.4938479677294832 0.024882496484030903 0.2379198803193385 0.050891279695449654 0.22495804685562365 0.7848715914212073 0.05089127921168652 0.18217012098912894 0.23791988118772434 0.493847968530028 0.18217012073743935
39 0.24005157156560342 0.27436764810078407 0.20345728445814903 0.25335595857680165 0.5646344296478578 0.293939748942471 0.2743676484699463 0.2533559583123913 0.24005157182083092 0.2743676481894513 0.20345728592809967 0.5646344292794401 0.17732869554826733 0.24005157153515383 0.2379198807516339 0.17732869525483366 0.2761463285740128 0.5646344301641264 0.27436764847941375 0.2761463281336905
13 0.5004481591970846 0.2069388054295685 0.14740544692051305 0.17415425892748881 0.2400515715693114 0.3593980827973769 0.20693880556163663 0.17415425896673242 0.5004481597737314 0.20693880543207382 0.147405448623808 0.24005157120704515 0.369996113765131 0.5004481593139927 0.22495804679855702 0.3699961134600083 0.41641474155576624 0.24005157209499964 0.20693880587808874 0.4164147411609183
8 0.31078972148522255 0.06752818653756376 0.3480682491450118 0.3772351849354344 0.18983395180370155 0.42023578749519186 0.0675281868778331 0.3772351853157009 0.3107897214040516 0.06752818734333238 0.3480682510522295 0.18983395111773108 0.5453251963604453 0.3107897209855675 0.01444295172659745 0.5453251961459922 0.3755067642298043 0.18983395200621542 0.06752818678867673 0.3755067637872315
45 0.4164147413248429 0.2290469465078786 0.16595295135630295 0.2568984084064141 0.27614632836775854 0.3473206507338005 0.22904694703174755 0.2568984083191026 0.4164147416304331 0.22904694667158765 0.16595295324805193 0.2761463278438896 0.35839531134635355 0.416414740793698 0.18217012086915596 0.35839531101611966 0.470844749128446 0.276146328804316 0.22904694703174755 0.4708447486627847
19 0.5004481591970846 0.2069388054295685 0.14740544692051305 0.17415425892748881 0.2400515715693114 0.3593980827973769 0.20693880556163663 0.17415425896673242 0.5004481597737314 0.20693880543207382 0.147405448623808 0.24005157120704515 0.369996113765131 0.5004481593139927 0.22495804679855702 0.3699961134600083 0.41641474155576624 0.24005157209499964 0.20693880587808874 0.4164147411609183
53 0.20693880539342754 0.5643029929734421 0.013258174930450752 0.07550629858280981 0.2743676479329521 0.06335239254201852 0.5643029935801218 0.07550629823410278 0.2069388058058273 0.5643029929873007 0.013258176003053125 0.27436764784060375 0.060689335003896235 0.20693880536085096 0.493847968103 0.06068933440075835 0.22904694706806722 0.27436764871792363 0.5643029938388445 0.229046946623098
1 0.5004481591970846 0.2069388054295685 0.14740544692051305 0.17415425892748881 0.2400515715693114 0.3593980827973769 0.20693880556163663 0.17415425896673242 0.5004481597737314 0.20693880543207382 0.147405448623808 0.24005157120704515 0.369996113765131 0.5004481593139927 0.22495804679855702 0.3699961134600083 0.41641474155576624 0.24005157209499964 0.20693880587808874 0.4164147411609183
46 0.4164147413248429 0.2290469465078786 0.16595295135630295 0.2568984084064141 0.27614632836775854 0.3473206507338005 0.22904694703174755 0.2568984083191026 0.4164147416304331 0.22904694667158765 0.16595295324805193 0.2761463278438896 0.35839531134635355 0.416414740793698 0.18217012086915596 0.35839531101611966 0.470844749128446 0.276146328804316 0.22904694703174755 0.4708447486627847
7 0.5004481591970846 0.2069388054295685 0.14740544692051305 0.17415425892748881 0.2400515715693114 0.3593980827973769 0.20693880556163663 0.17415425896673242 0.5004481597737314 0.20693880543207382 0.147405448623808 0.24005157120704515 0.369996113765131 0.5004481593139927 0.22495804679855702 0.3699961134600083 0.41641474155576624 0.24005157209499964 0.20693880587808874 0.4164147411609183
20 0.4164147413248429 0.2290469465078786 0.16595295135630295 0.2568984084064141 0.27614632836775854 0.3473206507338005 0.22904694703174755 0.2568984083191026 0.4164147416304331 0.22904694667158765 0.16595295324805193 0.2761463278438896 0.35839531134635355 0.416414740793698 0.18217012086915596 0.35839531101611966 0.470844749128446 0.276146328804316 0.22904694703174755 0.4708447486627847
51 0.4164147413248429 0.2290469465078786 0.16595295135630295 0.2568984084064141 0.27614632836775854 0.3473206507338005 0.22904694703174755 0.2568984083191026 0.4164147416304331 0.22904694667158765 0.16595295324805193 0.2761463278438896 0.35839531134635355 0.416414740793698 0.18217012086915596 0.35839531101611966 0.470844749128446 0.276146328804316 0.22904694703174755 0.4708447486627847
36 0.19256635678147593 0.07623259795327662 0.43740065946071593 0.4305979814819688 0.43069358355411796 0.46054636978141145 0.07623259820975939 0.4305979814960939 0.19256635608385858 0.07623259822994385 0.4374006618464078 0.430693582844602 0.2605198957783294 0.19256635547766918 0.11857956950445403 0.26051989567083533 0.3094015657793114 0.43069358363720567 0.07623259818617718 0.309401565021657
14 0.3699961136439655 0.06068933448529743 0.292881906271643 0.29646413936137295 0.17732869550899932 0.47687478128919625 0.06068933478927323 0.2964641394420442 0.3699961136865212 0.06068933503893537 0.2928819079956963 0.17732869478229313 0.5683326381003097 0.36999611352059036 0.05089127943661391 0.5683326380244181 0.35839531136982006 0.17732869586116357 0.06068933451018428 0.35839531095701377
65 0.35939808297036224 0.0633523925812438 0.2938845487813751 0.2667662938375178 0.29393974890076646 0.5633831833739865 0.063352392595116 0.2667662939570908 0.3593980827685779 0.06335239279064689 0.2938845510122922 0.2939397483416045 0.47687478146309603 0.3593980825799758 0.09324945726370797 0.47687478122736143 0.34732065080926 0.29393974926194366 0.06335239251113606 0.34732065059415484
48 0.20693880539342754 0.5643029929734421 0.013258174930450752 0.07550629858280981 0.2743676479329521 0.06335239254201852 0.5643029935801218 0.07550629823410278 0.2069388058058273 0.5643029929873007 0.013258176003053125 0.27436764784060375 0.060689335003896235 0.20693880536085096 0.493847968103 0.06068933440075835 0.22904694706806722 0.27436764871792363 0.5643029938388445 0.229046946623098
21 0.4164147413248429 0.2290469465078786 0.16595295135630295 0.2568984084064141 0.27614632836775854 0.3473206507338005 0.22904694703174755 0.2568984083191026 0.4164147416304331 0.22904694667158765 0.16595295324805193 0.2761463278438896 0.35839531134635355 0.416414740793698 0.18217012086915596 0.35839531101611966 0.470844749128446 0.276146328804316 0.22904694703174755 0.4708447486627847
