60 0.06938889995624738 0.30391315782567907 0.3476144946784631 0.46245917857204427 0.06938890060260941 0.3562600170788821 0.32481377724841887 0.3517550082160875 0.06938890064342969 0.35506284169414976 0.06938890042678492 0.3248137772886596 0.2935196596016344 0.35175500838110324 0.45519954470706214 0.2460727498871599 0.3457879867334056 0.2874202135545854 0.47480395581473456 0.24607274990231556
41 -0.0009198873249588124 0.29459922075633693 0.3023644065265281 0.6677512102860681 -0.0009198870516173147 0.4299397754981914 0.25980566257115895 0.31134928098201914 -0.0009198868968487957 0.2594209161133723 -0.0009198870601324267 0.2598056626194493 0.1349544381232341 0.31134928087074476 0.4997336383709045 0.13348605942136382 0.4462081229253667 0.20316805057140666 0.5009066313682949 0.13348605913359374
11 0.21344237176726474 0.16816901114667893 0.4511746834729508 0.31134928090519093 0.2134423724076673 0.21127888332258488 0.3558607702873319 0.5098066085881712 0.21344237246493475 0.4252311655249466 0.2134423722886972 0.35586077030981245 0.2722410150303863 0.5098066085391184 0.41226471519872515 0.2076979653322554 0.25876707927480247 0.17099284561685443 0.25278207356917753 0.20769796498042675
62 0.09361621374813091 0.47202428162844445 0.19816995633696555 0.20316805057142018 0.09361621401827602 0.4048969083448633 0.2681670039247472 0.17099284566081685 0.09361621414575916 0.22577620005870913 0.0936162140697538 0.26816700390728665 0.34813521824790833 0.1709928455384125 0.19671393340010532 0.4233245087234387 0.38104824917926766 0.6744978419201633 0.3548535327102084 0.42332450860950027
67 0.08011259993348097 0.44039132960660243 0.22440409185425336 0.32766588039107586 0.08011260019726503 0.5342920371283061 0.34569394074152354 0.19073310566913523 0.08011260034855934 0.23707140363527973 0.08011260038218118 0.34569394081967114 0.13334453779306665 0.19073310552323744 0.18143941278493475 0.24134591086623458 0.609116783392992 0.5559880637896251 0.3489274140498354 0.24134591032207095
44 0.5976419968577683 0.02254021579230462 0.21553678942405222 -0.0009198870633475861 0.5976419981554201 0.016174233926005865 0.23020770022781914 0.2134423719194007 0.5976419981086835 0.237933898427901 0.597641998130344 0.23020770022786619 0.2958005459484512 0.21344237215524828 0.0673535484611899 0.28723639170335097 0.06716299551404228 0.09361621394286379 0.005632908299931174 0.2872363917665387
4 0.06319930884229147 0.32157067629736713 0.3545786219429862 0.497322061040418 0.06319930913820114 0.4141352034532055 0.3692080503136021 0.3135163195376573 0.0631993092631688 0.29565738303535166 0.06319930919001132 0.36920805020537867 0.14530292263001934 0.31351631983974265 0.35891655691332136 0.18481611480025137 0.5362157665268256 0.2853376752484645 0.43843435121896057 0.1848161145267773
20 0.21344237176726474 0.16816901114667893 0.4511746834729508 0.31134928090519093 0.2134423724076673 0.21127888332258488 0.3558607702873319 0.5098066085881712 0.21344237246493475 0.4252311655249466 0.2134423722886972 0.35586077030981245 0.2722410150303863 0.5098066085391184 0.41226471519872515 0.2076979653322554 0.25876707927480247 0.17099284561685443 0.25278207356917753 0.20769796498042675
10 0.0018087874458226135 0.31732521123108 0.3082514726555709 0.6650437055766073 0.0018087876857722542 0.4488467177462438 0.26595595770201835 0.2866354539535271 0.0018087878472938046 0.2328430224477834 0.0018087876962544088 0.26595595773412317 0.08592052985783889 0.2866354538581868 0.4355351987731278 0.1230287642178364 0.5304504636181849 0.2199995277399513 0.493203354131619 0.12302876394547957
46 0.02254021564701067 0.8036517370857409 0.18979214949666165 0.29459922075634093 0.022540215661550685 0.44476367961103597 0.22831374577512573 0.1681690112229077 0.02254021607016279 0.20594863654796686 0.022540215850578662 0.228313745873653 0.2612658038694067 0.1681690112504335 0.2965551111862959 0.2774002339781498 0.3700374267968981 0.4720242816284467 0.398014056096925 0.27740023332155667
8 0.009436496196246 0.4260817995234768 0.27746006706764853 0.5149593126690122 0.009436496812008843 0.5230739429241583 0.2601921775853104 0.2221753502696366 0.009436496691947197 0.22380396511133607 0.00943649657967258 0.26019217767211766 0.12678502438570005 0.2221753505358741 0.3107354447076247 0.1746465501345913 0.5490651018367978 0.40036588063694606 0.5314209923611932 0.17464655010365515
52 0.07724581594843227 0.39379736675668614 0.2731290210608747 0.3746278261493225 0.0772458162885323 0.5246089843704768 0.367368053947359 0.2426120506691508 0.07724581628161772 0.30979852136464386 0.07724581622641324 0.3673680539622297 0.22101295750007294 0.24261205072658992 0.2680152039536375 0.21001667839470634 0.5249092889876521 0.4145765745333934 0.4368876371056952 0.21001667805828247
63 0.29580054577010706 0.26126580386940607 0.23101455048387728 0.13495443812322272 0.2958005459512942 0.23025886777038468 0.25024347637777195 0.27224101467393086 0.29580054611473444 0.36923052097544906 0.2958005460015501 0.250243476351491 0.6219411191071822 0.272241015120194 0.2726311037149532 0.4464759996183722 0.10837135071202662 0.3481352182479092 0.23362588658784714 0.44647599975940755
40 0.2491367673879109 0.1908006456281463 0.3565003236485692 0.2453254151676984 0.2491367680880684 0.23774645054782995 0.28085326606500266 0.46626580795386235 0.2491367680401555 0.4760037460836161 0.24913676773859725 0.28085326618144263 0.47059951087308255 0.46626580819175156 0.4109872929526667 0.2517653138741635 0.13996131570917056 0.2163253637078859 0.2623777050219341 0.25176531376520445
6 0.06716299518334998 0.37003742679690194 0.3252530075779709 0.44620812292536166 0.06716299554929821 0.4445854459803414 0.37545182503617386 0.25876707931534776 0.06716299572225048 0.25766240975345694 0.06716299549288915 0.3754518252484986 0.10837135071203374 0.2587670791354082 0.271040224067025 0.2090298412158398 0.6100828730347888 0.381048249179269 0.41261308330244983 0.20902984070769645
5 0.21553678898750556 0.18979214949666942 0.46681678763278067 0.3023644065265395 0.21553678941542895 0.21486698250316655 0.4171313178158327 0.4511746833898213 0.21553678962547687 0.39743862832130744 0.21553678961266126 0.417131318008872 0.23101455048383093 0.45117468362489244 0.3553346508160678 0.24093648077907817 0.3252530075779978 0.1981699563369457 0.26226084986403464 0.2409364806076228
15 0.21553678898750556 0.18979214949666942 0.46681678763278067 0.3023644065265395 0.21553678941542895 0.21486698250316655 0.4171313178158327 0.4511746833898213 0.21553678962547687 0.39743862832130744 0.21553678961266126 0.417131318008872 0.23101455048383093 0.45117468362489244 0.3553346508160678 0.24093648077907817 0.3252530075779978 0.1981699563369457 0.26226084986403464 0.2409364806076228
33 0.5976419968577683 0.02254021579230462 0.21553678942405222 -0.0009198870633475861 0.5976419981554201 0.016174233926005865 0.23020770022781914 0.2134423719194007 0.5976419981086835 0.237933898427901 0.597641998130344 0.23020770022786619 0.2958005459484512 0.21344237215524828 0.0673535484611899 0.28723639170335097 0.06716299551404228 0.09361621394286379 0.005632908299931174 0.2872363917665387
64 0.29580054577010706 0.26126580386940607 0.23101455048387728 0.13495443812322272 0.2958005459512942 0.23025886777038468 0.25024347637777195 0.27224101467393086 0.29580054611473444 0.36923052097544906 0.2958005460015501 0.250243476351491 0.6219411191071822 0.272241015120194 0.2726311037149532 0.4464759996183722 0.10837135071202662 0.3481352182479092 0.23362588658784714 0.44647599975940755
54 0.5976419968577683 0.02254021579230462 0.21553678942405222 -0.0009198870633475861 0.5976419981554201 0.016174233926005865 0.23020770022781914 0.2134423719194007 0.5976419981086835 0.237933898427901 0.597641998130344 0.23020770022786619 0.2958005459484512 0.21344237215524828 0.0673535484611899 0.28723639170335097 0.06716299551404228 0.09361621394286379 0.005632908299931174 0.2872363917665387
65 0.23020769992907983 0.22831374578028157 0.4171313178199361 0.25980566260813087 0.2302077002052046 0.2553853459217465 0.4711521172869209 0.3558607701041913 0.2302077005884853 0.3867232130924494 0.2302077003932855 0.4711521175318506 0.25024347638379235 0.35586077000995814 0.2784306145885744 0.28282116826267933 0.37545182506504066 0.2681670038795441 0.2633920999996885 0.28282116810885144
26 0.09361621374813091 0.47202428162844445 0.19816995633696555 0.20316805057142018 0.09361621401827602 0.4048969083448633 0.2681670039247472 0.17099284566081685 0.09361621414575916 0.22577620005870913 0.0936162140697538 0.26816700390728665 0.34813521824790833 0.1709928455384125 0.19671393340010532 0.4233245087234387 0.38104824917926766 0.6744978419201633 0.3548535327102084 0.42332450860950027
34 0.5976419968577683 0.02254021579230462 0.21553678942405222 -0.0009198870633475861 0.5976419981554201 0.016174233926005865 0.23020770022781914 0.2134423719194007 0.5976419981086835 0.237933898427901 0.597641998130344 0.23020770022786619 0.2958005459484512 0.21344237215524828 0.0673535484611899 0.28723639170335097 0.06716299551404228 0.09361621394286379 0.005632908299931174 0.2872363917665387
24 0.5976419968577683 0.02254021579230462 0.21553678942405222 -0.0009198870633475861 0.5976419981554201 0.016174233926005865 0.23020770022781914 0.2134423719194007 0.5976419981086835 0.237933898427901 0.597641998130344 0.23020770022786619 0.2958005459484512 0.21344237215524828 0.0673535484611899 0.28723639170335097 0.06716299551404228 0.09361621394286379 0.005632908299931174 0.2872363917665387
30 0.0572819180423953 0.24669517585696837 0.37210593097031747 0.5706971504533386 0.05728191841564494 0.3564024606391971 0.3281646837542807 0.39825343515127964 0.05728191863144189 0.3207823112925077 0.05728191836864773 0.3281646839337924 0.17001209763846545 0.39825343536890756 0.4928940552100006 0.15456071851839231 0.4178512859981267 0.18449164604239585 0.41347156740036023 0.15456071813461125
37 0.07724581594843227 0.39379736675668614 0.2731290210608747 0.3746278261493225 0.0772458162885323 0.5246089843704768 0.367368053947359 0.2426120506691508 0.07724581628161772 0.30979852136464386 0.07724581622641324 0.3673680539622297 0.22101295750007294 0.24261205072658992 0.2680152039536375 0.21001667839470634 0.5249092889876521 0.4145765745333934 0.4368876371056952 0.21001667805828247
9 0.055400363461903336 0.2038987098118735 0.36690124182310674 0.5996193311412882 0.05540036355725418 0.30512802255557725 0.28110262723294577 0.45013337902123185 0.055400363739671554 0.32632083728527095 0.055400363737286726 0.28110262732254987 0.19530714019205458 0.45013337914677 0.5807935456584976 0.1570901303562574 0.31585936471397597 0.15682410198934424 0.3736179958375187 0.1570901299643743
43 0.5976419968577683 0.02254021579230462 0.21553678942405222 -0.0009198870633475861 0.5976419981554201 0.016174233926005865 0.23020770022781914 0.2134423719194007 0.5976419981086835 0.237933898427901 0.597641998130344 0.23020770022786619 0.2958005459484512 0.21344237215524828 0.0673535484611899 0.28723639170335097 0.06716299551404228 0.09361621394286379 0.005632908299931174 0.2872363917665387
56 0.23793389797827139 0.2059486365479444 0.3974386283212898 0.25942091611339196 0.23793389869422268 0.2633558359579251 0.38672321290060196 0.42523116558915447 0.2379338986659097 0.45927498914842985 0.23793389850473345 0.3867232129871785 0.36923052097540215 0.4252311655202291 0.35503333088298705 0.233591974414215 0.257662409753439 0.22577620005868787 0.27560961934966527 0.2335919743111459
47 0.02254021564701067 0.8036517370857409 0.18979214949666165 0.29459922075634093 0.022540215661550685 0.44476367961103597 0.22831374577512573 0.1681690112229077 0.02254021607016279 0.20594863654796686 0.022540215850578662 0.228313745873653 0.2612658038694067 0.1681690112504335 0.2965551111862959 0.2774002339781498 0.3700374267968981 0.4720242816284467 0.398014056096925 0.27740023332155667
68 0.5976419968577683 0.02254021579230462 0.21553678942405222 -0.0009198870633475861 0.5976419981554201 0.016174233926005865 0.23020770022781914 0.2134423719194007 0.5976419981086835 0.237933898427901 0.597641998130344 0.23020770022786619 0.2958005459484512 0.21344237215524828 0.0673535484611899 0.28723639170335097 0.06716299551404228 0.09361621394286379 0.005632908299931174 0.2872363917665387
2 -0.00025622996673256375 0.2875163214498634 0.3063872559437319 0.6889589325445578 -0.00025622992001772294 0.43147977405994237 0.2600202856511567 0.3100432213169873 -0.0002562296455806581 0.24650796468201994 -0.00025622985195271754 0.2600202856500392 0.10390860982547066 0.3100432212372121 0.48938490548380714 0.11776417896910943 0.4794013031994105 0.18568325124850388 0.481691918830157 0.11776417865851592
27 0.09361621374813091 0.47202428162844445 0.19816995633696555 0.20316805057142018 0.09361621401827602 0.4048969083448633 0.2681670039247472 0.17099284566081685 0.09361621414575916 0.22577620005870913 0.0936162140697538 0.26816700390728665 0.34813521824790833 0.1709928455384125 0.19671393340010532 0.4233245087234387 0.38104824917926766 0.6744978419201633 0.3548535327102084 0.42332450860950027
57 0.01617423376126373 0.4447636796110312 0.2148669825031529 0.4299397754981832 0.016174233937774656 0.6734705311994592 0.2553853458623419 0.2112788833828639 0.016174234067945922 0.26335583595793133 0.016174233921456317 0.2553853459565916 0.23025886777038176 0.21127888330716235 0.2965929625323597 0.14729125048929137 0.4445854459803329 0.40489690834485265 0.5305745922017224 0.14729125019844114
19 0.21553678898750556 0.18979214949666942 0.46681678763278067 0.3023644065265395 0.21553678941542895 0.21486698250316655 0.4171313178158327 0.4511746833898213 0.21553678962547687 0.39743862832130744 0.21553678961266126 0.417131318008872 0.23101455048383093 0.45117468362489244 0.3553346508160678 0.24093648077907817 0.3252530075779978 0.1981699563369457 0.26226084986403464 0.2409364806076228
29 0.28723639133386314 0.2774002336646967 0.2409364807061833 0.1334860592982784 0.28723639200325124 0.1472912504347077 0.28282116806076374 0.20769796530657914 0.2872363919741474 0.23359197420428046 0.28723639209056273 0.28282116838818183 0.44647599965515816 0.20769796511740424 0.20832708201789218 0.5892520679044537 0.20902984104942116 0.42332450872642724 0.18594265880150107 0.5892520677880384
31 0.21553678898750556 0.18979214949666942 0.46681678763278067 0.3023644065265395 0.21553678941542895 0.21486698250316655 0.4171313178158327 0.4511746833898213 0.21553678962547687 0.39743862832130744 0.21553678961266126 0.417131318008872 0.23101455048383093 0.45117468362489244 0.3553346508160678 0.24093648077907817 0.3252530075779978 0.1981699563369457 0.26226084986403464 0.2409364806076228
14 0.06716299518334998 0.37003742679690194 0.3252530075779709 0.44620812292536166 0.06716299554929821 0.4445854459803414 0.37545182503617386 0.25876707931534776 0.06716299572225048 0.25766240975345694 0.06716299549288915 0.3754518252484986 0.10837135071203374 0.2587670791354082 0.271040224067025 0.2090298412158398 0.6100828730347888 0.381048249179269 0.41261308330244983 0.20902984070769645
53 0.21344237176726474 0.16816901114667893 0.4511746834729508 0.31134928090519093 0.2134423724076673 0.21127888332258488 0.3558607702873319 0.5098066085881712 0.21344237246493475 0.4252311655249466 0.2134423722886972 0.35586077030981245 0.2722410150303863 0.5098066085391184 0.41226471519872515 0.2076979653322554 0.25876707927480247 0.17099284561685443 0.25278207356917753 0.20769796498042675
12 0.06319930884229147 0.32157067629736713 0.3545786219429862 0.497322061040418 0.06319930913820114 0.4141352034532055 0.3692080503136021 0.3135163195376573 0.0631993092631688 0.29565738303535166 0.06319930919001132 0.36920805020537867 0.14530292263001934 0.31351631983974265 0.35891655691332136 0.18481611480025137 0.5362157665268256 0.2853376752484645 0.43843435121896057 0.1848161145267773
17 0.21553678898750556 0.18979214949666942 0.46681678763278067 0.3023644065265395 0.21553678941542895 0.21486698250316655 0.4171313178158327 0.4511746833898213 0.21553678962547687 0.39743862832130744 0.21553678961266126 0.417131318008872 0.23101455048383093 0.45117468362489244 0.3553346508160678 0.24093648077907817 0.3252530075779978 0.1981699563369457 0.26226084986403464 0.2409364806076228
28 0.28723639133386314 0.2774002336646967 0.2409364807061833 0.1334860592982784 0.28723639200325124 0.1472912504347077 0.28282116806076374 0.20769796530657914 0.2872363919741474 0.23359197420428046 0.28723639209056273 0.28282116838818183 0.44647599965515816 0.20769796511740424 0.20832708201789218 0.5892520679044537 0.20902984104942116 0.42332450872642724 0.18594265880150107 0.5892520677880384
32 0.0904908160049946 0.48376048793381543 0.09235066231740556 0.23188780388427974 0.0904908159270219 0.5812743617044538 0.25583064374458037 0.153254810098906 0.09049081620340316 0.17132464575818623 0.09049081611433295 0.2558306438861806 0.10617885608687598 0.15325480997589047 0.1357083340036229 0.2742593037776467 0.5703796367008441 0.7665464356895446 0.17804451186722375 0.274259302827444
59 0.5807384279099178 0.028740462877769227 0.16355944917638374 -0.02448189295102732 0.5807384296173475 -0.008826271282705904 0.09047655206107857 0.30503236418774327 0.5807384296672974 0.34243097976316855 0.580738429365447 0.09047655226829296 0.44959982444955204 0.30503236403798684 0.08100178102521428 0.1911875133054198 0.107531238284111 0.09378856245676104 0.01622157489070403 0.19118751365455405
61 0.0056329079036533366 0.3980140560969252 0.26226084986399484 0.5009066313682904 0.005632908428810617 0.5305745922017117 0.26339209984874884 0.252782073555377 0.005632908501970754 0.27560961934965783 0.005632908349439759 0.2633921000095561 0.2336258865878556 0.2527820736659853 0.39207738830393035 0.1859426587852667 0.41261308330244867 0.35485353271020875 0.5693203064182952 0.18594265874521995
66 0.23020769992907983 0.22831374578028157 0.4171313178199361 0.25980566260813087 0.2302077002052046 0.2553853459217465 0.4711521172869209 0.3558607701041913 0.2302077005884853 0.3867232130924494 0.2302077003932855 0.4711521175318506 0.25024347638379235 0.35586077000995814 0.2784306145885744 0.28282116826267933 0.37545182506504066 0.2681670038795441 0.2633920999996885 0.28282116810885144
39 0.21344237176726474 0.16816901114667893 0.4511746834729508 0.31134928090519093 0.2134423724076673 0.21127888332258488 0.3558607702873319 0.5098066085881712 0.21344237246493475 0.4252311655249466 0.2134423722886972 0.35586077030981245 0.2722410150303863 0.5098066085391184 0.41226471519872515 0.2076979653322554 0.25876707927480247 0.17099284561685443 0.25278207356917753 0.20769796498042675
0 0.06716299518334998 0.37003742679690194 0.3252530075779709 0.44620812292536166 0.06716299554929821 0.4445854459803414 0.37545182503617386 0.25876707931534776 0.06716299572225048 0.25766240975345694 0.06716299549288915 0.3754518252484986 0.10837135071203374 0.2587670791354082 0.271040224067025 0.2090298412158398 0.6100828730347888 0.381048249179269 0.41261308330244983 0.20902984070769645
49 0.30585471795457714 0.363616958780698 0.20684529545738686 0.06511683877317856 0.30585471860098135 0.200722394715755 0.16140761391813432 0.2909605295961028 0.3058547188072718 0.3390916980407591 0.3058547186496815 0.16140761405698123 0.6577057122015635 0.2909605295378405 0.447284486003412 0.4067561944832575 0.04965552073467782 0.27267373863844957 0.13898646317652377 0.40675619411138436
16 0.06319930884229147 0.32157067629736713 0.3545786219429862 0.497322061040418 0.06319930913820114 0.4141352034532055 0.3692080503136021 0.3135163195376573 0.0631993092631688 0.29565738303535166 0.06319930919001132 0.36920805020537867 0.14530292263001934 0.31351631983974265 0.35891655691332136 0.18481611480025137 0.5362157665268256 0.2853376752484645 0.43843435121896057 0.1848161145267773
7 0.21344237176726474 0.16816901114667893 0.4511746834729508 0.31134928090519093 0.2134423724076673 0.21127888332258488 0.3558607702873319 0.5098066085881712 0.21344237246493475 0.4252311655249466 0.2134423722886972 0.35586077030981245 0.2722410150303863 0.5098066085391184 0.41226471519872515 0.2076979653322554 0.25876707927480247 0.17099284561685443 0.25278207356917753 0.20769796498042675
38 0.5976419968577683 0.02254021579230462 0.21553678942405222 -0.0009198870633475861 0.5976419981554201 0.016174233926005865 0.23020770022781914 0.2134423719194007 0.5976419981086835 0.237933898427901 0.597641998130344 0.23020770022786619 0.2958005459484512 0.21344237215524828 0.0673535484611899 0.28723639170335097 0.06716299551404228 0.09361621394286379 0.005632908299931174 0.2872363917665387
25 0.06938889995624738 0.30391315782567907 0.3476144946784631 0.46245917857204427 0.06938890060260941 0.3562600170788821 0.32481377724841887 0.3517550082160875 0.06938890064342969 0.35506284169414976 0.06938890042678492 0.3248137772886596 0.2935196596016344 0.35175500838110324 0.45519954470706214 0.2460727498871599 0.3457879867334056 0.2874202135545854 0.47480395581473456 0.24607274990231556
69 0.21344237176726474 0.16816901114667893 0.4511746834729508 0.31134928090519093 0.2134423724076673 0.21127888332258488 0.3558607702873319 0.5098066085881712 0.21344237246493475 0.4252311655249466 0.2134423722886972 0.35586077030981245 0.2722410150303863 0.5098066085391184 0.41226471519872515 0.2076979653322554 0.25876707927480247 0.17099284561685443 0.25278207356917753 0.20769796498042675
50 0.07195004921962908 0.49740136722083783 0.3336930648023764 0.4908943186572645 0.07195004910682912 0.2810757578412082 0.3176204221809905 0.3760900304844151 0.07195004956754278 0.33113496860800073 0.07195004935677753 0.3176204220704921 0.20892593474164076 0.3760900305258148 0.5730544499551953 0.18529291820677854 0.345485340997568 0.1227098637559636 0.3395390212926402 0.18529291735566572
55 0.23020769992907983 0.22831374578028157 0.4171313178199361 0.25980566260813087 0.2302077002052046 0.2553853459217465 0.4711521172869209 0.3558607701041913 0.2302077005884853 0.3867232130924494 0.2302077003932855 0.4711521175318506 0.25024347638379235 0.35586077000995814 0.2784306145885744 0.28282116826267933 0.37545182506504066 0.2681670038795441 0.2633920999996885 0.28282116810885144
13 0.21553678898750556 0.18979214949666942 0.46681678763278067 0.3023644065265395 0.21553678941542895 0.21486698250316655 0.4171313178158327 0.4511746833898213 0.21553678962547687 0.39743862832130744 0.21553678961266126 0.417131318008872 0.23101455048383093 0.45117468362489244 0.3553346508160678 0.24093648077907817 0.3252530075779978 0.1981699563369457 0.26226084986403464 0.2409364806076228
18 0.06716299518334998 0.37003742679690194 0.3252530075779709 0.44620812292536166 0.06716299554929821 0.4445854459803414 0.37545182503617386 0.25876707931534776 0.06716299572225048 0.25766240975345694 0.06716299549288915 0.3754518252484986 0.10837135071203374 0.2587670791354082 0.271040224067025 0.2090298412158398 0.6100828730347888 0.381048249179269 0.41261308330244983 0.20902984070769645
21 0.0018087874458226135 0.31732521123108 0.3082514726555709 0.6650437055766073 0.0018087876857722542 0.4488467177462438 0.26595595770201835 0.2866354539535271 0.0018087878472938046 0.2328430224477834 0.0018087876962544088 0.26595595773412317 0.08592052985783889 0.2866354538581868 0.4355351987731278 0.1230287642178364 0.5304504636181849 0.2199995277399513 0.493203354131619 0.12302876394547957
22 0.07823294762477721 0.3529835208096073 0.2742884683200858 0.39136304573348946 0.07823294805929218 0.5326291955422516 0.3522364221252068 0.29195556040602694 0.07823294824936218 0.369214030547498 0.07823294792971935 0.3522364223257166 0.3214505868270901 0.2919555605926429 0.35699926641927077 0.18493205082614209 0.3978108208310879 0.3285404706235437 0.46713545412868646 0.18493205054960463
36 0.06319930884229147 0.32157067629736713 0.3545786219429862 0.497322061040418 0.06319930913820114 0.4141352034532055 0.3692080503136021 0.3135163195376573 0.0631993092631688 0.29565738303535166 0.06319930919001132 0.36920805020537867 0.14530292263001934 0.31351631983974265 0.35891655691332136 0.18481611480025137 0.5362157665268256 0.2853376752484645 0.43843435121896057 0.1848161145267773
48 0.30585471795457714 0.363616958780698 0.20684529545738686 0.06511683877317856 0.30585471860098135 0.200722394715755 0.16140761391813432 0.2909605295961028 0.3058547188072718 0.3390916980407591 0.3058547186496815 0.16140761405698123 0.6577057122015635 0.2909605295378405 0.447284486003412 0.4067561944832575 0.04965552073467782 0.27267373863844957 0.13898646317652377 0.40675619411138436
51 0.07195004921962908 0.49740136722083783 0.3336930648023764 0.4908943186572645 0.07195004910682912 0.2810757578412082 0.3176204221809905 0.3760900304844151 0.07195004956754278 0.33113496860800073 0.07195004935677753 0.3176204220704921 0.20892593474164076 0.3760900305258148 0.5730544499551953 0.18529291820677854 0.345485340997568 0.1227098637559636 0.3395390212926402 0.18529291735566572
35 0.21553678898750556 0.18979214949666942 0.46681678763278067 0.3023644065265395 0.21553678941542895 0.21486698250316655 0.4171313178158327 0.4511746833898213 0.21553678962547687 0.39743862832130744 0.21553678961266126 0.417131318008872 0.23101455048383093 0.45117468362489244 0.3553346508160678 0.24093648077907817 0.3252530075779978 0.1981699563369457 0.26226084986403464 0.2409364806076228
45 0.06735354826283567 0.29655511118629996 0.3553346508161018 0.49973363837090873 0.0673535485103775 0.2965929625323652 0.2784306146046214 0.41226471524189023 0.06735354863228744 0.35503333088300704 0.06735354849438428 0.27843061456828144 0.27263110371495947 0.41226471537224696 0.6179911537780692 0.20832708214010523 0.2710402240670312 0.19671393340011423 0.3920773883039414 0.20832708186616047
23 0.21553678898750556 0.18979214949666942 0.46681678763278067 0.3023644065265395 0.21553678941542895 0.21486698250316655 0.4171313178158327 0.4511746833898213 0.21553678962547687 0.39743862832130744 0.21553678961266126 0.417131318008872 0.23101455048383093 0.45117468362489244 0.3553346508160678 0.24093648077907817 0.3252530075779978 0.1981699563369457 0.26226084986403464 0.2409364806076228
58 0.5807384279099178 0.028740462877769227 0.16355944917638374 -0.02448189295102732 0.5807384296173475 -0.008826271282705904 0.09047655206107857 0.30503236418774327 0.5807384296672974 0.34243097976316855 0.580738429365447 0.09047655226829296 0.44959982444955204 0.30503236403798684 0.08100178102521428 0.1911875133054198 0.107531238284111 0.09378856245676104 0.01622157489070403 0.19118751365455405
3 0.21344237176726474 0.16816901114667893 0.4511746834729508 0.31134928090519093 0.2134423724076673 0.21127888332258488 0.3558607702873319 0.5098066085881712 0.21344237246493475 0.4252311655249466 0.2134423722886972 0.35586077030981245 0.2722410150303863 0.5098066085391184 0.41226471519872515 0.2076979653322554 0.25876707927480247 0.17099284561685443 0.25278207356917753 0.20769796498042675
1 0.21344237176726474 0.16816901114667893 0.4511746834729508 0.31134928090519093 0.2134423724076673 0.21127888332258488 0.3558607702873319 0.5098066085881712 0.21344237246493475 0.4252311655249466 0.2134423722886972 0.35586077030981245 0.2722410150303863 0.5098066085391184 0.41226471519872515 0.2076979653322554 0.25876707927480247 0.17099284561685443 0.25278207356917753 0.20769796498042675
42 0.09595095364754035 0.42169029644489914 0.1531732322875658 0.23905090168023288 0.09595095362459148 0.6663199684675595 0.3178994003655665 0.21380133614901176 0.0959509540092826 0.35196696718432424 0.09595095379698375 0.31789940047777754 0.4625424342747977 0.21380133601282034 0.2495300283896516 0.2104131009680819 0.31941433146526416 0.4556141216352122 0.4105205209488791 0.21041310041867795
