53 0.12969145720710862 0.555048774443836 0.32077990704752873 0.29266266123974716 0.2515585483297184 0.13065605581127246 0.35845362988243 0.42121427687303725 0.31118669662249354 0.03505787036931183 -0.038698501057299585 0.25155854862215044 0.2515585479397459 0.3207799068134522 0.2926626610656508 0.32077990672113577 0.3111866961545013 0.4212142768417923 0.4830941888098732 0.26205689555897493
56 0.27361128425531345 0.7387390429812871 0.26219356773082286 0.21682175520078417 0.17764492476535387 0.1731112070818017 0.36299586743029455 0.26746388451647607 0.5136298802617677 0.17304450612580446 0.2033862594589016 0.17764492529440745 0.17764492487664 0.2621935673814543 0.21682175464983253 0.26219356706312996 0.5136298804287078 0.26746388446121544 0.10575426695013264 0.2636960236090179
65 0.2914924210810738 0.2621935673344074 0.4285924257599178 0.2704274546693003 0.36927018204642487 0.25384790625628084 0.29674729951272627 0.22290682110865107 0.28173792414182597 0.3497563470638349 0.22340729871866177 0.36927018240438986 0.36927018206065276 0.42859242549483656 0.27042745454436296 0.42859242519487534 0.2817379241714574 0.22290682083735316 0.2871540285458003 0.2730311065155665
10 0.5265066388970019 0.2736112842553002 0.291492421211018 0.27792082292444187 0.29107110185238483 0.4369727895698948 0.3742561113914543 0.13824406702547512 0.31555441608325563 0.2680135089576458 0.45732190237199716 0.29107110218434074 0.2910711019074236 0.2914924208692091 0.27792082243473293 0.2914924208690397 0.3155544157795778 0.13824406663295027 0.019579936920593993 0.3669253152270707
40 0.36692531522707084 0.263696023609004 0.27303110675918996 0.22680581622897122 0.30637916713786373 0.4018942113105357 0.40785440269096895 0.2554450629304501 0.34720525876063846 0.30320268750176105 0.4335664157371353 0.3063791676259924 0.3063791671476661 0.2730311062317332 0.22680581581009895 0.2730311061778057 0.3472052589031094 0.2554450627787568 0.018345003554416817 0.45605500329343585
26 0.4696774968628072 0.27418391896475225 0.15893178271589609 0.21044501523735962 0.1450036933789642 0.49698434382611595 0.3466718502260701 0.12040381251166625 0.4936681177248325 0.21203665521384124 0.6410857956194131 0.14500369379519398 0.14500369350037168 0.15893178215847967 0.21044501484843997 0.1589317820371572 0.4936681176774251 0.12040381258506652 -0.11003776241516783 0.35235823145912065
13 0.27641548512689973 0.13279080254942743 0.31137895671674265 0.2848522096685051 0.4530196895824522 0.3515640449461458 0.26086805870604507 0.2944962529743122 0.17426205620365695 0.4257806891631364 0.27348816676430554 0.4530196898313471 0.45301968925848213 0.3113789562031008 0.2848522094371535 0.31137895602210736 0.17426205606801212 0.294496252704345 0.2240898190472592 0.3237943790069125
60 0.2914924210810738 0.2621935673344074 0.4285924257599178 0.2704274546693003 0.36927018204642487 0.25384790625628084 0.29674729951272627 0.22290682110865107 0.28173792414182597 0.3497563470638349 0.22340729871866177 0.36927018240438986 0.36927018206065276 0.42859242549483656 0.27042745454436296 0.42859242519487534 0.2817379241714574 0.22290682083735316 0.2871540285458003 0.2730311065155665
19 0.27641548512689973 0.13279080254942743 0.31137895671674265 0.2848522096685051 0.4530196895824522 0.3515640449461458 0.26086805870604507 0.2944962529743122 0.17426205620365695 0.4257806891631364 0.27348816676430554 0.4530196898313471 0.45301968925848213 0.3113789562031008 0.2848522094371535 0.31137895602210736 0.17426205606801212 0.294496252704345 0.2240898190472592 0.3237943790069125
34 0.25805880768692263 0.10274309057948554 0.23609992370497482 0.2840708255615063 0.4811002219424676 0.40228093997955655 0.2096133520136955 0.33675957709356785 0.10824295269655455 0.4517270891297189 0.3030017785449455 0.48110022237253136 0.48110022171921224 0.2360999230625739 0.2840708252595346 0.23609992309234074 0.10824295269120002 0.33675957700387843 0.1879676524138048 0.3330415526294055
25 0.4431250909791272 0.19234026883875863 0.19682709157402697 0.24957472996219182 0.22402393117753672 0.5760953381261587 0.373967730170241 0.17228278348209303 0.3400032968687069 0.2386679992413798 0.5886806438083968 0.2240239317298394 0.224023931228935 0.19682709117334368 0.24957472987652699 0.1968270912326781 0.3400032963300618 0.17228278318369727 -0.08955560945937906 0.44849591870258904
38 0.01957993692059193 0.10575426695013017 0.28715402863201467 0.2920428498184526 0.24842540851369646 -0.007432329455008271 0.04596431408097747 0.3511506671964644 0.06553964557471276 0.2608637820080993 -0.06742478532729407 0.2484254085236538 0.24842540822843523 0.2871540285242686 0.2920428498624741 0.28715402836631293 0.06553964563782431 0.35115066698079117 1.0271473926775285 0.018345003554416314
17 0.29107110193135766 0.17764492496355266 0.3692701824962706 0.27396649194593087 0.4350356272959202 0.3191738786684693 0.29179794288919614 0.23726990835441028 0.21285842320176485 0.3804865058981968 0.25724001524756984 0.43503562768695686 0.4350356271512536 0.36927018200816836 0.27396649177260574 0.3692701816711293 0.21285842308422048 0.23726990784126467 0.24842540839938698 0.30637916731765963
2 0.4837151875292703 0.2700571885437492 0.28310963457762894 0.354704498072213 0.23294683471040137 0.43263046755361045 0.3234609728544994 0.19863802669725805 0.3972470904397304 0.2879461019972013 0.4039783234475017 0.2329468351353845 0.2329468343987578 0.28310963435957576 0.3547044979449161 0.2831096339990078 0.39724709013345044 0.19863802670319813 0.009893427115351327 0.32507489444919563
7 0.4369727895698786 0.17311120708178646 0.2538479064510401 0.3052270512423444 0.31917387843384476 0.5559880395744895 0.3538780101336438 0.1668742105013324 0.23763379346231714 0.28098491736697795 0.5003152032467294 0.319173879005072 0.3191738785881411 0.2538479062946146 0.30522705107847115 0.25384790584226585 0.23763379336782695 0.16687421021102955 -0.007432329455009714 0.40189421131052655
12 0.42555624481655424 0.2262504963823501 0.3040103569095205 0.18385690961959686 0.3271608723215113 0.43804042386214576 0.39148111480022213 0.1295788365692232 0.28869594555640166 0.2927498514912554 0.5683559970137186 0.3271608727081479 0.32716087224077 0.30401035633424206 0.1838569092909598 0.30401035622399125 0.28869594563194734 0.12957883643548565 0.00874763152136957 0.3834126393836685
39 0.01957993692059193 0.10575426695013017 0.28715402863201467 0.2920428498184526 0.24842540851369646 -0.007432329455008271 0.04596431408097747 0.3511506671964644 0.06553964557471276 0.2608637820080993 -0.06742478532729407 0.2484254085236538 0.24842540822843523 0.2871540285242686 0.2920428498624741 0.28715402836631293 0.06553964563782431 0.35115066698079117 1.0271473926775285 0.018345003554416314
24 0.03976618311643694 0.07095341055273564 0.18485649521523667 0.31089303285853587 0.25026676114494395 -0.017679909656768324 0.10114704451433225 0.45975585373160327 0.025384012952881806 0.420884057024185 -0.016012189329455438 0.25026676144837007 0.2502667612098976 0.1848564952189596 0.3108930326508262 0.18485649506111895 0.025384013202582534 0.459755853615238 0.9403100043148798 -0.0842264375803872
41 0.31555441612230417 0.5136298803744619 0.28173792479016146 0.23604758757741476 0.21285842302657543 0.2376337931840538 0.38777918255622607 0.2920134239774157 0.5024215608720276 0.2507458558559405 0.28487974251567605 0.21285842349106748 0.21285842314945955 0.28173792417916704 0.23604758726352792 0.28173792387552465 0.5024215603588 0.2920134236834758 0.06553964549833341 0.34720525855937895
9 0.2779208227450388 0.21682175490774783 0.27042745513047767 0.5857802491763268 0.27396649189544914 0.30522705111614484 0.21482255280186416 0.3517188473399845 0.23604758746384322 0.3016747446907509 0.1378634910908531 0.2739664921960834 0.27396649170328274 0.27042745470160884 0.5857802488184176 0.2704274546542996 0.2360475873398487 0.3517188470335061 0.29204284987852824 0.22680581602280772
49 0.14000722363893725 0.3708909810002512 0.2776707617502691 0.33598580334194855 0.24382736600410324 0.14347461690684676 0.2923175475955608 0.5470676226667177 0.31744723411101583 0.2302942759573405 0.03531937161025971 0.24382736638732502 0.2438273658772817 0.2776707614195697 0.33598580305448705 0.2776707611659119 0.31744723389852786 0.5470676224970877 0.4144685093854669 0.27101357419384436
42 0.31555441612230417 0.5136298803744619 0.28173792479016146 0.23604758757741476 0.21285842302657543 0.2376337931840538 0.38777918255622607 0.2920134239774157 0.5024215608720276 0.2507458558559405 0.28487974251567605 0.21285842349106748 0.21285842314945955 0.28173792417916704 0.23604758726352792 0.28173792387552465 0.5024215603588 0.2920134236834758 0.06553964549833341 0.34720525855937895
36 0.2914924210810738 0.2621935673344074 0.4285924257599178 0.2704274546693003 0.36927018204642487 0.25384790625628084 0.29674729951272627 0.22290682110865107 0.28173792414182597 0.3497563470638349 0.22340729871866177 0.36927018240438986 0.36927018206065276 0.42859242549483656 0.27042745454436296 0.42859242519487534 0.2817379241714574 0.22290682083735316 0.2871540285458003 0.2730311065155665
6 0.4327540068629047 0.2981498741860238 0.3267383829136076 0.18001360683140658 0.2950492469623972 0.3814887556448832 0.39345709641621557 0.10927408782830637 0.35569235389894444 0.29216166326811754 0.5494819719974607 0.2950492475596673 0.29504924709863695 0.3267383826083478 0.18001360647917494 0.3267383824219273 0.35569235381499953 0.10927408767283692 0.022652058748282706 0.33399842177256267
47 0.31555441612230417 0.5136298803744619 0.28173792479016146 0.23604758757741476 0.21285842302657543 0.2376337931840538 0.38777918255622607 0.2920134239774157 0.5024215608720276 0.2507458558559405 0.28487974251567605 0.21285842349106748 0.21285842314945955 0.28173792417916704 0.23604758726352792 0.28173792387552465 0.5024215603588 0.2920134236834758 0.06553964549833341 0.34720525855937895
43 0.12969145720710862 0.555048774443836 0.32077990704752873 0.29266266123974716 0.2515585483297184 0.13065605581127246 0.35845362988243 0.42121427687303725 0.31118669662249354 0.03505787036931183 -0.038698501057299585 0.25155854862215044 0.2515585479397459 0.3207799068134522 0.2926626610656508 0.32077990672113577 0.3111866961545013 0.4212142768417923 0.4830941888098732 0.26205689555897493
29 0.13824406686923468 0.26746388452644126 0.22290682127265962 0.3517188475279558 0.23726990800957967 0.16687421035241579 0.2065235927378188 0.6272597625942982 0.29201342393833285 0.34109325706170496 0.10549927497762544 0.23726990820725075 0.23726990765564085 0.22290682074321466 0.35171884699202577 0.2229068205806898 0.29201342338935576 0.6272597625983117 0.35115066708068143 0.2554450627541401
3 0.29107110193135766 0.17764492496355266 0.3692701824962706 0.27396649194593087 0.4350356272959202 0.3191738786684693 0.29179794288919614 0.23726990835441028 0.21285842320176485 0.3804865058981968 0.25724001524756984 0.43503562768695686 0.4350356271512536 0.36927018200816836 0.27396649177260574 0.3692701816711293 0.21285842308422048 0.23726990784126467 0.24842540839938698 0.30637916731765963
21 0.3476822775288838 0.9215413299715493 0.13360475235731542 0.10948376084060796 0.12437950019670513 0.19910725884674027 0.13919469913931573 0.059952130656715404 0.5088423629681492 0.23645542330762442 0.4977462219795067 0.12437950055590535 0.12437950013989524 0.13360475184780213 0.10948376030013351 0.1336047518033923 0.5088423631083446 0.059952130817177623 0.010074295169962024 0.08586614951257826
33 0.03976618311643694 0.07095341055273564 0.18485649521523667 0.31089303285853587 0.25026676114494395 -0.017679909656768324 0.10114704451433225 0.45975585373160327 0.025384012952881806 0.420884057024185 -0.016012189329455438 0.25026676144837007 0.2502667612098976 0.1848564952189596 0.3108930326508262 0.18485649506111895 0.025384013202582534 0.459755853615238 0.9403100043148798 -0.0842264375803872
67 0.3353966295093813 0.8828017311370879 0.2739321358117499 0.14098172294733324 0.13488727782744375 0.18544055908949686 0.14687961308763886 0.09808706272964068 0.48039950188914954 0.2553618238299356 0.4022990622052708 0.13488727808089582 0.13488727758197824 0.27393213536124783 0.14098172246572946 0.27393213508036324 0.48039950201677195 0.09808706257577147 0.08976382616279496 0.09637931636849137
66 0.2914924210810738 0.2621935673344074 0.4285924257599178 0.2704274546693003 0.36927018204642487 0.25384790625628084 0.29674729951272627 0.22290682110865107 0.28173792414182597 0.3497563470638349 0.22340729871866177 0.36927018240438986 0.36927018206065276 0.42859242549483656 0.27042745454436296 0.42859242519487534 0.2817379241714574 0.22290682083735316 0.2871540285458003 0.2730311065155665
28 0.13824406686923468 0.26746388452644126 0.22290682127265962 0.3517188475279558 0.23726990800957967 0.16687421035241579 0.2065235927378188 0.6272597625942982 0.29201342393833285 0.34109325706170496 0.10549927497762544 0.23726990820725075 0.23726990765564085 0.22290682074321466 0.35171884699202577 0.2229068205806898 0.29201342338935576 0.6272597625983117 0.35115066708068143 0.2554450627541401
0 0.47637963129715927 0.20343367414795335 0.20966490793589018 0.23953925962953862 0.20354832968398 0.5272931778423737 0.335016537952878 0.1529082076678577 0.39184208568613565 0.25830303156400264 0.620690707173088 0.20354833031950945 0.20354832970241013 0.20966490770921148 0.23953925928760478 0.20966490742509017 0.3918420857304969 0.1529082076588786 -0.0871789480336737 0.39614829229996656
35 0.2914924210810738 0.2621935673344074 0.4285924257599178 0.2704274546693003 0.36927018204642487 0.25384790625628084 0.29674729951272627 0.22290682110865107 0.28173792414182597 0.3497563470638349 0.22340729871866177 0.36927018240438986 0.36927018206065276 0.42859242549483656 0.27042745454436296 0.42859242519487534 0.2817379241714574 0.22290682083735316 0.2871540285458003 0.2730311065155665
58 0.12969145720710862 0.555048774443836 0.32077990704752873 0.29266266123974716 0.2515585483297184 0.13065605581127246 0.35845362988243 0.42121427687303725 0.31118669662249354 0.03505787036931183 -0.038698501057299585 0.25155854862215044 0.2515585479397459 0.3207799068134522 0.2926626610656508 0.32077990672113577 0.3111866961545013 0.4212142768417923 0.4830941888098732 0.26205689555897493
57 0.27361128425531345 0.7387390429812871 0.26219356773082286 0.21682175520078417 0.17764492476535387 0.1731112070818017 0.36299586743029455 0.26746388451647607 0.5136298802617677 0.17304450612580446 0.2033862594589016 0.17764492529440745 0.17764492487664 0.2621935673814543 0.21682175464983253 0.26219356706312996 0.5136298804287078 0.26746388446121544 0.10575426695013264 0.2636960236090179
61 0.2914924210810738 0.2621935673344074 0.4285924257599178 0.2704274546693003 0.36927018204642487 0.25384790625628084 0.29674729951272627 0.22290682110865107 0.28173792414182597 0.3497563470638349 0.22340729871866177 0.36927018240438986 0.36927018206065276 0.42859242549483656 0.27042745454436296 0.42859242519487534 0.2817379241714574 0.22290682083735316 0.2871540285458003 0.2730311065155665
48 0.36272634049173097 0.2057396965295385 0.2523015858614363 0.22706961269761183 0.325786205017034 0.44846211309756784 0.37558852618738736 0.2708980269476032 0.2924632249666319 0.31722283844764115 0.46677326566343735 0.32578620556963284 0.3257862048582457 0.2523015854458122 0.227069612322054 0.2523015851630684 0.29246322539692016 0.27089802657814027 0.0016040254475646538 0.48483418789065114
37 0.3353966295093813 0.8828017311370879 0.2739321358117499 0.14098172294733324 0.13488727782744375 0.18544055908949686 0.14687961308763886 0.09808706272964068 0.48039950188914954 0.2553618238299356 0.4022990622052708 0.13488727808089582 0.13488727758197824 0.27393213536124783 0.14098172246572946 0.27393213508036324 0.48039950201677195 0.09808706257577147 0.08976382616279496 0.09637931636849137
45 0.36692531522707084 0.263696023609004 0.27303110675918996 0.22680581622897122 0.30637916713786373 0.4018942113105357 0.40785440269096895 0.2554450629304501 0.34720525876063846 0.30320268750176105 0.4335664157371353 0.3063791676259924 0.3063791671476661 0.2730311062317332 0.22680581581009895 0.2730311061778057 0.3472052589031094 0.2554450627787568 0.018345003554416817 0.45605500329343585
11 0.4786713494097421 0.21327954446320282 0.2750447279507543 0.29229986120426643 0.3111800159500491 0.5106194791110441 0.3757766536788777 0.13883870820671582 0.266393754185379 0.26708999885510465 0.48841365621309607 0.31118001635935133 0.31118001587502503 0.2750447278732221 0.29229986090642784 0.2750447274689681 0.26639375380147373 0.13883870804921708 0.00583124991162236 0.38041376561548246
62 0.3353966295093813 0.8828017311370879 0.2739321358117499 0.14098172294733324 0.13488727782744375 0.18544055908949686 0.14687961308763886 0.09808706272964068 0.48039950188914954 0.2553618238299356 0.4022990622052708 0.13488727808089582 0.13488727758197824 0.27393213536124783 0.14098172246572946 0.27393213508036324 0.48039950201677195 0.09808706257577147 0.08976382616279496 0.09637931636849137
23 0.03976618311643694 0.07095341055273564 0.18485649521523667 0.31089303285853587 0.25026676114494395 -0.017679909656768324 0.10114704451433225 0.45975585373160327 0.025384012952881806 0.420884057024185 -0.016012189329455438 0.25026676144837007 0.2502667612098976 0.1848564952189596 0.3108930326508262 0.18485649506111895 0.025384013202582534 0.459755853615238 0.9403100043148798 -0.0842264375803872
51 0.31555441612230417 0.5136298803744619 0.28173792479016146 0.23604758757741476 0.21285842302657543 0.2376337931840538 0.38777918255622607 0.2920134239774157 0.5024215608720276 0.2507458558559405 0.28487974251567605 0.21285842349106748 0.21285842314945955 0.28173792417916704 0.23604758726352792 0.28173792387552465 0.5024215603588 0.2920134236834758 0.06553964549833341 0.34720525855937895
69 0.01957993692059193 0.10575426695013017 0.28715402863201467 0.2920428498184526 0.24842540851369646 -0.007432329455008271 0.04596431408097747 0.3511506671964644 0.06553964557471276 0.2608637820080993 -0.06742478532729407 0.2484254085236538 0.24842540822843523 0.2871540285242686 0.2920428498624741 0.28715402836631293 0.06553964563782431 0.35115066698079117 1.0271473926775285 0.018345003554416314
54 0.36692531522707084 0.263696023609004 0.27303110675918996 0.22680581622897122 0.30637916713786373 0.4018942113105357 0.40785440269096895 0.2554450629304501 0.34720525876063846 0.30320268750176105 0.4335664157371353 0.3063791676259924 0.3063791671476661 0.2730311062317332 0.22680581581009895 0.2730311061778057 0.3472052589031094 0.2554450627787568 0.018345003554416817 0.45605500329343585
55 0.36692531522707084 0.263696023609004 0.27303110675918996 0.22680581622897122 0.30637916713786373 0.4018942113105357 0.40785440269096895 0.2554450629304501 0.34720525876063846 0.30320268750176105 0.4335664157371353 0.3063791676259924 0.3063791671476661 0.2730311062317332 0.22680581581009895 0.2730311061778057 0.3472052589031094 0.2554450627787568 0.018345003554416817 0.45605500329343585
18 0.4365017840795986 0.4220052989298478 0.3448568768276129 0.16385566133411403 0.26228182872603123 0.32273244641806254 0.3876826795968951 0.06298822491357602 0.40485509843494055 0.2686253308703383 0.5302594742418547 0.2622818291352404 0.2622818288851106 0.3448568762264904 0.16385566096733145 0.3448568760779567 0.4048550978910185 0.06298822472922537 0.0453165694019306 0.25908169768094286
31 0.2680135089576651 0.17304450612580416 0.34975634737701494 0.30167474482170553 0.38048650590667554 0.2809849173669839 0.2626111526581717 0.34109325709404936 0.2507458560335912 0.439471595890382 0.23545744512097305 0.38048650626685276 0.38048650584066784 0.34975634707961695 0.30167474435433694 0.3497563467568043 0.2507458555353696 0.34109325703480176 0.2608637820081032 0.303202687501786
44 0.36692531522707084 0.263696023609004 0.27303110675918996 0.22680581622897122 0.30637916713786373 0.4018942113105357 0.40785440269096895 0.2554450629304501 0.34720525876063846 0.30320268750176105 0.4335664157371353 0.3063791676259924 0.3063791671476661 0.2730311062317332 0.22680581581009895 0.2730311061778057 0.3472052589031094 0.2554450627787568 0.018345003554416817 0.45605500329343585
30 0.2914924210810738 0.2621935673344074 0.4285924257599178 0.2704274546693003 0.36927018204642487 0.25384790625628084 0.29674729951272627 0.22290682110865107 0.28173792414182597 0.3497563470638349 0.22340729871866177 0.36927018240438986 0.36927018206065276 0.42859242549483656 0.27042745454436296 0.42859242519487534 0.2817379241714574 0.22290682083735316 0.2871540285458003 0.2730311065155665
4 0.4365017840795986 0.4220052989298478 0.3448568768276129 0.16385566133411403 0.26228182872603123 0.32273244641806254 0.3876826795968951 0.06298822491357602 0.40485509843494055 0.2686253308703383 0.5302594742418547 0.2622818291352404 0.2622818288851106 0.3448568762264904 0.16385566096733145 0.3448568760779567 0.4048550978910185 0.06298822472922537 0.0453165694019306 0.25908169768094286
8 0.5149139158878495 0.22540512338394117 0.2199734044751339 0.1667773478698445 0.2514686697556835 0.5188386282535058 0.4083465109314775 0.08475890129351225 0.2783617304334485 0.21642432728112115 0.6834886964581286 0.25146867027030956 0.2514686699380198 0.21997340405184412 0.16677734760887444 0.21997340380082686 0.2783617302654397 0.08475890105709666 -0.060749489689514574 0.41280211205921846
14 0.45732190237200604 0.20338625945889272 0.22340729909930504 0.13786349111180246 0.2572400150786428 0.5003152032467378 0.39849925723457674 0.10549927521153597 0.28487974243522607 0.2354574451209681 0.7221994502784931 0.2572400155828267 0.257240015186472 0.22340729853730668 0.1378634909240282 0.2234072984055417 0.28487974253633863 0.10549927495164163 -0.0674247853272892 0.4335664157371635
59 0.12969145720710862 0.555048774443836 0.32077990704752873 0.29266266123974716 0.2515585483297184 0.13065605581127246 0.35845362988243 0.42121427687303725 0.31118669662249354 0.03505787036931183 -0.038698501057299585 0.25155854862215044 0.2515585479397459 0.3207799068134522 0.2926626610656508 0.32077990672113577 0.3111866961545013 0.4212142768417923 0.4830941888098732 0.26205689555897493
64 0.01957993692059193 0.10575426695013017 0.28715402863201467 0.2920428498184526 0.24842540851369646 -0.007432329455008271 0.04596431408097747 0.3511506671964644 0.06553964557471276 0.2608637820080993 -0.06742478532729407 0.2484254085236538 0.24842540822843523 0.2871540285242686 0.2920428498624741 0.28715402836631293 0.06553964563782431 0.35115066698079117 1.0271473926775285 0.018345003554416314
68 0.01957993692059193 0.10575426695013017 0.28715402863201467 0.2920428498184526 0.24842540851369646 -0.007432329455008271 0.04596431408097747 0.3511506671964644 0.06553964557471276 0.2608637820080993 -0.06742478532729407 0.2484254085236538 0.24842540822843523 0.2871540285242686 0.2920428498624741 0.28715402836631293 0.06553964563782431 0.35115066698079117 1.0271473926775285 0.018345003554416314
5 0.29107110193135766 0.17764492496355266 0.3692701824962706 0.27396649194593087 0.4350356272959202 0.3191738786684693 0.29179794288919614 0.23726990835441028 0.21285842320176485 0.3804865058981968 0.25724001524756984 0.43503562768695686 0.4350356271512536 0.36927018200816836 0.27396649177260574 0.3692701816711293 0.21285842308422048 0.23726990784126467 0.24842540839938698 0.30637916731765963
20 0.2695764338806208 0.11312736854660022 0.27161680758864437 0.2814672044212133 0.47730808258298657 0.38556775852424324 0.23757445796409185 0.30514661538728355 0.13217857406504271 0.43391167164973005 0.29305117122880364 0.47730808303455613 0.47730808228087823 0.27161680732283866 0.2814672042678543 0.2716168073305029 0.13217857421155288 0.305146615220407 0.20195149098051973 0.3306570214148317
46 0.42981305558489663 0.2590529608827635 0.21452625482218926 0.16455134938380814 0.23226931235485673 0.441820281897482 0.3970008404176485 0.1683957156293377 0.393185446361459 0.2614386241225301 0.6253562465764819 0.23226931282315771 0.23226931247626542 0.21452625471735431 0.1645513493407859 0.21452625438504583 0.393185446249193 0.1683957154433757 -0.07562245796929569 0.4584525092574669
50 0.37425611139149234 0.36299586743029 0.29674729994958515 0.21482255284985588 0.2917979428280891 0.35387801013366016 0.4568924119565141 0.20652359301318482 0.3877791828232494 0.26261115265817514 0.39849925723457563 0.2917979432211887 0.2917979428282183 0.2967472993183356 0.21482255257167873 0.29674729929858173 0.38777918250888005 0.20652359269659226 0.04596431408098258 0.4078544026909845
16 0.4365017840795986 0.4220052989298478 0.3448568768276129 0.16385566133411403 0.26228182872603123 0.32273244641806254 0.3876826795968951 0.06298822491357602 0.40485509843494055 0.2686253308703383 0.5302594742418547 0.2622818291352404 0.2622818288851106 0.3448568762264904 0.16385566096733145 0.3448568760779567 0.4048550978910185 0.06298822472922537 0.0453165694019306 0.25908169768094286
52 0.31555441612230417 0.5136298803744619 0.28173792479016146 0.23604758757741476 0.21285842302657543 0.2376337931840538 0.38777918255622607 0.2920134239774157 0.5024215608720276 0.2507458558559405 0.28487974251567605 0.21285842349106748 0.21285842314945955 0.28173792417916704 0.23604758726352792 0.28173792387552465 0.5024215603588 0.2920134236834758 0.06553964549833341 0.34720525855937895
63 0.01957993692059193 0.10575426695013017 0.28715402863201467 0.2920428498184526 0.24842540851369646 -0.007432329455008271 0.04596431408097747 0.3511506671964644 0.06553964557471276 0.2608637820080993 -0.06742478532729407 0.2484254085236538 0.24842540822843523 0.2871540285242686 0.2920428498624741 0.28715402836631293 0.06553964563782431 0.35115066698079117 1.0271473926775285 0.018345003554416314
22 0.03976618311643694 0.07095341055273564 0.18485649521523667 0.31089303285853587 0.25026676114494395 -0.017679909656768324 0.10114704451433225 0.45975585373160327 0.025384012952881806 0.420884057024185 -0.016012189329455438 0.25026676144837007 0.2502667612098976 0.1848564952189596 0.3108930326508262 0.18485649506111895 0.025384013202582534 0.459755853615238 0.9403100043148798 -0.0842264375803872
27 0.2721409961341461 0.504150194887716 0.25552486232590355 0.25864341245414973 0.17298892606367391 0.19771789818864477 0.2966869699508423 0.3871809455827388 0.5386180505790973 0.26162696285864767 0.2538429168962698 0.17298892631971233 0.17298892557704418 0.2555248620797308 0.2586434120308533 0.2555248620344858 0.5386180506120849 0.387180945189782 0.05178830637684155 0.330949577836922
15 0.27641548512689973 0.13279080254942743 0.31137895671674265 0.2848522096685051 0.4530196895824522 0.3515640449461458 0.26086805870604507 0.2944962529743122 0.17426205620365695 0.4257806891631364 0.27348816676430554 0.4530196898313471 0.45301968925848213 0.3113789562031008 0.2848522094371535 0.31137895602210736 0.17426205606801212 0.294496252704345 0.2240898190472592 0.3237943790069125
32 0.46413621527712046 0.38909750516143304 0.23452140815528277 0.1340880067648864 0.1960786682700958 0.35186436094551216 0.3654307432589071 0.0709342386691715 0.46967548418437954 0.261989768632898 0.6707029110821542 0.1960786685298288 0.1960786680810606 0.23452140799969565 0.1340880065878765 0.23452140786493364 0.4696754841142949 0.07093423859646293 -0.04410769906406439 0.29508725274777287
1 0.2779208227450388 0.21682175490774783 0.27042745513047767 0.5857802491763268 0.27396649189544914 0.30522705111614484 0.21482255280186416 0.3517188473399845 0.23604758746384322 0.3016747446907509 0.1378634910908531 0.2739664921960834 0.27396649170328274 0.27042745470160884 0.5857802488184176 0.2704274546542996 0.2360475873398487 0.3517188470335061 0.29204284987852824 0.22680581602280772
