64 0.08020258810362618 0.0004977313284235454 0.239322160517622 0.2307238378231408 0.015753172410445267 0.017781759272038126 0.22603205272278404 0.6919322555660562 0.22450711426761982 0.22450711430045842 0.09575167074964654 0.6919322555888301 0.6919322556536327 0.2421259920320816 0.29486208140853426 0.029694823933918743 -0.003909876906437743 0.054909965013014005 0.12204550540842118 0.34747940390485726
3 0.06046362830107026 -0.1153017957132432 0.1450195162542303 0.18961910718740763 -0.06177731393966579 0.0026849646291679167 0.16826359252607764 0.4474216848215973 0.188862699302714 0.18886269936074226 0.004377120773218533 0.4474216845987577 0.44742168469488935 0.04394120420167875 0.31975368951506217 0.5322744689100761 -0.18495173701694015 0.11216308784165345 0.09769350935235883 0.15224076345002066
29 0.11369047768174212 -0.07522822029287891 0.14806272388904199 0.41181947602075214 0.02415383496462063 0.05122034549398447 0.28440746352078006 0.6413166730828405 0.20982486801182593 0.2098248679425296 0.021179116193696352 0.6413166726580228 0.6413166728835388 0.20476266899643453 0.5007490182867518 0.03225990843419075 0.025544371499797457 0.04883648613512165 0.09611830432836502 0.2782908459815702
57 0.08020258810362618 0.0004977313284235454 0.239322160517622 0.2307238378231408 0.015753172410445267 0.017781759272038126 0.22603205272278404 0.6919322555660562 0.22450711426761982 0.22450711430045842 0.09575167074964654 0.6919322555888301 0.6919322556536327 0.2421259920320816 0.29486208140853426 0.029694823933918743 -0.003909876906437743 0.054909965013014005 0.12204550540842118 0.34747940390485726
30 0.16660216882961634 0.25983655716912496 0.47245301321355426 0.337316857033506 0.2214485612309908 0.12718210621286177 0.41126627363693596 0.22450711437486537 0.5072155604420644 0.5072155604226619 0.1636914008820149 0.22450711432371973 0.22450711428263773 0.44430703087355605 0.21507778183052292 0.2628684462117241 0.2922707349773556 0.38016655238356145 0.19218857624382302 0.24735957965537747
28 0.11369047768174212 -0.07522822029287891 0.14806272388904199 0.41181947602075214 0.02415383496462063 0.05122034549398447 0.28440746352078006 0.6413166730828405 0.20982486801182593 0.2098248679425296 0.021179116193696352 0.6413166726580228 0.6413166728835388 0.20476266899643453 0.5007490182867518 0.03225990843419075 0.025544371499797457 0.04883648613512165 0.09611830432836502 0.2782908459815702
6 0.29976809784499986 0.5528559746378485 0.2560785268483874 0.25311292248198597 0.48837040474059246 0.3682702689568937 0.26976875138175643 0.0004977312414814264 0.2598365571118151 0.2598365571353278 0.23270796970117402 0.0004977313976670507 0.0004977313008225259 0.2593778064375872 0.12028248436109294 0.4228648997137208 0.53192939019224 0.46051450389748777 0.25522413963254753 0.1343058667835483
13 0.22630638052246208 0.26976875138177153 0.401536310365468 0.4699367526404583 0.23853043759596562 0.17297240086907853 0.4746968100295466 0.22603205273434795 0.4112662735277326 0.411266273626756 0.22485721569238387 0.22603205266302037 0.22603205272199575 0.4286114142703823 0.28154208579033235 0.27252259155201725 0.26568571569648247 0.3357397070631973 0.22728825027608077 0.25973181951963886
49 0.27399940049940413 0.12028248436102433 0.19920287972250927 0.33763152770961125 0.11178031873738738 0.1910806132125327 0.281542085790639 0.29486208141404957 0.21507778176892386 0.21507778178015902 0.467692740604635 0.2948620813962164 0.29486208151205295 0.22575482165676375 0.7423546859721928 0.16099583161607822 0.1518998770100613 0.15804387331445488 0.3446271316369449 0.5114958548186438
66 0.3284967465134887 0.25311292248186523 0.3239672585418769 0.5565229885702312 0.24480628483378478 0.208320972171167 0.46993675264038065 0.23072383774184324 0.33731685701226277 0.3373168569977751 0.2792821982245883 0.2307238377548832 0.2307238379547258 0.38449491953775033 0.33763152770954097 0.2762883978602803 0.23233760744616003 0.28947880736808324 0.26345824802913936 0.2802905948716048
48 0.27399940049940413 0.12028248436102433 0.19920287972250927 0.33763152770961125 0.11178031873738738 0.1910806132125327 0.281542085790639 0.29486208141404957 0.21507778176892386 0.21507778178015902 0.467692740604635 0.2948620813962164 0.29486208151205295 0.22575482165676375 0.7423546859721928 0.16099583161607822 0.1518998770100613 0.15804387331445488 0.3446271316369449 0.5114958548186438
21 0.22954768888921254 0.4595015411457713 0.3635921478578211 0.3183926291095551 0.3969906364955838 0.25137990070295557 0.34586458524411184 0.061913965921202276 0.3557505460608086 0.35575054597897504 0.21185966288689803 0.06191396600550574 0.061913965985964665 0.3510447748780135 0.15587598676971579 0.3768370502892183 0.4734489905045982 0.4946305032360808 0.23859071012328836 0.19339384766769335
15 0.15748031270621637 0.2593778064375338 0.4636336022883295 0.38449491953800174 0.24633706959419255 0.1451601240688306 0.42861141427056954 0.24212599201648632 0.44430703076538824 0.44430703086209106 0.19625476907150496 0.2421259920549328 0.24212599198499646 0.45281794177019713 0.22575482165674343 0.25837620005983936 0.2758618897675618 0.3585102549507919 0.2451814802305331 0.28801068828646786
23 0.08020258810362618 0.0004977313284235454 0.239322160517622 0.2307238378231408 0.015753172410445267 0.017781759272038126 0.22603205272278404 0.6919322555660562 0.22450711426761982 0.22450711430045842 0.09575167074964654 0.6919322555888301 0.6919322556536327 0.2421259920320816 0.29486208140853426 0.029694823933918743 -0.003909876906437743 0.054909965013014005 0.12204550540842118 0.34747940390485726
34 0.08020258810362618 0.0004977313284235454 0.239322160517622 0.2307238378231408 0.015753172410445267 0.017781759272038126 0.22603205272278404 0.6919322555660562 0.22450711426761982 0.22450711430045842 0.09575167074964654 0.6919322555888301 0.6919322556536327 0.2421259920320816 0.29486208140853426 0.029694823933918743 -0.003909876906437743 0.054909965013014005 0.12204550540842118 0.34747940390485726
41 0.2698363921692031 0.4999659523391388 0.26203225674828584 0.236089761977901 0.5086496864398796 0.33710494846113176 0.26063526307893037 0.004597324405343475 0.2677349335480306 0.2677349335402991 0.29122327608340226 0.004597324505393358 0.0045973244413057 0.26439625198287864 0.1544910436647944 0.40660042084607917 0.5286941422982001 0.4182193147894036 0.3557997953722814 0.21017744369406594
40 0.2372539418307432 0.4027701928721721 0.32460368885960744 0.31450919037419117 0.4100135990414646 0.2403623502434327 0.34103405259757547 0.08083080715414981 0.3301174461749437 0.33011744611613925 0.33916735041688406 0.08083080713796723 0.08083080706472769 0.33690643774180296 0.2423855621928344 0.3562013036544917 0.4471213462330241 0.38805420713845157 0.3692623620846825 0.3105301526333353
55 0.1846572125643261 0.4605145038973736 0.3893408994855727 0.28947880736809783 0.3575626760109243 0.23512143289073817 0.3357397070633442 0.05490996507117527 0.3801665522699842 0.38016655231286595 0.17722730311305382 0.05490996506580873 0.05490996503875651 0.3585102549505831 0.15804387331432065 0.3697176888257034 0.49484433901273917 0.541605924021716 0.18835069718595135 0.170876909646341
69 0.11369047768174212 -0.07522822029287891 0.14806272388904199 0.41181947602075214 0.02415383496462063 0.05122034549398447 0.28440746352078006 0.6413166730828405 0.20982486801182593 0.2098248679425296 0.021179116193696352 0.6413166726580228 0.6413166728835388 0.20476266899643453 0.5007490182867518 0.03225990843419075 0.025544371499797457 0.04883648613512165 0.09611830432836502 0.2782908459815702
35 0.1118087857353906 0.25607852684808635 0.5110082090268422 0.32396725854152386 0.23648797401289315 0.13696396508287353 0.4015363103654082 0.23932216067177564 0.4724530130828464 0.4724530131594854 0.1714610614260458 0.23932216051748612 0.23932216056861605 0.4636336022874642 0.19920287972219813 0.24937111421465366 0.2813213902431182 0.38934089948556183 0.22594207053379067 0.27142529295239454
26 0.22756902287533395 0.23148284180897447 0.36058992975097515 0.3651807112533417 0.22105263760238883 0.17027246857071196 0.33189466852549204 0.15287795541661667 0.3717519524557989 0.3717519525048826 0.19901162890528148 0.15287795545968536 0.15287795551009659 0.3533126803284831 0.21897736999374257 0.7595458493441167 0.23178154705496518 0.33198157062885647 0.2535198129989956 0.24024190469045908
0 0.4593997102409128 0.45910950493428115 0.22857629027381146 0.4145244864483023 0.38590296670320645 0.4412552076980008 0.3696825154611964 0.05542013014079052 0.2349126181494145 0.2349126181317703 0.37938153697310273 0.05542013025185915 0.05542013022250557 0.26298171286432026 0.22844364588892457 0.3910168789097785 0.3600702343013267 0.359016262710528 0.24662636263559762 0.12915101664211695
10 0.2910657859200732 0.4532787810891938 0.3286110355553099 0.34940639974941035 0.4344322101177821 0.28258834175427394 0.35170123435554385 0.06963570122305249 0.32059160378884227 0.3205916038199777 0.2575121632138016 0.06963570124441826 0.06963570116716866 0.3358514855469861 0.1593814780695666 0.38190199681304976 0.4394021636696898 0.4365141186852328 0.29479813361093543 0.21558591791284198
61 0.5352205294783632 0.31242492407090544 0.14507765699201888 0.181173395949255 0.46115865071016426 0.747091087219626 0.1336081133018943 0.028381542133000086 0.11414696633571833 0.11414696626043883 0.4692397285661045 0.028381542244223727 0.02838154227297849 0.1482944195900303 0.1852958247636273 0.3383916561250704 0.25647112693899093 0.19414968259227303 0.4609824295695896 0.19473637672132416
7 0.15748031270621637 0.2593778064375338 0.4636336022883295 0.38449491953800174 0.24633706959419255 0.1451601240688306 0.42861141427056954 0.24212599201648632 0.44430703076538824 0.44430703086209106 0.19625476907150496 0.2421259920549328 0.24212599198499646 0.45281794177019713 0.22575482165674343 0.25837620005983936 0.2758618897675618 0.3585102549507919 0.2451814802305331 0.28801068828646786
46 0.3805183819937707 0.2552241396325256 0.2259420705339244 0.26345824802916584 0.40825556588321393 0.3512128522534799 0.22728825027615612 0.12204550546157296 0.1921885762327904 0.19218857615002616 0.48880840936081565 0.12204550540757368 0.12204550546469028 0.2451814802303653 0.34462713163703096 0.2823978714200126 0.2565016911935771 0.18835069718597788 0.6201308319250037 0.47536271017492476
20 0.22630638052246208 0.26976875138177153 0.401536310365468 0.4699367526404583 0.23853043759596562 0.17297240086907853 0.4746968100295466 0.22603205273434795 0.4112662735277326 0.411266273626756 0.22485721569238387 0.22603205266302037 0.22603205272199575 0.4286114142703823 0.28154208579033235 0.27252259155201725 0.26568571569648247 0.3357397070631973 0.22728825027608077 0.25973181951963886
2 0.3666776228676792 0.41740348850109676 0.18179159362579544 0.2106446284014158 0.42470580391945795 0.5577715025249192 0.19525359649657476 0.006497569372886461 0.16314234735512712 0.1631423472946878 0.3346210435627324 0.006497569502487056 0.0064975694640808145 0.1791740038888024 0.14741857523491456 0.731156345798447 0.3451506920974816 0.29178105203455684 0.3221592544935773 0.11655072288901855
62 0.08020258810362618 0.0004977313284235454 0.239322160517622 0.2307238378231408 0.015753172410445267 0.017781759272038126 0.22603205272278404 0.6919322555660562 0.22450711426761982 0.22450711430045842 0.09575167074964654 0.6919322555888301 0.6919322556536327 0.2421259920320816 0.29486208140853426 0.029694823933918743 -0.003909876906437743 0.054909965013014005 0.12204550540842118 0.34747940390485726
33 0.08020258810362618 0.0004977313284235454 0.239322160517622 0.2307238378231408 0.015753172410445267 0.017781759272038126 0.22603205272278404 0.6919322555660562 0.22450711426761982 0.22450711430045842 0.09575167074964654 0.6919322555888301 0.6919322556536327 0.2421259920320816 0.29486208140853426 0.029694823933918743 -0.003909876906437743 0.054909965013014005 0.12204550540842118 0.34747940390485726
18 0.4593997102409128 0.45910950493428115 0.22857629027381146 0.4145244864483023 0.38590296670320645 0.4412552076980008 0.3696825154611964 0.05542013014079052 0.2349126181494145 0.2349126181317703 0.37938153697310273 0.05542013025185915 0.05542013022250557 0.26298171286432026 0.22844364588892457 0.3910168789097785 0.3600702343013267 0.359016262710528 0.24662636263559762 0.12915101664211695
14 0.3681656983210161 0.4747996801166841 0.279433644684665 0.38928885273858405 0.407636529488543 0.3496690846626726 0.3793221476420077 0.058851681021097724 0.2856854821249536 0.2856854820772929 0.30841404718123777 0.058851680999454994 0.05885168096542943 0.30224394316074293 0.19237461257709007 0.3929775560145431 0.41247821366906756 0.4061376282332279 0.25377433733402327 0.16139584142484842
50 0.3018957674352039 0.4102936846244316 0.2713883802310324 0.34792085792249655 0.37627209907958376 0.29775478962056157 0.36833079758024095 0.07290501037860538 0.2969417085676676 0.2969417086642728 0.42079855925979076 0.07290501031499733 0.0729050102694906 0.3028869330263576 0.3028619099319997 0.36106388643103693 0.42289184594720924 0.34029207506850756 0.3492987994759575 0.2829608636602105
31 0.5402435332460631 0.2173823356032281 0.1343741665839433 0.1290247435939202 0.3079521322319355 0.895188125659803 0.06146916052388581 0.022510525297510152 0.10578289985611915 0.10578289977789096 0.5430095635949475 0.022510525406245648 0.0225105254409712 0.12030900113291658 0.2341016611605624 0.30061331247006756 0.23332315106193027 0.22774819745745276 0.3482115054041435 0.14225784667370203
1 0.2254874295944802 0.24717430277736976 0.4302909402195284 0.3346554513436284 0.22596799171053691 0.1034531968329916 0.38705633678575646 0.23361066347384746 0.5281396628511438 0.5281396628316957 0.1632641149041799 0.23361066346669423 0.2336106634297806 0.4229100810376021 0.21021240182740006 0.2690118776665453 0.29642685281235787 0.35055002251007994 0.2128055356807914 0.2822216058756129
54 0.27399940049940413 0.12028248436102433 0.19920287972250927 0.33763152770961125 0.11178031873738738 0.1910806132125327 0.281542085790639 0.29486208141404957 0.21507778176892386 0.21507778178015902 0.467692740604635 0.2948620813962164 0.29486208151205295 0.22575482165676375 0.7423546859721928 0.16099583161607822 0.1518998770100613 0.15804387331445488 0.3446271316369449 0.5114958548186438
17 0.15748031270621637 0.2593778064375338 0.4636336022883295 0.38449491953800174 0.24633706959419255 0.1451601240688306 0.42861141427056954 0.24212599201648632 0.44430703076538824 0.44430703086209106 0.19625476907150496 0.2421259920549328 0.24212599198499646 0.45281794177019713 0.22575482165674343 0.25837620005983936 0.2758618897675618 0.3585102549507919 0.2451814802305331 0.28801068828646786
42 0.37957442416335563 0.31087793823974474 0.21916405025876193 0.3158532125525817 0.38198828671363083 0.3642738272883606 0.29152513122894225 0.09920953344451611 0.21926316565632886 0.2192631657087893 0.5207929748603715 0.09920953340574752 0.09920953349684195 0.2552315212610756 0.3627819130926171 0.3165084927910932 0.31498992537677434 0.2225479335885033 0.5045314341823486 0.38826459005103126
4 0.3513329240113507 0.4228648997136105 0.24937111421498917 0.2762883978602581 0.4068573586073404 0.3627271433795449 0.2725225915521569 0.029694823859856095 0.26286844616012317 0.2628684460908817 0.276635283802858 0.029694823991233125 0.029694823935131367 0.2583762000596394 0.16099583161607472 0.6818557530748773 0.41101839900820125 0.3697176888256985 0.2823978714200285 0.16584228026988568
8 0.3681656983210161 0.4747996801166841 0.279433644684665 0.38928885273858405 0.407636529488543 0.3496690846626726 0.3793221476420077 0.058851681021097724 0.2856854821249536 0.2856854820772929 0.30841404718123777 0.058851680999454994 0.05885168096542943 0.30224394316074293 0.19237461257709007 0.3929775560145431 0.41247821366906756 0.4061376282332279 0.25377433733402327 0.16139584142484842
51 0.443681388557538 0.2327079697010694 0.17146106142607548 0.27928219822454586 0.2782092225419508 0.48174968560705794 0.22485721569221154 0.09575167068125442 0.16369140079809 0.1636914007923233 0.6319407450330816 0.0957516707436196 0.09575167080194116 0.19625476907135933 0.46769274060458077 0.27663528380281377 0.24072574357924026 0.17722730311303656 0.48880840936065445 0.37287653182954156
39 0.08020258810362618 0.0004977313284235454 0.239322160517622 0.2307238378231408 0.015753172410445267 0.017781759272038126 0.22603205272278404 0.6919322555660562 0.22450711426761982 0.22450711430045842 0.09575167074964654 0.6919322555888301 0.6919322556536327 0.2421259920320816 0.29486208140853426 0.029694823933918743 -0.003909876906437743 0.054909965013014005 0.12204550540842118 0.34747940390485726
67 0.6185892715736134 0.19989389422418813 0.18139025061687333 0.31411453888256496 0.3023276990035588 0.7276132854384175 0.09972912521999272 0.08032583404877712 0.09761252603346428 0.09761252596450071 0.5683132648575769 0.08032583424130167 0.0803258342711763 0.17654719337512692 0.3152989024797708 0.29454416983708787 0.15654871171482532 0.2678148885915599 0.3387147464618244 0.1592440940548809
19 0.22630638052246208 0.26976875138177153 0.401536310365468 0.4699367526404583 0.23853043759596562 0.17297240086907853 0.4746968100295466 0.22603205273434795 0.4112662735277326 0.411266273626756 0.22485721569238387 0.22603205266302037 0.22603205272199575 0.4286114142703823 0.28154208579033235 0.27252259155201725 0.26568571569648247 0.3357397070631973 0.22728825027608077 0.25973181951963886
36 0.5332646841558966 0.36827026895680126 0.13696396508283865 0.20832097217114473 0.41846227692776233 0.755467376442419 0.17297240086914012 0.017781759137522436 0.12718210616660702 0.12718210611151498 0.4817496856071404 0.017781759337007104 0.0177817592786817 0.14516012406877493 0.19108061321254274 0.36272714337954975 0.30549692456083494 0.23512143289077145 0.3512128522533902 0.12486339152585714
12 0.3681656983210161 0.4747996801166841 0.279433644684665 0.38928885273858405 0.407636529488543 0.3496690846626726 0.3793221476420077 0.058851681021097724 0.2856854821249536 0.2856854820772929 0.30841404718123777 0.058851680999454994 0.05885168096542943 0.30224394316074293 0.19237461257709007 0.3929775560145431 0.41247821366906756 0.4061376282332279 0.25377433733402327 0.16139584142484842
60 0.14921765090644745 0.4473275182586496 0.41226597239745 0.26197327009554056 0.3409158789797817 0.22070312791342148 0.31507418063278725 0.054735043739986666 0.39602373137715874 0.39602373144499475 0.1538711390017602 0.05473504378742887 0.05473504374050953 0.36714256491072905 0.1543747041940059 0.3601922940826379 0.5049933827346554 0.5694153827629549 0.1756935337194586 0.17325098431203106
58 0.08020258810362618 0.0004977313284235454 0.239322160517622 0.2307238378231408 0.015753172410445267 0.017781759272038126 0.22603205272278404 0.6919322555660562 0.22450711426761982 0.22450711430045842 0.09575167074964654 0.6919322555888301 0.6919322556536327 0.2421259920320816 0.29486208140853426 0.029694823933918743 -0.003909876906437743 0.054909965013014005 0.12204550540842118 0.34747940390485726
32 0.08020258810362618 0.0004977313284235454 0.239322160517622 0.2307238378231408 0.015753172410445267 0.017781759272038126 0.22603205272278404 0.6919322555660562 0.22450711426761982 0.22450711430045842 0.09575167074964654 0.6919322555888301 0.6919322556536327 0.2421259920320816 0.29486208140853426 0.029694823933918743 -0.003909876906437743 0.054909965013014005 0.12204550540842118 0.34747940390485726
45 0.2265297054644617 0.5319293901921605 0.281321390243039 0.23233760744599818 0.4518366191805904 0.30549692456080285 0.26568571569643185 -0.0039098769679889725 0.2922707349535608 0.2922707348760496 0.240725743579277 -0.003909876840759865 -0.003909876902505602 0.27586188976736015 0.15189987700997473 0.4110183990081335 0.5732943305848072 0.49484433901274655 0.25650169119358857 0.1681080333895972
38 0.08020258810362618 0.0004977313284235454 0.239322160517622 0.2307238378231408 0.015753172410445267 0.017781759272038126 0.22603205272278404 0.6919322555660562 0.22450711426761982 0.22450711430045842 0.09575167074964654 0.6919322555888301 0.6919322556536327 0.2421259920320816 0.29486208140853426 0.029694823933918743 -0.003909876906437743 0.054909965013014005 0.12204550540842118 0.34747940390485726
43 0.2372539418307432 0.4027701928721721 0.32460368885960744 0.31450919037419117 0.4100135990414646 0.2403623502434327 0.34103405259757547 0.08083080715414981 0.3301174461749437 0.33011744611613925 0.33916735041688406 0.08083080713796723 0.08083080706472769 0.33690643774180296 0.2423855621928344 0.3562013036544917 0.4471213462330241 0.38805420713845157 0.3692623620846825 0.3105301526333353
11 0.22630638052246208 0.26976875138177153 0.401536310365468 0.4699367526404583 0.23853043759596562 0.17297240086907853 0.4746968100295466 0.22603205273434795 0.4112662735277326 0.411266273626756 0.22485721569238387 0.22603205266302037 0.22603205272199575 0.4286114142703823 0.28154208579033235 0.27252259155201725 0.26568571569648247 0.3357397070631973 0.22728825027608077 0.25973181951963886
37 0.1118087857353906 0.25607852684808635 0.5110082090268422 0.32396725854152386 0.23648797401289315 0.13696396508287353 0.4015363103654082 0.23932216067177564 0.4724530130828464 0.4724530131594854 0.1714610614260458 0.23932216051748612 0.23932216056861605 0.4636336022874642 0.19920287972219813 0.24937111421465366 0.2813213902431182 0.38934089948556183 0.22594207053379067 0.27142529295239454
16 0.3544568066023862 0.5655401611352692 0.22384201286128821 0.26661256555429896 0.4709396500694011 0.43081537412672566 0.28597167722775957 -0.0005671527163047188 0.23535131426054046 0.23535131422332567 0.275949314410841 -0.0005671526070648112 -0.0005671526505920232 0.23347371289923954 0.13306526458590115 0.42823231644394627 0.5064043562947598 0.4229800717526115 0.23625942145083104 0.10230638265791536
59 0.08020258810362618 0.0004977313284235454 0.239322160517622 0.2307238378231408 0.015753172410445267 0.017781759272038126 0.22603205272278404 0.6919322555660562 0.22450711426761982 0.22450711430045842 0.09575167074964654 0.6919322555888301 0.6919322556536327 0.2421259920320816 0.29486208140853426 0.029694823933918743 -0.003909876906437743 0.054909965013014005 0.12204550540842118 0.34747940390485726
25 0.062054792199188843 -0.1291591863238248 0.11763109816718101 0.2516686752057699 -0.06931687425269822 0.002472984828160997 0.14717358014593138 0.46015009533647183 0.20534375032338079 0.20534375031046687 -0.008238483607487107 0.46015009514727945 0.4601500953425108 0.046977646548144146 0.364619372074838 0.5699196806484433 -0.17309944226253693 0.07996483619960178 0.09355513158131751 0.165615861389699
65 0.3284967465134887 0.25311292248186523 0.3239672585418769 0.5565229885702312 0.24480628483378478 0.208320972171167 0.46993675264038065 0.23072383774184324 0.33731685701226277 0.3373168569977751 0.2792821982245883 0.2307238377548832 0.2307238379547258 0.38449491953775033 0.33763152770954097 0.2762883978602803 0.23233760744616003 0.28947880736808324 0.26345824802913936 0.2802905948716048
47 0.3805183819937707 0.2552241396325256 0.2259420705339244 0.26345824802916584 0.40825556588321393 0.3512128522534799 0.22728825027615612 0.12204550546157296 0.1921885762327904 0.19218857615002616 0.48880840936081565 0.12204550540757368 0.12204550546469028 0.2451814802303653 0.34462713163703096 0.2823978714200126 0.2565016911935771 0.18835069718597788 0.6201308319250037 0.47536271017492476
5 0.16660216882961634 0.25983655716912496 0.47245301321355426 0.337316857033506 0.2214485612309908 0.12718210621286177 0.41126627363693596 0.22450711437486537 0.5072155604420644 0.5072155604226619 0.1636914008820149 0.22450711432371973 0.22450711428263773 0.44430703087355605 0.21507778183052292 0.2628684462117241 0.2922707349773556 0.38016655238356145 0.19218857624382302 0.24735957965537747
52 0.443681388557538 0.2327079697010694 0.17146106142607548 0.27928219822454586 0.2782092225419508 0.48174968560705794 0.22485721569221154 0.09575167068125442 0.16369140079809 0.1636914007923233 0.6319407450330816 0.0957516707436196 0.09575167080194116 0.19625476907135933 0.46769274060458077 0.27663528380281377 0.24072574357924026 0.17722730311303656 0.48880840936065445 0.37287653182954156
56 0.5352205294783632 0.31242492407090544 0.14507765699201888 0.181173395949255 0.46115865071016426 0.747091087219626 0.1336081133018943 0.028381542133000086 0.11414696633571833 0.11414696626043883 0.4692397285661045 0.028381542244223727 0.02838154227297849 0.1482944195900303 0.1852958247636273 0.3383916561250704 0.25647112693899093 0.19414968259227303 0.4609824295695896 0.19473637672132416
68 0.11369047768174212 -0.07522822029287891 0.14806272388904199 0.41181947602075214 0.02415383496462063 0.05122034549398447 0.28440746352078006 0.6413166730828405 0.20982486801182593 0.2098248679425296 0.021179116193696352 0.6413166726580228 0.6413166728835388 0.20476266899643453 0.5007490182867518 0.03225990843419075 0.025544371499797457 0.04883648613512165 0.09611830432836502 0.2782908459815702
63 0.08020258810362618 0.0004977313284235454 0.239322160517622 0.2307238378231408 0.015753172410445267 0.017781759272038126 0.22603205272278404 0.6919322555660562 0.22450711426761982 0.22450711430045842 0.09575167074964654 0.6919322555888301 0.6919322556536327 0.2421259920320816 0.29486208140853426 0.029694823933918743 -0.003909876906437743 0.054909965013014005 0.12204550540842118 0.34747940390485726
27 0.7429736874194436 0.2997680978449328 0.1118087857350828 0.3284967465135032 0.3602032607423206 0.5332646841558936 0.22630638052223664 0.08020258804698654 0.1666021688124473 0.16660216876803952 0.44368138855748906 0.08020258813017658 0.08020258817770909 0.15748031270626348 0.2739994004994355 0.35133292401133687 0.22652970546447787 0.1846572125643151 0.38051838199382537 0.21726435098266156
9 0.22630638052246208 0.26976875138177153 0.401536310365468 0.4699367526404583 0.23853043759596562 0.17297240086907853 0.4746968100295466 0.22603205273434795 0.4112662735277326 0.411266273626756 0.22485721569238387 0.22603205266302037 0.22603205272199575 0.4286114142703823 0.28154208579033235 0.27252259155201725 0.26568571569648247 0.3357397070631973 0.22728825027608077 0.25973181951963886
53 0.27399940049940413 0.12028248436102433 0.19920287972250927 0.33763152770961125 0.11178031873738738 0.1910806132125327 0.281542085790639 0.29486208141404957 0.21507778176892386 0.21507778178015902 0.467692740604635 0.2948620813962164 0.29486208151205295 0.22575482165676375 0.7423546859721928 0.16099583161607822 0.1518998770100613 0.15804387331445488 0.3446271316369449 0.5114958548186438
44 0.21726435098277286 0.13430586678353507 0.271425292952614 0.28029059487156616 0.2037286460711698 0.12486339152585657 0.25973181951968627 0.3474794036419482 0.24735957964847 0.24735957956437526 0.3728765318296041 0.3474794037408957 0.34747940400310906 0.2880106882862492 0.5114958548186337 0.16584228026982684 0.16810803338967872 0.17087690964631008 0.47536271017489184 0.6154833708685032
22 0.3602032607423589 0.4883704047403827 0.2364879740128847 0.24480628483366082 0.5733803063887511 0.41846227692773075 0.23853043759596138 0.015753172303020372 0.2214485611625136 0.2214485611093925 0.27820922254193187 0.015753172434716647 0.01575317240757142 0.2463370695941119 0.11178031873724634 0.40685735860724404 0.45183661918059626 0.35756267601089875 0.40825556588308637 0.2037286460710874
24 0.08020258810362618 0.0004977313284235454 0.239322160517622 0.2307238378231408 0.015753172410445267 0.017781759272038126 0.22603205272278404 0.6919322555660562 0.22450711426761982 0.22450711430045842 0.09575167074964654 0.6919322555888301 0.6919322556536327 0.2421259920320816 0.29486208140853426 0.029694823933918743 -0.003909876906437743 0.054909965013014005 0.12204550540842118 0.34747940390485726
