30 0.1696900394207333 0.28036126049158167 0.2358336639143686 0.2645038379901851 0.28036126032015907 0.12145232054589752 0.3975674504950018 0.2505209641515002 0.28036125972281817 0.581752144309148 0.16287829625190672 0.3975674506641596 0.39756745069660704 0.3975674505528033 0.2701607573379553 0.10943817997520874 0.49576561404213637 0.14729698021383977 0.35638027828764196 0.23583366418651766
27 0.06826497617310491 0.11244004256701033 0.32900318744281953 0.5411098126784464 0.11244004286361799 0.4448718455545044 0.2644894125011557 0.26241245805947105 0.11244004188928496 0.1532657251951839 0.4056878130486302 0.2644894127002852 0.2644894124593315 0.264489412589336 0.3191102342179779 0.4929846079994908 0.211704739167822 0.5030088531489803 0.2660089701840835 0.3290031875884817
12 -0.01320001402453684 0.0031494324631978978 0.4467195845724755 0.29571482018109974 0.0031494319739320703 0.31128418227262244 0.22939381413652757 0.3276567605885784 0.003149431718961163 0.25848228244958754 0.1932480538588186 0.2293938140836745 0.22939381412019347 0.22939381407141604 0.625125684231464 0.23772382433487313 0.5086628339208417 0.3600346973929616 0.3983385355957754 0.4467195856005115
6 0.07346423621008125 0.05194686839240603 0.4563244889723137 0.28342961744056083 0.051946868567029014 0.3107279919673913 0.3103138646984007 0.35259074909845367 0.05194686824688688 0.28593777396498155 0.2641964001522865 0.3103138647202286 0.31031386481481604 0.3103138646692969 0.44671958522813426 0.32924070350418333 0.3574977650641813 0.41761340090306476 0.3491943099652417 0.456324489088729
16 0.07346423621008125 0.05194686839240603 0.4563244889723137 0.28342961744056083 0.051946868567029014 0.3107279919673913 0.3103138646984007 0.35259074909845367 0.05194686824688688 0.28593777396498155 0.2641964001522865 0.3103138647202286 0.31031386481481604 0.3103138646692969 0.44671958522813426 0.32924070350418333 0.3574977650641813 0.41761340090306476 0.3491943099652417 0.456324489088729
37 0.08522724718661204 0.06330271424340864 0.4176134012290953 0.348864435365613 0.06330271454766927 0.43067454954533607 0.27916468173757764 0.3368682345801735 0.06330271425782213 0.20077954485278923 0.3494387364655826 0.27916468174805137 0.27916468189638144 0.2791646816690131 0.3600346974333138 0.4794542120938373 0.23095430688128907 0.4876391527575929 0.2940422512806997 0.41761340133086233
10 0.07346423621008125 0.05194686839240603 0.4563244889723137 0.28342961744056083 0.051946868567029014 0.3107279919673913 0.3103138646984007 0.35259074909845367 0.05194686824688688 0.28593777396498155 0.2641964001522865 0.3103138647202286 0.31031386481481604 0.3103138646692969 0.44671958522813426 0.32924070350418333 0.3574977650641813 0.41761340090306476 0.3491943099652417 0.456324489088729
69 0.5544001952596841 0.670080367185559 0.05194686878921547 0.1331013393480901 0.6700803665811528 0.026242814783257722 0.2297739047786586 0.09474917762678549 0.6700803667821672 0.24376618225456176 0.1224795051730047 0.2297739048430862 0.2297739048676726 0.22977390480592913 0.003149431913384948 0.07346535141399453 0.08843634960509578 0.06330271379644299 0.09997823998262714 0.051946868381949673
4 0.07346423621008125 0.05194686839240603 0.4563244889723137 0.28342961744056083 0.051946868567029014 0.3107279919673913 0.3103138646984007 0.35259074909845367 0.05194686824688688 0.28593777396498155 0.2641964001522865 0.3103138647202286 0.31031386481481604 0.3103138646692969 0.44671958522813426 0.32924070350418333 0.3574977650641813 0.41761340090306476 0.3491943099652417 0.456324489088729
62 0.5544001952596841 0.670080367185559 0.05194686878921547 0.1331013393480901 0.6700803665811528 0.026242814783257722 0.2297739047786586 0.09474917762678549 0.6700803667821672 0.24376618225456176 0.1224795051730047 0.2297739048430862 0.2297739048676726 0.22977390480592913 0.003149431913384948 0.07346535141399453 0.08843634960509578 0.06330271379644299 0.09997823998262714 0.051946868381949673
28 0.7943459939866784 0.5544001968463936 0.0734642366443437 0.10376834492725655 0.5544001943889406 0.012840658956446406 0.2808158752074185 0.11700756130678237 0.554400194683351 0.2237908485925875 0.1437149189756467 0.2808158754442575 0.2808158753673203 0.2808158752771499 -0.013200014024514366 0.09850711889847284 0.030394150941888114 0.085227246193843 0.08535969011190661 0.07346423653747093
56 0.28081587538955805 0.2297739053819627 0.31031386454736143 0.28889781493315114 0.2297739048228032 0.1313504966509103 0.4368801217234414 0.3003520046679648 0.2297739046279796 0.42149172809587276 0.25048963124862583 0.4368801216854875 0.436880121729675 0.43688012158238376 0.22939381416606494 0.2157131866890822 0.3143040175730536 0.2791646815573296 0.3154484971324367 0.3103138649508252
22 0.10376834469343642 0.13310133972723162 0.28342961734353084 0.5614547255272406 0.13310133935510376 0.3158015708719843 0.28889781480318066 0.4114053421129642 0.1331013389384519 0.24587144871403793 0.4955971847547452 0.2888978149328857 0.28889781508492474 0.28889781494132355 0.2957148202872488 0.31597026838278214 0.2826699295081687 0.34886443483798846 0.4029799758721053 0.2834296178068729
18 0.07346423621008125 0.05194686839240603 0.4563244889723137 0.28342961744056083 0.051946868567029014 0.3107279919673913 0.3103138646984007 0.35259074909845367 0.05194686824688688 0.28593777396498155 0.2641964001522865 0.3103138647202286 0.31031386481481604 0.3103138646692969 0.44671958522813426 0.32924070350418333 0.3574977650641813 0.41761340090306476 0.3491943099652417 0.456324489088729
54 0.1696900394207333 0.28036126049158167 0.2358336639143686 0.2645038379901851 0.28036126032015907 0.12145232054589752 0.3975674504950018 0.2505209641515002 0.28036125972281817 0.581752144309148 0.16287829625190672 0.3975674506641596 0.39756745069660704 0.3975674505528033 0.2701607573379553 0.10943817997520874 0.49576561404213637 0.14729698021383977 0.35638027828764196 0.23583366418651766
17 0.22379084859258325 0.24376618274755998 0.28593777401418 0.24587144865375166 0.24376618228314176 0.12192449087641968 0.42149172809366386 0.2829564456626766 0.243766181575539 0.5347521010454063 0.18895427068472645 0.4214917279837017 0.42149172798625456 0.42149172800616463 0.258482282449576 0.1392603579132597 0.4200754471107027 0.2007795445564691 0.3427554538226383 0.2859377741321478
14 0.07346423621008125 0.05194686839240603 0.4563244889723137 0.28342961744056083 0.051946868567029014 0.3107279919673913 0.3103138646984007 0.35259074909845367 0.05194686824688688 0.28593777396498155 0.2641964001522865 0.3103138647202286 0.31031386481481604 0.3103138646692969 0.44671958522813426 0.32924070350418333 0.3574977650641813 0.41761340090306476 0.3491943099652417 0.456324489088729
60 0.1696900394207333 0.28036126049158167 0.2358336639143686 0.2645038379901851 0.28036126032015907 0.12145232054589752 0.3975674504950018 0.2505209641515002 0.28036125972281817 0.581752144309148 0.16287829625190672 0.3975674506641596 0.39756745069660704 0.3975674505528033 0.2701607573379553 0.10943817997520874 0.49576561404213637 0.14729698021383977 0.35638027828764196 0.23583366418651766
39 0.28081587538955805 0.2297739053819627 0.31031386454736143 0.28889781493315114 0.2297739048228032 0.1313504966509103 0.4368801217234414 0.3003520046679648 0.2297739046279796 0.42149172809587276 0.25048963124862583 0.4368801216854875 0.436880121729675 0.43688012158238376 0.22939381416606494 0.2157131866890822 0.3143040175730536 0.2791646815573296 0.3154484971324367 0.3103138649508252
7 0.22379084859258325 0.24376618274755998 0.28593777401418 0.24587144865375166 0.24376618228314176 0.12192449087641968 0.42149172809366386 0.2829564456626766 0.243766181575539 0.5347521010454063 0.18895427068472645 0.4214917279837017 0.42149172798625456 0.42149172800616463 0.258482282449576 0.1392603579132597 0.4200754471107027 0.2007795445564691 0.3427554538226383 0.2859377741321478
42 0.14371491910657297 0.12247950554565551 0.2641964003078278 0.49559718466233765 0.12247950539805273 0.4218528183541923 0.2504896311934084 0.45169423407611864 0.12247950522352916 0.1889542706217967 0.6153064080360386 0.2504896312719654 0.250489631300202 0.25048963127098645 0.1932480537748182 0.4380200260681815 0.16360556893386 0.3494387362219077 0.3518129157889019 0.26419640061380045
46 0.28081587538955805 0.2297739053819627 0.31031386454736143 0.28889781493315114 0.2297739048228032 0.1313504966509103 0.4368801217234414 0.3003520046679648 0.2297739046279796 0.42149172809587276 0.25048963124862583 0.4368801216854875 0.436880121729675 0.43688012158238376 0.22939381416606494 0.2157131866890822 0.3143040175730536 0.2791646815573296 0.3154484971324367 0.3103138649508252
51 -5.71910436085737e-05 0.016988536779662083 0.3936038453106776 0.3750419720020518 0.016988536263836472 0.6381132069945192 0.1708474402098122 0.3190878204824938 0.016988535780024357 0.1500595774447187 0.3514593488122265 0.17084744028551674 0.17084744024483592 0.1708474402265311 0.4343281944060636 0.47553970401920015 0.21998968793309556 0.48243972529668283 0.28439389221755423 0.39360384592683656
29 0.7943459939866784 0.5544001968463936 0.0734642366443437 0.10376834492725655 0.5544001943889406 0.012840658956446406 0.2808158752074185 0.11700756130678237 0.554400194683351 0.2237908485925875 0.1437149189756467 0.2808158754442575 0.2808158753673203 0.2808158752771499 -0.013200014024514366 0.09850711889847284 0.030394150941888114 0.085227246193843 0.08535969011190661 0.07346423653747093
65 0.1696900394207333 0.28036126049158167 0.2358336639143686 0.2645038379901851 0.28036126032015907 0.12145232054589752 0.3975674504950018 0.2505209641515002 0.28036125972281817 0.581752144309148 0.16287829625190672 0.3975674506641596 0.39756745069660704 0.3975674505528033 0.2701607573379553 0.10943817997520874 0.49576561404213637 0.14729698021383977 0.35638027828764196 0.23583366418651766
55 0.28081587538955805 0.2297739053819627 0.31031386454736143 0.28889781493315114 0.2297739048228032 0.1313504966509103 0.4368801217234414 0.3003520046679648 0.2297739046279796 0.42149172809587276 0.25048963124862583 0.4368801216854875 0.436880121729675 0.43688012158238376 0.22939381416606494 0.2157131866890822 0.3143040175730536 0.2791646815573296 0.3154484971324367 0.3103138649508252
47 0.09850711852296738 0.07346535170657918 0.32924070321669785 0.31597026830771435 0.07346535123338054 0.5906874216525725 0.21571318642359677 0.30540966274581993 0.07346535076642148 0.13926035780034896 0.4380200259001666 0.21571318642327844 0.21571318639736223 0.2157131863850985 0.23772382432096023 0.6753244692929907 0.1611254416607099 0.4794542115177655 0.22245197130667616 0.3292407038458327
63 0.5544001952596841 0.670080367185559 0.05194686878921547 0.1331013393480901 0.6700803665811528 0.026242814783257722 0.2297739047786586 0.09474917762678549 0.6700803667821672 0.24376618225456176 0.1224795051730047 0.2297739048430862 0.2297739048676726 0.22977390480592913 0.003149431913384948 0.07346535141399453 0.08843634960509578 0.06330271379644299 0.09997823998262714 0.051946868381949673
9 0.22379084859258325 0.24376618274755998 0.28593777401418 0.24587144865375166 0.24376618228314176 0.12192449087641968 0.42149172809366386 0.2829564456626766 0.243766181575539 0.5347521010454063 0.18895427068472645 0.4214917279837017 0.42149172798625456 0.42149172800616463 0.258482282449576 0.1392603579132597 0.4200754471107027 0.2007795445564691 0.3427554538226383 0.2859377741321478
1 0.22379084859258325 0.24376618274755998 0.28593777401418 0.24587144865375166 0.24376618228314176 0.12192449087641968 0.42149172809366386 0.2829564456626766 0.243766181575539 0.5347521010454063 0.18895427068472645 0.4214917279837017 0.42149172798625456 0.42149172800616463 0.258482282449576 0.1392603579132597 0.4200754471107027 0.2007795445564691 0.3427554538226383 0.2859377741321478
44 0.48756078047001045 0.2988678673640868 0.15129018891875431 0.36412290206363235 0.29886786609724725 0.14001303124432876 0.30337737890998695 0.43703011348686627 0.2988678660726982 0.25522378179126964 0.6681357719866557 0.30337737906189327 0.30337737902920525 0.30337737884872346 0.05281970282341805 0.29460868818452834 0.14379356680069164 0.13745037009983163 0.2957887554437716 0.15129018920781218
41 0.14371491910657297 0.12247950554565551 0.2641964003078278 0.49559718466233765 0.12247950539805273 0.4218528183541923 0.2504896311934084 0.45169423407611864 0.12247950522352916 0.1889542706217967 0.6153064080360386 0.2504896312719654 0.250489631300202 0.25048963127098645 0.1932480537748182 0.4380200260681815 0.16360556893386 0.3494387362219077 0.3518129157889019 0.26419640061380045
13 0.1696900394207333 0.28036126049158167 0.2358336639143686 0.2645038379901851 0.28036126032015907 0.12145232054589752 0.3975674504950018 0.2505209641515002 0.28036125972281817 0.581752144309148 0.16287829625190672 0.3975674506641596 0.39756745069660704 0.3975674505528033 0.2701607573379553 0.10943817997520874 0.49576561404213637 0.14729698021383977 0.35638027828764196 0.23583366418651766
15 0.22379084859258325 0.24376618274755998 0.28593777401418 0.24587144865375166 0.24376618228314176 0.12192449087641968 0.42149172809366386 0.2829564456626766 0.243766181575539 0.5347521010454063 0.18895427068472645 0.4214917279837017 0.42149172798625456 0.42149172800616463 0.258482282449576 0.1392603579132597 0.4200754471107027 0.2007795445564691 0.3427554538226383 0.2859377741321478
57 0.08522724718661204 0.06330271424340864 0.4176134012290953 0.348864435365613 0.06330271454766927 0.43067454954533607 0.27916468173757764 0.3368682345801735 0.06330271425782213 0.20077954485278923 0.3494387364655826 0.27916468174805137 0.27916468189638144 0.2791646816690131 0.3600346974333138 0.4794542120938373 0.23095430688128907 0.4876391527575929 0.2940422512806997 0.41761340133086233
26 0.03039415118779958 0.08843634913192715 0.3574977650857892 0.28266992956680626 0.08843634972711151 0.17840104107585844 0.3143040175659209 0.2976944036896342 0.0884363492859635 0.4200754471547804 0.1636055689549771 0.31430401751641235 0.3143040175677592 0.31430401750584086 0.508662833988967 0.16112544179157015 0.6332508470555526 0.23095430666715647 0.4268825477432996 0.3574977653498199
52 0.5544001952596841 0.670080367185559 0.05194686878921547 0.1331013393480901 0.6700803665811528 0.026242814783257722 0.2297739047786586 0.09474917762678549 0.6700803667821672 0.24376618225456176 0.1224795051730047 0.2297739048430862 0.2297739048676726 0.22977390480592913 0.003149431913384948 0.07346535141399453 0.08843634960509578 0.06330271379644299 0.09997823998262714 0.051946868381949673
67 0.5544001952596841 0.670080367185559 0.05194686878921547 0.1331013393480901 0.6700803665811528 0.026242814783257722 0.2297739047786586 0.09474917762678549 0.6700803667821672 0.24376618225456176 0.1224795051730047 0.2297739048430862 0.2297739048676726 0.22977390480592913 0.003149431913384948 0.07346535141399453 0.08843634960509578 0.06330271379644299 0.09997823998262714 0.051946868381949673
53 0.5544001952596841 0.670080367185559 0.05194686878921547 0.1331013393480901 0.6700803665811528 0.026242814783257722 0.2297739047786586 0.09474917762678549 0.6700803667821672 0.24376618225456176 0.1224795051730047 0.2297739048430862 0.2297739048676726 0.22977390480592913 0.003149431913384948 0.07346535141399453 0.08843634960509578 0.06330271379644299 0.09997823998262714 0.051946868381949673
58 0.7943459939866784 0.5544001968463936 0.0734642366443437 0.10376834492725655 0.5544001943889406 0.012840658956446406 0.2808158752074185 0.11700756130678237 0.554400194683351 0.2237908485925875 0.1437149189756467 0.2808158754442575 0.2808158753673203 0.2808158752771499 -0.013200014024514366 0.09850711889847284 0.030394150941888114 0.085227246193843 0.08535969011190661 0.07346423653747093
43 0.48756078047001045 0.2988678673640868 0.15129018891875431 0.36412290206363235 0.29886786609724725 0.14001303124432876 0.30337737890998695 0.43703011348686627 0.2988678660726982 0.25522378179126964 0.6681357719866557 0.30337737906189327 0.30337737902920525 0.30337737884872346 0.05281970282341805 0.29460868818452834 0.14379356680069164 0.13745037009983163 0.2957887554437716 0.15129018920781218
19 0.22379084859258325 0.24376618274755998 0.28593777401418 0.24587144865375166 0.24376618228314176 0.12192449087641968 0.42149172809366386 0.2829564456626766 0.243766181575539 0.5347521010454063 0.18895427068472645 0.4214917279837017 0.42149172798625456 0.42149172800616463 0.258482282449576 0.1392603579132597 0.4200754471107027 0.2007795445564691 0.3427554538226383 0.2859377741321478
3 0.22379084859258325 0.24376618274755998 0.28593777401418 0.24587144865375166 0.24376618228314176 0.12192449087641968 0.42149172809366386 0.2829564456626766 0.243766181575539 0.5347521010454063 0.18895427068472645 0.4214917279837017 0.42149172798625456 0.42149172800616463 0.258482282449576 0.1392603579132597 0.4200754471107027 0.2007795445564691 0.3427554538226383 0.2859377741321478
49 0.7943459939866784 0.5544001968463936 0.0734642366443437 0.10376834492725655 0.5544001943889406 0.012840658956446406 0.2808158752074185 0.11700756130678237 0.554400194683351 0.2237908485925875 0.1437149189756467 0.2808158754442575 0.2808158753673203 0.2808158752771499 -0.013200014024514366 0.09850711889847284 0.030394150941888114 0.085227246193843 0.08535969011190661 0.07346423653747093
35 0.28081587538955805 0.2297739053819627 0.31031386454736143 0.28889781493315114 0.2297739048228032 0.1313504966509103 0.4368801217234414 0.3003520046679648 0.2297739046279796 0.42149172809587276 0.25048963124862583 0.4368801216854875 0.436880121729675 0.43688012158238376 0.22939381416606494 0.2157131866890822 0.3143040175730536 0.2791646815573296 0.3154484971324367 0.3103138649508252
40 0.08535968998449994 0.0999782404659386 0.3491943096025478 0.40297997569652133 0.09997824046548359 0.23400925773817538 0.31544849687561866 0.4248602232368186 0.09997824016401018 0.342755453641318 0.3518129156683928 0.3154484969613725 0.3154484969391246 0.3154484968438439 0.39833853536345953 0.22245197141063877 0.42688254759615174 0.2940422508685279 0.45283702759570377 0.3491943103857539
21 0.10376834469343642 0.13310133972723162 0.28342961734353084 0.5614547255272406 0.13310133935510376 0.3158015708719843 0.28889781480318066 0.4114053421129642 0.1331013389384519 0.24587144871403793 0.4955971847547452 0.2888978149328857 0.28889781508492474 0.28889781494132355 0.2957148202872488 0.31597026838278214 0.2826699295081687 0.34886443483798846 0.4029799758721053 0.2834296178068729
25 0.22379084859258325 0.24376618274755998 0.28593777401418 0.24587144865375166 0.24376618228314176 0.12192449087641968 0.42149172809366386 0.2829564456626766 0.243766181575539 0.5347521010454063 0.18895427068472645 0.4214917279837017 0.42149172798625456 0.42149172800616463 0.258482282449576 0.1392603579132597 0.4200754471107027 0.2007795445564691 0.3427554538226383 0.2859377741321478
11 0.1696900394207333 0.28036126049158167 0.2358336639143686 0.2645038379901851 0.28036126032015907 0.12145232054589752 0.3975674504950018 0.2505209641515002 0.28036125972281817 0.581752144309148 0.16287829625190672 0.3975674506641596 0.39756745069660704 0.3975674505528033 0.2701607573379553 0.10943817997520874 0.49576561404213637 0.14729698021383977 0.35638027828764196 0.23583366418651766
2 0.07346423621008125 0.05194686839240603 0.4563244889723137 0.28342961744056083 0.051946868567029014 0.3107279919673913 0.3103138646984007 0.35259074909845367 0.05194686824688688 0.28593777396498155 0.2641964001522865 0.3103138647202286 0.31031386481481604 0.3103138646692969 0.44671958522813426 0.32924070350418333 0.3574977650641813 0.41761340090306476 0.3491943099652417 0.456324489088729
50 0.13694006867255876 0.2873985814807562 0.2140864041897231 0.23461992993259204 0.28739858094255016 0.12409658376391143 0.37672715101212156 0.23078296541352436 0.2873985810624655 0.632267806382697 0.1393653134601909 0.37672715117244504 0.37672715124108147 0.3767271511841157 0.2771129838285352 0.09593696320174123 0.5528684121905412 0.10468006249261753 0.35837135750500576 0.21408640466132717
33 0.5544001952596841 0.670080367185559 0.05194686878921547 0.1331013393480901 0.6700803665811528 0.026242814783257722 0.2297739047786586 0.09474917762678549 0.6700803667821672 0.24376618225456176 0.1224795051730047 0.2297739048430862 0.2297739048676726 0.22977390480592913 0.003149431913384948 0.07346535141399453 0.08843634960509578 0.06330271379644299 0.09997823998262714 0.051946868381949673
38 0.7943459939866784 0.5544001968463936 0.0734642366443437 0.10376834492725655 0.5544001943889406 0.012840658956446406 0.2808158752074185 0.11700756130678237 0.554400194683351 0.2237908485925875 0.1437149189756467 0.2808158754442575 0.2808158753673203 0.2808158752771499 -0.013200014024514366 0.09850711889847284 0.030394150941888114 0.085227246193843 0.08535969011190661 0.07346423653747093
0 0.05433078918521576 0.06757077623846021 0.425807241729941 0.3033257643963826 0.067570776262963 0.24260649609464838 0.31997059467374905 0.33332529600245403 0.06757077595522087 0.34040570304348783 0.2179974501762968 0.3199705947300339 0.3199705948244278 0.31997059471821676 0.48316758688775147 0.24403519098734308 0.4662455371472055 0.35344630895388646 0.38796906394941044 0.42580724191476826
64 0.5544001952596841 0.670080367185559 0.05194686878921547 0.1331013393480901 0.6700803665811528 0.026242814783257722 0.2297739047786586 0.09474917762678549 0.6700803667821672 0.24376618225456176 0.1224795051730047 0.2297739048430862 0.2297739048676726 0.22977390480592913 0.003149431913384948 0.07346535141399453 0.08843634960509578 0.06330271379644299 0.09997823998262714 0.051946868381949673
32 0.5544001952596841 0.670080367185559 0.05194686878921547 0.1331013393480901 0.6700803665811528 0.026242814783257722 0.2297739047786586 0.09474917762678549 0.6700803667821672 0.24376618225456176 0.1224795051730047 0.2297739048430862 0.2297739048676726 0.22977390480592913 0.003149431913384948 0.07346535141399453 0.08843634960509578 0.06330271379644299 0.09997823998262714 0.051946868381949673
48 0.7943459939866784 0.5544001968463936 0.0734642366443437 0.10376834492725655 0.5544001943889406 0.012840658956446406 0.2808158752074185 0.11700756130678237 0.554400194683351 0.2237908485925875 0.1437149189756467 0.2808158754442575 0.2808158753673203 0.2808158752771499 -0.013200014024514366 0.09850711889847284 0.030394150941888114 0.085227246193843 0.08535969011190661 0.07346423653747093
68 0.5544001952596841 0.670080367185559 0.05194686878921547 0.1331013393480901 0.6700803665811528 0.026242814783257722 0.2297739047786586 0.09474917762678549 0.6700803667821672 0.24376618225456176 0.1224795051730047 0.2297739048430862 0.2297739048676726 0.22977390480592913 0.003149431913384948 0.07346535141399453 0.08843634960509578 0.06330271379644299 0.09997823998262714 0.051946868381949673
31 0.012840658956444805 0.02624281489674945 0.31072799183719685 0.31580157090235633 0.02624281478906371 0.7952141931007147 0.13135049657141984 0.304720443222493 0.02624281486745351 0.1219244908764154 0.4218528183315703 0.13135049667293594 0.13135049661319387 0.13135049663691412 0.31128418227261656 0.5906874217848814 0.178401040994731 0.43067454921591897 0.2340092577808138 0.3107279921683411
20 0.08535968998449994 0.0999782404659386 0.3491943096025478 0.40297997569652133 0.09997824046548359 0.23400925773817538 0.31544849687561866 0.4248602232368186 0.09997824016401018 0.342755453641318 0.3518129156683928 0.3154484969613725 0.3154484969391246 0.3154484968438439 0.39833853536345953 0.22245197141063877 0.42688254759615174 0.2940422508685279 0.45283702759570377 0.3491943103857539
5 0.22379084859258325 0.24376618274755998 0.28593777401418 0.24587144865375166 0.24376618228314176 0.12192449087641968 0.42149172809366386 0.2829564456626766 0.243766181575539 0.5347521010454063 0.18895427068472645 0.4214917279837017 0.42149172798625456 0.42149172800616463 0.258482282449576 0.1392603579132597 0.4200754471107027 0.2007795445564691 0.3427554538226383 0.2859377741321478
36 0.28081587538955805 0.2297739053819627 0.31031386454736143 0.28889781493315114 0.2297739048228032 0.1313504966509103 0.4368801217234414 0.3003520046679648 0.2297739046279796 0.42149172809587276 0.25048963124862583 0.4368801216854875 0.436880121729675 0.43688012158238376 0.22939381416606494 0.2157131866890822 0.3143040175730536 0.2791646815573296 0.3154484971324367 0.3103138649508252
66 0.012840658956444805 0.02624281489674945 0.31072799183719685 0.31580157090235633 0.02624281478906371 0.7952141931007147 0.13135049657141984 0.304720443222493 0.02624281486745351 0.1219244908764154 0.4218528183315703 0.13135049667293594 0.13135049661319387 0.13135049663691412 0.31128418227261656 0.5906874217848814 0.178401040994731 0.43067454921591897 0.2340092577808138 0.3107279921683411
61 0.012840658956444805 0.02624281489674945 0.31072799183719685 0.31580157090235633 0.02624281478906371 0.7952141931007147 0.13135049657141984 0.304720443222493 0.02624281486745351 0.1219244908764154 0.4218528183315703 0.13135049667293594 0.13135049661319387 0.13135049663691412 0.31128418227261656 0.5906874217848814 0.178401040994731 0.43067454921591897 0.2340092577808138 0.3107279921683411
23 0.48756078047001045 0.2988678673640868 0.15129018891875431 0.36412290206363235 0.29886786609724725 0.14001303124432876 0.30337737890998695 0.43703011348686627 0.2988678660726982 0.25522378179126964 0.6681357719866557 0.30337737906189327 0.30337737902920525 0.30337737884872346 0.05281970282341805 0.29460868818452834 0.14379356680069164 0.13745037009983163 0.2957887554437716 0.15129018920781218
59 0.28081587538955805 0.2297739053819627 0.31031386454736143 0.28889781493315114 0.2297739048228032 0.1313504966509103 0.4368801217234414 0.3003520046679648 0.2297739046279796 0.42149172809587276 0.25048963124862583 0.4368801216854875 0.436880121729675 0.43688012158238376 0.22939381416606494 0.2157131866890822 0.3143040175730536 0.2791646815573296 0.3154484971324367 0.3103138649508252
34 0.5544001952596841 0.670080367185559 0.05194686878921547 0.1331013393480901 0.6700803665811528 0.026242814783257722 0.2297739047786586 0.09474917762678549 0.6700803667821672 0.24376618225456176 0.1224795051730047 0.2297739048430862 0.2297739048676726 0.22977390480592913 0.003149431913384948 0.07346535141399453 0.08843634960509578 0.06330271379644299 0.09997823998262714 0.051946868381949673
24 0.1170075618676511 0.0947491779824285 0.3525907492745335 0.4114053424170157 0.09474917778533615 0.30472044352751715 0.300352004795234 0.4695187984570733 0.09474917738215435 0.28295644616058424 0.4516942343661741 0.3003520048522972 0.30035200505954235 0.3003520048415548 0.3276567610695011 0.3054096631836059 0.2976944039812402 0.33686823481476474 0.4248602241835161 0.3525907498246047
8 0.05433078918521576 0.06757077623846021 0.425807241729941 0.3033257643963826 0.067570776262963 0.24260649609464838 0.31997059467374905 0.33332529600245403 0.06757077595522087 0.34040570304348783 0.2179974501762968 0.3199705947300339 0.3199705948244278 0.31997059471821676 0.48316758688775147 0.24403519098734308 0.4662455371472055 0.35344630895388646 0.38796906394941044 0.42580724191476826
45 0.28081587538955805 0.2297739053819627 0.31031386454736143 0.28889781493315114 0.2297739048228032 0.1313504966509103 0.4368801217234414 0.3003520046679648 0.2297739046279796 0.42149172809587276 0.25048963124862583 0.4368801216854875 0.436880121729675 0.43688012158238376 0.22939381416606494 0.2157131866890822 0.3143040175730536 0.2791646815573296 0.3154484971324367 0.3103138649508252
