66 0.30775387569533796 0.41532556027987794 0.3090685316897279 0.1256761547264364 0.19155991056831037 0.1718450010838815 0.42313484361193343 0.3625467401198272 0.3625467405273328 0.19155991048303647 0.5025635801389724 0.32200290080425403 0.2858469571987518 0.20402342880304625 0.29496226025588385 0.17810856823731455 0.2998630108391706 0.2040234284196249 0.38824141830869563 0.44276365908920134
5 0.24973021730317366 0.209425014121111 0.2595845236040775 0.33321029904478916 0.42489259023761333 0.3593923454560678 0.28273613940511494 0.3258712653712994 0.3258712658042582 0.42489259060019713 0.20402342858210862 0.13783255586528148 0.27166363369536645 0.4787814177681231 0.25764030707248575 0.3682556102465868 0.2735230909077139 0.4787814176312073 0.19669815393760745 0.1562850575212602
17 0.2702351964101328 0.1994362216376455 0.25186784271587204 0.320305652777459 0.4375545167081886 0.4361020845540938 0.2749856514772594 0.2681254535845311 0.2681254541208242 0.437554517034095 0.19155991062475097 0.10097574363123246 0.2976502256741177 0.4248925904837905 0.2975409151306694 0.4344550391171949 0.297924014953009 0.42489259016268277 0.20730669523634004 0.15199177688310855
7 0.3025657467505737 0.18910840311134441 0.2512141577352966 0.3332679075442663 0.4344550391433029 0.49156449173763006 0.2663887642778107 0.21503586219573026 0.21503586282501533 0.4344550393495356 0.17810856826092678 0.08476316307211765 0.30082678093943255 0.36825561031125414 0.32472668613081485 0.49961781021144835 0.31034115400887785 0.3682556100897621 0.2111860443258872 0.13902858908848229
38 0.20553594567119546 0.05123873477460313 0.4105963189963312 0.9216480841075428 0.26531169366064744 0.22691908836631458 0.20767688873876922 0.23091333093411093 0.2309133312987394 0.2653116941805208 0.10789486204509006 0.34752769959500884 0.15590566410769005 0.4212820878727535 0.20332789751658936 0.11641703604569599 0.10914753754513647 0.421282089986652 0.12348137475455435 0.0363865639354532
62 0.3025657467505737 0.18910840311134441 0.2512141577352966 0.3332679075442663 0.4344550391433029 0.49156449173763006 0.2663887642778107 0.21503586219573026 0.21503586282501533 0.4344550393495356 0.17810856826092678 0.08476316307211765 0.30082678093943255 0.36825561031125414 0.32472668613081485 0.49961781021144835 0.31034115400887785 0.3682556100897621 0.2111860443258872 0.13902858908848229
16 0.2962245103983431 0.45658909752393306 0.2746007062213157 0.0896551275624498 0.1994362216992991 0.18599649537936663 0.3111111178664212 0.3812481678197929 0.3812481680340277 0.19943622174668946 0.4153255603698546 0.2838045458127342 0.33744408493102696 0.20942501423064264 0.3120166004705257 0.18910840313094107 0.34749431974615824 0.20942501400620722 0.41464529374346115 0.48813234260955773
1 0.27246356112571424 0.34749431941047376 0.21241341374647654 0.12377714173854135 0.29792401496705756 0.3397638699709402 0.30824938857476947 0.2984903809213357 0.29849038117690674 0.29792401494680465 0.2998630107308888 0.12337493954593935 0.4734578050407948 0.2735230910341577 0.3859608982663403 0.3103411540750393 0.4467202682189738 0.2735230906376675 0.3661032416858704 0.34728109081176034
9 0.3025657467505737 0.18910840311134441 0.2512141577352966 0.3332679075442663 0.4344550391433029 0.49156449173763006 0.2663887642778107 0.21503586219573026 0.21503586282501533 0.4344550393495356 0.17810856826092678 0.08476316307211765 0.30082678093943255 0.36825561031125414 0.32472668613081485 0.49961781021144835 0.31034115400887785 0.3682556100897621 0.2111860443258872 0.13902858908848229
54 0.35504218578317825 0.30031793785171745 0.4089119315679772 0.293819921459433 0.29252328773563335 0.2591887032008442 0.3215104004894777 0.3436280698854188 0.3436280702948697 0.29252328776870595 0.31780175110447106 0.22933054194397004 0.3150904247676199 0.29396495591424665 0.378209019728325 0.2457461354817621 0.3061389822398416 0.2939649552016412 0.36810256653857293 0.30661063227615853
47 0.3934050504861131 0.27782983587242244 0.4886819787069608 0.37883803282888817 0.26914409933221933 0.21344905147195417 0.31768664127222257 0.3551004498807335 0.35510045022550035 0.2691440995280041 0.318022066917807 0.32575629899233327 0.22715478844308473 0.2912452582060904 0.3458647251087451 0.21492821902268977 0.2332467977152731 0.29124525804319645 0.34509663982423294 0.27266327019547193
35 0.3033444092443112 0.2799932964984388 0.43686030682172666 0.3257188330811812 0.28122967609716565 0.21060359902695064 0.31643598643812926 0.39402110433238385 0.3940211047309739 0.28122967611738464 0.32230537817682875 0.3155243904750458 0.2874896852873319 0.31785837925837324 0.33790202746101533 0.17636127198935395 0.25677665982224607 0.3178583787287625 0.3483963293604761 0.3142055950246776
65 0.3203617717111005 0.31111111781983203 0.31492280860012384 0.2322282657779544 0.27498565151563203 0.2572272484501482 0.5469328688677355 0.3182959834485254 0.3182959837433874 0.27498565154837035 0.4231348436119527 0.21333342762901253 0.30033705517055015 0.28273613962725164 0.31683908220801005 0.2663887642536368 0.3082493884503585 0.2827361392348885 0.3181184843334753 0.2934424726395527
11 0.27246356112571424 0.34749431941047376 0.21241341374647654 0.12377714173854135 0.29792401496705756 0.3397638699709402 0.30824938857476947 0.2984903809213357 0.29849038117690674 0.29792401494680465 0.2998630107308888 0.12337493954593935 0.4734578050407948 0.2735230910341577 0.3859608982663403 0.3103411540750393 0.4467202682189738 0.2735230906376675 0.3661032416858704 0.34728109081176034
37 0.39453203313546653 0.23482756238507965 0.5526480078196365 0.47466280811471623 0.22947842278190253 0.1628750785087929 0.3006664649640178 0.3592099895223838 0.35920998988332403 0.22947842307688068 0.3006816658361236 0.4717824370009542 0.15418406435201792 0.28294226764326624 0.2950193957916188 0.16199158617427184 0.15858914389821815 0.28294226813218093 0.3017909010155661 0.2275597805453605
56 0.36456281821164005 0.42392272177671736 0.39267266977803594 0.17166417547827764 0.15273071973004235 0.11622423647498234 0.2815978374100516 0.39400861555713257 0.39400861593597214 0.15273071971945337 0.4279803090432987 0.642813645460211 0.11362618946744282 0.18660573538409359 0.19502716723091998 0.13313159016924284 0.16861685839986965 0.18660573407380712 0.33917735584575737 0.4190648454362083
2 0.27937378294927523 0.38124816782478177 0.3093739427675245 0.17271056519378186 0.2681254537230811 0.2011341226294392 0.3182959835345215 0.4428248783725587 0.44282487865098646 0.26812545390914194 0.3625467403333486 0.31306901446942387 0.2882595645548331 0.325871265844868 0.26691288812784153 0.21503586252383985 0.2984903811962135 0.32587126528059784 0.3256811269897557 0.36843413622222965
8 0.2423804960635607 0.4881323425361188 0.22959024942247197 0.04891347272700841 0.15199177688919008 0.1429293885894367 0.29344247262423995 0.36843413605015485 0.36843413636643163 0.1519917767473089 0.4427636590676105 0.31236989182272623 0.3545146156393457 0.15628505773020152 0.2923110865376657 0.13902858901565196 0.34728109097341076 0.15628505729546305 0.434862398164114 0.5839667289965291
40 0.2638048622604351 0.18599649530512274 0.21668482387604146 0.2804693994907001 0.4361020845422146 0.5392762166342995 0.25722724843812106 0.20113412238139605 0.20113412288506122 0.43610208467265177 0.17184500107549922 0.07740126019286449 0.3541734455467853 0.3593923455588761 0.32982844178836873 0.49156449170406746 0.339763869935717 0.3593923452544079 0.2153028714337304 0.1429293885961491
67 0.028784730793133623 0.024317541977739214 -0.05940137244757019 0.8870070103245228 0.4269565105472138 0.3931805766424935 0.05363321492195763 0.031008474952415627 0.03100847542042447 0.42695651081330493 -0.007607589948020642 0.022181961404635287 -0.12256052435989528 0.3365681421163297 -0.06218553239193323 0.6593597116871024 -0.04764444874658909 0.33656814221360876 0.03554267589313194 -0.0036198742556895085
52 0.39453203313546653 0.23482756238507965 0.5526480078196365 0.47466280811471623 0.22947842278190253 0.1628750785087929 0.3006664649640178 0.3592099895223838 0.35920998988332403 0.22947842307688068 0.3006816658361236 0.4717824370009542 0.15418406435201792 0.28294226764326624 0.2950193957916188 0.16199158617427184 0.15858914389821815 0.28294226813218093 0.3017909010155661 0.2275597805453605
26 0.2809783164640135 0.42126641828110445 0.34304047986799296 0.14033195373700977 0.16258848896481884 0.10874513036105642 0.2801551920888964 0.42767571233446 0.42767571263886994 0.16258848875758924 0.4278901415256883 0.6258814455412002 0.16833969410673413 0.20168593746558905 0.18982214471636763 0.11113134333280304 0.19008044862431658 0.2016859360955431 0.3387522936402967 0.46199989654546575
0 0.2513108404093004 0.35576533714374503 0.21658048496571433 0.11746622839095001 0.2979651176118707 0.3134404320683463 0.3106827826213319 0.3362060798100485 0.33620608007207986 0.2979651176064949 0.3138314300346014 0.14392817119299237 0.4586518306295385 0.29112208263477396 0.3587412497383296 0.28082458531315574 0.42650418420847624 0.29112208206405343 0.3585553736506905 0.36615251249749026
41 0.2457949958568285 0.2838045457850939 0.3372142940902149 0.23417437633449867 0.10097574363804672 0.0774012602016783 0.213333427629079 0.3130690143890257 0.31306901458538794 0.10097574370114532 0.3220029008043611 1.036865437469723 0.11304677496380246 0.1378325560412115 0.14221294970720558 0.08476316302154535 0.12337493971952815 0.13783255570706085 0.22981147006820773 0.31236989184525343
4 0.27937378294927523 0.38124816782478177 0.3093739427675245 0.17271056519378186 0.2681254537230811 0.2011341226294392 0.3182959835345215 0.4428248783725587 0.44282487865098646 0.26812545390914194 0.3625467403333486 0.31306901446942387 0.2882595645548331 0.325871265844868 0.26691288812784153 0.21503586252383985 0.2984903811962135 0.32587126528059784 0.3256811269897557 0.36843413622222965
45 0.41087211960069975 0.3085555049001393 0.39390362688923697 0.2864850401405455 0.29222614838231414 0.3003130959295038 0.32096074401702324 0.2855758394490753 0.2855758399501368 0.2922261483670756 0.3054028872060211 0.17867340186277741 0.3271933125308333 0.2633002234354966 0.40908189067152245 0.30833755127954215 0.34122395225267016 0.263300223091777 0.3765994755928478 0.2829402075360187
49 0.38030266682140634 0.31201660040904994 0.34066015091858004 0.2439203996473099 0.2975409150432516 0.3298284418540922 0.3168390822574939 0.26691288810200187 0.26691288843696004 0.29754091527712184 0.294962260259833 0.14221294978054638 0.3844373869897306 0.25764030732808546 0.42454108766292803 0.32472668609405303 0.38596089841147374 0.2576403068154605 0.3819404208827614 0.29231108660554483
6 0.27937378294927523 0.38124816782478177 0.3093739427675245 0.17271056519378186 0.2681254537230811 0.2011341226294392 0.3182959835345215 0.4428248783725587 0.44282487865098646 0.26812545390914194 0.3625467403333486 0.31306901446942387 0.2882595645548331 0.325871265844868 0.26691288812784153 0.21503586252383985 0.2984903811962135 0.32587126528059784 0.3256811269897557 0.36843413622222965
51 0.3393527436494573 0.3958321629429186 0.39460345628027044 0.17317208001091763 0.20024989497847226 0.16959356730860062 0.3114927191776186 0.3806471050393746 0.38064710537082214 0.20024989484597158 0.41015079974043495 0.3698703160246535 0.2738780982757963 0.20718602173220307 0.3201538615252478 0.15079875196349016 0.27167563044104237 0.20718602021267543 0.4279869981740901 0.4456160598286988
22 0.354899771236664 0.4146452935756282 0.33100326206367536 0.1414001847302965 0.20730669525661855 0.21530287141077625 0.318118484316708 0.3256811268462402 0.32568112709941704 0.20730669523259498 0.38824141827592273 0.2298114700410473 0.3597757536830332 0.19669815407748834 0.3819404207683711 0.2111860442510926 0.366103241710643 0.19669815359952786 0.45048472723355687 0.4348623981805857
28 0.2702351964101328 0.1994362216376455 0.25186784271587204 0.320305652777459 0.4375545167081886 0.4361020845540938 0.2749856514772594 0.2681254535845311 0.2681254541208242 0.437554517034095 0.19155991062475097 0.10097574363123246 0.2976502256741177 0.4248925904837905 0.2975409151306694 0.4344550391171949 0.297924014953009 0.42489259016268277 0.20730669523634004 0.15199177688310855
25 0.2702351964101328 0.1994362216376455 0.25186784271587204 0.320305652777459 0.4375545167081886 0.4361020845540938 0.2749856514772594 0.2681254535845311 0.2681254541208242 0.437554517034095 0.19155991062475097 0.10097574363123246 0.2976502256741177 0.4248925904837905 0.2975409151306694 0.4344550391171949 0.297924014953009 0.42489259016268277 0.20730669523634004 0.15199177688310855
30 0.29244058239503024 0.3673099055337013 0.2618508486572455 0.1430853333454855 0.2936850313436874 0.2862685513446939 0.3180312936884174 0.3583186128496707 0.3583186132337365 0.2936850314281772 0.33167933030398 0.1758238251938069 0.39319575688565783 0.2967994893936918 0.34690718537913595 0.279952551099355 0.386767542920983 0.29679948882523166 0.3586704829460797 0.35983770458752956
69 0.22835270364962476 0.33744408489804373 0.17322334930900793 0.10284268727241469 0.29765022570338706 0.3541734456013094 0.30033705515914894 0.2882595645714267 0.2882595647513827 0.2976502259346888 0.2858469572465838 0.11304677503424185 0.5241405060874772 0.27166363394295107 0.38443738694469776 0.300826780842382 0.47345780503133916 0.27166363353234546 0.35977575380005433 0.3545146157802203
64 0.03771077160587982 0.006756650083410003 -0.04326851731950439 0.8516216158901636 0.4235734433773307 0.47579179137394473 0.05017183625925747 0.042858345699672944 0.04285834607199541 0.4235734436390269 -0.009302764835831841 0.020181986702126235 -0.11566509171084967 0.2245958571546222 -0.050782433230219415 0.7483670122899435 -0.04886628514216284 0.22459585571171153 0.014949696557161468 0.0008658222010988799
50 0.35504218578317825 0.30031793785171745 0.4089119315679772 0.293819921459433 0.29252328773563335 0.2591887032008442 0.3215104004894777 0.3436280698854188 0.3436280702948697 0.29252328776870595 0.31780175110447106 0.22933054194397004 0.3150904247676199 0.29396495591424665 0.378209019728325 0.2457461354817621 0.3061389822398416 0.2939649552016412 0.36810256653857293 0.30661063227615853
59 0.028784730793133623 0.024317541977739214 -0.05940137244757019 0.8870070103245228 0.4269565105472138 0.3931805766424935 0.05363321492195763 0.031008474952415627 0.03100847542042447 0.42695651081330493 -0.007607589948020642 0.022181961404635287 -0.12256052435989528 0.3365681421163297 -0.06218553239193323 0.6593597116871024 -0.04764444874658909 0.33656814221360876 0.03554267589313194 -0.0036198742556895085
36 0.39453203313546653 0.23482756238507965 0.5526480078196365 0.47466280811471623 0.22947842278190253 0.1628750785087929 0.3006664649640178 0.3592099895223838 0.35920998988332403 0.22947842307688068 0.3006816658361236 0.4717824370009542 0.15418406435201792 0.28294226764326624 0.2950193957916188 0.16199158617427184 0.15858914389821815 0.28294226813218093 0.3017909010155661 0.2275597805453605
63 0.03771077160587982 0.006756650083410003 -0.04326851731950439 0.8516216158901636 0.4235734433773307 0.47579179137394473 0.05017183625925747 0.042858345699672944 0.04285834607199541 0.4235734436390269 -0.009302764835831841 0.020181986702126235 -0.11566509171084967 0.2245958571546222 -0.050782433230219415 0.7483670122899435 -0.04886628514216284 0.22459585571171153 0.014949696557161468 0.0008658222010988799
27 0.2702351964101328 0.1994362216376455 0.25186784271587204 0.320305652777459 0.4375545167081886 0.4361020845540938 0.2749856514772594 0.2681254535845311 0.2681254541208242 0.437554517034095 0.19155991062475097 0.10097574363123246 0.2976502256741177 0.4248925904837905 0.2975409151306694 0.4344550391171949 0.297924014953009 0.42489259016268277 0.20730669523634004 0.15199177688310855
43 0.028784730793133623 0.024317541977739214 -0.05940137244757019 0.8870070103245228 0.4269565105472138 0.3931805766424935 0.05363321492195763 0.031008474952415627 0.03100847542042447 0.42695651081330493 -0.007607589948020642 0.022181961404635287 -0.12256052435989528 0.3365681421163297 -0.06218553239193323 0.6593597116871024 -0.04764444874658909 0.33656814221360876 0.03554267589313194 -0.0036198742556895085
55 0.29244058239503024 0.3673099055337013 0.2618508486572455 0.1430853333454855 0.2936850313436874 0.2862685513446939 0.3180312936884174 0.3583186128496707 0.3583186132337365 0.2936850314281772 0.33167933030398 0.1758238251938069 0.39319575688565783 0.2967994893936918 0.34690718537913595 0.279952551099355 0.386767542920983 0.29679948882523166 0.3586704829460797 0.35983770458752956
20 0.35504218578317825 0.30031793785171745 0.4089119315679772 0.293819921459433 0.29252328773563335 0.2591887032008442 0.3215104004894777 0.3436280698854188 0.3436280702948697 0.29252328776870595 0.31780175110447106 0.22933054194397004 0.3150904247676199 0.29396495591424665 0.378209019728325 0.2457461354817621 0.3061389822398416 0.2939649552016412 0.36810256653857293 0.30661063227615853
15 0.2702351964101328 0.1994362216376455 0.25186784271587204 0.320305652777459 0.4375545167081886 0.4361020845540938 0.2749856514772594 0.2681254535845311 0.2681254541208242 0.437554517034095 0.19155991062475097 0.10097574363123246 0.2976502256741177 0.4248925904837905 0.2975409151306694 0.4344550391171949 0.297924014953009 0.42489259016268277 0.20730669523634004 0.15199177688310855
24 0.28320955125302644 0.41000970979361573 0.2878726947398064 0.11792037408934442 0.21209347387561855 0.20643816023530376 0.31404438976879084 0.3512740946586585 0.35127409515468816 0.21209347402198123 0.3851323700815643 0.22470876991684696 0.4039645961364508 0.20744284597194684 0.367066627882255 0.189433145078833 0.3807888389015138 0.20744284522586828 0.43974301084649514 0.4688745151720263
48 0.4896539453987466 0.29622451001788186 0.480678932891562 0.3740881721345213 0.2702351965508064 0.2638048623041502 0.320361771699434 0.27937378280702985 0.27937378304448063 0.27023519663752 0.3077538756855957 0.24579499583742573 0.2283527029564141 0.24973021735176154 0.3803026665112403 0.302565746577503 0.27246356219257795 0.24973021693252614 0.35489977130735173 0.24238049620091787
46 0.28347781044403825 0.46050005847747066 0.28911118094073623 0.08090311541955117 0.15620239248606801 0.14996936202615077 0.2989462418167881 0.35398619806189724 0.35398619822319216 0.15620239235995786 0.43818344001403897 0.31655471933969387 0.34065057075288857 0.1534499031913038 0.3208370644730321 0.13536149000736003 0.3309241822648273 0.15344990197321481 0.46290259421344426 0.5529755748574404
68 0.23931389942578152 0.3082275416383504 0.1800722077372465 0.1321974258867572 0.2931394550785932 0.36894272346623347 0.41177198111564683 0.24527026179357642 0.24527026196859136 0.29313945519873336 0.3105070334692467 0.10761811409840005 0.5081827973367202 0.255845309394133 0.3999976409549127 0.3159893358898886 0.46310784671732863 0.2558453095637752 0.355947548028172 0.31889550191190236
60 0.2638048622604351 0.18599649530512274 0.21668482387604146 0.2804693994907001 0.4361020845422146 0.5392762166342995 0.25722724843812106 0.20113412238139605 0.20113412288506122 0.43610208467265177 0.17184500107549922 0.07740126019286449 0.3541734455467853 0.3593923455588761 0.32982844178836873 0.49156449170406746 0.339763869935717 0.3593923452544079 0.2153028714337304 0.1429293885961491
29 0.028784730793133623 0.024317541977739214 -0.05940137244757019 0.8870070103245228 0.4269565105472138 0.3931805766424935 0.05363321492195763 0.031008474952415627 0.03100847542042447 0.42695651081330493 -0.007607589948020642 0.022181961404635287 -0.12256052435989528 0.3365681421163297 -0.06218553239193323 0.6593597116871024 -0.04764444874658909 0.33656814221360876 0.03554267589313194 -0.0036198742556895085
32 0.2359702671803474 0.2926801312293596 0.34609375488837263 0.34549469036099123 0.08858451906414358 0.09195902021711043 0.23812478998038003 0.4093148651947875 0.409314865387685 0.08858451971151428 0.28546866759277517 0.9233286110120695 0.07419723633621857 0.25672176626261634 0.13335368445107493 0.15711294100521941 0.14716621977251237 0.2567217729646852 0.18674007448647909 0.1823030319359542
42 0.028784730793133623 0.024317541977739214 -0.05940137244757019 0.8870070103245228 0.4269565105472138 0.3931805766424935 0.05363321492195763 0.031008474952415627 0.03100847542042447 0.42695651081330493 -0.007607589948020642 0.022181961404635287 -0.12256052435989528 0.3365681421163297 -0.06218553239193323 0.6593597116871024 -0.04764444874658909 0.33656814221360876 0.03554267589313194 -0.0036198742556895085
3 0.24973021730317366 0.209425014121111 0.2595845236040775 0.33321029904478916 0.42489259023761333 0.3593923454560678 0.28273613940511494 0.3258712653712994 0.3258712658042582 0.42489259060019713 0.20402342858210862 0.13783255586528148 0.27166363369536645 0.4787814177681231 0.25764030707248575 0.3682556102465868 0.2735230909077139 0.4787814176312073 0.19669815393760745 0.1562850575212602
31 0.24973021730317366 0.209425014121111 0.2595845236040775 0.33321029904478916 0.42489259023761333 0.3593923454560678 0.28273613940511494 0.3258712653712994 0.3258712658042582 0.42489259060019713 0.20402342858210862 0.13783255586528148 0.27166363369536645 0.4787814177681231 0.25764030707248575 0.3682556102465868 0.2735230909077139 0.4787814176312073 0.19669815393760745 0.1562850575212602
44 0.028784730793133623 0.024317541977739214 -0.05940137244757019 0.8870070103245228 0.4269565105472138 0.3931805766424935 0.05363321492195763 0.031008474952415627 0.03100847542042447 0.42695651081330493 -0.007607589948020642 0.022181961404635287 -0.12256052435989528 0.3365681421163297 -0.06218553239193323 0.6593597116871024 -0.04764444874658909 0.33656814221360876 0.03554267589313194 -0.0036198742556895085
10 0.27045302093563284 0.375195106824041 0.27372562614844737 0.14551653825048386 0.28610241349684074 0.2469410954797317 0.31862926467070873 0.4048754562768334 0.404875456603916 0.286102413446422 0.3475531163637146 0.22781183250611825 0.35924325959919046 0.3158128313028815 0.3067851468028593 0.24184107242189687 0.35166033875218705 0.3158128306240726 0.3436851696132561 0.3745793916194098
18 0.3203617717111005 0.31111111781983203 0.31492280860012384 0.2322282657779544 0.27498565151563203 0.2572272484501482 0.5469328688677355 0.3182959834485254 0.3182959837433874 0.27498565154837035 0.4231348436119527 0.21333342762901253 0.30033705517055015 0.28273613962725164 0.31683908220801005 0.2663887642536368 0.3082493884503585 0.2827361392348885 0.3181184843334753 0.2934424726395527
34 0.028958292806282617 0.039467602112003175 -0.1060165159951426 0.9019256015051708 0.38811554386367053 0.27323538062390607 0.057657519970557944 0.0356081463417904 0.03560814702937747 0.3881155438004149 -0.003692720150712423 0.04262592975857676 -0.11216254533104084 0.5114737941369455 -0.10147047803704769 0.4853994993529226 -0.0285404867625444 0.5114737916984247 0.07569777455462375 -0.03215075267256885
57 0.028784730793133623 0.024317541977739214 -0.05940137244757019 0.8870070103245228 0.4269565105472138 0.3931805766424935 0.05363321492195763 0.031008474952415627 0.03100847542042447 0.42695651081330493 -0.007607589948020642 0.022181961404635287 -0.12256052435989528 0.3365681421163297 -0.06218553239193323 0.6593597116871024 -0.04764444874658909 0.33656814221360876 0.03554267589313194 -0.0036198742556895085
33 0.028958292806282617 0.039467602112003175 -0.1060165159951426 0.9019256015051708 0.38811554386367053 0.27323538062390607 0.057657519970557944 0.0356081463417904 0.03560814702937747 0.3881155438004149 -0.003692720150712423 0.04262592975857676 -0.11216254533104084 0.5114737941369455 -0.10147047803704769 0.4853994993529226 -0.0285404867625444 0.5114737916984247 0.07569777455462375 -0.03215075267256885
14 0.27045302093563284 0.375195106824041 0.27372562614844737 0.14551653825048386 0.28610241349684074 0.2469410954797317 0.31862926467070873 0.4048754562768334 0.404875456603916 0.286102413446422 0.3475531163637146 0.22781183250611825 0.35924325959919046 0.3158128313028815 0.3067851468028593 0.24184107242189687 0.35166033875218705 0.3158128306240726 0.3436851696132561 0.3745793916194098
23 0.3740881721446724 0.08965512747278187 0.4314624325133766 0.8699878588165845 0.3203056526201375 0.2804693994989091 0.23222826577639513 0.17271056495780687 0.17271056542147614 0.32030565281960405 0.12567615472285076 0.2341743763309665 0.10284268724291465 0.33321029903769567 0.24392039960496242 0.33326790751602436 0.12377714189927036 0.33321029901595633 0.14140018474678573 0.048913472748276864
58 0.2638048622604351 0.18599649530512274 0.21668482387604146 0.2804693994907001 0.4361020845422146 0.5392762166342995 0.25722724843812106 0.20113412238139605 0.20113412288506122 0.43610208467265177 0.17184500107549922 0.07740126019286449 0.3541734455467853 0.3593923455588761 0.32982844178836873 0.49156449170406746 0.339763869935717 0.3593923452544079 0.2153028714337304 0.1429293885961491
61 0.3278504890573539 0.45779641852077135 0.3400739133242013 0.0933451426239361 0.13476197312151722 0.11212537621694854 0.27022753798960286 0.36470111746878403 0.3647011177145789 0.13476197264128903 0.46481775813938137 0.6054914999757465 0.1619942918729289 0.1371472263690279 0.20384956278368982 0.09402609194746916 0.18916106232817034 0.13714722267083934 0.38978867644486787 0.5347835587158223
39 0.3033444092443112 0.2799932964984388 0.43686030682172666 0.3257188330811812 0.28122967609716565 0.21060359902695064 0.31643598643812926 0.39402110433238385 0.3940211047309739 0.28122967611738464 0.32230537817682875 0.3155243904750458 0.2874896852873319 0.31785837925837324 0.33790202746101533 0.17636127198935395 0.25677665982224607 0.3178583787287625 0.3483963293604761 0.3142055950246776
13 0.27246356112571424 0.34749431941047376 0.21241341374647654 0.12377714173854135 0.29792401496705756 0.3397638699709402 0.30824938857476947 0.2984903809213357 0.29849038117690674 0.29792401494680465 0.2998630107308888 0.12337493954593935 0.4734578050407948 0.2735230910341577 0.3859608982663403 0.3103411540750393 0.4467202682189738 0.2735230906376675 0.3661032416858704 0.34728109081176034
53 0.3740881721446724 0.08965512747278187 0.4314624325133766 0.8699878588165845 0.3203056526201375 0.2804693994989091 0.23222826577639513 0.17271056495780687 0.17271056542147614 0.32030565281960405 0.12567615472285076 0.2341743763309665 0.10284268724291465 0.33321029903769567 0.24392039960496242 0.33326790751602436 0.12377714189927036 0.33321029901595633 0.14140018474678573 0.048913472748276864
12 0.24514035215988486 0.3648820073444982 0.23308046482683442 0.12140237290277898 0.2948484257494149 0.2829433315357639 0.3138512653828502 0.3729612430082753 0.37296124341621056 0.29484842572638137 0.3294733977053799 0.1758929024743374 0.4259341584385867 0.30636865091518667 0.331148213360582 0.2555448482902507 0.39708320546940024 0.30636864996418167 0.35059759389408185 0.3779958773896952
21 0.48067893270887657 0.274600706120334 0.5314045503054756 0.43146243247588223 0.2518678426559145 0.21668482385660562 0.31492280854274135 0.30937394244703664 0.3093739429190368 0.251867842734102 0.3090685316766922 0.33721429404269965 0.1732233492118058 0.2595845237073937 0.34066015079336176 0.2512141576813077 0.21241341367988043 0.25958452326827824 0.33100326200091507 0.22959024935932495
19 0.21580546172131188 0.41041774169653034 0.20256556893405916 0.07802503150783041 0.20713932786038283 0.2045608570082855 0.37634100192731673 0.3443828537027827 0.34438285389876566 0.2071393279608725 0.4302608669745929 0.2010910275037531 0.4469608107542673 0.2078252792891776 0.3449361324882866 0.1947617726182852 0.4126000920753392 0.2078252796535182 0.4035923020977162 0.47918370977228314
