44 0.4421381852677098 0.4705178175722191 0.38741753196101947 0.20829591927831634 0.20829591926747962 0.5628983134429919 0.19291675168790867 0.27512127150366855 0.13169832546718963 0.23748330585692337 0.20829591847754517 0.1929167519699513 0.19291675209334228 0.3220189662165289 0.32885743361550795 0.5595747196964207 0.07195828871298578 0.13169832608712706 0.10763955871578491 0.40482721640300384
43 0.30334919372254543 0.3001067118664609 0.36524112423791344 0.38660821914672727 0.3866082186059874 0.3026341479297905 0.3200884317557291 0.2918975169999918 0.08243468149035804 0.3676232554547032 0.38660821848590654 0.3200884320025663 0.3200884320098476 0.3223720077610568 0.22314601390156907 0.39701052258179814 0.06894221129685807 0.0824346817522772 0.23955326820937284 0.4793153309411835
2 0.2548365946751321 0.16482808518246708 0.43151690964492345 0.45960128891686025 0.4596012884036872 0.3399969818878176 0.324329319488938 0.3142141264746954 0.06440259933278253 0.3546879603042945 0.45960128782657067 0.3243293197867115 0.32432931987078645 0.3306764192101704 0.14155485185190173 0.29771195524716776 0.05800336930879909 0.06440259958258487 0.23052077073145308 0.3866082186072569
18 0.15829931228532287 0.273122390722114 0.22822621728185152 0.3161537322888075 0.31615373204309016 0.12279638230179941 0.4868625153494594 0.34229753978516947 0.2055805831812127 0.3407986911694461 0.31615373137527986 0.4868625156469242 0.4868625156304248 0.16589421032315105 0.2613464617943296 0.20706892826720855 0.2790277582798106 0.20558058347867136 0.43545268934164716 0.3129546738270683
49 0.33071036244948526 0.16994061366621294 0.44584055922905996 0.3399969823572794 0.33999698193639516 0.8181481291201459 0.14192401054236103 0.19479205377219883 0.016403403721862875 0.25707291095436857 0.3399969816015783 0.14192401077876318 0.1419240108202729 0.4308657361969639 0.1353511821848727 0.42287224833900855 0.023937200048246083 0.016403403987349175 0.08291207023267927 0.3026341479297922
51 0.15829931228532287 0.273122390722114 0.22822621728185152 0.3161537322888075 0.31615373204309016 0.12279638230179941 0.4868625153494594 0.34229753978516947 0.2055805831812127 0.3407986911694461 0.31615373137527986 0.4868625156469242 0.4868625156304248 0.16589421032315105 0.2613464617943296 0.20706892826720855 0.2790277582798106 0.20558058347867136 0.43545268934164716 0.3129546738270683
45 0.4421381852677098 0.4705178175722191 0.38741753196101947 0.20829591927831634 0.20829591926747962 0.5628983134429919 0.19291675168790867 0.27512127150366855 0.13169832546718963 0.23748330585692337 0.20829591847754517 0.1929167519699513 0.19291675209334228 0.3220189662165289 0.32885743361550795 0.5595747196964207 0.07195828871298578 0.13169832608712706 0.10763955871578491 0.40482721640300384
41 0.11593798361601682 0.3360614520179269 0.08270950539056982 0.06440259973738169 0.06440259967807116 0.01640340388991609 0.24106485605745948 0.285475149403025 0.7321928197521288 0.07037698278139222 0.06440259921651988 0.2410648563195147 0.24106485620170387 0.007698667121752596 0.31801130740075173 0.10486075737727792 0.5959429025179919 0.7321928203824292 0.21665636333996846 0.082434681636533
7 0.40662671679689455 0.4933979273142439 0.12861815562214532 0.1415548521977636 0.14155485198569878 0.13535118218486739 0.23912859872999356 0.2516579784991803 0.3180113069896913 0.3376937903560141 0.14155485139563495 0.2391285990736695 0.2391285989348439 0.26402487288812426 0.6565096206964757 0.31028871318184265 0.3566768487321389 0.3180113074474355 0.41358554239221107 0.22314601390158018
62 0.39311814442891396 0.6558603069788715 0.30296423051974936 0.12053181030821151 0.12053181007450132 0.21114762468148696 0.26078408574988654 0.26644982340648204 0.40897347275040663 0.13149994110895766 0.12053180926394173 0.2607840857868601 0.2607840858671885 0.17894176140536838 0.4427783739385204 0.3964414170080481 0.20221528748901763 0.40897347354622127 0.15319184944960576 0.39813434388175306
38 0.36042157692274535 0.2839023487144003 0.2898943693753631 0.35468796084180837 0.3546879604443972 0.25707291095436907 0.29777431059438253 0.27643170826162156 0.07037698252660976 0.4932184294493951 0.3546879600090972 0.29777431101147533 0.29777431104768026 0.40389298543773217 0.33769379035601904 0.3560082278647723 0.09405719068904164 0.07037698298054197 0.3441865615924811 0.3676232554547134
56 0.11593798361601682 0.3360614520179269 0.08270950539056982 0.06440259973738169 0.06440259967807116 0.01640340388991609 0.24106485605745948 0.285475149403025 0.7321928197521288 0.07037698278139222 0.06440259921651988 0.2410648563195147 0.24106485620170387 0.007698667121752596 0.31801130740075173 0.10486075737727792 0.5959429025179919 0.7321928203824292 0.21665636333996846 0.082434681636533
21 0.06849584607530759 0.35208726219932107 0.049930989055215994 0.0580033696682205 0.05800336945646035 0.023937200048244667 0.2298986605874078 0.20843730772748684 0.5959429022575603 0.09405719068903153 0.05800336893794692 0.22989866081080634 0.2298986606870196 0.001468129370303913 0.35667684873213396 0.09679983552949456 0.8304736919663185 0.5959429027790181 0.3255831053636893 0.06894221129685647
55 0.4110615416083864 0.2793397661803086 0.5446125596411459 0.23148196823765213 0.23148196808243454 0.8460746804407163 0.1542848876058095 0.2771760125174479 0.11216238909615076 0.21256352193212866 0.23148196736894638 0.15428488790645273 0.15428488791348674 0.2973383834688464 0.20532836412136446 0.40102631246859055 0.05409230851867104 0.11216239062277042 0.06483606949994941 0.22389810585706163
57 0.11593798361601682 0.3360614520179269 0.08270950539056982 0.06440259973738169 0.06440259967807116 0.01640340388991609 0.24106485605745948 0.285475149403025 0.7321928197521288 0.07037698278139222 0.06440259921651988 0.2410648563195147 0.24106485620170387 0.007698667121752596 0.31801130740075173 0.10486075737727792 0.5959429025179919 0.7321928203824292 0.21665636333996846 0.082434681636533
42 0.11593798361601682 0.3360614520179269 0.08270950539056982 0.06440259973738169 0.06440259967807116 0.01640340388991609 0.24106485605745948 0.285475149403025 0.7321928197521288 0.07037698278139222 0.06440259921651988 0.2410648563195147 0.24106485620170387 0.007698667121752596 0.31801130740075173 0.10486075737727792 0.5959429025179919 0.7321928203824292 0.21665636333996846 0.082434681636533
37 0.038721884747867724 0.3517291216197661 0.05311195147655286 0.05427249354853414 0.05427249335484245 0.033020961447493155 0.2210850541904472 0.1514738560335533 0.4973201346041993 0.10117753567542725 0.054272492887506185 0.22108505438274972 0.22108505440020426 -0.006058968925384277 0.37140004919452596 0.09077501503308605 0.9426537750090516 0.49732013517990425 0.3866988065611187 0.04305656636453545
40 0.4110615416083864 0.2793397661803086 0.5446125596411459 0.23148196823765213 0.23148196808243454 0.8460746804407163 0.1542848876058095 0.2771760125174479 0.11216238909615076 0.21256352193212866 0.23148196736894638 0.15428488790645273 0.15428488791348674 0.2973383834688464 0.20532836412136446 0.40102631246859055 0.05409230851867104 0.11216239062277042 0.06483606949994941 0.22389810585706163
58 0.30334919372254543 0.3001067118664609 0.36524112423791344 0.38660821914672727 0.3866082186059874 0.3026341479297905 0.3200884317557291 0.2918975169999918 0.08243468149035804 0.3676232554547032 0.38660821848590654 0.3200884320025663 0.3200884320098476 0.3223720077610568 0.22314601390156907 0.39701052258179814 0.06894221129685807 0.0824346817522772 0.23955326820937284 0.4793153309411835
60 0.44213818526772997 0.4705178175722118 0.38741753196102025 0.20829591946676373 0.20829591911751777 0.5628983134429895 0.19291675178101286 0.27512127150366705 0.13169832548010163 0.23748330585692656 0.20829591854999308 0.19291675183922052 0.19291675207205117 0.3220189662165289 0.32885743361550723 0.559574719696414 0.07195828871298593 0.1316983261203859 0.10763955871578501 0.4048272164030031
15 0.2131681295040332 0.25709737835184104 0.28800556938391475 0.32432932031261175 0.32432931985171515 0.14192401066571494 0.47233436755181013 0.4116211488356196 0.24106485595061056 0.29777431084860884 0.32432931928874625 0.47233436808620316 0.47233436811313995 0.18192105463608432 0.23912859888430468 0.23670322999090876 0.22989866069989653 0.241064856236185 0.3529315098939487 0.32008843187552605
22 0.15829931228532287 0.273122390722114 0.22822621728185152 0.3161537322888075 0.31615373204309016 0.12279638230179941 0.4868625153494594 0.34229753978516947 0.2055805831812127 0.3407986911694461 0.31615373137527986 0.4868625156469242 0.4868625156304248 0.16589421032315105 0.2613464617943296 0.20706892826720855 0.2790277582798106 0.20558058347867136 0.43545268934164716 0.3129546738270683
53 0.16565009534341388 0.18315479114519617 0.3406833012105249 0.47171565029138046 0.4717156498567584 0.22837681388183179 0.37360669071826713 0.23239918521013647 0.03779660049651024 0.42291854924165334 0.471715649418722 0.3736066909535997 0.37360669101036265 0.2868655525817767 0.16331970942231477 0.19750290721377484 0.05828317562326325 0.03779660092838582 0.3504418779865213 0.41640225411550086
32 0.30143152827495806 0.6543322178040107 0.15706703191488025 0.1648280855002266 0.16482808542537852 0.16994061366621424 0.25709737829462476 0.2879598356882093 0.33606145169067864 0.28390234871439946 0.1648280845850363 0.25709737846240455 0.25709737854051457 0.1707698387188792 0.49339792731423665 0.4235165673931022 0.3520872621993268 0.3360614522592869 0.3037117305209696 0.3001067118664564
47 0.39311814442891396 0.6558603069788715 0.30296423051974936 0.12053181030821151 0.12053181007450132 0.21114762468148696 0.26078408574988654 0.26644982340648204 0.40897347275040663 0.13149994110895766 0.12053180926394173 0.2607840857868601 0.2607840858671885 0.17894176140536838 0.4427783739385204 0.3964414170080481 0.20221528748901763 0.40897347354622127 0.15319184944960576 0.39813434388175306
52 0.06849584607530759 0.35208726219932107 0.049930989055215994 0.0580033696682205 0.05800336945646035 0.023937200048244667 0.2298986605874078 0.20843730772748684 0.5959429022575603 0.09405719068903153 0.05800336893794692 0.22989866081080634 0.2298986606870196 0.001468129370303913 0.35667684873213396 0.09679983552949456 0.8304736919663185 0.5959429027790181 0.3255831053636893 0.06894221129685647
5 0.3869424272301398 0.1806104151538037 0.2828325699884379 0.3591703000644628 0.3591702997413583 0.13449561721652425 0.3105549180339358 0.20588958369388888 0.05970075550981252 0.44188274729441507 0.3591702992434023 0.31055491831845905 0.3105549184000382 0.47674719952733696 0.293240231262618 0.1268799051987733 0.03329189688237571 0.05970075563455555 0.5795929853780832 0.35528170663254155
26 0.11593798361601682 0.3360614520179269 0.08270950539056982 0.06440259973738169 0.06440259967807116 0.01640340388991609 0.24106485605745948 0.285475149403025 0.7321928197521288 0.07037698278139222 0.06440259921651988 0.2410648563195147 0.24106485620170387 0.007698667121752596 0.31801130740075173 0.10486075737727792 0.5959429025179919 0.7321928203824292 0.21665636333996846 0.082434681636533
54 0.2131681295040332 0.25709737835184104 0.28800556938391475 0.32432932031261175 0.32432931985171515 0.14192401066571494 0.47233436755181013 0.4116211488356196 0.24106485595061056 0.29777431084860884 0.32432931928874625 0.47233436808620316 0.47233436811313995 0.18192105463608432 0.23912859888430468 0.23670322999090876 0.22989866069989653 0.241064856236185 0.3529315098939487 0.32008843187552605
9 0.329141286982892 0.14045316226624177 0.3672947491640081 0.3988086943110312 0.3988086941610583 0.19811878145591214 0.34440116642785934 0.2541835572814619 0.06111758781700245 0.433223023237046 0.3988086937162007 0.34440116655483743 0.3444011665547618 0.4457114449665204 0.2697027591827551 0.16825725818383333 0.04318608661460233 0.06111758777434407 0.3700174080464889 0.4071414736000779
20 0.06849584607530759 0.35208726219932107 0.049930989055215994 0.0580033696682205 0.05800336945646035 0.023937200048244667 0.2298986605874078 0.20843730772748684 0.5959429022575603 0.09405719068903153 0.05800336893794692 0.22989866081080634 0.2298986606870196 0.001468129370303913 0.35667684873213396 0.09679983552949456 0.8304736919663185 0.5959429027790181 0.3255831053636893 0.06894221129685647
1 0.2131681295040332 0.25709737835184104 0.28800556938391475 0.32432932031261175 0.32432931985171515 0.14192401066571494 0.47233436755181013 0.4116211488356196 0.24106485595061056 0.29777431084860884 0.32432931928874625 0.47233436808620316 0.47233436811313995 0.18192105463608432 0.23912859888430468 0.23670322999090876 0.22989866069989653 0.241064856236185 0.3529315098939487 0.32008843187552605
46 0.39311814442891396 0.6558603069788715 0.30296423051974936 0.12053181030821151 0.12053181007450132 0.21114762468148696 0.26078408574988654 0.26644982340648204 0.40897347275040663 0.13149994110895766 0.12053180926394173 0.2607840857868601 0.2607840858671885 0.17894176140536838 0.4427783739385204 0.3964414170080481 0.20221528748901763 0.40897347354622127 0.15319184944960576 0.39813434388175306
39 0.2131681295040332 0.25709737835184104 0.28800556938391475 0.32432932031261175 0.32432931985171515 0.14192401066571494 0.47233436755181013 0.4116211488356196 0.24106485595061056 0.29777431084860884 0.32432931928874625 0.47233436808620316 0.47233436811313995 0.18192105463608432 0.23912859888430468 0.23670322999090876 0.22989866069989653 0.241064856236185 0.3529315098939487 0.32008843187552605
24 0.28566843017293814 0.28795983568820155 0.34351999292517205 0.3142141271279667 0.3142141265409272 0.1947920537722007 0.41162114865128097 0.49483955987459927 0.2854751491348392 0.2764317082616197 0.3142141260875947 0.41162114904244784 0.4116211490297717 0.19105370268909652 0.25165797849917076 0.30672960725879994 0.20843730772748428 0.28547514955768577 0.26114346370736174 0.29189751699998007
61 0.39311814442891396 0.6558603069788715 0.30296423051974936 0.12053181030821151 0.12053181007450132 0.21114762468148696 0.26078408574988654 0.26644982340648204 0.40897347275040663 0.13149994110895766 0.12053180926394173 0.2607840857868601 0.2607840858671885 0.17894176140536838 0.4427783739385204 0.3964414170080481 0.20221528748901763 0.40897347354622127 0.15319184944960576 0.39813434388175306
29 0.23967639916785513 0.1945498998667934 0.3634043045624192 0.46263245046228235 0.46263245015110777 0.40671699207029477 0.2370950087568979 0.18108521642124295 -0.012838692653623106 0.42748707722062007 0.46263244960769867 0.237095008882817 0.23709500898971853 0.3990723148063132 0.15062064591820365 0.38452606231935377 0.003587771406809973 -0.012838692503270523 0.22719368245312083 0.44606896410899555
33 0.302205140710354 0.30371173052097483 0.14976753811353663 0.2305207710796363 0.2305207709029049 0.08291207023266939 0.352931509878014 0.2611434637073683 0.21665636297817992 0.3441865615924747 0.2305207701402289 0.3529315100860219 0.35293151005025913 0.24141909796340835 0.4135855423922063 0.19284373667465338 0.3255831053636936 0.21665636346841763 0.73727186903885 0.2395532682093747
8 0.6051188856171119 0.3014315282749533 0.3121904004251916 0.2548365950998119 0.25483659493677685 0.33071036244948204 0.2131681294869554 0.28566843017288945 0.11593798299280213 0.360421576922774 0.25483659406245746 0.2131681296042293 0.2131681295120211 0.522120952760763 0.4066267167969 0.3749688242500451 0.06849584607531159 0.11593798412726473 0.3022051407103649 0.303349193722519
4 0.158578641977859 0.13846415316209087 0.3233985097737525 0.5108655996151368 0.5108655993900331 0.21055174358375653 0.29578996261528423 0.09044528987449849 -0.02887083977667044 0.45343083890576674 0.510865598736237 0.29578996276651015 0.2957899626783386 0.3651406767422967 0.12093006576830648 0.06104153900170685 -0.049170169901741036 -0.02887083944988037 0.4013304755893658 0.4723259910801744
16 0.2548365946751321 0.16482808518246708 0.43151690964492345 0.45960128891686025 0.4596012884036872 0.3399969818878176 0.324329319488938 0.3142141264746954 0.06440259933278253 0.3546879603042945 0.45960128782657067 0.3243293197867115 0.32432931987078645 0.3306764192101704 0.14155485185190173 0.29771195524716776 0.05800336930879909 0.06440259958258487 0.23052077073145308 0.3866082186072569
14 0.2548365946751321 0.16482808518246708 0.43151690964492345 0.45960128891686025 0.4596012884036872 0.3399969818878176 0.324329319488938 0.3142141264746954 0.06440259933278253 0.3546879603042945 0.45960128782657067 0.3243293197867115 0.32432931987078645 0.3306764192101704 0.14155485185190173 0.29771195524716776 0.05800336930879909 0.06440259958258487 0.23052077073145308 0.3866082186072569
19 0.33071036244948526 0.16994061366621294 0.44584055922905996 0.3399969823572794 0.33999698193639516 0.8181481291201459 0.14192401054236103 0.19479205377219883 0.016403403721862875 0.25707291095436857 0.3399969816015783 0.14192401077876318 0.1419240108202729 0.4308657361969639 0.1353511821848727 0.42287224833900855 0.023937200048246083 0.016403403987349175 0.08291207023267927 0.3026341479297922
10 0.20451146835411893 0.16232884892516547 0.3905783026752821 0.47360258135973327 0.4736025811883984 0.26895447106409875 0.35770932110801223 0.2700803845948866 0.050165112399620536 0.37991988850197 0.4736025805482565 0.3577093215545005 0.3577093212753961 0.30964498319028627 0.14361151449016832 0.2294364090336454 0.052608662171814 0.05016511280085294 0.29064832441768845 0.41370405871365684
23 0.28566843017293814 0.28795983568820155 0.34351999292517205 0.3142141271279667 0.3142141265409272 0.1947920537722007 0.41162114865128097 0.49483955987459927 0.2854751491348392 0.2764317082616197 0.3142141260875947 0.41162114904244784 0.4116211490297717 0.19105370268909652 0.25165797849917076 0.30672960725879994 0.20843730772748428 0.28547514955768577 0.26114346370736174 0.29189751699998007
13 0.2131681295040332 0.25709737835184104 0.28800556938391475 0.32432932031261175 0.32432931985171515 0.14192401066571494 0.47233436755181013 0.4116211488356196 0.24106485595061056 0.29777431084860884 0.32432931928874625 0.47233436808620316 0.47233436811313995 0.18192105463608432 0.23912859888430468 0.23670322999090876 0.22989866069989653 0.241064856236185 0.3529315098939487 0.32008843187552605
48 0.15829931228532287 0.273122390722114 0.22822621728185152 0.3161537322888075 0.31615373204309016 0.12279638230179941 0.4868625153494594 0.34229753978516947 0.2055805831812127 0.3407986911694461 0.31615373137527986 0.4868625156469242 0.4868625156304248 0.16589421032315105 0.2613464617943296 0.20706892826720855 0.2790277582798106 0.20558058347867136 0.43545268934164716 0.3129546738270683
34 0.34522001480767617 0.18952651167779824 0.29661063912632035 0.3483976924864086 0.34839769221715844 0.706759417405138 0.08759245202193378 0.13192589026964843 -0.028379815296990622 0.3734830770176748 0.34839769203710763 0.08759245221455744 0.08759245224409072 0.594902648140886 0.18593087638491276 0.5025526639173045 -0.013760735965779 -0.028379815924208823 0.19082244131464976 0.17121529543446068
25 0.4110615416083864 0.2793397661803086 0.5446125596411459 0.23148196823765213 0.23148196808243454 0.8460746804407163 0.1542848876058095 0.2771760125174479 0.11216238909615076 0.21256352193212866 0.23148196736894638 0.15428488790645273 0.15428488791348674 0.2973383834688464 0.20532836412136446 0.40102631246859055 0.05409230851867104 0.11216239062277042 0.06483606949994941 0.22389810585706163
59 0.4421381852677098 0.4705178175722191 0.38741753196101947 0.20829591927831634 0.20829591926747962 0.5628983134429919 0.19291675168790867 0.27512127150366855 0.13169832546718963 0.23748330585692337 0.20829591847754517 0.1929167519699513 0.19291675209334228 0.3220189662165289 0.32885743361550795 0.5595747196964207 0.07195828871298578 0.13169832608712706 0.10763955871578491 0.40482721640300384
50 0.06849584607530759 0.35208726219932107 0.049930989055215994 0.0580033696682205 0.05800336945646035 0.023937200048244667 0.2298986605874078 0.20843730772748684 0.5959429022575603 0.09405719068903153 0.05800336893794692 0.22989866081080634 0.2298986606870196 0.001468129370303913 0.35667684873213396 0.09679983552949456 0.8304736919663185 0.5959429027790181 0.3255831053636893 0.06894221129685647
36 0.038721884747867724 0.3517291216197661 0.05311195147655286 0.05427249354853414 0.05427249335484245 0.033020961447493155 0.2210850541904472 0.1514738560335533 0.4973201346041993 0.10117753567542725 0.054272492887506185 0.22108505438274972 0.22108505440020426 -0.006058968925384277 0.37140004919452596 0.09077501503308605 0.9426537750090516 0.49732013517990425 0.3866988065611187 0.04305656636453545
3 0.16565009534341388 0.18315479114519617 0.3406833012105249 0.47171565029138046 0.4717156498567584 0.22837681388183179 0.37360669071826713 0.23239918521013647 0.03779660049651024 0.42291854924165334 0.471715649418722 0.3736066909535997 0.37360669101036265 0.2868655525817767 0.16331970942231477 0.19750290721377484 0.05828317562326325 0.03779660092838582 0.3504418779865213 0.41640225411550086
17 0.2131681295040332 0.25709737835184104 0.28800556938391475 0.32432932031261175 0.32432931985171515 0.14192401066571494 0.47233436755181013 0.4116211488356196 0.24106485595061056 0.29777431084860884 0.32432931928874625 0.47233436808620316 0.47233436811313995 0.18192105463608432 0.23912859888430468 0.23670322999090876 0.22989866069989653 0.241064856236185 0.3529315098939487 0.32008843187552605
0 0.31219040042511836 0.15706703191489438 0.4970492659699128 0.43151690966572775 0.4315169097980578 0.44584055922904253 0.2880055693384137 0.34351999292517377 0.08270950509202905 0.2898943693753565 0.4315169096823246 0.28800556940436933 0.28800556949705836 0.347880547386946 0.12861815562212628 0.336093308050285 0.04993098905524126 0.08270950553206984 0.14976753811353383 0.365241124237909
28 0.19101047676814206 0.2931110673372591 0.27032927411791685 0.42040628676752434 0.4204062862867262 0.20852561631344416 0.3597673025742038 0.22159418100670913 0.045233250274933294 0.47183561898540893 0.4204062856164206 0.3597673028107973 0.35976730274053487 0.2767580155642758 0.2370766897999308 0.29252001138974065 0.08154772119065079 0.04523325066161124 0.3785438918326296 0.44432091426812337
6 0.5221209527607649 0.170769838718887 0.3478805473869686 0.3306764195386911 0.33067641933214625 0.43086573619694646 0.18192105445564322 0.19105370268909805 0.0076986669558113925 0.40389298543772306 0.3306764190096149 0.1819210547584247 0.18192105465114927 0.6521975970990181 0.2640248728881198 0.32742210554906775 0.0014681293702996808 0.007698667262401779 0.24141909796340838 0.32237200776104263
11 0.2131681295040332 0.25709737835184104 0.28800556938391475 0.32432932031261175 0.32432931985171515 0.14192401066571494 0.47233436755181013 0.4116211488356196 0.24106485595061056 0.29777431084860884 0.32432931928874625 0.47233436808620316 0.47233436811313995 0.18192105463608432 0.23912859888430468 0.23670322999090876 0.22989866069989653 0.241064856236185 0.3529315098939487 0.32008843187552605
12 0.31219040042511836 0.15706703191489438 0.4970492659699128 0.43151690966572775 0.4315169097980578 0.44584055922904253 0.2880055693384137 0.34351999292517377 0.08270950509202905 0.2898943693753565 0.4315169096823246 0.28800556940436933 0.28800556949705836 0.347880547386946 0.12861815562212628 0.336093308050285 0.04993098905524126 0.08270950553206984 0.14976753811353383 0.365241124237909
30 0.37496882424999445 0.4235165673931054 0.33609330805029436 0.29771195571273007 0.29771195555971225 0.4228722483390002 0.236703229604968 0.30672960725880616 0.10486075713999914 0.35600822786476777 0.29771195460841726 0.23670323008008257 0.23670323004001734 0.3274221055490815 0.31028871318183293 0.5511741175353554 0.09679983552949809 0.10486075749449535 0.1928437366746591 0.3970105225818036
27 0.11593798361601682 0.3360614520179269 0.08270950539056982 0.06440259973738169 0.06440259967807116 0.01640340388991609 0.24106485605745948 0.285475149403025 0.7321928197521288 0.07037698278139222 0.06440259921651988 0.2410648563195147 0.24106485620170387 0.007698667121752596 0.31801130740075173 0.10486075737727792 0.5959429025179919 0.7321928203824292 0.21665636333996846 0.082434681636533
35 0.038721884747867724 0.3517291216197661 0.05311195147655286 0.05427249354853414 0.05427249335484245 0.033020961447493155 0.2210850541904472 0.1514738560335533 0.4973201346041993 0.10117753567542725 0.054272492887506185 0.22108505438274972 0.22108505440020426 -0.006058968925384277 0.37140004919452596 0.09077501503308605 0.9426537750090516 0.49732013517990425 0.3866988065611187 0.04305656636453545
31 0.30390741568345525 0.36134475364574853 0.3119127217471234 0.36402174048647595 0.36402174008642263 0.3170117982666927 0.2910989217820777 0.29416672000794214 0.0802150976511278 0.42048280132817845 0.36402173975016877 0.2910989222031898 0.29109892216335204 0.31588341186290986 0.27422143641046604 0.4664493880845438 0.09627695024284344 0.08021509798726052 0.2672850027157105 0.42193267374513854
