9 0.3952195307630411 0.18009480394764052 0.22944778953785494 0.3952195292466449 0.3952195293961489 0.22976106035358757 0.22976106118547307 0.1649378923709182 0.180094802536972 0.18009480272807857 0.474392507373584 0.47439250765705987 0.1800948025212696 0.22944778960378126 0.47439250730304544 0.47439250740914096 0.16493789279242516 0.16493789248060484 0.39521953093634604 0.2297610598416534
8 0.400893766972888 0.028911435358318194 0.115368684620009 0.40089376614376376 0.40089376625924744 0.40873733829662257 0.40873733884628916 0.0246281613258628 0.028911434197712835 0.028911434348811903 0.43395600651210553 0.4339560064363505 0.02891143407319089 0.1153686845885391 0.43395600640557835 0.43395600621398894 0.02462816179161576 0.02462816166790827 0.4008937676765893 0.4087373373364005
36 0.4363482524561927 0.16270761833595523 0.258511934765212 0.4363482511420677 0.4363482511193355 0.28940033223098216 0.289400332964242 0.2023176806862696 0.16270761672547132 0.16270761688356905 0.3952195303431144 0.39521953043188846 0.1627076165806993 0.2585119350651397 0.3952195301809765 0.39521953025752327 0.20231768119576837 0.20231768101770642 0.4363482525930426 0.28940033184647346
5 0.3952195307630411 0.18009480394764052 0.22944778953785494 0.3952195292466449 0.3952195293961489 0.22976106035358757 0.22976106118547307 0.1649378923709182 0.180094802536972 0.18009480272807857 0.474392507373584 0.47439250765705987 0.1800948025212696 0.22944778960378126 0.47439250730304544 0.47439250740914096 0.16493789279242516 0.16493789248060484 0.39521953093634604 0.2297610598416534
10 0.4115246044295238 0.00917314529210551 0.11298401077029892 0.4115246036419261 0.4115246036867442 0.47309203377294606 0.4730920344062011 0.04816855615332774 0.009173144062731679 0.00917314410524995 0.3714292496048731 0.3714292496639357 0.009173143845819165 0.11298401067178412 0.37142924970945024 0.3714292496875668 0.048168556655913 0.048168556560674466 0.41152460498480387 0.47309203279210327
60 0.4363482524561927 0.16270761833595523 0.258511934765212 0.4363482511420677 0.4363482511193355 0.28940033223098216 0.289400332964242 0.2023176806862696 0.16270761672547132 0.16270761688356905 0.3952195303431144 0.39521953043188846 0.1627076165806993 0.2585119350651397 0.3952195301809765 0.39521953025752327 0.20231768119576837 0.20231768101770642 0.4363482525930426 0.28940033184647346
65 0.3628039438371377 0.061668095942646294 0.25572405100848805 0.36280394250146714 0.36280394251295844 0.43591687040553473 0.4359168709034056 0.02704217578803524 0.061668094940874656 0.061668095131210666 0.42142514609344245 0.4214251460142785 0.061668094795772434 0.2557240510796534 0.42142514596974573 0.42142514578010026 0.02704217626069406 0.027042175972085008 0.3628039440613437 0.4359168693257532
53 0.16270761794944452 0.5328074705869023 0.21643939231559223 0.16270761644159212 0.16270761628172464 0.08024949917790787 0.08024950019998243 0.41465696889392056 0.5328074692357274 0.53280746942804 0.1800948033212874 0.18009480325176172 0.5328074693936753 0.21643939233313558 0.18009480300385838 0.18009480299509406 0.4146569690063145 0.41465696880154035 0.16270761770152697 0.0802494997211505
49 0.20231768170046077 0.41465696960855675 0.27025345430318254 0.20231768033270162 0.20231768021420315 0.0756057771120827 0.07560577772570275 0.5405145767588191 0.4146569685215953 0.414656968628337 0.16493789266008285 0.16493789258772404 0.4146569684986628 0.27025345429015496 0.16493789252700958 0.1649378923264976 0.5405145767386463 0.5405145763269982 0.2023176810910364 0.07560577749110345
26 0.4363482524561927 0.16270761833595523 0.258511934765212 0.4363482511420677 0.4363482511193355 0.28940033223098216 0.289400332964242 0.2023176806862696 0.16270761672547132 0.16270761688356905 0.3952195303431144 0.39521953043188846 0.1627076165806993 0.2585119350651397 0.3952195301809765 0.39521953025752327 0.20231768119576837 0.20231768101770642 0.4363482525930426 0.28940033184647346
13 0.3952195307630411 0.18009480394764052 0.22944778953785494 0.3952195292466449 0.3952195293961489 0.22976106035358757 0.22976106118547307 0.1649378923709182 0.180094802536972 0.18009480272807857 0.474392507373584 0.47439250765705987 0.1800948025212696 0.22944778960378126 0.47439250730304544 0.47439250740914096 0.16493789279242516 0.16493789248060484 0.39521953093634604 0.2297610598416534
50 0.3513127301706927 0.219878572456288 0.21510203637780614 0.35131272809870895 0.3513127275266341 0.20484114663523034 0.2048411473386346 0.13032439098411894 0.2198785714745956 0.21987857153400517 0.5099379632524266 0.5099379634235919 0.219878571245477 0.21510203607172193 0.5099379632913428 0.5099379629894464 0.1303243913455903 0.1303243909738357 0.3513127298272089 0.20484114590965014
30 0.3628039438371377 0.061668095942646294 0.25572405100848805 0.36280394250146714 0.36280394251295844 0.43591687040553473 0.4359168709034056 0.02704217578803524 0.061668094940874656 0.061668095131210666 0.42142514609344245 0.4214251460142785 0.061668094795772434 0.2557240510796534 0.42142514596974573 0.42142514578010026 0.02704217626069406 0.027042175972085008 0.3628039440613437 0.4359168693257532
24 0.25851193498875175 0.2164393933146219 0.5879298138634229 0.2585119339798597 0.2585119339702945 0.37606887818933604 0.3760688787558257 0.27025345406616164 0.21643939198121975 0.2164393920128008 0.2294477896203757 0.22944778975548502 0.21643939178343197 0.5879298139293412 0.22944778940009963 0.22944778940355093 0.2702534543952076 0.27025345422534547 0.2585119352674968 0.3760688776234848
41 0.2894003326236998 0.08024950016988441 0.37606887822039425 0.289400331559591 0.2894003314431757 0.6132060505624395 0.6132060509989969 0.07560577689946513 0.0802494991585263 0.08024949932587333 0.2297610602936687 0.22976106033896346 0.08024949898390332 0.37606887822039425 0.22976106034460864 0.22976106028111531 0.07560577729691431 0.07560577704862226 0.2894003326537131 0.6132060498930514
59 0.16270761794944452 0.5328074705869023 0.21643939231559223 0.16270761644159212 0.16270761628172464 0.08024949917790787 0.08024950019998243 0.41465696889392056 0.5328074692357274 0.53280746942804 0.1800948033212874 0.18009480325176172 0.5328074693936753 0.21643939233313558 0.18009480300385838 0.18009480299509406 0.4146569690063145 0.41465696880154035 0.16270761770152697 0.0802494997211505
46 0.4363482524561927 0.16270761833595523 0.258511934765212 0.4363482511420677 0.4363482511193355 0.28940033223098216 0.289400332964242 0.2023176806862696 0.16270761672547132 0.16270761688356905 0.3952195303431144 0.39521953043188846 0.1627076165806993 0.2585119350651397 0.3952195301809765 0.39521953025752327 0.20231768119576837 0.20231768101770642 0.4363482525930426 0.28940033184647346
39 0.20231768170046077 0.41465696960855675 0.27025345430318254 0.20231768033270162 0.20231768021420315 0.0756057771120827 0.07560577772570275 0.5405145767588191 0.4146569685215953 0.414656968628337 0.16493789266008285 0.16493789258772404 0.4146569684986628 0.27025345429015496 0.16493789252700958 0.1649378923264976 0.5405145767386463 0.5405145763269982 0.2023176810910364 0.07560577749110345
52 0.16270761794944452 0.5328074705869023 0.21643939231559223 0.16270761644159212 0.16270761628172464 0.08024949917790787 0.08024950019998243 0.41465696889392056 0.5328074692357274 0.53280746942804 0.1800948033212874 0.18009480325176172 0.5328074693936753 0.21643939233313558 0.18009480300385838 0.18009480299509406 0.4146569690063145 0.41465696880154035 0.16270761770152697 0.0802494997211505
68 0.25851193498875175 0.2164393933146219 0.5879298138634229 0.2585119339798597 0.2585119339702945 0.37606887818933604 0.3760688787558257 0.27025345406616164 0.21643939198121975 0.2164393920128008 0.2294477896203757 0.22944778975548502 0.21643939178343197 0.5879298139293412 0.22944778940009963 0.22944778940355093 0.2702534543952076 0.27025345422534547 0.2585119352674968 0.3760688776234848
6 0.4115246044295238 0.00917314529210551 0.11298401077029892 0.4115246036419261 0.4115246036867442 0.47309203377294606 0.4730920344062011 0.04816855615332774 0.009173144062731679 0.00917314410524995 0.3714292496048731 0.3714292496639357 0.009173143845819165 0.11298401067178412 0.37142924970945024 0.3714292496875668 0.048168556655913 0.048168556560674466 0.41152460498480387 0.47309203279210327
17 0.3952195307630411 0.18009480394764052 0.22944778953785494 0.3952195292466449 0.3952195293961489 0.22976106035358757 0.22976106118547307 0.1649378923709182 0.180094802536972 0.18009480272807857 0.474392507373584 0.47439250765705987 0.1800948025212696 0.22944778960378126 0.47439250730304544 0.47439250740914096 0.16493789279242516 0.16493789248060484 0.39521953093634604 0.2297610598416534
45 0.4363482524561927 0.16270761833595523 0.258511934765212 0.4363482511420677 0.4363482511193355 0.28940033223098216 0.289400332964242 0.2023176806862696 0.16270761672547132 0.16270761688356905 0.3952195303431144 0.39521953043188846 0.1627076165806993 0.2585119350651397 0.3952195301809765 0.39521953025752327 0.20231768119576837 0.20231768101770642 0.4363482525930426 0.28940033184647346
32 0.2894003326236998 0.08024950016988441 0.37606887822039425 0.289400331559591 0.2894003314431757 0.6132060505624395 0.6132060509989969 0.07560577689946513 0.0802494991585263 0.08024949932587333 0.2297610602936687 0.22976106033896346 0.08024949898390332 0.37606887822039425 0.22976106034460864 0.22976106028111531 0.07560577729691431 0.07560577704862226 0.2894003326537131 0.6132060498930514
14 0.4115246044295238 0.00917314529210551 0.11298401077029892 0.4115246036419261 0.4115246036867442 0.47309203377294606 0.4730920344062011 0.04816855615332774 0.009173144062731679 0.00917314410524995 0.3714292496048731 0.3714292496639357 0.009173143845819165 0.11298401067178412 0.37142924970945024 0.3714292496875668 0.048168556655913 0.048168556560674466 0.41152460498480387 0.47309203279210327
20 0.3628039438371377 0.061668095942646294 0.25572405100848805 0.36280394250146714 0.36280394251295844 0.43591687040553473 0.4359168709034056 0.02704217578803524 0.061668094940874656 0.061668095131210666 0.42142514609344245 0.4214251460142785 0.061668094795772434 0.2557240510796534 0.42142514596974573 0.42142514578010026 0.02704217626069406 0.027042175972085008 0.3628039440613437 0.4359168693257532
11 0.3952195307630411 0.18009480394764052 0.22944778953785494 0.3952195292466449 0.3952195293961489 0.22976106035358757 0.22976106118547307 0.1649378923709182 0.180094802536972 0.18009480272807857 0.474392507373584 0.47439250765705987 0.1800948025212696 0.22944778960378126 0.47439250730304544 0.47439250740914096 0.16493789279242516 0.16493789248060484 0.39521953093634604 0.2297610598416534
15 0.3952195307630411 0.18009480394764052 0.22944778953785494 0.3952195292466449 0.3952195293961489 0.22976106035358757 0.22976106118547307 0.1649378923709182 0.180094802536972 0.18009480272807857 0.474392507373584 0.47439250765705987 0.1800948025212696 0.22944778960378126 0.47439250730304544 0.47439250740914096 0.16493789279242516 0.16493789248060484 0.39521953093634604 0.2297610598416534
42 0.2894003326236998 0.08024950016988441 0.37606887822039425 0.289400331559591 0.2894003314431757 0.6132060505624395 0.6132060509989969 0.07560577689946513 0.0802494991585263 0.08024949932587333 0.2297610602936687 0.22976106033896346 0.08024949898390332 0.37606887822039425 0.22976106034460864 0.22976106028111531 0.07560577729691431 0.07560577704862226 0.2894003326537131 0.6132060498930514
12 0.4115246044295238 0.00917314529210551 0.11298401077029892 0.4115246036419261 0.4115246036867442 0.47309203377294606 0.4730920344062011 0.04816855615332774 0.009173144062731679 0.00917314410524995 0.3714292496048731 0.3714292496639357 0.009173143845819165 0.11298401067178412 0.37142924970945024 0.3714292496875668 0.048168556655913 0.048168556560674466 0.41152460498480387 0.47309203279210327
54 0.16270761794944452 0.5328074705869023 0.21643939231559223 0.16270761644159212 0.16270761628172464 0.08024949917790787 0.08024950019998243 0.41465696889392056 0.5328074692357274 0.53280746942804 0.1800948033212874 0.18009480325176172 0.5328074693936753 0.21643939233313558 0.18009480300385838 0.18009480299509406 0.4146569690063145 0.41465696880154035 0.16270761770152697 0.0802494997211505
34 0.25851193498875175 0.2164393933146219 0.5879298138634229 0.2585119339798597 0.2585119339702945 0.37606887818933604 0.3760688787558257 0.27025345406616164 0.21643939198121975 0.2164393920128008 0.2294477896203757 0.22944778975548502 0.21643939178343197 0.5879298139293412 0.22944778940009963 0.22944778940355093 0.2702534543952076 0.27025345422534547 0.2585119352674968 0.3760688776234848
38 0.20231768170046077 0.41465696960855675 0.27025345430318254 0.20231768033270162 0.20231768021420315 0.0756057771120827 0.07560577772570275 0.5405145767588191 0.4146569685215953 0.414656968628337 0.16493789266008285 0.16493789258772404 0.4146569684986628 0.27025345429015496 0.16493789252700958 0.1649378923264976 0.5405145767386463 0.5405145763269982 0.2023176810910364 0.07560577749110345
43 0.25851193498875175 0.2164393933146219 0.5879298138634229 0.2585119339798597 0.2585119339702945 0.37606887818933604 0.3760688787558257 0.27025345406616164 0.21643939198121975 0.2164393920128008 0.2294477896203757 0.22944778975548502 0.21643939178343197 0.5879298139293412 0.22944778940009963 0.22944778940355093 0.2702534543952076 0.27025345422534547 0.2585119352674968 0.3760688776234848
69 0.25851193498875175 0.2164393933146219 0.5879298138634229 0.2585119339798597 0.2585119339702945 0.37606887818933604 0.3760688787558257 0.27025345406616164 0.21643939198121975 0.2164393920128008 0.2294477896203757 0.22944778975548502 0.21643939178343197 0.5879298139293412 0.22944778940009963 0.22944778940355093 0.2702534543952076 0.27025345422534547 0.2585119352674968 0.3760688776234848
48 0.20231768170046077 0.41465696960855675 0.27025345430318254 0.20231768033270162 0.20231768021420315 0.0756057771120827 0.07560577772570275 0.5405145767588191 0.4146569685215953 0.414656968628337 0.16493789266008285 0.16493789258772404 0.4146569684986628 0.27025345429015496 0.16493789252700958 0.1649378923264976 0.5405145767386463 0.5405145763269982 0.2023176810910364 0.07560577749110345
56 0.1935897710470094 -0.00992843040175113 0.0622011433657196 0.19358976989861468 0.19358976976174447 0.7274587677728059 0.7274587680721901 0.03520721412899188 -0.009928430736579742 -0.009928430639930442 0.2028976961748447 0.20289769624330642 -0.009928430944097526 0.06220114363685613 0.20289769625471193 0.20289769617311418 0.035207214264520094 0.0352072141621698 0.1935897706967034 0.7274587667204907
28 0.20231768170046077 0.41465696960855675 0.27025345430318254 0.20231768033270162 0.20231768021420315 0.0756057771120827 0.07560577772570275 0.5405145767588191 0.4146569685215953 0.414656968628337 0.16493789266008285 0.16493789258772404 0.4146569684986628 0.27025345429015496 0.16493789252700958 0.1649378923264976 0.5405145767386463 0.5405145763269982 0.2023176810910364 0.07560577749110345
27 0.29823027207192104 0.028411421041889186 0.14251060857298695 0.29823027117993167 0.2982302712391546 0.6694918692466473 0.6694918698670689 0.0922686630860826 0.028411420090204934 0.028411420219600837 0.18567667771867663 0.18567667773093458 0.028411419915961 0.1425106082546327 0.18567667763773085 0.18567667744896965 0.0922686635016711 0.09226866320456562 0.29823027219257614 0.6694918688978211
44 0.25851193498875175 0.2164393933146219 0.5879298138634229 0.2585119339798597 0.2585119339702945 0.37606887818933604 0.3760688787558257 0.27025345406616164 0.21643939198121975 0.2164393920128008 0.2294477896203757 0.22944778975548502 0.21643939178343197 0.5879298139293412 0.22944778940009963 0.22944778940355093 0.2702534543952076 0.27025345422534547 0.2585119352674968 0.3760688776234848
23 0.25851193498875175 0.2164393933146219 0.5879298138634229 0.2585119339798597 0.2585119339702945 0.37606887818933604 0.3760688787558257 0.27025345406616164 0.21643939198121975 0.2164393920128008 0.2294477896203757 0.22944778975548502 0.21643939178343197 0.5879298139293412 0.22944778940009963 0.22944778940355093 0.2702534543952076 0.27025345422534547 0.2585119352674968 0.3760688776234848
66 0.2894003326236998 0.08024950016988441 0.37606887822039425 0.289400331559591 0.2894003314431757 0.6132060505624395 0.6132060509989969 0.07560577689946513 0.0802494991585263 0.08024949932587333 0.2297610602936687 0.22976106033896346 0.08024949898390332 0.37606887822039425 0.22976106034460864 0.22976106028111531 0.07560577729691431 0.07560577704862226 0.2894003326537131 0.6132060498930514
0 0.400893766972888 0.028911435358318194 0.115368684620009 0.40089376614376376 0.40089376625924744 0.40873733829662257 0.40873733884628916 0.0246281613258628 0.028911434197712835 0.028911434348811903 0.43395600651210553 0.4339560064363505 0.02891143407319089 0.1153686845885391 0.43395600640557835 0.43395600621398894 0.02462816179161576 0.02462816166790827 0.4008937676765893 0.4087373373364005
51 0.1935897710470094 -0.00992843040175113 0.0622011433657196 0.19358976989861468 0.19358976976174447 0.7274587677728059 0.7274587680721901 0.03520721412899188 -0.009928430736579742 -0.009928430639930442 0.2028976961748447 0.20289769624330642 -0.009928430944097526 0.06220114363685613 0.20289769625471193 0.20289769617311418 0.035207214264520094 0.0352072141621698 0.1935897706967034 0.7274587667204907
1 0.3952195307630411 0.18009480394764052 0.22944778953785494 0.3952195292466449 0.3952195293961489 0.22976106035358757 0.22976106118547307 0.1649378923709182 0.180094802536972 0.18009480272807857 0.474392507373584 0.47439250765705987 0.1800948025212696 0.22944778960378126 0.47439250730304544 0.47439250740914096 0.16493789279242516 0.16493789248060484 0.39521953093634604 0.2297610598416534
31 0.2894003326236998 0.08024950016988441 0.37606887822039425 0.289400331559591 0.2894003314431757 0.6132060505624395 0.6132060509989969 0.07560577689946513 0.0802494991585263 0.08024949932587333 0.2297610602936687 0.22976106033896346 0.08024949898390332 0.37606887822039425 0.22976106034460864 0.22976106028111531 0.07560577729691431 0.07560577704862226 0.2894003326537131 0.6132060498930514
2 0.4115246044295238 0.00917314529210551 0.11298401077029892 0.4115246036419261 0.4115246036867442 0.47309203377294606 0.4730920344062011 0.04816855615332774 0.009173144062731679 0.00917314410524995 0.3714292496048731 0.3714292496639357 0.009173143845819165 0.11298401067178412 0.37142924970945024 0.3714292496875668 0.048168556655913 0.048168556560674466 0.41152460498480387 0.47309203279210327
16 0.4115246044295238 0.00917314529210551 0.11298401077029892 0.4115246036419261 0.4115246036867442 0.47309203377294606 0.4730920344062011 0.04816855615332774 0.009173144062731679 0.00917314410524995 0.3714292496048731 0.3714292496639357 0.009173143845819165 0.11298401067178412 0.37142924970945024 0.3714292496875668 0.048168556655913 0.048168556560674466 0.41152460498480387 0.47309203279210327
4 0.400893766972888 0.028911435358318194 0.115368684620009 0.40089376614376376 0.40089376625924744 0.40873733829662257 0.40873733884628916 0.0246281613258628 0.028911434197712835 0.028911434348811903 0.43395600651210553 0.4339560064363505 0.02891143407319089 0.1153686845885391 0.43395600640557835 0.43395600621398894 0.02462816179161576 0.02462816166790827 0.4008937676765893 0.4087373373364005
21 0.2894003326236998 0.08024950016988441 0.37606887822039425 0.289400331559591 0.2894003314431757 0.6132060505624395 0.6132060509989969 0.07560577689946513 0.0802494991585263 0.08024949932587333 0.2297610602936687 0.22976106033896346 0.08024949898390332 0.37606887822039425 0.22976106034460864 0.22976106028111531 0.07560577729691431 0.07560577704862226 0.2894003326537131 0.6132060498930514
25 0.4363482524561927 0.16270761833595523 0.258511934765212 0.4363482511420677 0.4363482511193355 0.28940033223098216 0.289400332964242 0.2023176806862696 0.16270761672547132 0.16270761688356905 0.3952195303431144 0.39521953043188846 0.1627076165806993 0.2585119350651397 0.3952195301809765 0.39521953025752327 0.20231768119576837 0.20231768101770642 0.4363482525930426 0.28940033184647346
37 0.29823027207192104 0.028411421041889186 0.14251060857298695 0.29823027117993167 0.2982302712391546 0.6694918692466473 0.6694918698670689 0.0922686630860826 0.028411420090204934 0.028411420219600837 0.18567667771867663 0.18567667773093458 0.028411419915961 0.1425106082546327 0.18567667763773085 0.18567667744896965 0.0922686635016711 0.09226866320456562 0.29823027219257614 0.6694918688978211
67 0.2894003326236998 0.08024950016988441 0.37606887822039425 0.289400331559591 0.2894003314431757 0.6132060505624395 0.6132060509989969 0.07560577689946513 0.0802494991585263 0.08024949932587333 0.2297610602936687 0.22976106033896346 0.08024949898390332 0.37606887822039425 0.22976106034460864 0.22976106028111531 0.07560577729691431 0.07560577704862226 0.2894003326537131 0.6132060498930514
55 0.3513127301706927 0.219878572456288 0.21510203637780614 0.35131272809870895 0.3513127275266341 0.20484114663523034 0.2048411473386346 0.13032439098411894 0.2198785714745956 0.21987857153400517 0.5099379632524266 0.5099379634235919 0.219878571245477 0.21510203607172193 0.5099379632913428 0.5099379629894464 0.1303243913455903 0.1303243909738357 0.3513127298272089 0.20484114590965014
7 0.3952195307630411 0.18009480394764052 0.22944778953785494 0.3952195292466449 0.3952195293961489 0.22976106035358757 0.22976106118547307 0.1649378923709182 0.180094802536972 0.18009480272807857 0.474392507373584 0.47439250765705987 0.1800948025212696 0.22944778960378126 0.47439250730304544 0.47439250740914096 0.16493789279242516 0.16493789248060484 0.39521953093634604 0.2297610598416534
18 0.400893766972888 0.028911435358318194 0.115368684620009 0.40089376614376376 0.40089376625924744 0.40873733829662257 0.40873733884628916 0.0246281613258628 0.028911434197712835 0.028911434348811903 0.43395600651210553 0.4339560064363505 0.02891143407319089 0.1153686845885391 0.43395600640557835 0.43395600621398894 0.02462816179161576 0.02462816166790827 0.4008937676765893 0.4087373373364005
40 0.3628039438371377 0.061668095942646294 0.25572405100848805 0.36280394250146714 0.36280394251295844 0.43591687040553473 0.4359168709034056 0.02704217578803524 0.061668094940874656 0.061668095131210666 0.42142514609344245 0.4214251460142785 0.061668094795772434 0.2557240510796534 0.42142514596974573 0.42142514578010026 0.02704217626069406 0.027042175972085008 0.3628039440613437 0.4359168693257532
22 0.2894003326236998 0.08024950016988441 0.37606887822039425 0.289400331559591 0.2894003314431757 0.6132060505624395 0.6132060509989969 0.07560577689946513 0.0802494991585263 0.08024949932587333 0.2297610602936687 0.22976106033896346 0.08024949898390332 0.37606887822039425 0.22976106034460864 0.22976106028111531 0.07560577729691431 0.07560577704862226 0.2894003326537131 0.6132060498930514
63 0.20231768170046077 0.41465696960855675 0.27025345430318254 0.20231768033270162 0.20231768021420315 0.0756057771120827 0.07560577772570275 0.5405145767588191 0.4146569685215953 0.414656968628337 0.16493789266008285 0.16493789258772404 0.4146569684986628 0.27025345429015496 0.16493789252700958 0.1649378923264976 0.5405145767386463 0.5405145763269982 0.2023176810910364 0.07560577749110345
58 0.16270761794944452 0.5328074705869023 0.21643939231559223 0.16270761644159212 0.16270761628172464 0.08024949917790787 0.08024950019998243 0.41465696889392056 0.5328074692357274 0.53280746942804 0.1800948033212874 0.18009480325176172 0.5328074693936753 0.21643939233313558 0.18009480300385838 0.18009480299509406 0.4146569690063145 0.41465696880154035 0.16270761770152697 0.0802494997211505
3 0.3952195307630411 0.18009480394764052 0.22944778953785494 0.3952195292466449 0.3952195293961489 0.22976106035358757 0.22976106118547307 0.1649378923709182 0.180094802536972 0.18009480272807857 0.474392507373584 0.47439250765705987 0.1800948025212696 0.22944778960378126 0.47439250730304544 0.47439250740914096 0.16493789279242516 0.16493789248060484 0.39521953093634604 0.2297610598416534
33 0.25851193498875175 0.2164393933146219 0.5879298138634229 0.2585119339798597 0.2585119339702945 0.37606887818933604 0.3760688787558257 0.27025345406616164 0.21643939198121975 0.2164393920128008 0.2294477896203757 0.22944778975548502 0.21643939178343197 0.5879298139293412 0.22944778940009963 0.22944778940355093 0.2702534543952076 0.27025345422534547 0.2585119352674968 0.3760688776234848
29 0.20231768170046077 0.41465696960855675 0.27025345430318254 0.20231768033270162 0.20231768021420315 0.0756057771120827 0.07560577772570275 0.5405145767588191 0.4146569685215953 0.414656968628337 0.16493789266008285 0.16493789258772404 0.4146569684986628 0.27025345429015496 0.16493789252700958 0.1649378923264976 0.5405145767386463 0.5405145763269982 0.2023176810910364 0.07560577749110345
47 0.29823027207192104 0.028411421041889186 0.14251060857298695 0.29823027117993167 0.2982302712391546 0.6694918692466473 0.6694918698670689 0.0922686630860826 0.028411420090204934 0.028411420219600837 0.18567667771867663 0.18567667773093458 0.028411419915961 0.1425106082546327 0.18567667763773085 0.18567667744896965 0.0922686635016711 0.09226866320456562 0.29823027219257614 0.6694918688978211
57 0.16270761794944452 0.5328074705869023 0.21643939231559223 0.16270761644159212 0.16270761628172464 0.08024949917790787 0.08024950019998243 0.41465696889392056 0.5328074692357274 0.53280746942804 0.1800948033212874 0.18009480325176172 0.5328074693936753 0.21643939233313558 0.18009480300385838 0.18009480299509406 0.4146569690063145 0.41465696880154035 0.16270761770152697 0.0802494997211505
62 0.29823027207192104 0.028411421041889186 0.14251060857298695 0.29823027117993167 0.2982302712391546 0.6694918692466473 0.6694918698670689 0.0922686630860826 0.028411420090204934 0.028411420219600837 0.18567667771867663 0.18567667773093458 0.028411419915961 0.1425106082546327 0.18567667763773085 0.18567667744896965 0.0922686635016711 0.09226866320456562 0.29823027219257614 0.6694918688978211
35 0.4363482524561927 0.16270761833595523 0.258511934765212 0.4363482511420677 0.4363482511193355 0.28940033223098216 0.289400332964242 0.2023176806862696 0.16270761672547132 0.16270761688356905 0.3952195303431144 0.39521953043188846 0.1627076165806993 0.2585119350651397 0.3952195301809765 0.39521953025752327 0.20231768119576837 0.20231768101770642 0.4363482525930426 0.28940033184647346
64 0.20231768170046077 0.41465696960855675 0.27025345430318254 0.20231768033270162 0.20231768021420315 0.0756057771120827 0.07560577772570275 0.5405145767588191 0.4146569685215953 0.414656968628337 0.16493789266008285 0.16493789258772404 0.4146569684986628 0.27025345429015496 0.16493789252700958 0.1649378923264976 0.5405145767386463 0.5405145763269982 0.2023176810910364 0.07560577749110345
19 0.3952195307630411 0.18009480394764052 0.22944778953785494 0.3952195292466449 0.3952195293961489 0.22976106035358757 0.22976106118547307 0.1649378923709182 0.180094802536972 0.18009480272807857 0.474392507373584 0.47439250765705987 0.1800948025212696 0.22944778960378126 0.47439250730304544 0.47439250740914096 0.16493789279242516 0.16493789248060484 0.39521953093634604 0.2297610598416534
61 0.4363482524561927 0.16270761833595523 0.258511934765212 0.4363482511420677 0.4363482511193355 0.28940033223098216 0.289400332964242 0.2023176806862696 0.16270761672547132 0.16270761688356905 0.3952195303431144 0.39521953043188846 0.1627076165806993 0.2585119350651397 0.3952195301809765 0.39521953025752327 0.20231768119576837 0.20231768101770642 0.4363482525930426 0.28940033184647346
