30 0.12196359691235507 0.27270945039122374 0.34338762397097966 0.49909855202939124 0.2415216735717542 0.18197131014636125 0.35924056470402654 0.32172476822601564 0.4732619311660305 0.49830063965323207 0.2654600470860573 0.24152167410365188 0.2970261344923542 0.2727094502553824 0.4609361590873367 0.19516166148073963 0.17754007225616544 0.2716542813296693 0.23597378980875183 0.19674384024835154
45 0.2254238196470777 -0.014197471884320351 -0.006235927230903562 0.2099974862970455 0.08514809098889285 0.41311787607379935 0.06626979534015895 0.28939379403853877 0.3997768472268044 0.4323330342842504 0.16915982357768564 0.08514809174819676 0.5785093822724503 -0.014197472725372046 0.3986806594802434 0.5702367685266478 0.3971873688014069 0.43939088338692306 0.20060548174113782 0.2147464230761554
1 0.1510379394996747 0.16754431448288187 0.18075928917252343 0.7000770138321298 0.187981049159803 0.22357951295766695 0.24111918573546928 0.25302456157032677 0.3263666477976008 0.3266155581315427 0.5323914326826766 0.18798104956817277 0.4434359864092672 0.16754431409156595 0.3396493972327046 0.24636817267692668 0.3890765606555246 0.258914928193822 0.20788150547503612 0.15646698833713463
51 0.29106247913568756 -0.011025551773933847 -0.021145818241652254 0.19089633316527674 0.0959550389919484 0.49324138701998743 0.10142759454969054 0.3531164630537852 0.35613319403930754 0.404142543162398 0.17908779710360484 0.09595503961929275 0.4858246952063444 -0.011025552336258779 0.3193770522182013 0.5345507720813327 0.41513539288450757 0.454017585645609 0.27737225635253854 0.2828982246041526
36 0.2680119479692715 0.029029148683937796 0.0035941580525898752 0.22357951295764555 0.2069108588571662 0.5173954232443241 0.24927194905572378 0.37541242236999034 0.3588497131295303 0.36549627332438483 0.20518331849874327 0.20691085927313083 0.329038991037673 0.029029148227209214 0.3703967236829928 0.47256907561741274 0.40902481791524486 0.43013055850718956 0.3466288642230073 0.27273127199821895
52 0.541679549656692 0.0858166822581552 0.12747214726758038 0.15646698826209082 0.37541134213097394 0.2727312718782553 0.2805809752814561 0.35476314928382635 0.2413814969622763 0.2273923555330839 0.2587917368044243 0.37541134282946587 0.19377073767561726 0.08581668190890923 0.1581459221251862 0.22700299540920987 0.2585980756330981 0.2653609717491503 0.4997741809056606 0.6420235287077958
64 0.09956201996830426 0.6106597533416912 0.8588880357661484 0.18075928917252868 0.35774523382557893 0.0035941580526059626 0.2987663520808893 0.1242870732448748 0.11112607314089261 0.12118018099454289 0.20731453354888207 0.3577452336875458 0.05351296514358915 0.6106597533201963 0.08701981301310927 0.014414986094399913 0.031185348630061095 0.010542231862873069 0.12344909257982158 0.1274721472368442
46 0.22471943500923056 0.13816627617745286 0.07293557123230329 0.24014023425621786 0.36592989090050665 0.4574815384202102 0.44820547006598654 0.34964274604796464 0.32863819082417306 0.2954627497262147 0.2261843925408069 0.365929890861521 0.1667419173113797 0.13816627617637123 0.4025501925978947 0.37302061128632175 0.3533862015560455 0.3569060961355438 0.38460493862048356 0.26918057129232725
0 0.26347060681085355 0.1536216497191106 0.20731453354888138 0.5323914326826802 0.23723399170409526 0.20518331849874144 0.22325344357443103 0.2956183796440737 0.23581471133232898 0.26501390884250564 0.7584827830473961 0.2372339922537785 0.36493029704478985 0.15362164929701633 0.20384477135967313 0.19926322282557488 0.36811894569786646 0.27437286919668225 0.26783705832943794 0.258791736910916
33 0.09956201996830426 0.6106597533416912 0.8588880357661484 0.18075928917252868 0.35774523382557893 0.0035941580526059626 0.2987663520808893 0.1242870732448748 0.11112607314089261 0.12118018099454289 0.20731453354888207 0.3577452336875458 0.05351296514358915 0.6106597533201963 0.08701981301310927 0.014414986094399913 0.031185348630061095 0.010542231862873069 0.12344909257982158 0.1274721472368442
53 0.16676470839252752 0.40080776278472285 0.2539855108560608 0.18879090984760655 0.5315722018905215 0.2788130098809615 0.5865864765261434 0.20203694748325543 0.21572755963753557 0.1623816251583698 0.2020733914354365 0.5315722018077286 0.05811823290731643 0.40080776310950483 0.3318568008675897 0.21966944649788617 0.21803843657339708 0.2089620380568589 0.30012128810517696 0.25680162728242706
17 0.15394872525196507 0.2626288592280337 0.3730189128815896 0.43768734216997973 0.25655134089648673 0.18495930403413652 0.35443749235091565 0.37065446201602315 0.4645345324233693 0.5022087549463584 0.3121741126715498 0.25655134083955394 0.28513103311830584 0.2626288587615711 0.42269807867160425 0.19412583685928542 0.20058409790693352 0.21922651453023195 0.277971957275609 0.22304914077029941
6 0.2542587170109056 0.025237643423488464 0.026577450009583642 0.26137013857190805 0.12006610190914889 0.40027797679905736 0.13244218360429455 0.3501553085935392 0.39467033778723504 0.4351074738097218 0.2634961991206898 0.1200661022894365 0.49984357322573936 0.02523764281692134 0.3773407508844145 0.46605873725715774 0.3722649204280894 0.5112405946463411 0.2499929188412227 0.22154287114658577
42 0.44435102513609104 0.09142857955719752 0.12428707332447149 0.2530245614234794 0.21183065522809943 0.3754124221994784 0.20545480614506892 0.5402100752308855 0.3101605659708556 0.4236198607172765 0.29561837940814734 0.21183065564356063 0.3107576241775336 0.09142857892289623 0.2313347261982631 0.3363143945704925 0.3256000349428411 0.3453624988136782 0.4052937209633003 0.3547631490429831
28 0.19968712391364096 0.3438945937599767 0.3577452338518224 0.18798104933042167 0.5572880980091965 0.20691085899756798 0.4994086319605977 0.21183065543517723 0.2523206972987188 0.1879929507034258 0.23723399203269524 0.5572880983625066 0.10610948188970454 0.34389459357795626 0.24378021158185523 0.18255900289860805 0.19619234076881603 0.18946936589456054 0.35695878827562966 0.3754113426285676
62 0.8711076968169146 0.07566364956282835 0.09956201995332728 0.15103793951781608 0.19968712363252103 0.26801194800810785 0.1441338232039558 0.4443510257554908 0.16433669006759352 0.24216898250069024 0.26347060686440116 0.19968712417996792 0.22545146506226152 0.07566364976447738 0.1343415093546592 0.22291947738327214 0.23423268493958496 0.24193126378267732 0.38307050724443076 0.5416795500169099
65 0.1755111327082777 0.02366280844854223 0.029612789419001286 0.2731640124143644 0.14663273040800232 0.388682789782413 0.16195875793480022 0.26048230505039605 0.4523182805960111 0.43471045491139104 0.18528535949872166 0.14663273080541023 0.5091695342015746 0.02366280772523867 0.5049403120368592 0.5277257289813433 0.3787807677951415 0.4098053825173051 0.20501552350866906 0.17424865155179706
16 0.19973822640257707 0.11856615889858327 0.09881283654774643 0.32718727478466186 0.215172763213917 0.39781208090969644 0.29456151771800165 0.36867427253614743 0.4361548646885597 0.4469732461119584 0.24125429466034243 0.21517276356845227 0.355352177773165 0.11856615870489022 0.47529474651288073 0.41755856842373984 0.35033338058076535 0.3693399707635147 0.2797182752248642 0.17172645613668636
26 0.3830705077309597 0.10091211345700381 0.12344909234369991 0.20788150555529625 0.35695878796490915 0.3466288644029251 0.3178686400819521 0.4052937214054885 0.30916550351972866 0.3035531769347422 0.2678370585268787 0.3569587885255493 0.21558158181035786 0.10091211270917963 0.23108119503811655 0.2958238956195198 0.3126537229768533 0.31899882109654293 0.4878573642358346 0.49977418134611795
38 0.14413382322418566 0.3774534129995066 0.29876635208089164 0.24111918573547922 0.49940863172528965 0.2492719490557477 0.5536486826541166 0.2054548061895833 0.30305257003296865 0.22529416117027404 0.22325344357443536 0.49940863193341034 0.10468033537352574 0.3774534129101265 0.3403158245759081 0.21313496470585755 0.21943709355347085 0.2112626796290698 0.31786864001283205 0.2805809753031143
58 0.07566364953511245 0.7475875845860872 0.6106597532563846 0.16754431411641865 0.3438945934705963 0.02902914829738355 0.3774534127491903 0.09142857901851913 0.1154091905755557 0.1018951671302168 0.15362164937803982 0.34389459335639316 0.041869041170342465 0.7475875847709561 0.12803028389201376 0.027429368750636843 0.05444973766073648 0.024760046212999605 0.10091211318992613 0.08581668197223026
23 0.14413382322418566 0.3774534129995066 0.29876635208089164 0.24111918573547922 0.49940863172528965 0.2492719490557477 0.5536486826541166 0.2054548061895833 0.30305257003296865 0.22529416117027404 0.22325344357443536 0.49940863193341034 0.10468033537352574 0.3774534129101265 0.3403158245759081 0.21313496470585755 0.21943709355347085 0.2112626796290698 0.31786864001283205 0.2805809753031143
56 0.7285166193906719 0.03260310841390452 -0.016086954322381237 0.12311824544031727 0.13225274318300118 0.4874443944585431 0.22432886098335952 0.4415792133341877 0.14171223440129918 0.25260955237643207 0.20881842082266425 0.13225274427766476 0.22091158286481385 0.03260310782467952 0.10268561664408256 0.31518799525255087 0.31604457458169394 0.348984922226951 0.379651610244659 0.5292512091977017
9 0.14558061401438574 0.10799315775869692 0.10495459517330129 0.37587293042661407 0.15558985497730524 0.30673688888359457 0.22809924698289125 0.22366474629909938 0.5051520009422298 0.48698435885434693 0.20732625088676473 0.15558985504404643 0.48257466738558163 0.10799315770128955 0.5986848222347538 0.42685085396482264 0.3069512745812603 0.3410070866516928 0.14408825026408542 0.13616130140109023
3 0.1290209783760987 0.1846357992667379 0.15393412415649366 0.6860696032176338 0.18676793874757605 0.22974860798997052 0.26595221887125553 0.17970444634537605 0.34333599967614875 0.3100976262753886 0.5562127639854403 0.1867679389801106 0.4255544587435021 0.18463579920223147 0.38983978700803346 0.2539588413670245 0.37980043645925043 0.27100502958798656 0.16334298503011205 0.13837193765004546
14 0.3130538448074617 0.08529312483760516 0.13991848341157784 0.3145170220156215 0.16622131785858613 0.33297179308337876 0.15996150561514555 0.4770753438879171 0.4021638596706765 0.5051065661108607 0.28657118019545297 0.16622131841239254 0.42790087442680563 0.08529312419461246 0.3287223582542348 0.3699501745350085 0.3206257617809825 0.35271163489644713 0.32906088293493957 0.29518114319401073
55 0.1958788573286235 0.10139061769520202 0.12068349582581683 0.35095532656893114 0.16900168548780412 0.33886793976957297 0.21336988253182915 0.3589916405856929 0.4655242979893213 0.5015502086831926 0.2484611245837354 0.1690016855887398 0.446195202719159 0.10139061749804641 0.47443624439178766 0.41059157441139205 0.3273343125312413 0.3581702116097376 0.24623991653214777 0.1953186450405665
29 0.20130475111354243 0.10859853236880729 0.12281870782127036 0.30783465630502277 0.26776837448904484 0.3529390645941239 0.2892758190111474 0.35460498354976444 0.4473370678782867 0.42384434100617757 0.2531962186344959 0.26776837466673026 0.3462294222686522 0.1085985318610202 0.41175598029881166 0.3829733684886981 0.34125113185678774 0.3559505858772193 0.3635837588970462 0.3055421638619523
54 0.16676470839252752 0.40080776278472285 0.2539855108560608 0.18879090984760655 0.5315722018905215 0.2788130098809615 0.5865864765261434 0.20203694748325543 0.21572755963753557 0.1623816251583698 0.2020733914354365 0.5315722018077286 0.05811823290731643 0.40080776310950483 0.3318568008675897 0.21966944649788617 0.21803843657339708 0.2089620380568589 0.30012128810517696 0.25680162728242706
47 0.22471943500923056 0.13816627617745286 0.07293557123230329 0.24014023425621786 0.36592989090050665 0.4574815384202102 0.44820547006598654 0.34964274604796464 0.32863819082417306 0.2954627497262147 0.2261843925408069 0.365929890861521 0.1667419173113797 0.13816627617637123 0.4025501925978947 0.37302061128632175 0.3533862015560455 0.3569060961355438 0.38460493862048356 0.26918057129232725
57 0.07566364953511245 0.7475875845860872 0.6106597532563846 0.16754431411641865 0.3438945934705963 0.02902914829738355 0.3774534127491903 0.09142857901851913 0.1154091905755557 0.1018951671302168 0.15362164937803982 0.34389459335639316 0.041869041170342465 0.7475875847709561 0.12803028389201376 0.027429368750636843 0.05444973766073648 0.024760046212999605 0.10091211318992613 0.08581668197223026
67 0.26449417266541847 0.024429607627654226 0.023088411660991518 0.2585086167647959 0.15963621492432672 0.4366719610441904 0.1566473068168326 0.3839564071031103 0.3837119309113281 0.4203844034395588 0.20356528846935143 0.15963621581145257 0.44039292307232175 0.02442960695293034 0.3434540042854396 0.47347715158674053 0.3824969077393947 0.4519788593787802 0.32628339123200306 0.29675183890444257
32 0.6383196181968722 0.09791321253319059 0.09358115318936922 0.1687259119640947 0.26318474407642384 0.39578742766702596 0.25871573781961743 0.5397703567802368 0.17439386151748099 0.28962336652564447 0.28085670380070815 0.2631847445045804 0.1741920634018186 0.09791321252355581 0.14877470049573435 0.2794574745515451 0.299259941075219 0.30884491889952087 0.43548199565833523 0.4293568378021613
27 0.22291947734943218 0.027429369172171425 0.014414986094395848 0.24636817267693215 0.18255900265178834 0.4725690756174217 0.21313496470584195 0.3363143947781239 0.4039737938971237 0.398288376443123 0.19926322282555792 0.18255900310559514 0.40159759718338706 0.027429368727096233 0.42617277309397766 0.5001341387716295 0.40375501486094395 0.4274968359340894 0.29582389547759014 0.22700299551362293
12 0.2031686428407512 -0.01640083019174986 -0.0007216074356844698 0.2174795843511048 0.08474370718587454 0.3931292769185238 0.07256432810292826 0.2500512221522907 0.4113299338494233 0.4310813290107273 0.1583338345336627 0.08474370778179773 0.5988055524346021 -0.016400830771515953 0.453390292749365 0.5901183706722938 0.3892920254549767 0.4315148741078001 0.14614580628529536 0.150247747426466
39 0.14413382322418566 0.3774534129995066 0.29876635208089164 0.24111918573547922 0.49940863172528965 0.2492719490557477 0.5536486826541166 0.2054548061895833 0.30305257003296865 0.22529416117027404 0.22325344357443536 0.49940863193341034 0.10468033537352574 0.3774534129101265 0.3403158245759081 0.21313496470585755 0.21943709355347085 0.2112626796290698 0.31786864001283205 0.2805809753031143
63 0.09956201996830426 0.6106597533416912 0.8588880357661484 0.18075928917252868 0.35774523382557893 0.0035941580526059626 0.2987663520808893 0.1242870732448748 0.11112607314089261 0.12118018099454289 0.20731453354888207 0.3577452336875458 0.05351296514358915 0.6106597533201963 0.08701981301310927 0.014414986094399913 0.031185348630061095 0.010542231862873069 0.12344909257982158 0.1274721472368442
15 0.15394872525196507 0.2626288592280337 0.3730189128815896 0.43768734216997973 0.25655134089648673 0.18495930403413652 0.35443749235091565 0.37065446201602315 0.4645345324233693 0.5022087549463584 0.3121741126715498 0.25655134083955394 0.28513103311830584 0.2626288587615711 0.42269807867160425 0.19412583685928542 0.20058409790693352 0.21922651453023195 0.277971957275609 0.22304914077029941
18 0.24216898307393117 0.10189516746612799 0.12118018092178492 0.3266155582601078 0.18799295039270084 0.365496273563192 0.22529416119599546 0.42361986107692173 0.4288851183608298 0.48479294548467267 0.26501390899834865 0.18799295076176423 0.3994086562431516 0.10189516685237467 0.4079684666177312 0.398288376609269 0.3383054943991016 0.3642039112944291 0.30355317698809053 0.22739235596596818
4 0.3330185545402989 0.044637205172041214 0.04207164617407786 0.35954698624479486 0.1191297878996899 0.36815751502393074 0.12901828660199768 0.37588140977449297 0.30055957585447357 0.36143707982832834 0.47094096511697287 0.11912978865220182 0.5186600892668124 0.044637204863687004 0.24754176298209374 0.338855162781631 0.4536350352475279 0.41486347558692127 0.2914425880247274 0.2844992347172205
40 0.11915454227825815 0.30090661498523014 0.31384514172083305 0.4467019591683444 0.2525921469026377 0.21729081552034335 0.4071264243549059 0.2986245679106314 0.4830717609156857 0.4789539293054269 0.27628237508677783 0.25259214756773274 0.26653477562661954 0.3009066149882663 0.49204360297167404 0.2074923120759072 0.20961044646539448 0.22561551362384205 0.23357024071217775 0.17839082687261545
43 0.15394872525196507 0.2626288592280337 0.3730189128815896 0.43768734216997973 0.25655134089648673 0.18495930403413652 0.35443749235091565 0.37065446201602315 0.4645345324233693 0.5022087549463584 0.3121741126715498 0.25655134083955394 0.28513103311830584 0.2626288587615711 0.42269807867160425 0.19412583685928542 0.20058409790693352 0.21922651453023195 0.277971957275609 0.22304914077029941
11 0.10702300090271469 0.33799700362841084 0.25745252377803407 0.4367203483659539 0.2627735061354625 0.24806187574830535 0.45850614056226663 0.241011996336788 0.47676571526979694 0.4380556115173042 0.24335019441924172 0.2627735062514253 0.2346813129165857 0.33799700362305996 0.5406452116409427 0.2203427039266175 0.21837356083126572 0.22933453334352935 0.2008970704035237 0.1400420602496944
50 0.1343415093088844 0.1280302840848318 0.08701981302326765 0.3396493972247205 0.24378021139738945 0.3703967236721479 0.34031582457625337 0.23133472626630025 0.4805535553985463 0.407968466589836 0.20384477134830795 0.24378021160660976 0.35687681912623387 0.12803028403942154 0.577585886224252 0.4261727730837616 0.33934614508428135 0.35464893707396206 0.23108119488631573 0.15814592218205717
22 0.2419312637579938 0.024760046629228243 0.01054223186287164 0.2589149281938292 0.18946936557038688 0.43013055850719 0.21126267962907525 0.3453624990193082 0.358321455881127 0.3642039110948897 0.27437286919668785 0.18946936606794834 0.3960865656993001 0.024760046061096965 0.354648937080396 0.42749683593411075 0.37290719400881306 0.5825878781683368 0.3189988209112318 0.2653609718591552
68 0.16433668962378353 0.11540919100156855 0.11112607323219491 0.32636664771647106 0.252320697145614 0.3588497129774711 0.30305256999768526 0.3101605658507587 0.468782037905294 0.42888511809075563 0.23581471121165526 0.25232069736931306 0.36112150752131633 0.11540919065499698 0.480553555377459 0.4039737938090249 0.342432713789799 0.35832145575264956 0.3091655032388298 0.24138149684927523
34 0.09956201996830426 0.6106597533416912 0.8588880357661484 0.18075928917252868 0.35774523382557893 0.0035941580526059626 0.2987663520808893 0.1242870732448748 0.11112607314089261 0.12118018099454289 0.20731453354888207 0.3577452336875458 0.05351296514358915 0.6106597533201963 0.08701981301310927 0.014414986094399913 0.031185348630061095 0.010542231862873069 0.12344909257982158 0.1274721472368442
13 0.10702300090271469 0.33799700362841084 0.25745252377803407 0.4367203483659539 0.2627735061354625 0.24806187574830535 0.45850614056226663 0.241011996336788 0.47676571526979694 0.4380556115173042 0.24335019441924172 0.2627735062514253 0.2346813129165857 0.33799700362305996 0.5406452116409427 0.2203427039266175 0.21837356083126572 0.22933453334352935 0.2008970704035237 0.1400420602496944
35 0.14329766579212824 0.11749370575228478 0.10487460058003666 0.34269099503402806 0.23264142832444826 0.34950021039387547 0.29915025940665985 0.26730495439561736 0.4876144962543016 0.4368621631003369 0.22153553533993775 0.23264142859429285 0.3869503680862742 0.11749370549107548 0.5345009453722904 0.4163345689954262 0.33629309022395526 0.3550148855668489 0.2581458730488213 0.19966094006674212
5 0.10502103674777465 0.29371749025245225 0.2981944087597481 0.5038834937282128 0.2243417699117261 0.20308053005847046 0.37912949062052703 0.25524294544842924 0.4991831083210558 0.49264729024833376 0.2436689618448542 0.224341770123348 0.2964891291588918 0.29371749042245343 0.5272069106033138 0.19762156464020922 0.18270122111208223 0.2580555819647774 0.18737752235376004 0.16793258416888573
19 0.16395091990247862 0.2201093809044398 0.4112039872928932 0.5036782763886958 0.24229248562554723 0.1355411595953043 0.2791514910258097 0.4005286206411519 0.4347472099569776 0.5243644348949266 0.29463399902073073 0.24229248564485617 0.32891490264552914 0.22010938048088813 0.3759480666878219 0.1724457127105635 0.15010076641426656 0.2797845382463157 0.2724633654019561 0.2517823866529867
8 0.2987784354571842 0.024251552688948762 0.030227932164608902 0.25530323196347815 0.10470037244113138 0.39245793503000204 0.10640864809091653 0.38060459134196506 0.3821328982219258 0.4436500714999711 0.26350530185367826 0.10470037315970528 0.5132324503084049 0.024251551970445887 0.3272129295371927 0.4512060872168048 0.36587274040479206 0.4917372977824235 0.27320673057365014 0.2695179654512867
61 0.10702300090271469 0.33799700362841084 0.25745252377803407 0.4367203483659539 0.2627735061354625 0.24806187574830535 0.45850614056226663 0.241011996336788 0.47676571526979694 0.4380556115173042 0.24335019441924172 0.2627735062514253 0.2346813129165857 0.33799700362305996 0.5406452116409427 0.2203427039266175 0.21837356083126572 0.22933453334352935 0.2008970704035237 0.1400420602496944
69 0.19968712391364096 0.3438945937599767 0.3577452338518224 0.18798104933042167 0.5572880980091965 0.20691085899756798 0.4994086319605977 0.21183065543517723 0.2523206972987188 0.1879929507034258 0.23723399203269524 0.5572880983625066 0.10610948188970454 0.34389459357795626 0.24378021158185523 0.18255900289860805 0.19619234076881603 0.18946936589456054 0.35695878827562966 0.3754113426285676
48 0.29317203418908816 0.25520306396635395 0.46670115020804365 0.18083738473991823 0.5739098827701945 0.10167349453829426 0.3318012594624695 0.1731510556942306 0.2744599831378387 0.20468259579509568 0.2620200927139643 0.5739098834941923 0.18451583889387402 0.25520306392284847 0.15503112099388605 0.11037240617040298 0.14127470942833834 0.14494339677262658 0.37164246955471364 0.5369210581293505
10 0.16981326981809144 0.11311372218495674 0.10421374261597577 0.352608546277806 0.18565712502594806 0.3568693010986346 0.26028593631880115 0.31064310811455215 0.47402822365746405 0.47277937430524686 0.22920103597897734 0.18565712510275864 0.4179355345435136 0.11311372186264293 0.528712594624302 0.42412724216000913 0.33387218453065143 0.35952155117541346 0.2237153864734648 0.1556206623835268
37 0.40456433136301406 0.025396202382643524 0.011919486646113512 0.19818179040724745 0.16869345146168005 0.4561706829575762 0.1741689816001424 0.42455068022579895 0.3213283808928798 0.3716457344607105 0.2270682102834832 0.16869345224422524 0.3578946022657561 0.025396201395331202 0.23045631063963362 0.4101286805927691 0.3769722409724695 0.4052167354500801 0.4116299739720186 0.44915360401208887
41 0.16981326981809144 0.11311372218495674 0.10421374261597577 0.352608546277806 0.18565712502594806 0.3568693010986346 0.26028593631880115 0.31064310811455215 0.47402822365746405 0.47277937430524686 0.22920103597897734 0.18565712510275864 0.4179355345435136 0.11311372186264293 0.528712594624302 0.42412724216000913 0.33387218453065143 0.35952155117541346 0.2237153864734648 0.1556206623835268
59 0.07566364953511245 0.7475875845860872 0.6106597532563846 0.16754431411641865 0.3438945934705963 0.02902914829738355 0.3774534127491903 0.09142857901851913 0.1154091905755557 0.1018951671302168 0.15362164937803982 0.34389459335639316 0.041869041170342465 0.7475875847709561 0.12803028389201376 0.027429368750636843 0.05444973766073648 0.024760046212999605 0.10091211318992613 0.08581668197223026
25 0.16650767934967467 0.10762548339539929 0.12151818413314044 0.35519764714513186 0.2433914041801826 0.3322819681911178 0.2724871692955022 0.3265602710071492 0.46305717398372725 0.44118046882643075 0.22711178115847838 0.24339140447419652 0.38829608415191114 0.10762548268415095 0.4546954458783627 0.39632913731305563 0.32430567054953896 0.39223649601943483 0.3127252182667883 0.2538934589576943
66 0.28117814573535516 0.12068971635062187 0.10021744525168047 0.23261166308762465 0.35766401377909274 0.4111228090804904 0.3838990271349547 0.3910362823853631 0.33250511799270077 0.31486498323351597 0.2513546193456563 0.3576640142219537 0.19732513867823612 0.12068971572904276 0.32187444449722513 0.3442634332406143 0.34241192594919845 0.34698048063892883 0.4412096265552924 0.36912662695008236
2 0.22545146501655375 0.04186904157453437 0.05351296514360061 0.4434359864092734 0.10610948153078889 0.3290389910377159 0.10468033537353982 0.3107576244034321 0.3611215076737469 0.3994086560291789 0.36493029704479507 0.10610948207503468 0.6101180552802676 0.04186904125144357 0.356876819135811 0.4015975971834057 0.4277267315884046 0.3960865656993017 0.21558158162186486 0.19377073779667342
7 0.12433976445558356 0.35369104129249074 0.2621931874247092 0.3801480817592033 0.35000261028595936 0.19781540995605848 0.480226644767603 0.1800060875491844 0.34102258082941994 0.284009194172504 0.44838489342377974 0.3500026101025437 0.15627030452275847 0.3536910412054585 0.41234367425969665 0.19738710780184443 0.11665417966950878 0.4682381277626386 0.21388828012199046 0.17943233069288544
49 0.2630962575887397 0.09327831457225852 0.14360326234114607 0.28999426807173473 0.26955114697558663 0.3150416118043761 0.2401287469600884 0.39101493372415186 0.42767170745876726 0.42715955966106284 0.27307030702082724 0.2695511474185173 0.3595935849381002 0.09327831365420602 0.32902508885635307 0.3491367016317899 0.3250662323066418 0.34218682876477613 0.41210319338794227 0.4019360149698042
20 0.23423268491536048 0.054449738192858796 0.03118534863005997 0.38907656065553503 0.19619234040488875 0.40902481791521 0.21943709355347665 0.3256000350831183 0.3424327139235421 0.33830549422638984 0.3681189456978702 0.19619234078712056 0.42772673158841046 0.0544497375022337 0.3393461450941516 0.40375501486096294 0.5063286669164674 0.37290719400881345 0.3126537228896985 0.25859807571004684
60 0.19169733172003844 -0.017744617619756237 0.002859104698034572 0.2210112359505003 0.08304887819451068 0.3642294303500838 0.06679647369467101 0.22481850126718742 0.42002937884853586 0.4327799405508473 0.1540118550830071 0.08304887873484113 0.6215533252756622 -0.01774461840258726 0.475441319748519 0.5952221278651079 0.3795762261679176 0.422840945187097 0.12454312198206488 0.140664231630742
21 0.196439759232574 0.025518903215591603 0.021550048335206073 0.2718255906267634 0.16881397887488356 0.43367876718574183 0.18987215963401705 0.30756627607200687 0.4226744775436831 0.41280823415605034 0.1853067177611279 0.16881397919933552 0.4502582484863905 0.025518902828130248 0.45799973383584724 0.5127165564268887 0.38907585609373285 0.44134440645305706 0.25728815911071234 0.1958050907129987
24 0.1562598644125052 0.12671145375886136 0.08689768448482356 0.31321084362539503 0.2961503030928405 0.3409619020206573 0.37193295250190844 0.25074267091060926 0.40324274490818907 0.33340307504041944 0.34940732074317987 0.296150303297497 0.29086749402990686 0.12671145378384913 0.4607743991184834 0.34597198352128644 0.30333604991029617 0.5447394028502578 0.2957722969833665 0.22422919732809116
44 0.09956201996830426 0.6106597533416912 0.8588880357661484 0.18075928917252868 0.35774523382557893 0.0035941580526059626 0.2987663520808893 0.1242870732448748 0.11112607314089261 0.12118018099454289 0.20731453354888207 0.3577452336875458 0.05351296514358915 0.6106597533201963 0.08701981301310927 0.014414986094399913 0.031185348630061095 0.010542231862873069 0.12344909257982158 0.1274721472368442
31 0.16981326981809144 0.11311372218495674 0.10421374261597577 0.352608546277806 0.18565712502594806 0.3568693010986346 0.26028593631880115 0.31064310811455215 0.47402822365746405 0.47277937430524686 0.22920103597897734 0.18565712510275864 0.4179355345435136 0.11311372186264293 0.528712594624302 0.42412724216000913 0.33387218453065143 0.35952155117541346 0.2237153864734648 0.1556206623835268
