id,x_0,x_1,x_2,x_3,x_4,x_5,x_6,x_7,x_8,x_9
0.0,0.4712873588957175,0.7311395408844013,2.220446049250313e-16,0.09832731500910741,2.220446049250313e-16,2.220446049250313e-16,0.37520033865463914,0.43876372566236055,0.18030891147551337,2.220446049250313e-16
1.0,0.4712873588957175,2.220446049250313e-16,2.220446049250313e-16,2.220446049250313e-16,2.220446049250313e-16,2.220446049250313e-16,2.220446049250313e-16,0.40776821835216415,0.4275062174829907,0.6604272090203039
2.0,0.4712873588957175,0.7417874086373049,2.220446049250313e-16,0.5282942821400813,2.220446049250313e-16,2.220446049250313e-16,0.2382224248020291,0.031440403801877986,0.17138601901078726,2.220446049250313e-16
3.0,2.220446049250313e-16,2.220446049250313e-16,0.0006397818467858488,2.220446049250313e-16,2.220446049250313e-16,0.49200766166226456,2.220446049250313e-16,2.220446049250313e-16,0.5751803428260928,0.654562801946861
4.0,0.4712873588957175,2.220446049250313e-16,0.9339996596131858,2.220446049250313e-16,0.005653143293236665,2.220446049250313e-16,2.220446049250313e-16,2.220446049250313e-16,2.220446049250313e-16,2.220446049250313e-16
5.0,2.220446049250313e-16,0.010553655661609415,2.220446049250313e-16,2.220446049250313e-16,2.220446049250313e-16,2.220446049250313e-16,2.220446049250313e-16,2.220446049250313e-16,0.845709316881519,0.3259278614050863
6.0,0.4712873588957175,0.7311395408844013,2.220446049250313e-16,0.09832731500910741,2.220446049250313e-16,2.220446049250313e-16,0.37520033865463914,0.43876372566236055,0.18030891147551337,2.220446049250313e-16
7.0,0.4712873588957175,2.220446049250313e-16,2.220446049250313e-16,2.220446049250313e-16,2.220446049250313e-16,2.220446049250313e-16,2.220446049250313e-16,0.40776821835216415,0.4275062174829907,0.6604272090203039
8.0,0.4712873588957175,0.7417874086373049,2.220446049250313e-16,0.5282942821400813,2.220446049250313e-16,2.220446049250313e-16,0.2382224248020291,0.031440403801877986,0.17138601901078726,2.220446049250313e-16
9.0,2.220446049250313e-16,2.220446049250313e-16,0.0006397818467858488,2.220446049250313e-16,2.220446049250313e-16,0.49200766166226456,2.220446049250313e-16,2.220446049250313e-16,0.5751803428260928,0.654562801946861
10.0,0.4712873588957175,2.220446049250313e-16,0.9339996596131858,2.220446049250313e-16,0.005653143293236665,2.220446049250313e-16,2.220446049250313e-16,2.220446049250313e-16,2.220446049250313e-16,2.220446049250313e-16
11.0,2.220446049250313e-16,0.010553655661609415,2.220446049250313e-16,2.220446049250313e-16,2.220446049250313e-16,2.220446049250313e-16,2.220446049250313e-16,2.220446049250313e-16,0.845709316881519,0.3259278614050863
12.0,0.4712873588957175,0.7311395408844013,2.220446049250313e-16,0.09832731500910741,2.220446049250313e-16,2.220446049250313e-16,0.37520033865463914,0.43876372566236055,0.18030891147551337,2.220446049250313e-16
13.0,0.4712873588957175,2.220446049250313e-16,2.220446049250313e-16,2.220446049250313e-16,2.220446049250313e-16,2.220446049250313e-16,2.220446049250313e-16,0.40776821835216415,0.4275062174829907,0.6604272090203039
14.0,0.4712873588957175,0.7417874086373049,2.220446049250313e-16,0.5282942821400813,2.220446049250313e-16,2.220446049250313e-16,0.2382224248020291,0.031440403801877986,0.17138601901078726,2.220446049250313e-16
15.0,2.220446049250313e-16,2.220446049250313e-16,0.0006397818467858488,2.220446049250313e-16,2.220446049250313e-16,0.49200766166226456,2.220446049250313e-16,2.220446049250313e-16,0.5751803428260928,0.654562801946861
16.0,0.4712873588957175,2.220446049250313e-16,0.9339996596131858,2.220446049250313e-16,0.005653143293236665,2.220446049250313e-16,2.220446049250313e-16,2.220446049250313e-16,2.220446049250313e-16,2.220446049250313e-16
17.0,2.220446049250313e-16,0.010553655661609415,2.220446049250313e-16,2.220446049250313e-16,2.220446049250313e-16,2.220446049250313e-16,2.220446049250313e-16,2.220446049250313e-16,0.845709316881519,0.3259278614050863
18.0,2.220446049250313e-16,0.40790836749794485,0.17264160642691118,2.220446049250313e-16,0.014371859301243253,0.49127042077531574,2.220446049250313e-16,0.5989632208322136,2.220446049250313e-16,0.63364998803175
19.0,2.220446049250313e-16,0.530740231691287,0.16926955679023734,0.6243756448332234,0.17367970391255244,2.220446049250313e-16,0.45541378550283074,2.220446049250313e-16,0.09666350812137751,2.220446049250313e-16
20.0,0.4712873588957175,2.220446049250313e-16,2.220446049250313e-16,2.220446049250313e-16,0.7272078894766266,2.220446049250313e-16,2.220446049250313e-16,0.5806598746729968,2.220446049250313e-16,2.220446049250313e-16
21.0,0.4712873588957175,2.220446049250313e-16,2.220446049250313e-16,2.220446049250313e-16,0.7272078894766266,2.220446049250313e-16,2.220446049250313e-16,0.5806598746729968,2.220446049250313e-16,2.220446049250313e-16
22.0,0.4712873588957175,2.220446049250313e-16,2.220446049250313e-16,2.220446049250313e-16,0.7272078894766266,2.220446049250313e-16,2.220446049250313e-16,0.5806598746729968,2.220446049250313e-16,2.220446049250313e-16
23.0,2.220446049250313e-16,0.1584600616182342,2.220446049250313e-16,0.15234602588684476,0.1903538161582486,2.220446049250313e-16,0.676128668379651,0.4441305871649035,2.220446049250313e-16,0.6336499880317501
24.0,2.220446049250313e-16,2.220446049250313e-16,2.220446049250313e-16,0.5982530483605851,0.7053928334797428,2.220446049250313e-16,0.47103193061430054,2.220446049250313e-16,2.220446049250313e-16,2.220446049250313e-16
25.0,2.220446049250313e-16,0.02498125330962954,2.220446049250313e-16,0.6944891555587703,0.3661743769294461,2.220446049250313e-16,0.45256054184992917,2.220446049250313e-16,0.06303165755694402,0.3153886435150958
26.0,2.220446049250313e-16,2.220446049250313e-16,0.1297563623167355,0.5534657826520947,0.7337069651815582,2.220446049250313e-16,0.08381376509901935,2.220446049250313e-16,2.220446049250313e-16,2.220446049250313e-16
27.0,2.220446049250313e-16,2.220446049250313e-16,0.1297563623167355,0.5534657826520947,0.7337069651815582,2.220446049250313e-16,0.08381376509901935,2.220446049250313e-16,2.220446049250313e-16,2.220446049250313e-16
28.0,2.220446049250313e-16,0.04581977783691773,0.5098139220051666,2.220446049250313e-16,2.220446049250313e-16,2.220446049250313e-16,2.220446049250313e-16,2.220446049250313e-16,0.5735726941291188,2.220446049250313e-16
29.0,2.220446049250313e-16,2.220446049250313e-16,0.9346472203471994,2.220446049250313e-16,0.0056399686954628795,0.48800428277917485,2.220446049250313e-16,2.220446049250313e-16,2.220446049250313e-16,2.220446049250313e-16
30.0,2.220446049250313e-16,2.220446049250313e-16,0.9346472203471994,2.220446049250313e-16,0.0056399686954628795,0.48800428277917485,2.220446049250313e-16,2.220446049250313e-16,2.220446049250313e-16,2.220446049250313e-16
31.0,2.220446049250313e-16,0.03543539729435441,3.3306690738754696e-16,0.03433118758538045,2.220446049250313e-16,2.220446049250313e-16,2.220446049250313e-16,2.220446049250313e-16,0.9352633119738161,0.006613266811717218
32.0,2.220446049250313e-16,0.03543539729435441,3.3306690738754696e-16,0.03433118758538045,2.220446049250313e-16,2.220446049250313e-16,2.220446049250313e-16,2.220446049250313e-16,0.9352633119738161,0.006613266811717218
33.0,2.220446049250313e-16,0.40790836749794485,0.17264160642691118,2.220446049250313e-16,0.014371859301243253,0.49127042077531574,2.220446049250313e-16,0.5989632208322136,2.220446049250313e-16,0.63364998803175
34.0,2.220446049250313e-16,0.530740231691287,0.16926955679023734,0.6243756448332234,0.17367970391255244,2.220446049250313e-16,0.45541378550283074,2.220446049250313e-16,0.09666350812137751,2.220446049250313e-16
35.0,0.4712873588957175,2.220446049250313e-16,2.220446049250313e-16,2.220446049250313e-16,0.7272078894766266,2.220446049250313e-16,2.220446049250313e-16,0.5806598746729968,2.220446049250313e-16,2.220446049250313e-16
36.0,0.4712873588957175,2.220446049250313e-16,2.220446049250313e-16,2.220446049250313e-16,0.7272078894766266,2.220446049250313e-16,2.220446049250313e-16,0.5806598746729968,2.220446049250313e-16,2.220446049250313e-16
37.0,0.4712873588957175,2.220446049250313e-16,2.220446049250313e-16,2.220446049250313e-16,0.7272078894766266,2.220446049250313e-16,2.220446049250313e-16,0.5806598746729968,2.220446049250313e-16,2.220446049250313e-16
38.0,2.220446049250313e-16,0.1584600616182342,2.220446049250313e-16,0.15234602588684476,0.1903538161582486,2.220446049250313e-16,0.676128668379651,0.4441305871649035,2.220446049250313e-16,0.6336499880317501
39.0,2.220446049250313e-16,2.220446049250313e-16,2.220446049250313e-16,0.5982530483605851,0.7053928334797428,2.220446049250313e-16,0.47103193061430054,2.220446049250313e-16,2.220446049250313e-16,2.220446049250313e-16
40.0,2.220446049250313e-16,0.02498125330962954,2.220446049250313e-16,0.6944891555587703,0.3661743769294461,2.220446049250313e-16,0.45256054184992917,2.220446049250313e-16,0.06303165755694402,0.3153886435150958
41.0,2.220446049250313e-16,2.220446049250313e-16,0.1297563623167355,0.5534657826520947,0.7337069651815582,2.220446049250313e-16,0.08381376509901935,2.220446049250313e-16,2.220446049250313e-16,2.220446049250313e-16
42.0,2.220446049250313e-16,2.220446049250313e-16,0.1297563623167355,0.5534657826520947,0.7337069651815582,2.220446049250313e-16,0.08381376509901935,2.220446049250313e-16,2.220446049250313e-16,2.220446049250313e-16
43.0,2.220446049250313e-16,0.04581977783691773,0.5098139220051666,2.220446049250313e-16,2.220446049250313e-16,2.220446049250313e-16,2.220446049250313e-16,2.220446049250313e-16,0.5735726941291188,2.220446049250313e-16
44.0,2.220446049250313e-16,2.220446049250313e-16,0.9346472203471994,2.220446049250313e-16,0.0056399686954628795,0.48800428277917485,2.220446049250313e-16,2.220446049250313e-16,2.220446049250313e-16,2.220446049250313e-16
45.0,2.220446049250313e-16,2.220446049250313e-16,0.9346472203471994,2.220446049250313e-16,0.0056399686954628795,0.48800428277917485,2.220446049250313e-16,2.220446049250313e-16,2.220446049250313e-16,2.220446049250313e-16
46.0,2.220446049250313e-16,0.03543539729435441,3.3306690738754696e-16,0.03433118758538045,2.220446049250313e-16,2.220446049250313e-16,2.220446049250313e-16,2.220446049250313e-16,0.9352633119738161,0.006613266811717218
47.0,2.220446049250313e-16,0.03543539729435441,3.3306690738754696e-16,0.03433118758538045,2.220446049250313e-16,2.220446049250313e-16,2.220446049250313e-16,2.220446049250313e-16,0.9352633119738161,0.006613266811717218
48.0,2.220446049250313e-16,0.40790836749794485,0.17264160642691118,2.220446049250313e-16,0.014371859301243253,0.49127042077531574,2.220446049250313e-16,0.5989632208322136,2.220446049250313e-16,0.63364998803175
49.0,2.220446049250313e-16,0.530740231691287,0.16926955679023734,0.6243756448332234,0.17367970391255244,2.220446049250313e-16,0.45541378550283074,2.220446049250313e-16,0.09666350812137751,2.220446049250313e-16
50.0,0.4712873588957175,2.220446049250313e-16,2.220446049250313e-16,2.220446049250313e-16,0.7272078894766266,2.220446049250313e-16,2.220446049250313e-16,0.5806598746729968,2.220446049250313e-16,2.220446049250313e-16
51.0,0.4712873588957175,2.220446049250313e-16,2.220446049250313e-16,2.220446049250313e-16,0.7272078894766266,2.220446049250313e-16,2.220446049250313e-16,0.5806598746729968,2.220446049250313e-16,2.220446049250313e-16
52.0,0.4712873588957175,2.220446049250313e-16,2.220446049250313e-16,2.220446049250313e-16,0.7272078894766266,2.220446049250313e-16,2.220446049250313e-16,0.5806598746729968,2.220446049250313e-16,2.220446049250313e-16
53.0,2.220446049250313e-16,0.1584600616182342,2.220446049250313e-16,0.15234602588684476,0.1903538161582486,2.220446049250313e-16,0.676128668379651,0.4441305871649035,2.220446049250313e-16,0.6336499880317501
54.0,2.220446049250313e-16,2.220446049250313e-16,2.220446049250313e-16,0.5982530483605851,0.7053928334797428,2.220446049250313e-16,0.47103193061430054,2.220446049250313e-16,2.220446049250313e-16,2.220446049250313e-16
55.0,2.220446049250313e-16,0.02498125330962954,2.220446049250313e-16,0.6944891555587703,0.3661743769294461,2.220446049250313e-16,0.45256054184992917,2.220446049250313e-16,0.06303165755694402,0.3153886435150958
56.0,2.220446049250313e-16,2.220446049250313e-16,0.1297563623167355,0.5534657826520947,0.7337069651815582,2.220446049250313e-16,0.08381376509901935,2.220446049250313e-16,2.220446049250313e-16,2.220446049250313e-16
57.0,2.220446049250313e-16,2.220446049250313e-16,0.1297563623167355,0.5534657826520947,0.7337069651815582,2.220446049250313e-16,0.08381376509901935,2.220446049250313e-16,2.220446049250313e-16,2.220446049250313e-16
58.0,2.220446049250313e-16,0.04581977783691773,0.5098139220051666,2.220446049250313e-16,2.220446049250313e-16,2.220446049250313e-16,2.220446049250313e-16,2.220446049250313e-16,0.5735726941291188,2.220446049250313e-16
59.0,2.220446049250313e-16,2.220446049250313e-16,0.9346472203471994,2.220446049250313e-16,0.0056399686954628795,0.48800428277917485,2.220446049250313e-16,2.220446049250313e-16,2.220446049250313e-16,2.220446049250313e-16
60.0,2.220446049250313e-16,2.220446049250313e-16,0.9346472203471994,2.220446049250313e-16,0.0056399686954628795,0.48800428277917485,2.220446049250313e-16,2.220446049250313e-16,2.220446049250313e-16,2.220446049250313e-16
61.0,2.220446049250313e-16,0.03543539729435441,3.3306690738754696e-16,0.03433118758538045,2.220446049250313e-16,2.220446049250313e-16,2.220446049250313e-16,2.220446049250313e-16,0.9352633119738161,0.006613266811717218
62.0,2.220446049250313e-16,0.03543539729435441,3.3306690738754696e-16,0.03433118758538045,2.220446049250313e-16,2.220446049250313e-16,2.220446049250313e-16,2.220446049250313e-16,0.9352633119738161,0.006613266811717218
