id,x_0,x_1,x_2,x_3,x_4,x_5,x_6,x_7,x_8,x_9,x_10,x_11,x_12,x_13,x_14
0.0,1.3375332479457804,0.0099603973440488,0.32117739460521977,2.220446049250313e-16,2.220446049250313e-16,0.02578664621609316,0.265192209030408,0.04522016131231045,0.1585445429544565,0.016586341822841338,2.220446049250313e-16,2.220446049250313e-16,2.220446049250313e-16,0.12136055549779201,2.220446049250313e-16
1.0,0.10374561174964762,2.220446049250313e-16,2.220446049250313e-16,0.015973590424880335,4.440892098500626e-16,2.220446049250313e-16,2.220446049250313e-16,0.8589652866810835,1.1050260359218418,0.25756334112706086,2.220446049250313e-16,0.0009727748244651943,2.220446049250313e-16,2.220446049250313e-16,0.8324248100719495
2.0,0.08080774662765204,0.31379815312585,1.189642479710619,2.220446049250313e-16,2.220446049250313e-16,0.6872570107202863,2.220446049250313e-16,0.15910880482371287,0.3381072859921166,2.220446049250313e-16,2.220446049250313e-16,0.002307893757923008,0.15505711648557902,0.18591775435828434,2.220446049250313e-16
3.0,0.01627190112553977,2.220446049250313e-16,0.040289504039084156,0.016332317993354255,4.440892098500626e-16,2.220446049250313e-16,2.220446049250313e-16,0.7890893293942997,0.9951515716360592,0.6021590837216059,2.220446049250313e-16,0.0012421800796546757,0.19124743728918464,2.220446049250313e-16,0.836898543309572
4.0,1.2768158955607622,2.220446049250313e-16,2.220446049250313e-16,0.6706508763283663,2.220446049250313e-16,0.026677326880593204,0.05906651092528994,0.04147958639219269,0.18173545149484147,0.007157875481122675,2.220446049250313e-16,2.220446049250313e-16,2.220446049250313e-16,0.6408509798099989,2.220446049250313e-16
5.0,2.220446049250313e-16,2.220446049250313e-16,2.220446049250313e-16,2.220446049250313e-16,2.220446049250313e-16,0.321484424575294,0.08157584493735748,0.8679040180425995,0.4073962984066074,0.0013949158503303567,0.00037298209556297523,2.220446049250313e-16,0.7231989482461525,0.5689014537335243,0.8406499197318004
6.0,1.2557667923793603,0.011990717321215427,0.34920507384725813,2.220446049250313e-16,2.220446049250313e-16,0.025818866248459586,0.04160416327225108,0.042738464330638035,0.15184452573049073,0.008308225932916441,2.220446049250313e-16,2.220446049250313e-16,2.220446049250313e-16,0.6429512767033463,2.220446049250313e-16
7.0,2.220446049250313e-16,2.220446049250313e-16,2.220446049250313e-16,0.02842294840019117,2.220446049250313e-16,2.220446049250313e-16,0.6903187841909144,0.020295797747252032,0.7015627889432505,2.220446049250313e-16,2.220446049250313e-16,0.019596684157162682,0.26371049513784095,0.7925456126414474,0.6808663280901329
8.0,1.07989775001148,2.220446049250313e-16,0.20408121320800948,0.05929943402836168,0.4858013466224026,0.03210049400678609,0.08324835040187276,2.220446049250313e-16,0.1789282686850096,0.0031035985867557793,2.220446049250313e-16,2.220446049250313e-16,2.220446049250313e-16,0.9665503669434444,2.220446049250313e-16
9.0,2.220446049250313e-16,0.623284739597904,2.220446049250313e-16,0.7208733083199508,0.45604990456683575,0.6108978319765391,0.7728459354027017,2.220446049250313e-16,0.08983003815287786,2.220446049250313e-16,0.0008915506572404628,2.220446049250313e-16,0.5296704366968003,0.32380842228746914,0.3154635597065148
10.0,0.22135317660382645,0.618727491042298,2.220446049250313e-16,0.36194025424681,0.43446091004452553,2.220446049250313e-16,1.2732491917347566,2.220446049250313e-16,2.220446049250313e-16,2.220446049250313e-16,2.220446049250313e-16,0.04795622676931036,2.220446049250313e-16,0.02729380673119031,0.3478995827244468
11.0,0.09411107380951789,0.6235081115564564,2.220446049250313e-16,0.7273224176302533,0.45728308566386777,0.6935992417976043,0.744262490445847,2.220446049250313e-16,0.08673367480589338,2.220446049250313e-16,0.0008889272841080912,2.220446049250313e-16,0.5296751152545969,0.10260600754578077,0.31606922246556185
12.0,0.8588097061523086,2.220446049250313e-16,0.8613398878176667,2.220446049250313e-16,1.6653345369377348e-16,0.040535103530922205,2.220446049250313e-16,2.220446049250313e-16,2.220446049250313e-16,0.6598122426019382,2.220446049250313e-16,2.220446049250313e-16,0.16580987416406773,0.6080331031549042,2.220446049250313e-16
13.0,0.10374561174964762,2.220446049250313e-16,2.220446049250313e-16,0.015973590424880335,4.440892098500626e-16,2.220446049250313e-16,2.220446049250313e-16,0.8589652866810835,1.1050260359218418,0.25756334112706086,2.220446049250313e-16,0.0009727748244651943,2.220446049250313e-16,2.220446049250313e-16,0.8324248100719495
14.0,0.36292973674843493,0.6172814807310728,0.5433137109586008,0.6726047291470753,6.661338147750939e-16,0.6753784751838892,2.220446049250313e-16,0.0793411637844455,2.220446049250313e-16,0.6607234042678936,2.220446049250313e-16,2.220446049250313e-16,2.220446049250313e-16,0.7040156519149297,2.220446049250313e-16
15.0,2.220446049250313e-16,0.6191310404204721,2.220446049250313e-16,0.03403363119764613,2.220446049250313e-16,0.6125634093358405,1.2367349299356925,0.03353703175347657,2.220446049250313e-16,2.220446049250313e-16,2.220446049250313e-16,0.05034797818757396,2.220446049250313e-16,0.047131641612523915,0.6569734685375961
16.0,0.504282903955764,0.0014856201413266934,2.220446049250313e-16,0.6735484180380267,0.4357286219465774,2.220446049250313e-16,1.2438653701203672,2.220446049250313e-16,2.220446049250313e-16,2.220446049250313e-16,2.220446049250313e-16,0.049889535340214446,2.220446049250313e-16,0.0022683610712767133,0.13581033478151322
17.0,0.2434780644416497,0.6200174679342604,0.04078031048552702,2.220446049250313e-16,2.220446049250313e-16,2.220446049250313e-16,1.128328322643441,0.035305088148462026,2.220446049250313e-16,2.220446049250313e-16,2.220446049250313e-16,0.4154809040554251,2.220446049250313e-16,2.220446049250313e-16,0.4434958160895858
18.0,2.220446049250313e-16,2.220446049250313e-16,2.220446049250313e-16,2.220446049250313e-16,2.220446049250313e-16,2.220446049250313e-16,0.051479679721219536,0.6436707495403884,0.34314904356221454,0.650953912489072,0.2930118982935792,0.8045202918716998,0.5313792960493011,0.13927602920350013,2.220446049250313e-16
19.0,0.6254335702817507,2.220446049250313e-16,1.1464211918369605,2.220446049250313e-16,2.220446049250313e-16,2.220446049250313e-16,0.1965267124742576,0.1563465100742256,2.220446049250313e-16,2.220446049250313e-16,0.151330965172613,2.220446049250313e-16,2.220446049250313e-16,2.220446049250313e-16,2.220446049250313e-16
20.0,2.220446049250313e-16,2.220446049250313e-16,2.220446049250313e-16,2.220446049250313e-16,2.220446049250313e-16,2.220446049250313e-16,2.220446049250313e-16,2.220446049250313e-16,2.220446049250313e-16,0.3240355778350716,1.0494671514214389,0.7809382161866426,0.7221535812768392,2.220446049250313e-16,2.220446049250313e-16
21.0,2.220446049250313e-16,2.220446049250313e-16,2.220446049250313e-16,2.220446049250313e-16,2.220446049250313e-16,2.220446049250313e-16,2.220446049250313e-16,2.220446049250313e-16,2.220446049250313e-16,0.3240355778350716,1.0494671514214389,0.7809382161866426,0.7221535812768392,2.220446049250313e-16,2.220446049250313e-16
22.0,2.220446049250313e-16,2.220446049250313e-16,2.220446049250313e-16,2.220446049250313e-16,2.220446049250313e-16,2.220446049250313e-16,2.220446049250313e-16,2.220446049250313e-16,2.220446049250313e-16,0.3240355778350716,1.0494671514214389,0.7809382161866426,0.7221535812768392,2.220446049250313e-16,2.220446049250313e-16
23.0,2.220446049250313e-16,2.220446049250313e-16,0.9511702263278543,2.220446049250313e-16,0.48939294631340247,2.220446049250313e-16,2.220446049250313e-16,0.3983372509945739,0.5404542571626203,2.220446049250313e-16,0.4755277278499967,2.220446049250313e-16,2.220446049250313e-16,2.220446049250313e-16,2.220446049250313e-16
24.0,0.023945764492050124,2.220446049250313e-16,0.8792445554229651,2.220446049250313e-16,2.220446049250313e-16,2.220446049250313e-16,2.220446049250313e-16,0.5436988423896615,0.21047066318806407,2.220446049250313e-16,0.6256635328894067,2.220446049250313e-16,2.220446049250313e-16,2.220446049250313e-16,0.08552681723913692
25.0,0.12625689887993463,0.6173633797514604,1.1382097077149387,2.220446049250313e-16,3.3306690738754696e-16,0.6867141075252099,2.220446049250313e-16,0.17493241097430481,2.220446049250313e-16,2.220446049250313e-16,0.35781510946683587,2.220446049250313e-16,2.220446049250313e-16,2.220446049250313e-16,2.220446049250313e-16
26.0,2.220446049250313e-16,2.220446049250313e-16,0.40329955655097366,0.6564188712471519,6.245004513516506e-17,2.220446049250313e-16,2.220446049250313e-16,2.220446049250313e-16,2.220446049250313e-16,2.220446049250313e-16,1.1453865188935946,0.057138591710250326,2.220446049250313e-16,2.220446049250313e-16,0.34441452559861047
27.0,2.220446049250313e-16,2.220446049250313e-16,0.40329955655097366,0.6564188712471519,6.245004513516506e-17,2.220446049250313e-16,2.220446049250313e-16,2.220446049250313e-16,2.220446049250313e-16,2.220446049250313e-16,1.1453865188935946,0.057138591710250326,2.220446049250313e-16,2.220446049250313e-16,0.34441452559861047
28.0,2.220446049250313e-16,0.6192310779339832,0.0742657497419359,2.220446049250313e-16,0.4365182598628134,0.6125896897933676,1.2255626472122194,2.220446049250313e-16,2.220446049250313e-16,2.220446049250313e-16,2.220446049250313e-16,0.05104364683094529,2.220446049250313e-16,2.220446049250313e-16,0.56369598265888
29.0,0.533882848110752,0.003100879021361358,0.011952152839059486,0.6217326411756533,0.44356073154485626,2.220446049250313e-16,1.062327821306861,2.220446049250313e-16,2.220446049250313e-16,2.220446049250313e-16,2.220446049250313e-16,2.220446049250313e-16,0.26709407978426086,2.220446049250313e-16,0.3132861834830198
30.0,1.110038920516034,0.006297519275043295,0.007110940128801923,0.6665126387020774,2.220446049250313e-16,2.220446049250313e-16,0.6830576871306199,0.051734371278476535,2.220446049250313e-16,2.220446049250313e-16,2.220446049250313e-16,2.220446049250313e-16,0.26208491905356573,2.220446049250313e-16,2.220446049250313e-16
31.0,0.03753359072678427,0.626339578105887,2.220446049250313e-16,2.220446049250313e-16,2.220446049250313e-16,0.6080981584237137,0.4302281852746815,0.9262120851246889,2.220446049250313e-16,0.02349224761755458,2.220446049250313e-16,0.8189720921099513,2.220446049250313e-16,0.09587299733967018,0.04453731678351918
32.0,0.03753359072678427,0.626339578105887,2.220446049250313e-16,2.220446049250313e-16,2.220446049250313e-16,0.6080981584237137,0.4302281852746815,0.9262120851246889,2.220446049250313e-16,0.02349224761755458,2.220446049250313e-16,0.8189720921099513,2.220446049250313e-16,0.09587299733967018,0.04453731678351918
33.0,2.220446049250313e-16,2.220446049250313e-16,2.220446049250313e-16,0.07047217445092993,2.220446049250313e-16,2.220446049250313e-16,0.5939948566375469,2.220446049250313e-16,0.6967268013465845,2.220446049250313e-16,0.026388986039017456,0.40773588174755643,0.5313543674474732,0.7968862876994777,0.1995368536360821
34.0,0.7531798801588155,2.220446049250313e-16,1.119708997776377,2.220446049250313e-16,2.220446049250313e-16,2.220446049250313e-16,0.18285746453834,2.220446049250313e-16,2.220446049250313e-16,2.220446049250313e-16,0.05751224877781498,2.220446049250313e-16,2.220446049250313e-16,0.19669144148050566,2.220446049250313e-16
35.0,2.220446049250313e-16,2.220446049250313e-16,2.220446049250313e-16,2.220446049250313e-16,2.220446049250313e-16,2.220446049250313e-16,0.10939672627730757,2.220446049250313e-16,0.0052373546046720065,0.6272091411289529,1.0292495182212364,0.9070763481379853,2.220446049250313e-16,2.220446049250313e-16,2.220446049250313e-16
36.0,2.220446049250313e-16,2.220446049250313e-16,2.220446049250313e-16,2.220446049250313e-16,2.220446049250313e-16,2.220446049250313e-16,0.10939672627730757,2.220446049250313e-16,0.0052373546046720065,0.6272091411289529,1.0292495182212364,0.9070763481379853,2.220446049250313e-16,2.220446049250313e-16,2.220446049250313e-16
37.0,2.220446049250313e-16,2.220446049250313e-16,2.220446049250313e-16,2.220446049250313e-16,2.220446049250313e-16,2.220446049250313e-16,0.10939672627730757,2.220446049250313e-16,0.0052373546046720065,0.6272091411289529,1.0292495182212364,0.9070763481379853,2.220446049250313e-16,2.220446049250313e-16,2.220446049250313e-16
38.0,2.220446049250313e-16,2.220446049250313e-16,0.016245202948327025,0.6459883502679216,0.48939294631340263,0.3226304234753519,2.220446049250313e-16,0.7471314492815455,0.7410226900699466,2.220446049250313e-16,2.220446049250313e-16,2.220446049250313e-16,0.4600424225157389,0.4304935499940383,0.3206970142407948
39.0,0.4572675149249066,2.220446049250313e-16,0.03305895456585739,0.6758081912439183,0.48510505450631963,0.0626965057590633,0.0993874458046865,0.03629715420230374,0.8634397033585534,0.6341322691680814,2.220446049250313e-16,2.220446049250313e-16,0.00021570624081508467,0.4472019111673603,2.220446049250313e-16
40.0,0.09011169567181113,0.6173758875523587,1.2261837076112392,2.220446049250313e-16,2.220446049250313e-16,0.6866209683956583,2.220446049250313e-16,0.1680126616119567,0.16162599508818037,2.220446049250313e-16,0.047729895243001544,2.220446049250313e-16,2.220446049250313e-16,0.19094361297777723,2.220446049250313e-16
41.0,0.10573481257683996,2.220446049250313e-16,0.09764442989947697,0.6487977552308359,2.220446049250313e-16,2.220446049250313e-16,2.220446049250313e-16,0.03039254770958662,0.1855652967821725,2.220446049250313e-16,1.1275524234489007,2.220446049250313e-16,2.220446049250313e-16,2.220446049250313e-16,0.4380248472350784
42.0,0.10573481257683996,2.220446049250313e-16,0.09764442989947697,0.6487977552308359,2.220446049250313e-16,2.220446049250313e-16,2.220446049250313e-16,0.03039254770958662,0.1855652967821725,2.220446049250313e-16,1.1275524234489007,2.220446049250313e-16,2.220446049250313e-16,2.220446049250313e-16,0.4380248472350784
43.0,2.220446049250313e-16,0.6192310779339832,0.0742657497419359,2.220446049250313e-16,0.4365182598628134,0.6125896897933676,1.2255626472122194,2.220446049250313e-16,2.220446049250313e-16,2.220446049250313e-16,2.220446049250313e-16,0.05104364683094529,2.220446049250313e-16,2.220446049250313e-16,0.56369598265888
44.0,1.265805899913201,2.220446049250313e-16,2.220446049250313e-16,0.6703549183557167,2.220446049250313e-16,0.02996035230066899,0.4229620519995123,0.04300359498835952,0.09153786635446355,2.220446049250313e-16,2.220446049250313e-16,2.220446049250313e-16,2.220446049250313e-16,0.1982392601933423,2.220446049250313e-16
45.0,1.265805899913201,2.220446049250313e-16,2.220446049250313e-16,0.6703549183557167,2.220446049250313e-16,0.02996035230066899,0.4229620519995123,0.04300359498835952,0.09153786635446355,2.220446049250313e-16,2.220446049250313e-16,2.220446049250313e-16,2.220446049250313e-16,0.1982392601933423,2.220446049250313e-16
46.0,2.220446049250313e-16,0.6166271827459713,2.220446049250313e-16,0.003981665095886711,0.4856352369213857,0.3214834658619355,0.08709854524126387,0.8353256098816099,0.055743261978827965,0.013863560554890969,0.0004118313506999795,2.220446049250313e-16,0.7237903683699579,0.5836970203049849,0.7496979585405739
47.0,2.220446049250313e-16,0.6166271827459713,2.220446049250313e-16,0.003981665095886711,0.4856352369213857,0.3214834658619355,0.08709854524126387,0.8353256098816099,0.055743261978827965,0.013863560554890969,0.0004118313506999795,2.220446049250313e-16,0.7237903683699579,0.5836970203049849,0.7496979585405739
48.0,2.220446049250313e-16,2.220446049250313e-16,2.220446049250313e-16,2.220446049250313e-16,2.220446049250313e-16,2.220446049250313e-16,0.04831609173884764,0.7791746704949283,0.07692976069436037,0.6580566002000193,0.38595997810646643,0.8147334983493297,0.5290719457045884,0.1459489150918822,2.220446049250313e-16
49.0,0.6254335702817507,2.220446049250313e-16,1.1464211918369605,2.220446049250313e-16,2.220446049250313e-16,2.220446049250313e-16,0.1965267124742576,0.1563465100742256,2.220446049250313e-16,2.220446049250313e-16,0.151330965172613,2.220446049250313e-16,2.220446049250313e-16,2.220446049250313e-16,2.220446049250313e-16
50.0,2.220446049250313e-16,2.220446049250313e-16,0.07643387086743635,2.220446049250313e-16,2.220446049250313e-16,2.220446049250313e-16,2.220446049250313e-16,2.220446049250313e-16,2.220446049250313e-16,2.220446049250313e-16,1.0823882329743888,0.7782498647308838,0.7198045320083394,2.220446049250313e-16,2.220446049250313e-16
51.0,2.220446049250313e-16,2.220446049250313e-16,0.07643387086743635,2.220446049250313e-16,2.220446049250313e-16,2.220446049250313e-16,2.220446049250313e-16,2.220446049250313e-16,2.220446049250313e-16,2.220446049250313e-16,1.0823882329743888,0.7782498647308838,0.7198045320083394,2.220446049250313e-16,2.220446049250313e-16
52.0,2.220446049250313e-16,2.220446049250313e-16,0.07643387086743635,2.220446049250313e-16,2.220446049250313e-16,2.220446049250313e-16,2.220446049250313e-16,2.220446049250313e-16,2.220446049250313e-16,2.220446049250313e-16,1.0823882329743888,0.7782498647308838,0.7198045320083394,2.220446049250313e-16,2.220446049250313e-16
53.0,2.220446049250313e-16,0.6174070700896842,0.9449553932886546,2.220446049250313e-16,0.48939294631340313,2.220446049250313e-16,2.220446049250313e-16,0.6063295242472515,0.41509280132569193,0.318922582790513,0.14073526370678097,2.220446049250313e-16,2.220446049250313e-16,2.220446049250313e-16,2.220446049250313e-16
54.0,0.07821193478132153,2.220446049250313e-16,0.08979093946344863,0.0159972607789765,2.220446049250313e-16,2.220446049250313e-16,2.220446049250313e-16,0.8658897702223296,0.9778718451416711,0.29794256403006497,0.05995861401132111,2.220446049250313e-16,2.220446049250313e-16,2.220446049250313e-16,0.8339209599809425
55.0,0.7584477620884145,2.220446049250313e-16,1.0872755024260725,2.220446049250313e-16,2.220446049250313e-16,2.220446049250313e-16,0.18354494572238764,2.220446049250313e-16,2.220446049250313e-16,2.220446049250313e-16,0.007666316734953845,2.220446049250313e-16,0.15886617388825292,0.19751955536099597,2.220446049250313e-16
56.0,2.220446049250313e-16,2.220446049250313e-16,0.009012730337574472,2.220446049250313e-16,2.220446049250313e-16,2.220446049250313e-16,0.09994064960599858,2.220446049250313e-16,0.6897883672447663,2.220446049250313e-16,0.6345083830652718,0.9416053330912357,2.220446049250313e-16,0.20308351218686324,2.220446049250313e-16
57.0,2.220446049250313e-16,2.220446049250313e-16,0.009012730337574472,2.220446049250313e-16,2.220446049250313e-16,2.220446049250313e-16,0.09994064960599858,2.220446049250313e-16,0.6897883672447663,2.220446049250313e-16,0.6345083830652718,0.9416053330912357,2.220446049250313e-16,0.20308351218686324,2.220446049250313e-16
58.0,2.220446049250313e-16,2.220446049250313e-16,2.220446049250313e-16,0.07532854740787372,0.4612220446159101,2.220446049250313e-16,0.652962829216935,0.012739127773279676,0.5875760203662992,2.220446049250313e-16,0.0005292907467840791,2.220446049250313e-16,0.5314030086337092,0.7584284969416782,0.752287742171537
59.0,0.5778336961254649,2.220446049250313e-16,0.9036729026260453,2.220446049250313e-16,4.440892098500626e-16,0.6651875455634326,2.220446049250313e-16,2.220446049250313e-16,2.220446049250313e-16,0.6613591441716593,2.220446049250313e-16,2.220446049250313e-16,0.1645088496792361,0.6196242989333671,2.220446049250313e-16
60.0,0.5778336961254649,2.220446049250313e-16,0.9036729026260453,2.220446049250313e-16,4.440892098500626e-16,0.6651875455634326,2.220446049250313e-16,2.220446049250313e-16,2.220446049250313e-16,0.6613591441716593,2.220446049250313e-16,2.220446049250313e-16,0.1645088496792361,0.6196242989333671,2.220446049250313e-16
61.0,0.10374561174964762,2.220446049250313e-16,2.220446049250313e-16,0.015973590424880335,4.440892098500626e-16,2.220446049250313e-16,2.220446049250313e-16,0.8589652866810835,1.1050260359218418,0.25756334112706086,2.220446049250313e-16,0.0009727748244651943,2.220446049250313e-16,2.220446049250313e-16,0.8324248100719495
62.0,0.10374561174964762,2.220446049250313e-16,2.220446049250313e-16,0.015973590424880335,4.440892098500626e-16,2.220446049250313e-16,2.220446049250313e-16,0.8589652866810835,1.1050260359218418,0.25756334112706086,2.220446049250313e-16,0.0009727748244651943,2.220446049250313e-16,2.220446049250313e-16,0.8324248100719495
