id,x_0,x_1,x_2,x_3,x_4,x_5,x_6,x_7,x_8,x_9,x_10
0.0,2.220446049250313e-16,2.220446049250313e-16,2.220446049250313e-16,0.6052589342443456,2.220446049250313e-16,0.0015738069765960482,0.5794935725136264,0.4650030104057637,0.6215607258366397,2.220446049250313e-16,2.220446049250313e-16
1.0,2.220446049250313e-16,0.5086801439154184,0.275147548634588,2.220446049250313e-16,2.220446049250313e-16,2.220446049250313e-16,0.7208605871460635,2.220446049250313e-16,2.220446049250313e-16,0.4401433147894962,0.0324930174012657
2.0,2.220446049250313e-16,2.220446049250313e-16,2.220446049250313e-16,0.6052589342443456,2.220446049250313e-16,0.0015738069765960482,0.5794935725136264,0.4650030104057637,0.6215607258366397,2.220446049250313e-16,2.220446049250313e-16
3.0,2.220446049250313e-16,0.5160942023400892,2.220446049250313e-16,2.220446049250313e-16,2.7755575615628914e-17,2.220446049250313e-16,0.7208765217743326,0.4650030104057637,2.220446049250313e-16,0.44014331478949625,0.03225836967825277
4.0,2.220446049250313e-16,2.220446049250313e-16,2.220446049250313e-16,0.6895911478363003,2.220446049250313e-16,0.0008138849727821751,0.25672240228511456,2.220446049250313e-16,0.6215607258366397,2.220446049250313e-16,0.21564603709607252
5.0,2.220446049250313e-16,2.220446049250313e-16,2.220446049250313e-16,2.220446049250313e-16,2.220446049250313e-16,2.220446049250313e-16,0.4118547989449243,0.4650030104057637,2.220446049250313e-16,0.4401433147894962,0.5867537047866814
6.0,2.220446049250313e-16,2.220446049250313e-16,2.220446049250313e-16,0.045553741903026745,2.220446049250313e-16,2.220446049250313e-16,0.07882980043470346,2.220446049250313e-16,2.220446049250313e-16,2.220446049250313e-16,0.9533940053079634
7.0,2.220446049250313e-16,2.220446049250313e-16,2.220446049250313e-16,2.220446049250313e-16,2.220446049250313e-16,2.220446049250313e-16,0.09213175740038766,0.46500301040576386,2.220446049250313e-16,0.4401433147894962,0.7575140725680927
8.0,2.220446049250313e-16,2.220446049250313e-16,2.220446049250313e-16,0.045553741903026745,2.220446049250313e-16,2.220446049250313e-16,0.07882980043470346,2.220446049250313e-16,2.220446049250313e-16,2.220446049250313e-16,0.9533940053079634
9.0,2.220446049250313e-16,2.220446049250313e-16,2.220446049250313e-16,2.220446049250313e-16,2.220446049250313e-16,2.220446049250313e-16,0.4118547989449243,0.4650030104057637,2.220446049250313e-16,0.4401433147894962,0.5867537047866814
10.0,2.220446049250313e-16,0.23531020594419852,2.220446049250313e-16,0.6899832605138849,2.220446049250313e-16,0.0008103516248605183,0.2572290565365185,8.326672684688674e-17,0.27299799343363695,2.220446049250313e-16,0.20818522505590015
11.0,2.220446049250313e-16,0.25990704156743366,2.220446049250313e-16,2.220446049250313e-16,8.326672684688674e-17,2.220446049250313e-16,0.7081235287109461,0.4650030104057637,2.220446049250313e-16,0.44014331478949625,0.22005445336222
12.0,2.220446049250313e-16,2.220446049250313e-16,2.220446049250313e-16,0.6985819172883695,2.220446049250313e-16,0.0007328686772666432,0.5764664229720077,2.220446049250313e-16,0.6215607258366397,2.220446049250313e-16,0.044576737854094814
13.0,2.220446049250313e-16,0.5160942023400892,2.220446049250313e-16,2.220446049250313e-16,2.7755575615628914e-17,2.220446049250313e-16,0.7208765217743326,0.4650030104057637,2.220446049250313e-16,0.44014331478949625,0.03225836967825277
14.0,2.220446049250313e-16,2.220446049250313e-16,2.220446049250313e-16,0.6052589342443456,2.220446049250313e-16,0.0015738069765960482,0.5794935725136264,0.4650030104057637,0.6215607258366397,2.220446049250313e-16,2.220446049250313e-16
15.0,2.220446049250313e-16,0.5086801439154184,0.275147548634588,2.220446049250313e-16,2.220446049250313e-16,2.220446049250313e-16,0.7208605871460635,2.220446049250313e-16,2.220446049250313e-16,0.4401433147894962,0.0324930174012657
16.0,2.220446049250313e-16,2.220446049250313e-16,2.220446049250313e-16,0.6052589342443456,2.220446049250313e-16,0.0015738069765960482,0.5794935725136264,0.4650030104057637,0.6215607258366397,2.220446049250313e-16,2.220446049250313e-16
17.0,2.220446049250313e-16,0.5086801439154184,0.275147548634588,2.220446049250313e-16,2.220446049250313e-16,2.220446049250313e-16,0.7208605871460635,2.220446049250313e-16,2.220446049250313e-16,0.4401433147894962,0.0324930174012657
18.0,2.220446049250313e-16,2.220446049250313e-16,2.220446049250313e-16,0.6052589342443456,2.220446049250313e-16,0.0015738069765960482,0.5794935725136264,0.4650030104057637,0.6215607258366397,2.220446049250313e-16,2.220446049250313e-16
19.0,2.220446049250313e-16,0.5086801439154184,0.275147548634588,2.220446049250313e-16,2.220446049250313e-16,2.220446049250313e-16,0.7208605871460635,2.220446049250313e-16,2.220446049250313e-16,0.4401433147894962,0.0324930174012657
20.0,0.026143249616766288,0.03046303913622872,0.6821927297637461,2.220446049250313e-16,0.48147174199302206,2.220446049250313e-16,2.220446049250313e-16,2.220446049250313e-16,0.6750888390751891,0.4401433147894962,2.220446049250313e-16
21.0,0.029956885211486258,0.03490682221890895,0.6906434488228713,0.33816696566773163,2.220446049250313e-16,0.24521128650424381,2.220446049250313e-16,2.220446049250313e-16,0.3966380456446571,0.44014331478949625,2.220446049250313e-16
22.0,2.220446049250313e-16,2.220446049250313e-16,0.3030056054076643,0.33265103368708865,2.220446049250313e-16,0.6833861731378024,2.220446049250313e-16,0.4650030104057637,2.220446049250313e-16,0.44014331478949625,2.220446049250313e-16
23.0,0.674947215130398,2.220446049250313e-16,2.220446049250313e-16,2.220446049250313e-16,0.4814717419930221,0.6793558820583541,2.220446049250313e-16,2.220446049250313e-16,2.220446049250313e-16,2.220446049250313e-16,2.220446049250313e-16
24.0,0.674947215130398,2.220446049250313e-16,2.220446049250313e-16,2.220446049250313e-16,0.4814717419930221,0.6793558820583541,2.220446049250313e-16,2.220446049250313e-16,2.220446049250313e-16,2.220446049250313e-16,2.220446049250313e-16
25.0,0.026143249616766288,0.03046303913622872,0.6821927297637461,2.220446049250313e-16,0.48147174199302206,2.220446049250313e-16,2.220446049250313e-16,2.220446049250313e-16,0.6750888390751891,0.4401433147894962,2.220446049250313e-16
26.0,0.029956885211486258,0.03490682221890895,0.6906434488228713,0.33816696566773163,2.220446049250313e-16,0.24521128650424381,2.220446049250313e-16,2.220446049250313e-16,0.3966380456446571,0.44014331478949625,2.220446049250313e-16
27.0,2.220446049250313e-16,2.220446049250313e-16,0.3030056054076643,0.33265103368708865,2.220446049250313e-16,0.6833861731378024,2.220446049250313e-16,0.4650030104057637,2.220446049250313e-16,0.44014331478949625,2.220446049250313e-16
28.0,0.674947215130398,2.220446049250313e-16,2.220446049250313e-16,2.220446049250313e-16,0.4814717419930221,0.6793558820583541,2.220446049250313e-16,2.220446049250313e-16,2.220446049250313e-16,2.220446049250313e-16,2.220446049250313e-16
29.0,0.674947215130398,2.220446049250313e-16,2.220446049250313e-16,2.220446049250313e-16,0.4814717419930221,0.6793558820583541,2.220446049250313e-16,2.220446049250313e-16,2.220446049250313e-16,2.220446049250313e-16,2.220446049250313e-16
30.0,2.220446049250313e-16,0.4296764671058476,0.5805343324035531,0.24442667019055125,2.220446049250313e-16,2.220446049250313e-16,2.220446049250313e-16,2.220446049250313e-16,2.220446049250313e-16,2.220446049250313e-16,0.37294309883825244
31.0,2.220446049250313e-16,2.220446049250313e-16,2.220446049250313e-16,0.6893471464035145,2.220446049250313e-16,0.6801719657408563,0.3042188357244302,2.220446049250313e-16,2.220446049250313e-16,2.220446049250313e-16,0.05754910585936295
32.0,0.7158800079463493,0.7521813956056685,0.06557304542244613,2.220446049250313e-16,2.220446049250313e-16,2.220446049250313e-16,2.220446049250313e-16,2.220446049250313e-16,0.04479240769482129,2.220446049250313e-16,0.01281113478520849
33.0,0.7158800079463493,0.7521813956056685,0.06557304542244613,2.220446049250313e-16,2.220446049250313e-16,2.220446049250313e-16,2.220446049250313e-16,2.220446049250313e-16,0.04479240769482129,2.220446049250313e-16,0.01281113478520849
34.0,0.7158800079463493,0.7521813956056685,0.06557304542244613,2.220446049250313e-16,2.220446049250313e-16,2.220446049250313e-16,2.220446049250313e-16,2.220446049250313e-16,0.04479240769482129,2.220446049250313e-16,0.01281113478520849
35.0,0.00041435204611753985,0.15448808063642383,2.220446049250313e-16,0.04798514366098509,2.220446049250313e-16,2.220446049250313e-16,2.220446049250313e-16,2.220446049250313e-16,2.220446049250313e-16,2.220446049250313e-16,0.9071259540122144
36.0,2.220446049250313e-16,2.220446049250313e-16,2.220446049250313e-16,0.045553741903026745,2.220446049250313e-16,2.220446049250313e-16,0.07882980043470346,2.220446049250313e-16,2.220446049250313e-16,2.220446049250313e-16,0.9533940053079634
37.0,2.220446049250313e-16,2.220446049250313e-16,2.220446049250313e-16,0.045553741903026745,2.220446049250313e-16,2.220446049250313e-16,0.07882980043470346,2.220446049250313e-16,2.220446049250313e-16,2.220446049250313e-16,0.9533940053079634
38.0,0.0004358219806199584,0.16249298613585975,2.220446049250313e-16,2.220446049250313e-16,2.220446049250313e-16,2.220446049250313e-16,2.220446049250313e-16,0.4650030104057637,2.220446049250313e-16,0.44014331478949625,0.7116951111110075
39.0,0.0004358219806199584,0.16249298613585975,2.220446049250313e-16,2.220446049250313e-16,2.220446049250313e-16,2.220446049250313e-16,2.220446049250313e-16,0.4650030104057637,2.220446049250313e-16,0.44014331478949625,0.7116951111110075
40.0,0.00041435204611753985,0.15448808063642383,2.220446049250313e-16,0.04798514366098509,2.220446049250313e-16,2.220446049250313e-16,2.220446049250313e-16,2.220446049250313e-16,2.220446049250313e-16,2.220446049250313e-16,0.9071259540122144
41.0,2.220446049250313e-16,2.220446049250313e-16,2.220446049250313e-16,0.045553741903026745,2.220446049250313e-16,2.220446049250313e-16,0.07882980043470346,2.220446049250313e-16,2.220446049250313e-16,2.220446049250313e-16,0.9533940053079634
42.0,2.220446049250313e-16,2.220446049250313e-16,2.220446049250313e-16,0.045553741903026745,2.220446049250313e-16,2.220446049250313e-16,0.07882980043470346,2.220446049250313e-16,2.220446049250313e-16,2.220446049250313e-16,0.9533940053079634
43.0,0.0004358219806199584,0.16249298613585975,2.220446049250313e-16,2.220446049250313e-16,2.220446049250313e-16,2.220446049250313e-16,2.220446049250313e-16,0.4650030104057637,2.220446049250313e-16,0.44014331478949625,0.7116951111110075
44.0,0.0004358219806199584,0.16249298613585975,2.220446049250313e-16,2.220446049250313e-16,2.220446049250313e-16,2.220446049250313e-16,2.220446049250313e-16,0.4650030104057637,2.220446049250313e-16,0.44014331478949625,0.7116951111110075
45.0,2.220446049250313e-16,0.4296764671058476,0.5805343324035531,0.24442667019055125,2.220446049250313e-16,2.220446049250313e-16,2.220446049250313e-16,2.220446049250313e-16,2.220446049250313e-16,2.220446049250313e-16,0.37294309883825244
46.0,2.220446049250313e-16,2.220446049250313e-16,2.220446049250313e-16,0.6893471464035145,2.220446049250313e-16,0.6801719657408563,0.3042188357244302,2.220446049250313e-16,2.220446049250313e-16,2.220446049250313e-16,0.05754910585936295
47.0,0.7158800079463493,0.7521813956056685,0.06557304542244613,2.220446049250313e-16,2.220446049250313e-16,2.220446049250313e-16,2.220446049250313e-16,2.220446049250313e-16,0.04479240769482129,2.220446049250313e-16,0.01281113478520849
48.0,0.7158800079463493,0.7521813956056685,0.06557304542244613,2.220446049250313e-16,2.220446049250313e-16,2.220446049250313e-16,2.220446049250313e-16,2.220446049250313e-16,0.04479240769482129,2.220446049250313e-16,0.01281113478520849
49.0,0.7158800079463493,0.7521813956056685,0.06557304542244613,2.220446049250313e-16,2.220446049250313e-16,2.220446049250313e-16,2.220446049250313e-16,2.220446049250313e-16,0.04479240769482129,2.220446049250313e-16,0.01281113478520849
50.0,2.220446049250313e-16,0.6860613793286386,0.5728068666728077,0.25428233122293287,2.220446049250313e-16,2.220446049250313e-16,2.220446049250313e-16,2.220446049250313e-16,2.220446049250313e-16,2.220446049250313e-16,0.18539604755097425
51.0,2.220446049250313e-16,2.220446049250313e-16,2.220446049250313e-16,0.6893471464035145,2.220446049250313e-16,0.6801719657408563,0.3042188357244302,2.220446049250313e-16,2.220446049250313e-16,2.220446049250313e-16,0.05754910585936295
52.0,0.7158800079463493,0.7521813956056685,0.06557304542244613,2.220446049250313e-16,2.220446049250313e-16,2.220446049250313e-16,2.220446049250313e-16,2.220446049250313e-16,0.04479240769482129,2.220446049250313e-16,0.01281113478520849
53.0,0.7158800079463493,0.7521813956056685,0.06557304542244613,2.220446049250313e-16,2.220446049250313e-16,2.220446049250313e-16,2.220446049250313e-16,2.220446049250313e-16,0.04479240769482129,2.220446049250313e-16,0.01281113478520849
54.0,0.7158800079463493,0.7521813956056685,0.06557304542244613,2.220446049250313e-16,2.220446049250313e-16,2.220446049250313e-16,2.220446049250313e-16,2.220446049250313e-16,0.04479240769482129,2.220446049250313e-16,0.01281113478520849
55.0,0.026143249616766288,0.03046303913622872,0.6821927297637461,2.220446049250313e-16,0.48147174199302206,2.220446049250313e-16,2.220446049250313e-16,2.220446049250313e-16,0.6750888390751891,0.4401433147894962,2.220446049250313e-16
56.0,0.029956885211486258,0.03490682221890895,0.6906434488228713,0.33816696566773163,2.220446049250313e-16,0.24521128650424381,2.220446049250313e-16,2.220446049250313e-16,0.3966380456446571,0.44014331478949625,2.220446049250313e-16
57.0,2.220446049250313e-16,2.220446049250313e-16,0.3030056054076643,0.33265103368708865,2.220446049250313e-16,0.6833861731378024,2.220446049250313e-16,0.4650030104057637,2.220446049250313e-16,0.44014331478949625,2.220446049250313e-16
58.0,0.674947215130398,2.220446049250313e-16,2.220446049250313e-16,2.220446049250313e-16,0.4814717419930221,0.6793558820583541,2.220446049250313e-16,2.220446049250313e-16,2.220446049250313e-16,2.220446049250313e-16,2.220446049250313e-16
59.0,0.674947215130398,2.220446049250313e-16,2.220446049250313e-16,2.220446049250313e-16,0.4814717419930221,0.6793558820583541,2.220446049250313e-16,2.220446049250313e-16,2.220446049250313e-16,2.220446049250313e-16,2.220446049250313e-16
60.0,0.026143249616766288,0.03046303913622872,0.6821927297637461,2.220446049250313e-16,0.48147174199302206,2.220446049250313e-16,2.220446049250313e-16,2.220446049250313e-16,0.6750888390751891,0.4401433147894962,2.220446049250313e-16
61.0,0.029956885211486258,0.03490682221890895,0.6906434488228713,0.33816696566773163,2.220446049250313e-16,0.24521128650424381,2.220446049250313e-16,2.220446049250313e-16,0.3966380456446571,0.44014331478949625,2.220446049250313e-16
62.0,2.220446049250313e-16,2.220446049250313e-16,0.3030056054076643,0.33265103368708865,2.220446049250313e-16,0.6833861731378024,2.220446049250313e-16,0.4650030104057637,2.220446049250313e-16,0.44014331478949625,2.220446049250313e-16
63.0,0.674947215130398,2.220446049250313e-16,2.220446049250313e-16,2.220446049250313e-16,0.4814717419930221,0.6793558820583541,2.220446049250313e-16,2.220446049250313e-16,2.220446049250313e-16,2.220446049250313e-16,2.220446049250313e-16
64.0,0.674947215130398,2.220446049250313e-16,2.220446049250313e-16,2.220446049250313e-16,0.4814717419930221,0.6793558820583541,2.220446049250313e-16,2.220446049250313e-16,2.220446049250313e-16,2.220446049250313e-16,2.220446049250313e-16
65.0,0.026143249616766305,0.03046303913622872,0.6821927297637461,2.220446049250313e-16,0.48147174199302206,2.220446049250313e-16,2.220446049250313e-16,2.220446049250313e-16,0.6750888390751891,0.4401433147894962,2.220446049250313e-16
66.0,0.029956885211486265,0.03490682221890895,0.6906434488228713,0.33816696566773163,2.220446049250313e-16,0.24521128650424381,2.220446049250313e-16,2.220446049250313e-16,0.3966380456446571,0.44014331478949625,2.220446049250313e-16
67.0,2.220446049250313e-16,2.220446049250313e-16,0.3030056054076643,0.33265103368708865,2.220446049250313e-16,0.6833861731378024,2.220446049250313e-16,0.4650030104057637,2.220446049250313e-16,0.44014331478949625,2.220446049250313e-16
68.0,0.674947215130398,2.220446049250313e-16,2.220446049250313e-16,2.220446049250313e-16,0.4814717419930221,0.6793558820583541,2.220446049250313e-16,2.220446049250313e-16,2.220446049250313e-16,2.220446049250313e-16,2.220446049250313e-16
69.0,0.674947215130398,2.220446049250313e-16,2.220446049250313e-16,2.220446049250313e-16,0.4814717419930221,0.6793558820583541,2.220446049250313e-16,2.220446049250313e-16,2.220446049250313e-16,2.220446049250313e-16,2.220446049250313e-16
