39 0.5463381340977322 0.3312757521305275 0.33127575241000734 0.6818551576679375 0.03045027021627963 0.08912143046782853 0.1784715251221682 0.22239144149541515 0.17847152465135055 0.22239144181413908 0.6818551585384341 0.22239144167629088 0.4548200561279668 0.1033824764202204 0.04769702463483623 0.0023732694054652954 -0.01579923281177819 -0.02314678183814234 0.2559629082897306 0.21235429176763315
2 -0.017162190904002044 0.10446404403365302 0.10446404431083472 -0.021205614975767357 0.3620503736692992 0.3724524788881194 0.23543188376017238 0.2369036593197913 0.23543188323212236 0.23690365958101833 -0.021205615049736563 0.23690365971409083 -0.028466597021603948 0.20054437506738815 0.5021103978686546 0.5608052894424734 0.6345055182513936 0.5715400409787657 0.2406836395265922 0.18186925596342673
30 0.22119277950097999 0.23394420117138115 0.2339442015644747 0.2223914414512164 0.16963523338912076 0.32500797745450083 0.41860329245876826 0.43330640776769747 0.41860329203541075 0.43330640811319887 0.2223914420784674 0.4333064081642066 0.2104885036872638 0.20856692540197655 0.34386196248751233 0.28861529748219605 0.22692092441711859 0.23055631087948605 0.4316819712718348 0.33797478288636384
35 0.17567685272176292 0.3103263403997712 0.31032634085062677 0.2963172369042316 0.28749002788406336 0.3809882377398028 0.2635930645654548 0.41207100401887076 0.26359306383036873 0.41207100452076645 0.2963172370372804 0.4120710046365745 0.14945111512603898 0.32844920394622706 0.23448731710731283 0.26559262408060536 0.2461253048833258 0.21442350019856835 0.5386571578503697 0.2684794246920022
22 0.06319161610856208 0.29621857676295676 0.2962185774219803 0.11003638852002383 0.7114506316148959 0.32751584672311634 0.1284713725017851 0.23240143049944276 0.12847137336483308 0.23240143142255343 0.1100363859932922 0.23240143089666246 0.13987838679991232 0.6410125786438406 0.05729133678993114 0.4088857247038239 0.31901873717077545 0.3448711772119031 0.33448067731711423 0.2326829556527818
49 0.6563294347480632 0.2669002293045039 0.2669002296573016 0.5463381338855582 0.01906690048878397 0.07681875819718663 0.22925554402596743 0.2211927793281212 0.22925554374633836 0.22119277948080926 0.546338134188229 0.22119277943703392 0.6681432017402695 0.09977631953616181 0.05156743069496102 0.010361926748658209 -0.01866787475109549 -0.01966391792880811 0.19023594080160802 0.2748959560643998
48 0.6563294347480632 0.2669002293045039 0.2669002296573016 0.5463381338855582 0.01906690048878397 0.07681875819718663 0.22925554402596743 0.2211927793281212 0.22925554374633836 0.22119277948080926 0.546338134188229 0.22119277943703392 0.6681432017402695 0.09977631953616181 0.05156743069496102 0.010361926748658209 -0.01866787475109549 -0.01966391792880811 0.19023594080160802 0.2748959560643998
3 0.2514696186173801 0.21684022792200042 0.2168402282973784 0.19529968652235918 0.13603562516533194 0.27734623701838096 0.4571672869585146 0.42550456892148036 0.45716728586043853 0.4255045691367098 0.19529968727497662 0.42550456928210184 0.2726312420579243 0.20651042276037837 0.351425821658368 0.3219030805252019 0.19445962800019567 0.23278301758657302 0.36081220783556156 0.378890723929789
11 0.22119277950097999 0.23394420117138115 0.2339442015644747 0.2223914414512164 0.16963523338912076 0.32500797745450083 0.41860329245876826 0.43330640776769747 0.41860329203541075 0.43330640811319887 0.2223914420784674 0.4333064081642066 0.2104885036872638 0.20856692540197655 0.34386196248751233 0.28861529748219605 0.22692092441711859 0.23055631087948605 0.4316819712718348 0.33797478288636384
50 0.051567430694884904 0.14553689426748154 0.145536894607218 0.047697024409172686 0.18349883803912448 0.3057303761195141 0.4090934970112511 0.34386196222203574 0.4090934962348936 0.3438619624075776 0.04769702493915745 0.3438619624354485 0.0631918346989045 0.12849290955555254 0.6226372830694714 0.4618367428326431 0.41836553933695353 0.3958491064285182 0.3143799365703962 0.28602939895612695
23 0.5463381340977322 0.3312757521305275 0.33127575241000734 0.6818551576679375 0.03045027021627963 0.08912143046782853 0.1784715251221682 0.22239144149541515 0.17847152465135055 0.22239144181413908 0.6818551585384341 0.22239144167629088 0.4548200561279668 0.1033824764202204 0.04769702463483623 0.0023732694054652954 -0.01579923281177819 -0.02314678183814234 0.2559629082897306 0.21235429176763315
66 0.10674037758145102 0.4019317275822965 0.40193172791721843 0.09605703277211276 0.4500267567571543 0.4583252178161024 0.20548615158590997 0.2796504442985419 0.20548615076435073 0.27965044448819537 0.09605703348027395 0.27965044462920674 0.11173151559231483 0.6012416260783315 0.13423287466171396 0.3779441571765844 0.30018467204448035 0.3707008805372942 0.27808029566881926 0.27495491592262744
1 0.2514696186173801 0.21684022792200042 0.2168402282973784 0.19529968652235918 0.13603562516533194 0.27734623701838096 0.4571672869585146 0.42550456892148036 0.45716728586043853 0.4255045691367098 0.19529968727497662 0.42550456928210184 0.2726312420579243 0.20651042276037837 0.351425821658368 0.3219030805252019 0.19445962800019567 0.23278301758657302 0.36081220783556156 0.378890723929789
61 -0.01966391792880014 0.13798226959377505 0.13798226994850393 -0.023146781747190127 0.4058746691154206 0.407476231898627 0.22457386700689386 0.23055631064416351 0.22457386650170835 0.23055631094932436 -0.023146781878723467 0.23055631104916918 -0.022783015349396585 0.29109076956054336 0.39584910642851173 0.5297307669628587 0.5757462683898229 0.6331931193633461 0.22452436548107 0.25291179761062244
64 0.10312077871981608 0.2491262793330682 0.24912627954781863 0.06455093573772046 0.23057587233876745 0.40052297560214883 0.34607214150844123 0.35310450952078876 0.34607214017161886 0.35310450947574334 0.06455093696472791 0.3531045098765363 0.11376295607757239 0.3476211999999346 0.34920182970741437 0.5221912596798528 0.34623243616117955 0.43251991530968525 0.2809602092935156 0.3397069737702057
20 0.1902359408018549 0.26223761787384287 0.26223761831157255 0.25596290826002005 0.2183735778852493 0.3651711270625507 0.35792568622232696 0.4316819710005241 0.35792568588100676 0.43168197130110836 0.2559629083626078 0.4316819712724964 0.1580296644119014 0.2366346265959354 0.3143799365704399 0.26146904637703666 0.2518260092357105 0.22452436548104354 0.49955584750463056 0.29559920321805555
19 0.03200234371715939 0.1675210174912642 0.16752101787300086 0.07287455401380935 0.301206497477933 0.40485227690710485 0.3193565548054261 0.3488878747650956 0.3193565543084901 0.3488878749045917 0.07287455411004028 0.34888787504711566 0.042028106069501414 0.19501627451691195 0.4987473356507702 0.4253234419254845 0.4864350398553229 0.4181111844754687 0.4168391267681901 0.23190625052331032
37 0.04663053161803418 0.2437533082029829 0.2437533087617284 0.10464288748594319 0.5663299104861446 0.42837577252606723 0.18147523868621132 0.2995048189919543 0.18147523913722818 0.29950481960977826 0.10464288591335269 0.29950481927622685 0.08867347689272365 0.47192720582370445 0.1894199273499849 0.4238566704780165 0.4257219435546421 0.4043560128524426 0.42311908714485974 0.21895302939768244
51 -0.018667874751164357 0.10924079058178202 0.10924079080402697 -0.015799232873020933 0.46476999795644863 0.4019884923999663 0.20477942023831516 0.2269209241933263 0.20477941958293164 0.2269209244297456 -0.015799232754400972 0.22692092460181365 -0.021792283112449524 0.2509284533692814 0.4183655393369461 0.5175618451580931 0.6583221700262933 0.5757462683898161 0.25182600923570514 0.15717052975537443
57 -0.01458650796552356 0.11177382407363372 0.11177382428951918 -0.025101579974537394 0.3148823331545724 0.36331548717626755 0.25578448903625856 0.24138114657264337 0.2557844885124299 0.24138114673119537 -0.025101579885524375 0.24138114690081738 -0.030120973449808706 0.20261714045725734 0.5219171394992755 0.5873211059462082 0.6022828772336501 0.5699674986324452 0.21899036621030527 0.20448592733093354
21 0.06217403443849462 0.16544525822413186 0.16544525849699893 0.0619759822070484 0.24646865419867967 0.3656830681266137 0.3588370798802959 0.3566326211904439 0.3588370791902554 0.3566326213294891 0.06197598249060999 0.3566326213788116 0.08117802590161013 0.21970064519809196 0.4743295901737292 0.5016845618384974 0.4215583717270008 0.4287297357743783 0.3467338201505311 0.29473407197557616
28 0.2748959560643381 0.25875539328508174 0.25875539358201866 0.21235429164826072 0.1308095838370999 0.24573363446645557 0.36921746695731233 0.3379747826117392 0.3692174664877481 0.3379747828923366 0.21235429183408683 0.3379747829277969 0.3040458086952338 0.22504168128768343 0.2860293989561244 0.2548147735627936 0.1571705297553767 0.2529117976106221 0.29559920321805644 0.7359605101781677
55 0.09032698695592194 0.19759147363460955 0.19759147393063087 0.05829289257415286 0.21752708653890165 0.35937399555979294 0.3695534954961969 0.3574333239919634 0.3695534944410886 0.35743332401483346 0.0582928935320561 0.35743332423150787 0.11089524306041601 0.2796712083323993 0.4150551868739118 0.5403701841904643 0.3645614372535695 0.4331254378441811 0.29031054107827553 0.3383812837296372
33 0.2292555437983402 0.19507245251797362 0.19507245269350845 0.17847152468352717 0.12804261657871335 0.2594583157220183 0.49677391853662567 0.4186032919781307 0.4967739178550054 0.41860329233515736 0.17847152501142055 0.4186032923795562 0.2592999269355663 0.15932622935538787 0.40909349669390477 0.2964518786882766 0.20477941983950756 0.22457386677066246 0.35792568607950337 0.36921746670702266
36 0.17567685272176292 0.3103263403997712 0.31032634085062677 0.2963172369042316 0.28749002788406336 0.3809882377398028 0.2635930645654548 0.41207100401887076 0.26359306383036873 0.41207100452076645 0.2963172370372804 0.4120710046365745 0.14945111512603898 0.32844920394622706 0.23448731710731283 0.26559262408060536 0.2461253048833258 0.21442350019856835 0.5386571578503697 0.2684794246920022
56 0.3255124413508184 0.36716206512201116 0.3671620653328986 0.251466379951869 0.14613129456332213 0.305823307952733 0.3278858208751686 0.39125452549448275 0.327885819019837 0.39125452518519255 0.25146638236656815 0.39125452581865233 0.32015821025187946 0.36995872812124847 0.17727305711092817 0.34878362372856864 0.13434772684143695 0.2302415481087461 0.3005007116749352 0.39370786408565733
69 0.0768187581971516 0.31682796564513305 0.3168279659666696 0.08912143024962098 0.3621871865502871 0.5039377883354391 0.25945831617954845 0.32500797714855545 0.2594583152336386 0.32500797744389 0.08912143078278156 0.32500797745205584 0.06012450648630865 0.4193723541251329 0.30573037611954734 0.3827104212962865 0.40198849239998696 0.4074762318986581 0.3651711270625854 0.24573363446646912
44 0.2669002294381876 0.6467694880101184 0.6467694882446942 0.3312757520310539 0.21802864667775448 0.3168279657385183 0.1950724529689989 0.2339442010942247 0.1950724521922862 0.233944201523939 0.33127575242421176 0.2339442013755364 0.22104918811287297 0.4761249705424037 0.14553689444708984 0.1449432240214075 0.10924079062933609 0.13798226971412716 0.2622376179561744 0.2587553933979361
67 0.10674037758145102 0.4019317275822965 0.40193172791721843 0.09605703277211276 0.4500267567571543 0.4583252178161024 0.20548615158590997 0.2796504442985419 0.20548615076435073 0.27965044448819537 0.09605703348027395 0.27965044462920674 0.11173151559231483 0.6012416260783315 0.13423287466171396 0.3779441571765844 0.30018467204448035 0.3707008805372942 0.27808029566881926 0.27495491592262744
41 0.09977631953611953 0.4761249704743084 0.47612497069325765 0.10338247635019415 0.5692182251495381 0.41937235412511625 0.1593262295662338 0.20856692528093262 0.15932622907520128 0.20856692544683708 0.10338247636073318 0.20856692543787772 0.09978592287591176 0.7002936861728454 0.12849290955554352 0.25081579338016025 0.2509284533692902 0.2910907695605389 0.23663462659590845 0.22504168128766674
59 0.010361926748670118 0.14494322389466166 0.14494322417736125 0.0023732692736106644 0.30010067154255743 0.38271042129627864 0.2964518789973532 0.2886152972459584 0.2964518783149574 0.2886152975572808 0.0023732694624813574 0.28861529756887916 0.016215009360404996 0.250815793380171 0.46183674283264964 0.5808842924670437 0.517561845158101 0.5297307669628464 0.26146904637705287 0.25481477356279514
54 0.6681432017400555 0.2210491880793329 0.22104918827085746 0.4548200557210833 0.022759871240767452 0.06012450648628122 0.2592999270828865 0.21048850369568567 0.25929992664621637 0.2104885036268495 0.45482005657361724 0.21048850380249995 0.798742725925546 0.0997859228759027 0.06319183469890689 0.016215009360394186 -0.02179228311244155 -0.022783015349389184 0.15802966441179792 0.3040458086952143
58 0.6681432017400555 0.2210491880793329 0.22104918827085746 0.4548200557210833 0.022759871240767452 0.06012450648628122 0.2592999270828865 0.21048850369568567 0.25929992664621637 0.2104885036268495 0.45482005657361724 0.21048850380249995 0.798742725925546 0.0997859228759027 0.06319183469890689 0.016215009360394186 -0.02179228311244155 -0.022783015349389184 0.15802966441179792 0.3040458086952143
18 0.03319616904234691 0.18271916595996793 0.18271916633537458 0.08227483149312269 0.3599067648083504 0.43070840484922523 0.28351474865418064 0.34532813576157845 0.28351474828290746 0.3453281363288112 0.08227483123776595 0.3453281362400252 0.04761558683294104 0.2527212925055152 0.42222078153913 0.42683719102540457 0.48760378983096825 0.42450170432797957 0.43586987118568465 0.2246710643202693
9 0.22119277950097999 0.23394420117138115 0.2339442015644747 0.2223914414512164 0.16963523338912076 0.32500797745450083 0.41860329245876826 0.43330640776769747 0.41860329203541075 0.43330640811319887 0.2223914420784674 0.4333064081642066 0.2104885036872638 0.20856692540197655 0.34386196248751233 0.28861529748219605 0.22692092441711859 0.23055631087948605 0.4316819712718348 0.33797478288636384
13 0.22119277950097999 0.23394420117138115 0.2339442015644747 0.2223914414512164 0.16963523338912076 0.32500797745450083 0.41860329245876826 0.43330640776769747 0.41860329203541075 0.43330640811319887 0.2223914420784674 0.4333064081642066 0.2104885036872638 0.20856692540197655 0.34386196248751233 0.28861529748219605 0.22692092441711859 0.23055631087948605 0.4316819712718348 0.33797478288636384
7 0.1902359408018549 0.26223761787384287 0.26223761831157255 0.25596290826002005 0.2183735778852493 0.3651711270625507 0.35792568622232696 0.4316819710005241 0.35792568588100676 0.43168197130110836 0.2559629083626078 0.4316819712724964 0.1580296644119014 0.2366346265959354 0.3143799365704399 0.26146904637703666 0.2518260092357105 0.22452436548104354 0.49955584750463056 0.29559920321805555
25 0.2292555437983402 0.19507245251797362 0.19507245269350845 0.17847152468352717 0.12804261657871335 0.2594583157220183 0.49677391853662567 0.4186032919781307 0.4967739178550054 0.41860329233515736 0.17847152501142055 0.4186032923795562 0.2592999269355663 0.15932622935538787 0.40909349669390477 0.2964518786882766 0.20477941983950756 0.22457386677066246 0.35792568607950337 0.36921746670702266
52 0.2292555437983402 0.19507245251797362 0.19507245269350845 0.17847152468352717 0.12804261657871335 0.2594583157220183 0.49677391853662567 0.4186032919781307 0.4967739178550054 0.41860329233515736 0.17847152501142055 0.4186032923795562 0.2592999269355663 0.15932622935538787 0.40909349669390477 0.2964518786882766 0.20477941983950756 0.22457386677066246 0.35792568607950337 0.36921746670702266
63 0.00850545734315654 0.14753386918532846 0.14753386938354895 -0.0012550566374560088 0.25565120448284295 0.3785701662326848 0.30763237235301466 0.28775158637111037 0.3076323714412611 0.2877515864118676 -0.0012550559181939537 0.2877515865428891 0.0017926858236592218 0.2081972229616353 0.5470367312709126 0.550120079736656 0.5241141633938512 0.5126427435561789 0.2614635566568307 0.24275954388199328
68 0.2669002294381876 0.6467694880101184 0.6467694882446942 0.3312757520310539 0.21802864667775448 0.3168279657385183 0.1950724529689989 0.2339442010942247 0.1950724521922862 0.233944201523939 0.33127575242421176 0.2339442013755364 0.22104918811287297 0.4761249705424037 0.14553689444708984 0.1449432240214075 0.10924079062933609 0.13798226971412716 0.2622376179561744 0.2587553933979361
65 0.0768187581971516 0.31682796564513305 0.3168279659666696 0.08912143024962098 0.3621871865502871 0.5039377883354391 0.25945831617954845 0.32500797714855545 0.2594583152336386 0.32500797744389 0.08912143078278156 0.32500797745205584 0.06012450648630865 0.4193723541251329 0.30573037611954734 0.3827104212962865 0.40198849239998696 0.4074762318986581 0.3651711270625854 0.24573363446646912
15 0.22119277950097999 0.23394420117138115 0.2339442015644747 0.2223914414512164 0.16963523338912076 0.32500797745450083 0.41860329245876826 0.43330640776769747 0.41860329203541075 0.43330640811319887 0.2223914420784674 0.4333064081642066 0.2104885036872638 0.20856692540197655 0.34386196248751233 0.28861529748219605 0.22692092441711859 0.23055631087948605 0.4316819712718348 0.33797478288636384
60 0.00848022940354453 0.19698382526034305 0.19698382567465708 0.005318001460189832 0.35820155190438857 0.41192949411954854 0.2477214003134406 0.26917195445841907 0.24772140011931007 0.2691719550002712 0.005318000932630949 0.26917195482798933 0.021913099135993604 0.3494791319529222 0.325714141385589 0.5042647799425318 0.4528831761217854 0.6123493845924823 0.2645792811593324 0.3881153821419028
31 0.019066900488764766 0.21802864660033963 0.2180286467943187 0.030450270513041493 0.8709811216271343 0.36218718655028975 0.1280426167612432 0.16963523325731647 0.12804261641283693 0.1696352334272177 0.030450269937475155 0.1696352333697321 0.022759871240764788 0.569218225149541 0.18349883803913694 0.30010067154257736 0.4647699979564598 0.4058746691154193 0.2183735778852327 0.13080958383710284
4 0.015491966479792965 0.22820742639157504 0.22820742692073928 0.10680863137464155 0.5667008215087072 0.45450020419031134 0.1807648600772453 0.29754618968943525 0.18076486077453416 0.2975461904880449 0.10680862950689578 0.2975461900437058 0.039396829765537794 0.3892774845585467 0.29682816691889585 0.34633787245544273 0.4923222391613317 0.39105456476282063 0.48141371627332114 0.16070554998749698
0 0.029312890413818297 0.2033654982647411 0.20336549882141192 0.09390985418747753 0.4463549155256665 0.45042596565987236 0.23626707528273078 0.3307781193366637 0.2362670752648672 0.33077811992754147 0.09390985330088195 0.33077811988552225 0.04914270062899909 0.3209771730096353 0.3454783860624523 0.40697371036632557 0.48918745109013007 0.4192050442879486 0.4577902922002661 0.2043308544081257
34 0.6563294347480632 0.2669002293045039 0.2669002296573016 0.5463381338855582 0.01906690048878397 0.07681875819718663 0.22925554402596743 0.2211927793281212 0.22925554374633836 0.22119277948080926 0.546338134188229 0.22119277943703392 0.6681432017402695 0.09977631953616181 0.05156743069496102 0.010361926748658209 -0.01866787475109549 -0.01966391792880811 0.19023594080160802 0.2748959560643998
12 0.029312890413818297 0.2033654982647411 0.20336549882141192 0.09390985418747753 0.4463549155256665 0.45042596565987236 0.23626707528273078 0.3307781193366637 0.2362670752648672 0.33077811992754147 0.09390985330088195 0.33077811988552225 0.04914270062899909 0.3209771730096353 0.3454783860624523 0.40697371036632557 0.48918745109013007 0.4192050442879486 0.4577902922002661 0.2043308544081257
27 0.6563294347480632 0.2669002293045039 0.2669002296573016 0.5463381338855582 0.01906690048878397 0.07681875819718663 0.22925554402596743 0.2211927793281212 0.22925554374633836 0.22119277948080926 0.546338134188229 0.22119277943703392 0.6681432017402695 0.09977631953616181 0.05156743069496102 0.010361926748658209 -0.01866787475109549 -0.01966391792880811 0.19023594080160802 0.2748959560643998
46 0.019066900488764766 0.21802864660033963 0.2180286467943187 0.030450270513041493 0.8709811216271343 0.36218718655028975 0.1280426167612432 0.16963523325731647 0.12804261641283693 0.1696352334272177 0.030450269937475155 0.1696352333697321 0.022759871240764788 0.569218225149541 0.18349883803913694 0.30010067154257736 0.4647699979564598 0.4058746691154193 0.2183735778852327 0.13080958383710284
26 0.011782145143484024 0.2287823191046517 0.22878231940397278 0.024450131904344266 0.7750664384677192 0.3890233239204927 0.1220801044175681 0.19899378084265962 0.12208010413376884 0.19899378111425173 0.024450131213196787 0.1989937810058439 0.014895621443756049 0.5064261646728567 0.22847188630875223 0.26574216240793375 0.4507522622806507 0.5352015044314719 0.2798181234346833 0.16902309176007443
29 0.2678401695884591 0.2907569970459548 0.2907569972552321 0.23921571657394838 0.152224941107056 0.274457025226248 0.3192845037848784 0.3335380017672223 0.3192845032707444 0.3335380019429794 0.2392157164329374 0.33353800185283267 0.2688923138616671 0.24400503796960255 0.2572819196164978 0.22408788507531466 0.16331421318559497 0.2639371096210237 0.3328495079252353 0.7432593830449991
42 0.09977631953611953 0.4761249704743084 0.47612497069325765 0.10338247635019415 0.5692182251495381 0.41937235412511625 0.1593262295662338 0.20856692528093262 0.15932622907520128 0.20856692544683708 0.10338247636073318 0.20856692543787772 0.09978592287591176 0.7002936861728454 0.12849290955554352 0.25081579338016025 0.2509284533692902 0.2910907695605389 0.23663462659590845 0.22504168128766674
6 0.015491966479792965 0.22820742639157504 0.22820742692073928 0.10680863137464155 0.5667008215087072 0.45450020419031134 0.1807648600772453 0.29754618968943525 0.18076486077453416 0.2975461904880449 0.10680862950689578 0.2975461900437058 0.039396829765537794 0.3892774845585467 0.29682816691889585 0.34633787245544273 0.4923222391613317 0.39105456476282063 0.48141371627332114 0.16070554998749698
62 0.10312077871981608 0.2491262793330682 0.24912627954781863 0.06455093573772046 0.23057587233876745 0.40052297560214883 0.34607214150844123 0.35310450952078876 0.34607214017161886 0.35310450947574334 0.06455093696472791 0.3531045098765363 0.11376295607757239 0.3476211999999346 0.34920182970741437 0.5221912596798528 0.34623243616117955 0.43251991530968525 0.2809602092935156 0.3397069737702057
45 0.21898222393827788 0.20955232702815285 0.20955232743826643 0.19804234947183946 0.1465462488966226 0.29391829096893474 0.4662503823991427 0.42719660027601325 0.46625038195336566 0.42719660060992526 0.19804234989124173 0.4271966005049606 0.22581267001081737 0.16977573305715413 0.3907072239838882 0.28403595551217997 0.22191778538545787 0.2266939735507604 0.4000581218813341 0.34902161105975044
38 0.05095897038906723 0.1544478917079475 0.15444789210972862 0.056969590822912884 0.22148137074308652 0.3478463720219419 0.3775032706263497 0.35142179324851974 0.377503269711992 0.35142179353264 0.05696959135389719 0.3514217936906609 0.06350393047822252 0.16562893391847378 0.5545490432502757 0.4690169499818139 0.43570738848008744 0.41311354084144436 0.34732238554411193 0.278455363984395
10 -0.008131328896183156 0.1453667117019605 0.14536671207949992 0.019257618379518077 0.5065830123931504 0.4373814557665627 0.2047968869392437 0.26127985609019394 0.20479688662100437 0.2612798564368191 0.019257618134708797 0.2612798563596065 0.004840716794928925 0.2951128410710853 0.37886626909593185 0.45485857889198583 0.6099930556947059 0.5171990205041536 0.34257528479863864 0.16064695758089562
8 0.029312890413818297 0.2033654982647411 0.20336549882141192 0.09390985418747753 0.4463549155256665 0.45042596565987236 0.23626707528273078 0.3307781193366637 0.2362670752648672 0.33077811992754147 0.09390985330088195 0.33077811988552225 0.04914270062899909 0.3209771730096353 0.3454783860624523 0.40697371036632557 0.48918745109013007 0.4192050442879486 0.4577902922002661 0.2043308544081257
24 0.5463381340977322 0.3312757521305275 0.33127575241000734 0.6818551576679375 0.03045027021627963 0.08912143046782853 0.1784715251221682 0.22239144149541515 0.17847152465135055 0.22239144181413908 0.6818551585384341 0.22239144167629088 0.4548200561279668 0.1033824764202204 0.04769702463483623 0.0023732694054652954 -0.01579923281177819 -0.02314678183814234 0.2559629082897306 0.21235429176763315
5 0.1902359408018549 0.26223761787384287 0.26223761831157255 0.25596290826002005 0.2183735778852493 0.3651711270625507 0.35792568622232696 0.4316819710005241 0.35792568588100676 0.43168197130110836 0.2559629083626078 0.4316819712724964 0.1580296644119014 0.2366346265959354 0.3143799365704399 0.26146904637703666 0.2518260092357105 0.22452436548104354 0.49955584750463056 0.29559920321805555
16 0.05159391778102308 0.18917701349712618 0.18917701391108635 0.08075261300083317 0.3549668878209974 0.42185290335492504 0.28772640580404907 0.3495097151566454 0.2877264053193248 0.3495097155208837 0.08075261277587745 0.3495097154302785 0.07407657907931631 0.2957126564004709 0.365881962419526 0.4743531459226189 0.4515744965006889 0.4355533414276695 0.40533344530956367 0.2587970362360595
32 0.6563294347480632 0.2669002293045039 0.2669002296573016 0.5463381338855582 0.01906690048878397 0.07681875819718663 0.22925554402596743 0.2211927793281212 0.22925554374633836 0.22119277948080926 0.546338134188229 0.22119277943703392 0.6681432017402695 0.09977631953616181 0.05156743069496102 0.010361926748658209 -0.01866787475109549 -0.01966391792880811 0.19023594080160802 0.2748959560643998
14 -0.008131328896183156 0.1453667117019605 0.14536671207949992 0.019257618379518077 0.5065830123931504 0.4373814557665627 0.2047968869392437 0.26127985609019394 0.20479688662100437 0.2612798564368191 0.019257618134708797 0.2612798563596065 0.004840716794928925 0.2951128410710853 0.37886626909593185 0.45485857889198583 0.6099930556947059 0.5171990205041536 0.34257528479863864 0.16064695758089562
47 0.21898222393827788 0.20955232702815285 0.20955232743826643 0.19804234947183946 0.1465462488966226 0.29391829096893474 0.4662503823991427 0.42719660027601325 0.46625038195336566 0.42719660060992526 0.19804234989124173 0.4271966005049606 0.22581267001081737 0.16977573305715413 0.3907072239838882 0.28403595551217997 0.22191778538545787 0.2266939735507604 0.4000581218813341 0.34902161105975044
43 0.2669002294381876 0.6467694880101184 0.6467694882446942 0.3312757520310539 0.21802864667775448 0.3168279657385183 0.1950724529689989 0.2339442010942247 0.1950724521922862 0.233944201523939 0.33127575242421176 0.2339442013755364 0.22104918811287297 0.4761249705424037 0.14553689444708984 0.1449432240214075 0.10924079062933609 0.13798226971412716 0.2622376179561744 0.2587553933979361
53 0.04549212306503141 0.14434572245598978 0.14434572266265647 0.04853912092276665 0.18725227908583097 0.30832472663581434 0.4057837681909866 0.3420492451814222 0.4057837674620632 0.34204924531998676 0.04853912144605262 0.3420492454853039 0.055180494567849896 0.1168204085597067 0.6372249225128862 0.44608840333196337 0.43001974995937764 0.3920257093080308 0.3245072331253751 0.2746906392680885
17 0.1902359408018549 0.26223761787384287 0.26223761831157255 0.25596290826002005 0.2183735778852493 0.3651711270625507 0.35792568622232696 0.4316819710005241 0.35792568588100676 0.43168197130110836 0.2559629083626078 0.4316819712724964 0.1580296644119014 0.2366346265959354 0.3143799365704399 0.26146904637703666 0.2518260092357105 0.22452436548104354 0.49955584750463056 0.29559920321805555
40 0.0768187581971516 0.31682796564513305 0.3168279659666696 0.08912143024962098 0.3621871865502871 0.5039377883354391 0.25945831617954845 0.32500797714855545 0.2594583152336386 0.32500797744389 0.08912143078278156 0.32500797745205584 0.06012450648630865 0.4193723541251329 0.30573037611954734 0.3827104212962865 0.40198849239998696 0.4074762318986581 0.3651711270625854 0.24573363446646912
