id,x_0,x_1,x_2,x_3,x_4,x_5,x_6,x_7,x_8,x_9
0.0,1.0621222755629325,2.220446049250313e-16,8.40895794002039e-06,0.0002587194272200806,0.0017778880892188689,0.026228105838626427,2.220446049250313e-16,2.220446049250313e-16,0.4168991970992426,2.220446049250313e-16
1.0,2.220446049250313e-16,2.220446049250313e-16,2.220446049250313e-16,0.6670934400394661,2.220446049250313e-16,2.220446049250313e-16,0.9014571533095497,2.220446049250313e-16,0.05057018659835805,0.014397681017935371
2.0,0.16623532687778045,0.40391073884654316,2.220446049250313e-16,0.05260433971532268,2.220446049250313e-16,2.220446049250313e-16,0.22322426741823134,0.44827748702294967,0.5621428301032434,0.6555398712720955
3.0,2.220446049250313e-16,2.220446049250313e-16,2.220446049250313e-16,0.6670934400394661,2.220446049250313e-16,2.220446049250313e-16,0.9014571533095497,2.220446049250313e-16,0.05057018659835805,0.014397681017935371
4.0,0.9300036202936581,2.220446049250313e-16,0.00012105143562496368,2.220446049250313e-16,2.220446049250313e-16,0.034898557177609896,2.220446049250313e-16,0.4046580884757186,0.43947893885356937,2.220446049250313e-16
5.0,0.12625837422270014,2.220446049250313e-16,0.1954527790473404,0.7373176847623013,2.220446049250313e-16,2.220446049250313e-16,0.6000154519663116,2.220446049250313e-16,2.220446049250313e-16,0.05122073222604238
6.0,2.220446049250313e-16,2.220446049250313e-16,2.220446049250313e-16,0.04281743850934117,2.220446049250313e-16,0.19492833051444536,0.3463772865473255,0.4332169211053705,0.708722006585819,0.6258286497229141
7.0,2.220446049250313e-16,0.4179918292153787,0.5730080428190978,0.7493773984107528,2.220446049250313e-16,2.220446049250313e-16,0.21929873070008746,0.4201576207114118,2.220446049250313e-16,2.220446049250313e-16
8.0,2.220446049250313e-16,0.49502371774741166,2.220446049250313e-16,2.220446049250313e-16,2.220446049250313e-16,2.220446049250313e-16,0.22719246456833486,0.44613863333340104,0.7692418251943095,0.57590672859991
9.0,2.220446049250313e-16,0.4179918292153787,0.5730080428190978,0.7493773984107528,2.220446049250313e-16,2.220446049250313e-16,0.21929873070008746,0.4201576207114118,2.220446049250313e-16,2.220446049250313e-16
10.0,2.220446049250313e-16,0.048238552994666194,1.1102230246251565e-16,2.220446049250313e-16,2.220446049250313e-16,0.19316193761548994,0.2202447788000214,0.42942151577697774,0.775031729824772,0.643897889579621
11.0,2.220446049250313e-16,0.4179918292153787,0.5730080428190978,0.7493773984107528,2.220446049250313e-16,2.220446049250313e-16,0.21929873070008746,0.4201576207114118,2.220446049250313e-16,2.220446049250313e-16
12.0,2.220446049250313e-16,0.49502371774741166,2.220446049250313e-16,2.220446049250313e-16,2.220446049250313e-16,2.220446049250313e-16,0.22719246456833486,0.44613863333340104,0.7692418251943095,0.57590672859991
13.0,2.220446049250313e-16,0.4181357828822447,0.19435503923222278,0.7516612144230211,2.220446049250313e-16,2.220446049250313e-16,0.4110928007186838,0.4172482599411093,2.220446049250313e-16,0.06559928502463794
14.0,2.220446049250313e-16,0.49502371774741166,2.220446049250313e-16,2.220446049250313e-16,2.220446049250313e-16,2.220446049250313e-16,0.22719246456833486,0.44613863333340104,0.7692418251943095,0.57590672859991
15.0,2.220446049250313e-16,0.4179918292153787,0.5730080428190978,0.7493773984107528,2.220446049250313e-16,2.220446049250313e-16,0.21929873070008746,0.4201576207114118,2.220446049250313e-16,2.220446049250313e-16
16.0,2.220446049250313e-16,2.220446049250313e-16,2.220446049250313e-16,0.04281743850934117,2.220446049250313e-16,0.19492833051444536,0.3463772865473255,0.4332169211053705,0.708722006585819,0.6258286497229141
17.0,0.12625837422270014,2.220446049250313e-16,0.1954527790473404,0.7373176847623013,2.220446049250313e-16,2.220446049250313e-16,0.6000154519663116,2.220446049250313e-16,2.220446049250313e-16,0.05122073222604238
18.0,1.0621222755629325,2.220446049250313e-16,8.40895794002039e-06,0.0002587194272200806,0.0017778880892188689,0.026228105838626427,2.220446049250313e-16,2.220446049250313e-16,0.4168991970992426,2.220446049250313e-16
19.0,2.220446049250313e-16,2.220446049250313e-16,2.220446049250313e-16,0.6670934400394661,2.220446049250313e-16,2.220446049250313e-16,0.9014571533095497,2.220446049250313e-16,0.05057018659835805,0.014397681017935371
20.0,0.5304862949364795,2.220446049250313e-16,0.0003970420919555129,2.220446049250313e-16,2.220446049250313e-16,2.220446049250313e-16,0.6857379681694636,2.220446049250313e-16,0.4533242205044827,0.0724541647074671
21.0,1.0621222755629325,2.220446049250313e-16,8.40895794002039e-06,0.0002587194272200806,0.0017778880892188689,0.026228105838626427,2.220446049250313e-16,2.220446049250313e-16,0.4168991970992426,2.220446049250313e-16
22.0,1.0621222755629325,2.220446049250313e-16,8.40895794002039e-06,0.0002587194272200806,0.0017778880892188689,0.026228105838626427,2.220446049250313e-16,2.220446049250313e-16,0.4168991970992426,2.220446049250313e-16
23.0,2.220446049250313e-16,2.220446049250313e-16,2.220446049250313e-16,0.6670934400394661,2.220446049250313e-16,2.220446049250313e-16,0.9014571533095497,2.220446049250313e-16,0.05057018659835805,0.014397681017935371
24.0,2.220446049250313e-16,2.220446049250313e-16,2.220446049250313e-16,0.6670934400394661,2.220446049250313e-16,2.220446049250313e-16,0.9014571533095497,2.220446049250313e-16,0.05057018659835805,0.014397681017935371
25.0,0.288164008065892,0.4322512275642313,0.5979726813589534,0.45402156855759657,0.0415678250112051,2.220446049250313e-16,2.220446049250313e-16,0.21641406975527006,2.220446049250313e-16,0.19920939783662966
26.0,0.08111074281183987,2.220446049250313e-16,2.220446049250313e-16,2.220446049250313e-16,0.0654298404359015,0.5657448681198849,0.09387989918347305,0.004736597705095576,2.220446049250313e-16,1.072293532068165
27.0,2.220446049250313e-16,0.41075353681589116,2.220446049250313e-16,2.220446049250313e-16,0.8872310779626235,0.013776935430533932,2.220446049250313e-16,0.5222253231333852,2.220446049250313e-16,2.220446049250313e-16
28.0,2.220446049250313e-16,0.41075353681589116,2.220446049250313e-16,2.220446049250313e-16,0.8872310779626235,0.013776935430533932,2.220446049250313e-16,0.5222253231333852,2.220446049250313e-16,2.220446049250313e-16
29.0,2.220446049250313e-16,0.41075353681589116,2.220446049250313e-16,2.220446049250313e-16,0.8872310779626235,0.013776935430533932,2.220446049250313e-16,0.5222253231333852,2.220446049250313e-16,2.220446049250313e-16
30.0,0.5304862949364795,2.220446049250313e-16,0.0003970420919555129,2.220446049250313e-16,2.220446049250313e-16,2.220446049250313e-16,0.6857379681694636,2.220446049250313e-16,0.4533242205044827,0.0724541647074671
31.0,1.0621222755629325,2.220446049250313e-16,8.40895794002039e-06,0.0002587194272200806,0.0017778880892188689,0.026228105838626427,2.220446049250313e-16,2.220446049250313e-16,0.4168991970992426,2.220446049250313e-16
32.0,1.0621222755629325,2.220446049250313e-16,8.40895794002039e-06,0.0002587194272200806,0.0017778880892188689,0.026228105838626427,2.220446049250313e-16,2.220446049250313e-16,0.4168991970992426,2.220446049250313e-16
33.0,2.220446049250313e-16,2.220446049250313e-16,2.220446049250313e-16,0.6670934400394661,2.220446049250313e-16,2.220446049250313e-16,0.9014571533095497,2.220446049250313e-16,0.05057018659835805,0.014397681017935371
34.0,2.220446049250313e-16,2.220446049250313e-16,2.220446049250313e-16,0.6670934400394661,2.220446049250313e-16,2.220446049250313e-16,0.9014571533095497,2.220446049250313e-16,0.05057018659835805,0.014397681017935371
35.0,0.10321039937167774,0.5417132392865742,0.5810389090367309,0.6513035344772508,2.220446049250313e-16,0.4237214094239585,2.220446049250313e-16,0.007814189633275502,0.030868466884928055,2.220446049250313e-16
36.0,2.220446049250313e-16,2.220446049250313e-16,0.5811046728895634,0.6513705330696825,0.08503256416280035,0.6377447761833128,2.220446049250313e-16,2.220446049250313e-16,0.029083032213104487,0.372090980391323
37.0,2.220446049250313e-16,2.220446049250313e-16,0.363810642478396,0.17737775600501898,0.08614156430930354,0.6416269697682242,0.036819155593614726,2.220446049250313e-16,0.7450768518744485,0.3314064535412985
38.0,0.08626170088169052,2.220446049250313e-16,2.220446049250313e-16,2.220446049250313e-16,0.8252721199003213,0.6974852937119527,2.220446049250313e-16,2.220446049250313e-16,2.220446049250313e-16,0.0257859117978228
39.0,0.08626170088169052,2.220446049250313e-16,2.220446049250313e-16,2.220446049250313e-16,0.8252721199003213,0.6974852937119527,2.220446049250313e-16,2.220446049250313e-16,2.220446049250313e-16,0.0257859117978228
40.0,0.1596361370060612,0.4033470708992998,0.5981358700058473,0.45312097929932055,0.028805961126322933,2.220446049250313e-16,2.220446049250313e-16,0.6241373083279855,2.220446049250313e-16,0.1885008978575374
41.0,0.08111074281183987,2.220446049250313e-16,2.220446049250313e-16,2.220446049250313e-16,0.0654298404359015,0.5657448681198849,0.09387989918347305,0.004736597705095576,2.220446049250313e-16,1.072293532068165
42.0,2.220446049250313e-16,0.41075353681589116,2.220446049250313e-16,2.220446049250313e-16,0.8872310779626235,0.013776935430533932,2.220446049250313e-16,0.5222253231333852,2.220446049250313e-16,2.220446049250313e-16
43.0,2.220446049250313e-16,0.41075353681589116,2.220446049250313e-16,2.220446049250313e-16,0.8872310779626235,0.013776935430533932,2.220446049250313e-16,0.5222253231333852,2.220446049250313e-16,2.220446049250313e-16
44.0,2.220446049250313e-16,0.41075353681589116,2.220446049250313e-16,2.220446049250313e-16,0.8872310779626235,0.013776935430533932,2.220446049250313e-16,0.5222253231333852,2.220446049250313e-16,2.220446049250313e-16
45.0,2.220446049250313e-16,0.5409644838766281,0.5811046728895632,0.6513705330696823,2.220446049250313e-16,0.31090743991311226,2.220446049250313e-16,2.220446049250313e-16,0.08302271715113618,0.2517382756706721
46.0,2.220446049250313e-16,2.220446049250313e-16,0.5811046728895634,0.6513705330696825,0.08503256416280035,0.6377447761833128,2.220446049250313e-16,2.220446049250313e-16,0.029083032213104487,0.372090980391323
47.0,2.220446049250313e-16,2.220446049250313e-16,0.363810642478396,0.17737775600501898,0.08614156430930354,0.6416269697682242,0.036819155593614726,2.220446049250313e-16,0.7450768518744485,0.3314064535412985
48.0,0.08626170088169052,2.220446049250313e-16,2.220446049250313e-16,2.220446049250313e-16,0.8252721199003213,0.6974852937119527,2.220446049250313e-16,2.220446049250313e-16,2.220446049250313e-16,0.0257859117978228
49.0,0.08626170088169052,2.220446049250313e-16,2.220446049250313e-16,2.220446049250313e-16,0.8252721199003213,0.6974852937119527,2.220446049250313e-16,2.220446049250313e-16,2.220446049250313e-16,0.0257859117978228
50.0,0.1596361370060612,0.4033470708992998,0.5981358700058473,0.45312097929932055,0.028805961126322933,2.220446049250313e-16,2.220446049250313e-16,0.6241373083279855,2.220446049250313e-16,0.1885008978575374
51.0,0.08111074281183987,2.220446049250313e-16,2.220446049250313e-16,2.220446049250313e-16,0.0654298404359015,0.5657448681198849,0.09387989918347305,0.004736597705095576,2.220446049250313e-16,1.072293532068165
52.0,2.220446049250313e-16,0.41075353681589116,2.220446049250313e-16,2.220446049250313e-16,0.8872310779626235,0.013776935430533932,2.220446049250313e-16,0.5222253231333852,2.220446049250313e-16,2.220446049250313e-16
53.0,2.220446049250313e-16,0.41075353681589116,2.220446049250313e-16,2.220446049250313e-16,0.8872310779626235,0.013776935430533932,2.220446049250313e-16,0.5222253231333852,2.220446049250313e-16,2.220446049250313e-16
54.0,2.220446049250313e-16,0.41075353681589116,2.220446049250313e-16,2.220446049250313e-16,0.8872310779626235,0.013776935430533932,2.220446049250313e-16,0.5222253231333852,2.220446049250313e-16,2.220446049250313e-16
55.0,0.1596361370060612,0.4033470708992998,0.5981358700058473,0.45312097929932055,0.028805961126322933,2.220446049250313e-16,2.220446049250313e-16,0.6241373083279855,2.220446049250313e-16,0.1885008978575374
56.0,0.08111074281183987,2.220446049250313e-16,2.220446049250313e-16,2.220446049250313e-16,0.0654298404359015,0.5657448681198849,0.09387989918347305,0.004736597705095576,2.220446049250313e-16,1.072293532068165
57.0,2.220446049250313e-16,0.41075353681589116,2.220446049250313e-16,2.220446049250313e-16,0.8872310779626235,0.013776935430533932,2.220446049250313e-16,0.5222253231333852,2.220446049250313e-16,2.220446049250313e-16
58.0,2.220446049250313e-16,0.41075353681589116,2.220446049250313e-16,2.220446049250313e-16,0.8872310779626235,0.013776935430533932,2.220446049250313e-16,0.5222253231333852,2.220446049250313e-16,2.220446049250313e-16
59.0,2.220446049250313e-16,0.41075353681589116,2.220446049250313e-16,2.220446049250313e-16,0.8872310779626235,0.013776935430533932,2.220446049250313e-16,0.5222253231333852,2.220446049250313e-16,2.220446049250313e-16
60.0,0.10321039937167774,0.5417132392865742,0.5810389090367309,0.6513035344772508,2.220446049250313e-16,0.4237214094239585,2.220446049250313e-16,0.007814189633275502,0.030868466884928055,2.220446049250313e-16
61.0,2.220446049250313e-16,2.220446049250313e-16,0.5811046728895634,0.6513705330696825,0.08503256416280035,0.6377447761833128,2.220446049250313e-16,2.220446049250313e-16,0.029083032213104487,0.372090980391323
62.0,2.220446049250313e-16,2.220446049250313e-16,0.363810642478396,0.17737775600501898,0.08614156430930354,0.6416269697682242,0.036819155593614726,2.220446049250313e-16,0.7450768518744485,0.3314064535412985
63.0,0.08626170088169052,2.220446049250313e-16,2.220446049250313e-16,2.220446049250313e-16,0.8252721199003213,0.6974852937119527,2.220446049250313e-16,2.220446049250313e-16,2.220446049250313e-16,0.0257859117978228
64.0,0.08626170088169052,2.220446049250313e-16,2.220446049250313e-16,2.220446049250313e-16,0.8252721199003213,0.6974852937119527,2.220446049250313e-16,2.220446049250313e-16,2.220446049250313e-16,0.0257859117978228
65.0,0.5304862949364795,2.220446049250313e-16,0.0003970420919555129,2.220446049250313e-16,2.220446049250313e-16,2.220446049250313e-16,0.6857379681694636,2.220446049250313e-16,0.4533242205044827,0.0724541647074671
66.0,1.0621222755629325,2.220446049250313e-16,8.40895794002039e-06,0.0002587194272200806,0.0017778880892188689,0.026228105838626427,2.220446049250313e-16,2.220446049250313e-16,0.4168991970992426,2.220446049250313e-16
67.0,1.0621222755629325,2.220446049250313e-16,8.40895794002039e-06,0.0002587194272200806,0.0017778880892188689,0.026228105838626427,2.220446049250313e-16,2.220446049250313e-16,0.4168991970992426,2.220446049250313e-16
68.0,2.220446049250313e-16,2.220446049250313e-16,2.220446049250313e-16,0.6670934400394661,2.220446049250313e-16,2.220446049250313e-16,0.9014571533095497,2.220446049250313e-16,0.05057018659835805,0.014397681017935371
69.0,2.220446049250313e-16,2.220446049250313e-16,2.220446049250313e-16,0.6670934400394661,2.220446049250313e-16,2.220446049250313e-16,0.9014571533095497,2.220446049250313e-16,0.05057018659835805,0.014397681017935371
