id,x_0,x_1,x_2,x_3,x_4,x_5,x_6,x_7,x_8,x_9,x_10,x_11,x_12,x_13,x_14,x_15,x_16,x_17,x_18,x_19
0.0,2.220446049250313e-16,2.220446049250313e-16,0.03628116262117974,1.1119076427889172,0.5619832803071093,2.220446049250313e-16,0.47471055545615215,2.220446049250313e-16,2.220446049250313e-16,0.657508508091077,2.220446049250313e-16,2.220446049250313e-16,2.220446049250313e-16,0.2780976541366363,2.220446049250313e-16,0.6342656885278208,2.220446049250313e-16,2.220446049250313e-16,2.220446049250313e-16,0.4116845093607808
1.0,2.220446049250313e-16,0.02092363133779416,2.220446049250313e-16,2.220446049250313e-16,0.012085882690554328,0.08823639649367432,0.4747105554561515,1.0540117047139705,0.6977423125258263,0.020646585244066307,0.6358801187853148,2.220446049250313e-16,0.0034850419675272037,2.220446049250313e-16,1.1081826067555707,0.8452606749133845,0.23382262905938314,0.02682076679925923,2.220446049250313e-16,0.005501700463534905
2.0,2.220446049250313e-16,2.220446049250313e-16,2.220446049250313e-16,2.220446049250313e-16,2.220446049250313e-16,2.220446049250313e-16,2.220446049250313e-16,0.010427287613707831,0.017812749546896656,1.1431588382234408,2.220446049250313e-16,0.5745560420649362,0.7550088415152171,2.220446049250313e-16,0.0014289596868073005,0.04446904708989702,2.220446049250313e-16,0.962727824218528,0.5622871411820904,2.220446049250313e-16
3.0,2.220446049250313e-16,0.8369260968702581,0.0015407843167527524,0.0008264080561357263,2.220446049250313e-16,2.220446049250313e-16,5.551115123125783e-16,1.0142097834307087,0.6641494409223819,0.009240952126322786,0.6182941969551573,2.220446049250313e-16,0.010605009861851691,1.1102230246251565e-16,2.220446049250313e-16,0.011574523810879278,0.5909217021337904,0.02975138387870319,0.06577017016346416,1.1096324577106298
4.0,0.041129558108834514,0.5958190464391531,0.6518818832060062,0.9507125697215347,2.220446049250313e-16,2.220446049250313e-16,2.220446049250313e-16,2.220446049250313e-16,2.220446049250313e-16,0.11213360633899323,2.220446049250313e-16,2.220446049250313e-16,2.220446049250313e-16,0.6492837006328908,0.01426343031072535,0.150627230483575,2.220446049250313e-16,0.576922819083314,2.220446049250313e-16,0.8866371872550968
5.0,2.220446049250313e-16,2.220446049250313e-16,2.220446049250313e-16,2.220446049250313e-16,0.6999958021324253,2.220446049250313e-16,0.4747105554561504,2.220446049250313e-16,0.19707918979809064,2.220446049250313e-16,0.6662790620125236,2.220446049250313e-16,0.7993707696631539,0.6159519683453332,0.8401938405092753,2.220446049250313e-16,0.6534564377081439,0.5632520892083169,2.220446049250313e-16,0.15554002454821234
6.0,0.035240971057353694,0.6190251303676635,0.6578344196126555,0.7541328801793631,2.220446049250313e-16,2.220446049250313e-16,2.220446049250313e-16,0.014870590117838606,2.220446049250313e-16,0.2928185329182735,2.220446049250313e-16,2.220446049250313e-16,2.220446049250313e-16,0.3711595337193171,0.017335048868205236,0.17687385092186428,2.220446049250313e-16,0.86268028661991,2.220446049250313e-16,0.7000682597964425
7.0,0.1174905761464962,2.220446049250313e-16,2.220446049250313e-16,2.220446049250313e-16,2.220446049250313e-16,2.220446049250313e-16,0.4747105554561514,0.2877456227279292,0.8451501746798505,0.0037892222349590115,0.02528944452346454,0.001120936937675529,0.7809589265716173,0.6005692861174791,1.1628570981803226,0.8252232562197748,0.6331545569158995,2.220446049250313e-16,2.220446049250313e-16,2.220446049250313e-16
8.0,2.220446049250313e-16,2.220446049250313e-16,0.6484665879263448,1.1323770133206976,0.5539450937111638,2.220446049250313e-16,0.47471055545615215,2.220446049250313e-16,2.220446049250313e-16,0.020480283851638904,2.220446049250313e-16,2.220446049250313e-16,2.220446049250313e-16,0.2780976541366362,2.220446049250313e-16,0.634988293406551,2.220446049250313e-16,2.220446049250313e-16,2.220446049250313e-16,0.9487714153886363
9.0,1.02251064783032,2.220446049250313e-16,2.220446049250313e-16,0.0007942563864071772,2.220446049250313e-16,2.220446049250313e-16,2.220446049250313e-16,0.9747122460992208,2.220446049250313e-16,0.006777761196807248,2.220446049250313e-16,2.220446049250313e-16,2.220446049250313e-16,0.6120276398668142,0.5126122093345565,0.5649747750117685,0.5911674239260963,0.12390520381740285,0.03999264622182813,2.220446049250313e-16
10.0,2.220446049250313e-16,0.2140054414948206,2.220446049250313e-16,1.1030176352524288,0.3092879496687091,2.220446049250313e-16,2.220446049250313e-16,0.027008587433655803,2.220446049250313e-16,1.1080198158999242,2.220446049250313e-16,2.220446049250313e-16,2.220446049250313e-16,2.220446049250313e-16,0.008213815814049055,0.17735187320114723,2.220446049250313e-16,0.017336866370884316,0.28726896368013644,0.05175148050497077
11.0,0.38830841871466826,0.036679986155812916,2.220446049250313e-16,2.220446049250313e-16,2.220446049250313e-16,0.9102954988268813,2.220446049250313e-16,0.15553775132455552,0.4870195787169101,0.02484551639913997,2.220446049250313e-16,2.220446049250313e-16,2.220446049250313e-16,2.220446049250313e-16,0.9226282228613641,0.8581876217617449,2.220446049250313e-16,0.028537502762118173,2.220446049250313e-16,0.1719641300137824
12.0,2.220446049250313e-16,2.220446049250313e-16,2.220446049250313e-16,1.0009869168536283,0.03265619259388752,2.220446049250313e-16,2.220446049250313e-16,0.02079119460825504,0.014147842897910781,1.1500341937678493,2.220446049250313e-16,0.5733115730309892,2.220446049250313e-16,2.220446049250313e-16,0.006770862474395456,0.04353173535107431,2.220446049250313e-16,0.2634318350085696,0.5616060225495675,2.220446049250313e-16
13.0,2.220446049250313e-16,0.6128909616878612,0.003962574966068777,0.0026044893094565465,2.220446049250313e-16,0.8162813571189339,2.220446049250313e-16,0.2850897935177568,0.8154207139535081,2.220446049250313e-16,0.5701175918356546,0.7275723921172832,2.220446049250313e-16,2.220446049250313e-16,0.04382537790968883,2.220446049250313e-16,2.220446049250313e-16,2.220446049250313e-16,0.021708710328133266,0.9801954494271421
14.0,0.024887737967857173,0.5841226568798514,2.220446049250313e-16,2.220446049250313e-16,2.220446049250313e-16,2.220446049250313e-16,2.220446049250313e-16,0.015516461972947444,2.220446049250313e-16,1.1260137437770226,2.220446049250313e-16,0.5006797075951261,0.7540062534726248,2.220446049250313e-16,2.220446049250313e-16,0.2036606969040401,2.220446049250313e-16,1.017420229733126,2.220446049250313e-16,2.220446049250313e-16
15.0,2.220446049250313e-16,0.6077416857734541,0.6030689921283212,2.220446049250313e-16,0.001129470017031704,0.6323716320387844,2.498001805406602e-16,0.5063391695782404,0.6949381985934401,2.220446049250313e-16,0.026219573211123715,0.7124886046384314,0.02062298339805862,1.6653345369377348e-16,2.220446049250313e-16,2.220446049250313e-16,2.220446049250313e-16,2.220446049250313e-16,0.13870406553436934,1.033349746536783
16.0,2.220446049250313e-16,2.220446049250313e-16,2.220446049250313e-16,0.6356708160616518,2.220446049250313e-16,2.220446049250313e-16,2.220446049250313e-16,0.011795885904176684,0.017300765409762147,1.1499752825077696,2.220446049250313e-16,0.5733107561785442,2.220446049250313e-16,2.220446049250313e-16,0.006943793916793527,0.04389633304422999,2.220446049250313e-16,0.8508360033258634,0.5618114335605873,2.220446049250313e-16
17.0,2.220446049250313e-16,0.7925869710603239,0.00212156727995394,0.0013745290322172727,2.220446049250313e-16,1.0689111010630667,2.220446049250313e-16,2.220446049250313e-16,0.665846472952506,2.220446049250313e-16,0.6190123947417306,0.3053312591757775,0.011717071133138314,2.220446049250313e-16,2.220446049250313e-16,2.220446049250313e-16,5.551115123125783e-17,2.220446049250313e-16,0.06322906241919356,1.078511778484995
18.0,2.220446049250313e-16,2.220446049250313e-16,2.220446049250313e-16,0.6356708160616518,2.220446049250313e-16,2.220446049250313e-16,2.220446049250313e-16,0.011795885904176684,0.017300765409762147,1.1499752825077696,2.220446049250313e-16,0.5733107561785442,2.220446049250313e-16,2.220446049250313e-16,0.006943793916793527,0.04389633304422999,2.220446049250313e-16,0.8508360033258634,0.5618114335605873,2.220446049250313e-16
19.0,2.220446049250313e-16,0.02139176857912657,2.220446049250313e-16,2.220446049250313e-16,0.010620843205176866,0.33047068195398455,0.47471055545615126,0.7312976038208776,0.7605820011465474,0.02240828702258908,0.6359748385945372,2.220446049250313e-16,0.0034510539656264945,2.220446049250313e-16,1.1064435581193657,0.8488911747334371,0.254948487271827,0.031200279478187622,2.220446049250313e-16,0.004518401130226637
20.0,0.6959855954285769,2.220446049250313e-16,0.6187022092268386,0.14831829002454552,1.2824080417141075,2.220446049250313e-16,2.220446049250313e-16,0.597046756439865,0.07304124483403666,2.220446049250313e-16,2.220446049250313e-16,2.220446049250313e-16,2.220446049250313e-16,2.220446049250313e-16,0.020166054424824942,2.220446049250313e-16,2.220446049250313e-16,0.10051178841136271,2.220446049250313e-16,0.10542367781388047
21.0,0.23369240655613163,2.220446049250313e-16,2.220446049250313e-16,0.18753555925136833,1.4686655408037663,2.220446049250313e-16,2.220446049250313e-16,2.220446049250313e-16,2.220446049250313e-16,0.33131076183692165,0.028461371679018455,2.220446049250313e-16,0.7865238135464677,2.220446049250313e-16,0.3900804632576197,2.220446049250313e-16,2.220446049250313e-16,2.220446049250313e-16,2.220446049250313e-16,2.220446049250313e-16
22.0,0.23369240655613163,2.220446049250313e-16,2.220446049250313e-16,0.18753555925136833,1.4686655408037663,2.220446049250313e-16,2.220446049250313e-16,2.220446049250313e-16,2.220446049250313e-16,0.33131076183692165,0.028461371679018455,2.220446049250313e-16,0.7865238135464677,2.220446049250313e-16,0.3900804632576197,2.220446049250313e-16,2.220446049250313e-16,2.220446049250313e-16,2.220446049250313e-16,2.220446049250313e-16
23.0,0.8473700264644559,2.220446049250313e-16,0.620633790314003,2.220446049250313e-16,0.8397533597307771,0.4924744654874515,8.673617379884035e-17,2.220446049250313e-16,0.46335842490941165,2.220446049250313e-16,2.220446049250313e-16,2.220446049250313e-16,2.220446049250313e-16,2.220446049250313e-16,2.220446049250313e-16,2.220446049250313e-16,1.1102230246251565e-16,0.47141213946485216,2.220446049250313e-16,0.09960286914130749
24.0,0.8473700264644559,2.220446049250313e-16,0.620633790314003,2.220446049250313e-16,0.8397533597307771,0.4924744654874515,8.673617379884035e-17,2.220446049250313e-16,0.46335842490941165,2.220446049250313e-16,2.220446049250313e-16,2.220446049250313e-16,2.220446049250313e-16,2.220446049250313e-16,2.220446049250313e-16,2.220446049250313e-16,1.1102230246251565e-16,0.47141213946485216,2.220446049250313e-16,0.09960286914130749
25.0,2.220446049250313e-16,0.004424331848929195,0.05677375161520626,2.220446049250313e-16,2.220446049250313e-16,0.33121962214460104,2.220446049250313e-16,0.8716799741698892,2.220446049250313e-16,0.9721249348061181,0.046952070409853594,0.5864908832709177,0.0349634323369281,2.220446049250313e-16,2.220446049250313e-16,2.220446049250313e-16,2.220446049250313e-16,0.08596972761827097,0.8472762302926707,0.05417849344395557
26.0,2.220446049250313e-16,0.006696172783039975,0.6569365530519677,2.220446049250313e-16,2.220446049250313e-16,1.0092578013984987,2.220446049250313e-16,2.220446049250313e-16,2.220446049250313e-16,0.8008887583552483,0.04705262335661161,0.6171804311120028,0.03486018250013112,3.3306690738754696e-16,2.220446049250313e-16,2.220446049250313e-16,2.220446049250313e-16,0.10410368937821371,0.8293880568161219,0.049675130987264886
27.0,2.220446049250313e-16,0.020645561567324753,2.220446049250313e-16,0.056062467353190204,0.017459462525578066,0.02972663200270032,2.220446049250313e-16,0.06112700081923347,0.05502505342956,1.1346947362474298,2.220446049250313e-16,0.5703822286416806,0.760926515590767,2.220446049250313e-16,2.220446049250313e-16,0.00596242776211216,2.220446049250313e-16,0.6489414940630378,0.6924273430503007,2.220446049250313e-16
28.0,2.220446049250313e-16,0.41925228856806834,0.6058951918302791,2.220446049250313e-16,0.008432750925637231,1.0704394968796909,2.220446049250313e-16,2.220446049250313e-16,0.46618868266833424,0.04053071415140817,2.220446049250313e-16,0.8081115028456587,2.220446049250313e-16,2.220446049250313e-16,0.05702412612242127,0.1991203612484581,2.220446049250313e-16,2.220446049250313e-16,0.29648337451335766,0.8836567542511566
29.0,2.220446049250313e-16,2.220446049250313e-16,0.6059332481705709,2.220446049250313e-16,0.014782474512981092,1.0089503178431718,2.220446049250313e-16,2.220446049250313e-16,0.213440318997107,0.06268880587732381,2.220446049250313e-16,0.7532571968210893,2.220446049250313e-16,2.220446049250313e-16,0.06003178653586049,2.220446049250313e-16,2.220446049250313e-16,2.220446049250313e-16,0.9083958567765882,0.8816410554136579
30.0,0.10516339578211155,2.220446049250313e-16,2.220446049250313e-16,2.220446049250313e-16,1.032827238601963,2.220446049250313e-16,2.220446049250313e-16,2.220446049250313e-16,0.1841288446059908,2.220446049250313e-16,0.012349905855958966,0.0019514107430376089,0.7676139605480872,2.220446049250313e-16,1.097506882173821,2.220446049250313e-16,2.220446049250313e-16,0.6929393048141752,2.220446049250313e-16,2.220446049250313e-16
31.0,2.220446049250313e-16,2.220446049250313e-16,2.220446049250313e-16,1.062597847657336,0.5713095363970017,2.220446049250313e-16,0.4747105554561525,2.220446049250313e-16,2.220446049250313e-16,1.006051119466195,2.220446049250313e-16,2.220446049250313e-16,2.220446049250313e-16,0.278097654136636,2.220446049250313e-16,0.6344554819078142,2.220446049250313e-16,2.220446049250313e-16,2.220446049250313e-16,0.08382756700049697
32.0,1.2534801126160615,0.17506147740703804,2.220446049250313e-16,2.220446049250313e-16,0.05130260363289929,0.19991443280180965,2.220446049250313e-16,0.598822209264036,2.220446049250313e-16,2.220446049250313e-16,0.0008873099407721013,2.220446049250313e-16,2.220446049250313e-16,0.35102807418534987,2.220446049250313e-16,0.4062613753828901,0.6181040375586035,2.220446049250313e-16,0.5879455420898704,0.00019051641143756992
33.0,1.3210807458802822,2.220446049250313e-16,2.220446049250313e-16,2.220446049250313e-16,0.489128696059551,0.441691218799103,2.220446049250313e-16,0.6856438617632045,0.04022316946695705,2.220446049250313e-16,2.220446049250313e-16,2.220446049250313e-16,2.220446049250313e-16,0.3498711060843697,2.220446049250313e-16,2.220446049250313e-16,2.220446049250313e-16,0.1283800741145272,2.220446049250313e-16,2.220446049250313e-16
34.0,1.3235428328779573,2.220446049250313e-16,2.220446049250313e-16,2.220446049250313e-16,0.489498039955393,0.19952546722695216,3.885780586188048e-16,1.0043916722069872,2.220446049250313e-16,2.220446049250313e-16,2.220446049250313e-16,2.220446049250313e-16,2.220446049250313e-16,0.3498289680749958,2.220446049250313e-16,2.220446049250313e-16,2.220446049250313e-16,0.1239333211218438,2.220446049250313e-16,2.220446049250313e-16
35.0,0.029238701962461342,0.022166939820748188,0.0015507327589860836,2.220446049250313e-16,0.11255359108486279,2.220446049250313e-16,2.220446049250313e-16,0.6842243295371926,0.05681712016829098,0.018290558034761352,0.6154338865012242,2.220446049250313e-16,2.220446049250313e-16,2.220446049250313e-16,0.00733558831780603,0.5965928233098355,0.6124819811198657,0.7754716065529285,2.220446049250313e-16,1.1095289849478747
36.0,0.02310884730405817,0.7705886296671933,2.220446049250313e-16,0.42771404534961593,2.220446049250313e-16,2.220446049250313e-16,2.220446049250313e-16,0.015195507857203819,2.220446049250313e-16,1.1117696123698289,2.220446049250313e-16,0.5033228294839729,0.16984208207401416,2.220446049250313e-16,2.220446049250313e-16,2.220446049250313e-16,2.220446049250313e-16,1.0474475387084998,2.220446049250313e-16,2.220446049250313e-16
37.0,0.02310884730405817,0.7705886296671933,2.220446049250313e-16,0.42771404534961593,2.220446049250313e-16,2.220446049250313e-16,2.220446049250313e-16,0.015195507857203819,2.220446049250313e-16,1.1117696123698289,2.220446049250313e-16,0.5033228294839729,0.16984208207401416,2.220446049250313e-16,2.220446049250313e-16,2.220446049250313e-16,2.220446049250313e-16,1.0474475387084998,2.220446049250313e-16,2.220446049250313e-16
38.0,2.220446049250313e-16,0.8369260968702581,0.0015407843167527524,0.0008264080561357263,2.220446049250313e-16,2.220446049250313e-16,5.551115123125783e-16,1.0142097834307087,0.6641494409223819,0.009240952126322786,0.6182941969551573,2.220446049250313e-16,0.010605009861851691,1.1102230246251565e-16,2.220446049250313e-16,0.011574523810879278,0.5909217021337904,0.02975138387870319,0.06577017016346416,1.1096324577106298
39.0,2.220446049250313e-16,0.8369260968702582,0.0015407843167527524,0.0008264080561358342,2.220446049250313e-16,2.220446049250313e-16,5.551115123125783e-16,1.014209783430709,0.6641494409223819,0.009240952126322867,0.6182941969551574,2.220446049250313e-16,0.01060500986185166,1.1102230246251565e-16,2.220446049250313e-16,0.011574523810879301,0.5909217021337904,0.029751383878703144,0.0657701701634639,1.1096324577106296
40.0,0.16268752543329154,2.220446049250313e-16,2.220446049250313e-16,0.08028309542463052,1.0364562491822655,2.220446049250313e-16,2.220446049250313e-16,2.220446049250313e-16,0.18586171398300882,2.220446049250313e-16,2.220446049250313e-16,0.0021220861973169696,0.7577609808135713,0.23196914259705181,1.0505447134226953,2.220446049250313e-16,0.6524966526836625,0.11535770883147943,2.220446049250313e-16,2.220446049250313e-16
41.0,2.220446049250313e-16,0.15855491233196883,0.5949385007456085,0.6505074774638607,2.220446049250313e-16,2.220446049250313e-16,0.47471055545615226,0.02787207253872604,0.27023163184030724,2.220446049250313e-16,0.024898953274652715,2.220446049250313e-16,0.009582396852269366,0.6505787300984971,2.220446049250313e-16,0.003940319600233678,2.220446049250313e-16,0.5764823936715829,0.7160714776963647,1.0381373952146729
42.0,2.220446049250313e-16,0.005560096297948038,0.6359142185947899,1.1189492238206125,0.5544637849655328,2.220446049250313e-16,0.4747105554561516,0.01407085647635584,2.220446049250313e-16,0.4811292608372268,2.220446049250313e-16,2.220446049250313e-16,2.220446049250313e-16,2.220446049250313e-16,2.220446049250313e-16,0.6624335077317396,2.220446049250313e-16,2.220446049250313e-16,2.220446049250313e-16,0.43062998195671043
43.0,2.220446049250313e-16,0.8060277622123667,0.006499885753082912,2.220446049250313e-16,0.1177191071339888,0.0038276967168831646,0.4747105554561513,0.2039569707932028,0.7512825608740462,2.220446049250313e-16,0.6822985463971419,2.220446049250313e-16,0.795340451793227,2.220446049250313e-16,0.13680971292494395,0.0051515309983747575,2.220446049250313e-16,0.41111175287899815,0.04134298144895961,0.8475088220173275
44.0,0.4584575903044474,0.0006869167539413912,2.220446049250313e-16,2.220446049250313e-16,2.220446049250313e-16,0.14385319208094074,0.474710555456152,0.28844585885682417,2.220446049250313e-16,2.220446049250313e-16,0.052639640943903485,0.028295603445256858,0.3998635964222771,0.3277663588955978,0.894282902018848,2.220446049250313e-16,0.6343341798349762,2.220446049250313e-16,1.1759596782523594,2.220446049250313e-16
45.0,0.9801492311450225,2.220446049250313e-16,2.220446049250313e-16,2.220446049250313e-16,0.16780427666720488,0.9925180490807166,0.47471055545615237,0.12973496989928912,0.013359502035472405,0.01000084645291975,2.220446049250313e-16,2.220446049250313e-16,2.220446049250313e-16,2.220446049250313e-16,0.5047668513579742,0.17619753308488834,2.220446049250313e-16,0.145977379956016,2.220446049250313e-16,0.011739876630713098
46.0,2.220446049250313e-16,2.220446049250313e-16,2.220446049250313e-16,1.097584016248701,0.2006554065526912,2.220446049250313e-16,2.220446049250313e-16,2.220446049250313e-16,2.220446049250313e-16,1.1137830136093585,2.220446049250313e-16,0.5798477085015106,2.220446049250313e-16,0.37248107596186053,2.220446049250313e-16,2.220446049250313e-16,2.220446049250313e-16,0.019807693585449728,0.5638155625815804,2.220446049250313e-16
47.0,0.8195054033904022,0.040127814933669015,2.220446049250313e-16,2.220446049250313e-16,2.220446049250313e-16,1.0073162126552664,2.220446049250313e-16,0.026386631489453725,2.220446049250313e-16,2.220446049250313e-16,2.220446049250313e-16,0.04264670636615564,0.00046481071850920506,2.220446049250313e-16,0.49857844173384797,0.004818635038026339,2.220446049250313e-16,2.220446049250313e-16,0.9698297406235824,0.06354066209405529
48.0,0.8195054033904022,0.040127814933669015,2.220446049250313e-16,2.220446049250313e-16,2.220446049250313e-16,1.0073162126552664,2.220446049250313e-16,0.026386631489453725,2.220446049250313e-16,2.220446049250313e-16,2.220446049250313e-16,0.04264670636615564,0.00046481071850920506,2.220446049250313e-16,0.49857844173384797,0.004818635038026339,2.220446049250313e-16,2.220446049250313e-16,0.9698297406235824,0.06354066209405529
49.0,0.9292253188031065,2.220446049250313e-16,2.220446049250313e-16,2.220446049250313e-16,0.3042484309368169,0.44408836690224796,2.220446049250313e-16,0.17255987737906628,0.5463733711252083,2.220446049250313e-16,0.6716363914200318,2.220446049250313e-16,0.003956236266976666,0.35363475719059706,0.07101121181816636,0.5820880696530953,2.220446049250313e-16,0.30980147393436047,2.220446049250313e-16,2.220446049250313e-16
50.0,0.8839486595567861,0.013930248817816238,2.220446049250313e-16,2.220446049250313e-16,0.1252556073753299,1.0657174091010846,5.551115123125783e-17,0.051710677614752155,0.16075867163338564,2.220446049250313e-16,2.220446049250313e-16,2.220446049250313e-16,2.220446049250313e-16,2.220446049250313e-16,0.6380757404219544,0.1589474154049061,2.220446049250313e-16,0.038181420525241046,0.06278227967428632,0.051215544709594094
51.0,2.220446049250313e-16,2.220446049250313e-16,2.220446049250313e-16,1.0775407140332567,0.3182021616949464,2.220446049250313e-16,2.220446049250313e-16,2.220446049250313e-16,2.220446049250313e-16,1.084385879191227,2.220446049250313e-16,0.5083413270037984,2.220446049250313e-16,0.37248107596186075,2.220446049250313e-16,0.7950951179649235,2.220446049250313e-16,2.220446049250313e-16,2.220446049250313e-16,2.220446049250313e-16
52.0,1.217681813155242,0.7840943597391723,2.220446049250313e-16,2.220446049250313e-16,2.220446049250313e-16,1.0825242679766414,0.47471055545615215,2.220446049250313e-16,2.220446049250313e-16,2.220446049250313e-16,0.002467063080882322,2.220446049250313e-16,2.220446049250313e-16,2.220446049250313e-16,2.220446049250313e-16,2.220446049250313e-16,2.220446049250313e-16,2.220446049250313e-16,0.22287092494283342,2.220446049250313e-16
53.0,1.217681813155242,0.7840943597391723,2.220446049250313e-16,2.220446049250313e-16,2.220446049250313e-16,1.0825242679766414,0.47471055545615215,2.220446049250313e-16,2.220446049250313e-16,2.220446049250313e-16,0.002467063080882322,2.220446049250313e-16,2.220446049250313e-16,2.220446049250313e-16,2.220446049250313e-16,2.220446049250313e-16,2.220446049250313e-16,2.220446049250313e-16,0.22287092494283342,2.220446049250313e-16
54.0,1.217681813155242,0.7840943597391723,2.220446049250313e-16,2.220446049250313e-16,2.220446049250313e-16,1.0825242679766414,0.47471055545615215,2.220446049250313e-16,2.220446049250313e-16,2.220446049250313e-16,0.002467063080882322,2.220446049250313e-16,2.220446049250313e-16,2.220446049250313e-16,2.220446049250313e-16,2.220446049250313e-16,2.220446049250313e-16,2.220446049250313e-16,0.22287092494283342,2.220446049250313e-16
55.0,0.02491554408903334,0.5834072847540517,2.220446049250313e-16,2.220446049250313e-16,2.220446049250313e-16,2.220446049250313e-16,1.1102230246251565e-16,0.015492318202947997,2.220446049250313e-16,1.0770258416551044,0.033054883127114826,0.5097591027749704,0.7920754942370966,2.220446049250313e-16,2.220446049250313e-16,0.2037196123753934,2.220446049250313e-16,1.0199414197464376,2.220446049250313e-16,0.03451367454645265
56.0,2.220446049250313e-16,0.1713198967701067,2.220446049250313e-16,0.008992427035308781,2.220446049250313e-16,0.06359430151620658,2.220446049250313e-16,0.9602241912099397,0.7144493449553341,0.0009530029657726087,0.5615436691724334,0.006794559493513725,2.220446049250313e-16,2.220446049250313e-16,0.5673874037287385,0.6956655984215933,0.5918655731229288,2.220446049250313e-16,0.022061383270342638,0.595978521087685
57.0,2.220446049250313e-16,2.220446049250313e-16,0.5847130626634368,0.5214512384480836,0.4531580359386579,2.220446049250313e-16,2.220446049250313e-16,2.220446049250313e-16,2.220446049250313e-16,0.5078199958089178,0.02490070594761867,0.6151545517769467,0.421755585109648,0.37248107596186064,2.220446049250313e-16,0.5832116604851104,2.220446049250313e-16,0.25677972031067486,2.220446049250313e-16,0.4724432390755914
58.0,0.22656444403346385,0.014557108119192641,2.220446049250313e-16,2.220446049250313e-16,2.220446049250313e-16,0.4856540402524302,2.220446049250313e-16,0.6228644302715561,2.220446049250313e-16,2.220446049250313e-16,0.6579734003494087,0.03154987938695539,2.220446049250313e-16,0.24290656183965997,0.7555953451043812,2.220446049250313e-16,2.220446049250313e-16,2.220446049250313e-16,1.1895631398835238,0.12303790348337097
59.0,0.22656444403346385,0.014557108119192641,2.220446049250313e-16,2.220446049250313e-16,2.220446049250313e-16,0.4856540402524302,2.220446049250313e-16,0.6228644302715561,2.220446049250313e-16,2.220446049250313e-16,0.6579734003494087,0.03154987938695539,2.220446049250313e-16,0.24290656183965997,0.7555953451043812,2.220446049250313e-16,2.220446049250313e-16,2.220446049250313e-16,1.1895631398835238,0.12303790348337097
60.0,2.220446049250313e-16,2.220446049250313e-16,0.598528994220291,2.220446049250313e-16,2.220446049250313e-16,2.220446049250313e-16,0.4747105554561519,0.580061891698265,0.7899207040257108,2.220446049250313e-16,2.220446049250313e-16,0.0020957139076644977,0.36892457695699676,0.6075358049388502,1.0432760355177462,0.8259278011642532,2.220446049250313e-16,0.27308697509229407,0.0017707272269457926,0.0820331589653039
61.0,0.12145278784608336,2.220446049250313e-16,0.5976045500542506,0.19935776779307543,1.466813202058299,2.220446049250313e-16,2.220446049250313e-16,2.220446049250313e-16,0.18503877006954994,2.220446049250313e-16,0.02199347713004847,0.003572432420245862,0.7819046992551807,2.220446049250313e-16,0.6304977668763574,2.220446049250313e-16,2.220446049250313e-16,2.220446049250313e-16,2.220446049250313e-16,2.220446049250313e-16
62.0,2.220446049250313e-16,2.220446049250313e-16,0.5945210805564519,0.21879491815500834,1.386585911092717,0.00029752268318937144,2.220446049250313e-16,2.220446049250313e-16,0.17520630682101723,2.220446049250313e-16,0.06952143380254183,2.220446049250313e-16,0.8177052327144638,2.220446049250313e-16,0.6581008619964398,2.220446049250313e-16,2.220446049250313e-16,2.220446049250313e-16,2.220446049250313e-16,0.15108337472624903
63.0,0.14627328782702806,2.220446049250313e-16,2.220446049250313e-16,0.5628985048892479,0.9861121584079356,2.220446049250313e-16,2.220446049250313e-16,2.220446049250313e-16,0.19469446266364057,2.220446049250313e-16,0.6982270204248899,2.220446049250313e-16,0.02658511168036711,2.220446049250313e-16,0.7123614721411783,2.220446049250313e-16,2.220446049250313e-16,0.5614388930602839,2.220446049250313e-16,0.04753923682623495
64.0,0.7303421025175563,0.1686386136256517,2.220446049250313e-16,0.6459609710441899,0.13907306261427524,0.16368477697145092,3.3306690738754696e-16,2.220446049250313e-16,2.220446049250313e-16,2.220446049250313e-16,0.6672332919798171,2.220446049250313e-16,0.004554411663068548,2.220446049250313e-16,0.31744018691605386,2.220446049250313e-16,2.220446049250313e-16,0.12081727878403441,1.012953807361576,2.220446049250313e-16
65.0,2.220446049250313e-16,0.8448205123832383,0.6017251305151535,2.220446049250313e-16,2.220446049250313e-16,2.220446049250313e-16,2.220446049250313e-16,0.38332189257735483,0.7868743551512758,0.012447010804452499,0.010652898268928833,2.220446049250313e-16,0.7881378812570882,2.220446049250313e-16,2.220446049250313e-16,0.018949488849846787,0.6322060527767585,0.038640285565077565,0.05675786757965872,1.104528957954041
66.0,2.220446049250313e-16,2.220446049250313e-16,2.220446049250313e-16,2.220446049250313e-16,0.5982976067807774,2.220446049250313e-16,0.4747105554561515,2.220446049250313e-16,0.20129902987606088,2.220446049250313e-16,0.6671119521291194,2.220446049250313e-16,0.796317511067687,0.6157495859071251,0.8450773328795371,2.220446049250313e-16,2.220446049250313e-16,0.9543528592109657,2.220446049250313e-16,0.1551911238372825
67.0,2.220446049250313e-16,0.6381074981421633,2.220446049250313e-16,1.1038964003053526,0.30966538635289376,0.0017774856098205405,2.220446049250313e-16,0.02770084621836907,2.220446049250313e-16,1.087116812342234,2.220446049250313e-16,2.220446049250313e-16,2.220446049250313e-16,2.220446049250313e-16,0.011763825871564002,0.1760831630701889,2.220446049250313e-16,0.015679162264539383,2.220446049250313e-16,0.05195665348887374
68.0,0.8647192737580661,0.017739855155064266,2.220446049250313e-16,2.220446049250313e-16,2.220446049250313e-16,0.6400701914958935,2.220446049250313e-16,0.34717421489340217,2.220446049250313e-16,0.014336190128720436,2.220446049250313e-16,0.031524667645784016,2.220446049250313e-16,0.24275761503190216,0.5002940552337704,2.220446049250313e-16,2.220446049250313e-16,0.014355233543813125,1.0256525841394515,2.220446049250313e-16
69.0,1.0732038776408115,2.220446049250313e-16,2.220446049250313e-16,2.220446049250313e-16,0.09077236485687451,0.06060316345378284,2.220446049250313e-16,1.0192879685108978,0.4366362242149474,2.220446049250313e-16,2.220446049250313e-16,2.220446049250313e-16,2.220446049250313e-16,0.6170178482629858,0.37126312289474467,0.3496135420311225,0.23945730033094884,0.010299590810213508,2.220446049250313e-16,2.220446049250313e-16
