23 0.14940394973382354 0.2506985132058617 0.46334620300331153 0.21193327788205352 0.14940395043231547 0.2660436150521708 0.33306912770785857 0.3330691274823039 0.21193327767105075 0.2333018029839644 0.3439851437565943 0.21193327756191138 0.3330691280425526 0.28424002406245563 0.46334620322159026 0.33630696118594816 0.28424002308202034 0.44700578697072046 0.2506985131185502 0.46334620396373793
58 0.2570337737976164 0.06285796385629629 0.33630696088839185 0.10015064190708146 0.2570337742761358 0.37459973279724945 0.39440828390008087 0.3944082836795122 0.10015064192501084 0.21707219143181145 0.4712804508097593 0.10015064178812527 0.39440828428488806 0.2889949139119849 0.3363069609919214 0.545565588207286 0.2889949129815212 0.3868659807658583 0.06285796381011093 0.33630696156938594
2 0.321011287658258 0.0769269352525952 0.3330691269946752 0.05417771537311156 0.32101128783547955 0.2940186180379153 0.48536498055863275 0.4853649803456144 0.054177715020571025 0.3392909581941274 0.458208050983973 0.05417771522509976 0.4853649810555771 0.18609007296217267 0.3330691273945566 0.39440828399645755 0.18609007207825873 0.3120622623233424 0.07692693527519005 0.33306912808950795
34 0.6827116844202479 0.01642196185128098 0.14940394957254352 0.025254927525758628 0.6827116852958811 0.41162437567024013 0.3210112874677622 0.3210112872812368 0.02525492763461526 0.5419782104751677 0.263445496605388 0.02525492767397545 0.32101128765927944 0.19154850444858978 0.14940394976487872 0.2570337740935901 0.19154850361229736 0.1312280354926778 0.01642196199928692 0.14940395079483054
7 0.13122803509493977 0.20790737180169314 0.4470057867030121 0.23408467786675802 0.1312280352030094 0.18316372553275 0.3120622622579269 0.3120622619874198 0.23408467751756537 0.14203687102321 0.38772099847595093 0.2340846776406644 0.3120622625883318 0.24971405615980663 0.44700578663305435 0.38686598076585726 0.24971405542157815 0.5871106847288284 0.2079073723175831 0.44700578737148844
37 0.025254927578472648 0.4880998359728163 0.21193327783468713 0.6229145263871178 0.02525492764875281 0.10589765748249871 0.05417771527517607 0.05417771487260028 0.6229145259453475 0.06435350077701771 0.07532368634635492 0.6229145259185237 0.054177715362510835 0.2537380616984951 0.21193327777863993 0.10015064186424981 0.2537380605110924 0.2340846775942766 0.48809983644246063 0.2119332777742927
11 0.13122803509493977 0.20790737180169314 0.4470057867030121 0.23408467786675802 0.1312280352030094 0.18316372553275 0.3120622622579269 0.3120622619874198 0.23408467751756537 0.14203687102321 0.38772099847595093 0.2340846776406644 0.3120622625883318 0.24971405615980663 0.44700578663305435 0.38686598076585726 0.24971405542157815 0.5871106847288284 0.2079073723175831 0.44700578737148844
60 0.41162437535202034 0.08937277657740236 0.26604361466595644 0.10589765745792061 0.4116243757455678 0.6036424097510473 0.29401861802456336 0.2940186176789904 0.10589765752058815 0.4188636008541614 0.2498920748763003 0.10589765735773574 0.2940186182262636 0.4264290835977848 0.2660436148986209 0.3745997327972667 0.4264290824726679 0.18316372553273805 0.08937277659171894 0.2660436156154482
4 0.2634454964021686 0.05951074436588347 0.3439851431644891 0.07532368634966702 0.2634454968947883 0.24989207487629905 0.4582080509051609 0.4582080507500034 0.07532368628169851 0.25217522123936426 0.5428298397861052 0.07532368626520689 0.45820805128905795 0.17191895862161552 0.343985143352875 0.4712804508097527 0.17191895789903713 0.38772099847593694 0.05951074430055018 0.3439851442705895
3 0.13122803509493977 0.20790737180169314 0.4470057867030121 0.23408467786675802 0.1312280352030094 0.18316372553275 0.3120622622579269 0.3120622619874198 0.23408467751756537 0.14203687102321 0.38772099847595093 0.2340846776406644 0.3120622625883318 0.24971405615980663 0.44700578663305435 0.38686598076585726 0.24971405542157815 0.5871106847288284 0.2079073723175831 0.44700578737148844
28 0.2570337737976164 0.06285796385629629 0.33630696088839185 0.10015064190708146 0.2570337742761358 0.37459973279724945 0.39440828390008087 0.3944082836795122 0.10015064192501084 0.21707219143181145 0.4712804508097593 0.10015064178812527 0.39440828428488806 0.2889949139119849 0.3363069609919214 0.545565588207286 0.2889949129815212 0.3868659807658583 0.06285796381011093 0.33630696156938594
18 0.12564485238180068 0.16881874426449658 0.4244209169773372 0.27749614262946426 0.12564485158379743 0.15915040079422477 0.2625716325184555 0.2625716322801741 0.2774961424260414 0.10340723360845332 0.43311984319943847 0.27749614249865917 0.2625716328348111 0.22841516908599252 0.4244209168868557 0.42896832236281046 0.22841516839248718 0.6489311591794408 0.1688187447788563 0.4244209174805807
24 0.14940394973382354 0.2506985132058617 0.46334620300331153 0.21193327788205352 0.14940395043231547 0.2660436150521708 0.33306912770785857 0.3330691274823039 0.21193327767105075 0.2333018029839644 0.3439851437565943 0.21193327756191138 0.3330691280425526 0.28424002406245563 0.46334620322159026 0.33630696118594816 0.28424002308202034 0.44700578697072046 0.2506985131185502 0.46334620396373793
62 0.19154850404927304 0.31159922486941244 0.28424002317490427 0.2537380612923558 0.19154850403617552 0.42642908313114497 0.18609007258948113 0.18609007219485404 0.25373806113246195 0.25220942752643666 0.17191895836525556 0.25373806118476117 0.1860900728788116 0.6213424185331178 0.284240023330713 0.28899491353565493 0.6213424177346805 0.24971405582831158 0.3115992246990291 0.28424002352596683
49 0.6827116844202479 0.01642196185128098 0.14940394957254352 0.025254927525758628 0.6827116852958811 0.41162437567024013 0.3210112874677622 0.3210112872812368 0.02525492763461526 0.5419782104751677 0.263445496605388 0.02525492767397545 0.32101128765927944 0.19154850444858978 0.14940394976487872 0.2570337740935901 0.19154850361229736 0.1312280354926778 0.01642196199928692 0.14940395079483054
61 0.19154850404927304 0.31159922486941244 0.28424002317490427 0.2537380612923558 0.19154850403617552 0.42642908313114497 0.18609007258948113 0.18609007219485404 0.25373806113246195 0.25220942752643666 0.17191895836525556 0.25373806118476117 0.1860900728788116 0.6213424185331178 0.284240023330713 0.28899491353565493 0.6213424177346805 0.24971405582831158 0.3115992246990291 0.28424002352596683
12 0.321011287658258 0.0769269352525952 0.3330691269946752 0.05417771537311156 0.32101128783547955 0.2940186180379153 0.48536498055863275 0.4853649803456144 0.054177715020571025 0.3392909581941274 0.458208050983973 0.05417771522509976 0.4853649810555771 0.18609007296217267 0.3330691273945566 0.39440828399645755 0.18609007207825873 0.3120622623233424 0.07692693527519005 0.33306912808950795
15 0.13122803509493977 0.20790737180169314 0.4470057867030121 0.23408467786675802 0.1312280352030094 0.18316372553275 0.3120622622579269 0.3120622619874198 0.23408467751756537 0.14203687102321 0.38772099847595093 0.2340846776406644 0.3120622625883318 0.24971405615980663 0.44700578663305435 0.38686598076585726 0.24971405542157815 0.5871106847288284 0.2079073723175831 0.44700578737148844
16 0.2634454964021686 0.05951074436588347 0.3439851431644891 0.07532368634966702 0.2634454968947883 0.24989207487629905 0.4582080509051609 0.4582080507500034 0.07532368628169851 0.25217522123936426 0.5428298397861052 0.07532368626520689 0.45820805128905795 0.17191895862161552 0.343985143352875 0.4712804508097527 0.17191895789903713 0.38772099847593694 0.05951074430055018 0.3439851442705895
46 0.19154850404927304 0.31159922486941244 0.28424002317490427 0.2537380612923558 0.19154850403617552 0.42642908313114497 0.18609007258948113 0.18609007219485404 0.25373806113246195 0.25220942752643666 0.17191895836525556 0.25373806118476117 0.1860900728788116 0.6213424185331178 0.284240023330713 0.28899491353565493 0.6213424177346805 0.24971405582831158 0.3115992246990291 0.28424002352596683
32 0.19154850404927304 0.31159922486941244 0.28424002317490427 0.2537380612923558 0.19154850403617552 0.42642908313114497 0.18609007258948113 0.18609007219485404 0.25373806113246195 0.25220942752643666 0.17191895836525556 0.25373806118476117 0.1860900728788116 0.6213424185331178 0.284240023330713 0.28899491353565493 0.6213424177346805 0.24971405582831158 0.3115992246990291 0.28424002352596683
6 0.321011287658258 0.0769269352525952 0.3330691269946752 0.05417771537311156 0.32101128783547955 0.2940186180379153 0.48536498055863275 0.4853649803456144 0.054177715020571025 0.3392909581941274 0.458208050983973 0.05417771522509976 0.4853649810555771 0.18609007296217267 0.3330691273945566 0.39440828399645755 0.18609007207825873 0.3120622623233424 0.07692693527519005 0.33306912808950795
31 0.19154850381892174 0.3115992249804549 0.284240023145685 0.2537380613212008 0.19154850451741368 0.42642908313114347 0.18609007238410413 0.18609007238410413 0.2537380612338893 0.25220942752643705 0.17191895836525983 0.2537380611465778 0.18609007261693478 0.6213424185989425 0.28424002340761945 0.2889949135356531 0.6213424177840352 0.24971405582831352 0.31159922474762425 0.28424002369865775
10 0.2634454964021686 0.05951074436588347 0.3439851431644891 0.07532368634966702 0.2634454968947883 0.24989207487629905 0.4582080509051609 0.4582080507500034 0.07532368628169851 0.25217522123936426 0.5428298397861052 0.07532368626520689 0.45820805128905795 0.17191895862161552 0.343985143352875 0.4712804508097527 0.17191895789903713 0.38772099847593694 0.05951074430055018 0.3439851442705895
43 0.2570337737976164 0.06285796385629629 0.33630696088839185 0.10015064190708146 0.2570337742761358 0.37459973279724945 0.39440828390008087 0.3944082836795122 0.10015064192501084 0.21707219143181145 0.4712804508097593 0.10015064178812527 0.39440828428488806 0.2889949139119849 0.3363069609919214 0.545565588207286 0.2889949129815212 0.3868659807658583 0.06285796381011093 0.33630696156938594
51 0.025254927578472648 0.4880998359728163 0.21193327783468713 0.6229145263871178 0.02525492764875281 0.10589765748249871 0.05417771527517607 0.05417771487260028 0.6229145259453475 0.06435350077701771 0.07532368634635492 0.6229145259185237 0.054177715362510835 0.2537380616984951 0.21193327777863993 0.10015064186424981 0.2537380605110924 0.2340846775942766 0.48809983644246063 0.2119332777742927
57 0.01642196184929973 0.6394584912384667 0.2506985132354555 0.4880998366863107 0.01642196220186401 0.08937277672460431 0.0769269353802213 0.07692693510470759 0.4880998363792371 0.08789592539569233 0.05951074443403945 0.4880998363138655 0.0769269355169628 0.3115992256080111 0.2506985131748751 0.06285796386464113 0.31159922476845114 0.2079073721632618 0.6394584915120082 0.2506985130949105
35 0.025254927578472648 0.4880998359728163 0.21193327783468713 0.6229145263871178 0.02525492764875281 0.10589765748249871 0.05417771527517607 0.05417771487260028 0.6229145259453475 0.06435350077701771 0.07532368634635492 0.6229145259185237 0.054177715362510835 0.2537380616984951 0.21193327777863993 0.10015064186424981 0.2537380605110924 0.2340846775942766 0.48809983644246063 0.2119332777742927
17 0.13122803509493977 0.20790737180169314 0.4470057867030121 0.23408467786675802 0.1312280352030094 0.18316372553275 0.3120622622579269 0.3120622619874198 0.23408467751756537 0.14203687102321 0.38772099847595093 0.2340846776406644 0.3120622625883318 0.24971405615980663 0.44700578663305435 0.38686598076585726 0.24971405542157815 0.5871106847288284 0.2079073723175831 0.44700578737148844
9 0.13122803509493977 0.20790737180169314 0.4470057867030121 0.23408467786675802 0.1312280352030094 0.18316372553275 0.3120622622579269 0.3120622619874198 0.23408467751756537 0.14203687102321 0.38772099847595093 0.2340846776406644 0.3120622625883318 0.24971405615980663 0.44700578663305435 0.38686598076585726 0.24971405542157815 0.5871106847288284 0.2079073723175831 0.44700578737148844
40 0.5419782101740922 0.08789592545467614 0.23330180240148105 0.06435350073107665 0.5419782104323845 0.41886360085415647 0.3392909581515714 0.3392909578922641 0.06435350063769536 0.6651664583924516 0.25217522123937736 0.06435350082981346 0.3392909585079455 0.2522094279935824 0.23330180275966048 0.2170721914318237 0.25220942703090427 0.14203687102320647 0.08789592517609361 0.23330180339293385
41 0.01642196184929973 0.6394584912384667 0.2506985132354555 0.4880998366863107 0.01642196220186401 0.08937277672460431 0.0769269353802213 0.07692693510470759 0.4880998363792371 0.08789592539569233 0.05951074443403945 0.4880998363138655 0.0769269355169628 0.3115992256080111 0.2506985131748751 0.06285796386464113 0.31159922476845114 0.2079073721632618 0.6394584915120082 0.2506985130949105
27 0.01642196184929973 0.6394584912384667 0.2506985132354555 0.4880998366863107 0.01642196220186401 0.08937277672460431 0.0769269353802213 0.07692693510470759 0.4880998363792371 0.08789592539569233 0.05951074443403945 0.4880998363138655 0.0769269355169628 0.3115992256080111 0.2506985131748751 0.06285796386464113 0.31159922476845114 0.2079073721632618 0.6394584915120082 0.2506985130949105
5 0.13122803509493977 0.20790737180169314 0.4470057867030121 0.23408467786675802 0.1312280352030094 0.18316372553275 0.3120622622579269 0.3120622619874198 0.23408467751756537 0.14203687102321 0.38772099847595093 0.2340846776406644 0.3120622625883318 0.24971405615980663 0.44700578663305435 0.38686598076585726 0.24971405542157815 0.5871106847288284 0.2079073723175831 0.44700578737148844
44 0.41162437535202034 0.08937277657740236 0.26604361466595644 0.10589765745792061 0.4116243757455678 0.6036424097510473 0.29401861802456336 0.2940186176789904 0.10589765752058815 0.4188636008541614 0.2498920748763003 0.10589765735773574 0.2940186182262636 0.4264290835977848 0.2660436148986209 0.3745997327972667 0.4264290824726679 0.18316372553273805 0.08937277659171894 0.2660436156154482
52 0.025254927578472648 0.4880998359728163 0.21193327783468713 0.6229145263871178 0.02525492764875281 0.10589765748249871 0.05417771527517607 0.05417771487260028 0.6229145259453475 0.06435350077701771 0.07532368634635492 0.6229145259185237 0.054177715362510835 0.2537380616984951 0.21193327777863993 0.10015064186424981 0.2537380605110924 0.2340846775942766 0.48809983644246063 0.2119332777742927
59 0.41162437535202034 0.08937277657740236 0.26604361466595644 0.10589765745792061 0.4116243757455678 0.6036424097510473 0.29401861802456336 0.2940186176789904 0.10589765752058815 0.4188636008541614 0.2498920748763003 0.10589765735773574 0.2940186182262636 0.4264290835977848 0.2660436148986209 0.3745997327972667 0.4264290824726679 0.18316372553273805 0.08937277659171894 0.2660436156154482
55 0.5419782101740922 0.08789592545467614 0.23330180240148105 0.06435350073107665 0.5419782104323845 0.41886360085415647 0.3392909581515714 0.3392909578922641 0.06435350063769536 0.6651664583924516 0.25217522123937736 0.06435350082981346 0.3392909585079455 0.2522094279935824 0.23330180275966048 0.2170721914318237 0.25220942703090427 0.14203687102320647 0.08789592517609361 0.23330180339293385
14 0.321011287658258 0.0769269352525952 0.3330691269946752 0.05417771537311156 0.32101128783547955 0.2940186180379153 0.48536498055863275 0.4853649803456144 0.054177715020571025 0.3392909581941274 0.458208050983973 0.05417771522509976 0.4853649810555771 0.18609007296217267 0.3330691273945566 0.39440828399645755 0.18609007207825873 0.3120622623233424 0.07692693527519005 0.33306912808950795
25 0.5419782101740922 0.08789592545467614 0.23330180240148105 0.06435350073107665 0.5419782104323845 0.41886360085415647 0.3392909581515714 0.3392909578922641 0.06435350063769536 0.6651664583924516 0.25217522123937736 0.06435350082981346 0.3392909585079455 0.2522094279935824 0.23330180275966048 0.2170721914318237 0.25220942703090427 0.14203687102320647 0.08789592517609361 0.23330180339293385
53 0.14940394973382354 0.2506985132058617 0.46334620300331153 0.21193327788205352 0.14940395043231547 0.2660436150521708 0.33306912770785857 0.3330691274823039 0.21193327767105075 0.2333018029839644 0.3439851437565943 0.21193327756191138 0.3330691280425526 0.28424002406245563 0.46334620322159026 0.33630696118594816 0.28424002308202034 0.44700578697072046 0.2506985131185502 0.46334620396373793
54 0.14940394973382354 0.2506985132058617 0.46334620300331153 0.21193327788205352 0.14940395043231547 0.2660436150521708 0.33306912770785857 0.3330691274823039 0.21193327767105075 0.2333018029839644 0.3439851437565943 0.21193327756191138 0.3330691280425526 0.28424002406245563 0.46334620322159026 0.33630696118594816 0.28424002308202034 0.44700578697072046 0.2506985131185502 0.46334620396373793
20 0.025254927578472648 0.4880998359728163 0.21193327783468713 0.6229145263871178 0.02525492764875281 0.10589765748249871 0.05417771527517607 0.05417771487260028 0.6229145259453475 0.06435350077701771 0.07532368634635492 0.6229145259185237 0.054177715362510835 0.2537380616984951 0.21193327777863993 0.10015064186424981 0.2537380605110924 0.2340846775942766 0.48809983644246063 0.2119332777742927
0 0.321011287658258 0.0769269352525952 0.3330691269946752 0.05417771537311156 0.32101128783547955 0.2940186180379153 0.48536498055863275 0.4853649803456144 0.054177715020571025 0.3392909581941274 0.458208050983973 0.05417771522509976 0.4853649810555771 0.18609007296217267 0.3330691273945566 0.39440828399645755 0.18609007207825873 0.3120622623233424 0.07692693527519005 0.33306912808950795
48 0.12564485238180068 0.16881874426449658 0.4244209169773372 0.27749614262946426 0.12564485158379743 0.15915040079422477 0.2625716325184555 0.2625716322801741 0.2774961424260414 0.10340723360845332 0.43311984319943847 0.27749614249865917 0.2625716328348111 0.22841516908599252 0.4244209168868557 0.42896832236281046 0.22841516839248718 0.6489311591794408 0.1688187447788563 0.4244209174805807
19 0.6827116844202479 0.01642196185128098 0.14940394957254352 0.025254927525758628 0.6827116852958811 0.41162437567024013 0.3210112874677622 0.3210112872812368 0.02525492763461526 0.5419782104751677 0.263445496605388 0.02525492767397545 0.32101128765927944 0.19154850444858978 0.14940394976487872 0.2570337740935901 0.19154850361229736 0.1312280354926778 0.01642196199928692 0.14940395079483054
1 0.13122803509493977 0.20790737180169314 0.4470057867030121 0.23408467786675802 0.1312280352030094 0.18316372553275 0.3120622622579269 0.3120622619874198 0.23408467751756537 0.14203687102321 0.38772099847595093 0.2340846776406644 0.3120622625883318 0.24971405615980663 0.44700578663305435 0.38686598076585726 0.24971405542157815 0.5871106847288284 0.2079073723175831 0.44700578737148844
45 0.41162437535202034 0.08937277657740236 0.26604361466595644 0.10589765745792061 0.4116243757455678 0.6036424097510473 0.29401861802456336 0.2940186176789904 0.10589765752058815 0.4188636008541614 0.2498920748763003 0.10589765735773574 0.2940186182262636 0.4264290835977848 0.2660436148986209 0.3745997327972667 0.4264290824726679 0.18316372553273805 0.08937277659171894 0.2660436156154482
8 0.321011287658258 0.0769269352525952 0.3330691269946752 0.05417771537311156 0.32101128783547955 0.2940186180379153 0.48536498055863275 0.4853649803456144 0.054177715020571025 0.3392909581941274 0.458208050983973 0.05417771522509976 0.4853649810555771 0.18609007296217267 0.3330691273945566 0.39440828399645755 0.18609007207825873 0.3120622623233424 0.07692693527519005 0.33306912808950795
29 0.41162437535202034 0.08937277657740236 0.26604361466595644 0.10589765745792061 0.4116243757455678 0.6036424097510473 0.29401861802456336 0.2940186176789904 0.10589765752058815 0.4188636008541614 0.2498920748763003 0.10589765735773574 0.2940186182262636 0.4264290835977848 0.2660436148986209 0.3745997327972667 0.4264290824726679 0.18316372553273805 0.08937277659171894 0.2660436156154482
36 0.025254927578472648 0.4880998359728163 0.21193327783468713 0.6229145263871178 0.02525492764875281 0.10589765748249871 0.05417771527517607 0.05417771487260028 0.6229145259453475 0.06435350077701771 0.07532368634635492 0.6229145259185237 0.054177715362510835 0.2537380616984951 0.21193327777863993 0.10015064186424981 0.2537380605110924 0.2340846775942766 0.48809983644246063 0.2119332777742927
50 0.025254927578472648 0.4880998359728163 0.21193327783468713 0.6229145263871178 0.02525492764875281 0.10589765748249871 0.05417771527517607 0.05417771487260028 0.6229145259453475 0.06435350077701771 0.07532368634635492 0.6229145259185237 0.054177715362510835 0.2537380616984951 0.21193327777863993 0.10015064186424981 0.2537380605110924 0.2340846775942766 0.48809983644246063 0.2119332777742927
13 0.13122803509493977 0.20790737180169314 0.4470057867030121 0.23408467786675802 0.1312280352030094 0.18316372553275 0.3120622622579269 0.3120622619874198 0.23408467751756537 0.14203687102321 0.38772099847595093 0.2340846776406644 0.3120622625883318 0.24971405615980663 0.44700578663305435 0.38686598076585726 0.24971405542157815 0.5871106847288284 0.2079073723175831 0.44700578737148844
22 0.025254927578472648 0.4880998359728163 0.21193327783468713 0.6229145263871178 0.02525492764875281 0.10589765748249871 0.05417771527517607 0.05417771487260028 0.6229145259453475 0.06435350077701771 0.07532368634635492 0.6229145259185237 0.054177715362510835 0.2537380616984951 0.21193327777863993 0.10015064186424981 0.2537380605110924 0.2340846775942766 0.48809983644246063 0.2119332777742927
42 0.01642196184929973 0.6394584912384667 0.2506985132354555 0.4880998366863107 0.01642196220186401 0.08937277672460431 0.0769269353802213 0.07692693510470759 0.4880998363792371 0.08789592539569233 0.05951074443403945 0.4880998363138655 0.0769269355169628 0.3115992256080111 0.2506985131748751 0.06285796386464113 0.31159922476845114 0.2079073721632618 0.6394584915120082 0.2506985130949105
47 0.19154850404927304 0.31159922486941244 0.28424002317490427 0.2537380612923558 0.19154850403617552 0.42642908313114497 0.18609007258948113 0.18609007219485404 0.25373806113246195 0.25220942752643666 0.17191895836525556 0.25373806118476117 0.1860900728788116 0.6213424185331178 0.284240023330713 0.28899491353565493 0.6213424177346805 0.24971405582831158 0.3115992246990291 0.28424002352596683
39 0.14940394973382354 0.2506985132058617 0.46334620300331153 0.21193327788205352 0.14940395043231547 0.2660436150521708 0.33306912770785857 0.3330691274823039 0.21193327767105075 0.2333018029839644 0.3439851437565943 0.21193327756191138 0.3330691280425526 0.28424002406245563 0.46334620322159026 0.33630696118594816 0.28424002308202034 0.44700578697072046 0.2506985131185502 0.46334620396373793
38 0.14940394973382354 0.2506985132058617 0.46334620300331153 0.21193327788205352 0.14940395043231547 0.2660436150521708 0.33306912770785857 0.3330691274823039 0.21193327767105075 0.2333018029839644 0.3439851437565943 0.21193327756191138 0.3330691280425526 0.28424002406245563 0.46334620322159026 0.33630696118594816 0.28424002308202034 0.44700578697072046 0.2506985131185502 0.46334620396373793
30 0.41162437535202034 0.08937277657740236 0.26604361466595644 0.10589765745792061 0.4116243757455678 0.6036424097510473 0.29401861802456336 0.2940186176789904 0.10589765752058815 0.4188636008541614 0.2498920748763003 0.10589765735773574 0.2940186182262636 0.4264290835977848 0.2660436148986209 0.3745997327972667 0.4264290824726679 0.18316372553273805 0.08937277659171894 0.2660436156154482
33 0.12564485238180068 0.16881874426449658 0.4244209169773372 0.27749614262946426 0.12564485158379743 0.15915040079422477 0.2625716325184555 0.2625716322801741 0.2774961424260414 0.10340723360845332 0.43311984319943847 0.27749614249865917 0.2625716328348111 0.22841516908599252 0.4244209168868557 0.42896832236281046 0.22841516839248718 0.6489311591794408 0.1688187447788563 0.4244209174805807
56 0.01642196184929973 0.6394584912384667 0.2506985132354555 0.4880998366863107 0.01642196220186401 0.08937277672460431 0.0769269353802213 0.07692693510470759 0.4880998363792371 0.08789592539569233 0.05951074443403945 0.4880998363138655 0.0769269355169628 0.3115992256080111 0.2506985131748751 0.06285796386464113 0.31159922476845114 0.2079073721632618 0.6394584915120082 0.2506985130949105
21 0.025254927578472648 0.4880998359728163 0.21193327783468713 0.6229145263871178 0.02525492764875281 0.10589765748249871 0.05417771527517607 0.05417771487260028 0.6229145259453475 0.06435350077701771 0.07532368634635492 0.6229145259185237 0.054177715362510835 0.2537380616984951 0.21193327777863993 0.10015064186424981 0.2537380605110924 0.2340846775942766 0.48809983644246063 0.2119332777742927
26 0.01642196184929973 0.6394584912384667 0.2506985132354555 0.4880998366863107 0.01642196220186401 0.08937277672460431 0.0769269353802213 0.07692693510470759 0.4880998363792371 0.08789592539569233 0.05951074443403945 0.4880998363138655 0.0769269355169628 0.3115992256080111 0.2506985131748751 0.06285796386464113 0.31159922476845114 0.2079073721632618 0.6394584915120082 0.2506985130949105
