id,x_0,x_1,x_2,x_3,x_4,x_5,x_6,x_7,x_8,x_9,x_10,x_11,x_12,x_13,x_14,x_15,x_16
0.0,2.220446049250313e-16,2.220446049250313e-16,2.220446049250313e-16,2.220446049250313e-16,2.220446049250313e-16,0.8320254282438022,2.220446049250313e-16,0.011445698222511957,1.0204590587675806,0.47644015563505826,0.9544846237137228,0.007265188024946528,2.220446049250313e-16,0.16607104108364013,2.220446049250313e-16,2.220446049250313e-16,2.220446049250313e-16
1.0,2.220446049250313e-16,0.08499274524464026,2.220446049250313e-16,2.220446049250313e-16,0.25827248448500484,0.013476472238175352,2.220446049250313e-16,1.358900223745872,2.220446049250313e-16,0.42011539546677684,2.220446049250313e-16,2.220446049250313e-16,2.220446049250313e-16,0.5973048860115222,0.13707813194468063,0.1802724090482281,0.7615058147202445
2.0,2.220446049250313e-16,2.220446049250313e-16,0.2167400088416214,0.3230523953497155,2.220446049250313e-16,0.8426202624049294,1.143339562370829,0.005991682580311523,2.220446049250313e-16,2.220446049250313e-16,2.220446049250313e-16,2.220446049250313e-16,0.05751003878191244,0.0072114370457297145,0.3360578261816155,0.3703691160106712,2.220446049250313e-16
3.0,0.08673457958791504,0.008772358389781743,2.220446049250313e-16,2.220446049250313e-16,0.25754839963243464,2.220446049250313e-16,2.220446049250313e-16,1.4151804263705754,0.021400160292046527,0.7414133638780352,2.220446049250313e-16,2.220446049250313e-16,2.220446049250313e-16,0.011933701672203676,0.13037899213273813,2.220446049250313e-16,0.7604751856871352
4.0,2.220446049250313e-16,0.3396572955503624,2.220446049250313e-16,2.220446049250313e-16,2.220446049250313e-16,0.8261004195713884,2.220446049250313e-16,0.28452528927847237,1.0252956840925005,0.7822600942591121,0.26132559950873047,0.01803655565667823,2.220446049250313e-16,2.220446049250313e-16,2.220446049250313e-16,2.220446049250313e-16,2.220446049250313e-16
5.0,2.220446049250313e-16,0.0862632974734845,2.220446049250313e-16,2.220446049250313e-16,0.07036237224654529,0.10574217189088708,0.23168814996089612,0.13498024120735175,1.150605528374963,0.46716417139386535,0.29127059735907174,0.7798540105361672,2.220446049250313e-16,0.16658160884821763,2.220446049250313e-16,2.220446049250313e-16,2.220446049250313e-16
6.0,2.220446049250313e-16,2.220446049250313e-16,2.220446049250313e-16,2.220446049250313e-16,1.2700026429065263,2.220446049250313e-16,0.04087488552280516,0.08525028274042236,0.008112622837672561,2.220446049250313e-16,0.6286824119704312,0.7745304503680883,0.4590347926186595,2.220446049250313e-16,2.220446049250313e-16,0.8520083680416881,2.220446049250313e-16
7.0,0.004132752659143762,2.220446049250313e-16,0.04938260175474263,2.220446049250313e-16,2.220446049250313e-16,0.008538892470265085,2.220446049250313e-16,0.3750709153077611,0.0776343515665748,2.220446049250313e-16,0.8292699662304753,0.7682322443800045,0.41897617356321404,0.18916905226583544,0.9622651002602665,0.30719576028002266,2.220446049250313e-16
8.0,2.220446049250313e-16,2.220446049250313e-16,2.220446049250313e-16,2.220446049250313e-16,1.2242457659205257,0.7271671632462726,0.5720192096330111,0.10033979313778184,2.220446049250313e-16,2.220446049250313e-16,2.220446049250313e-16,2.220446049250313e-16,0.06963969723378613,2.220446049250313e-16,0.09681902193837276,0.7121090786230156,2.220446049250313e-16
9.0,0.1353245787032695,2.220446049250313e-16,2.220446049250313e-16,2.220446049250313e-16,2.220446049250313e-16,2.220446049250313e-16,2.220446049250313e-16,0.6793240312303579,0.8699991100165848,2.220446049250313e-16,0.1718621506360835,0.372675780112517,2.220446049250313e-16,0.1700576475562548,2.220446049250313e-16,0.9279851289905913,0.38111866219408325
10.0,0.002489205754924703,0.008813141812738817,2.220446049250313e-16,2.220446049250313e-16,1.1551922208899723,0.9056620913503383,0.5434836728905381,2.220446049250313e-16,0.084863223293542,0.07637376472848782,0.013943531174051612,2.220446049250313e-16,2.220446049250313e-16,2.220446049250313e-16,0.2743871007421351,0.18298479468135423,2.220446049250313e-16
11.0,0.4831919582006659,2.220446049250313e-16,0.1313746874684153,2.220446049250313e-16,0.022199315061242012,2.220446049250313e-16,2.220446049250313e-16,0.5794433995001439,2.220446049250313e-16,2.220446049250313e-16,0.5500082873659079,2.220446049250313e-16,0.4945921718424678,2.220446049250313e-16,0.9798689640660111,2.220446049250313e-16,0.39197768393068627
12.0,2.220446049250313e-16,2.220446049250313e-16,0.4561570087290751,0.620935288386109,2.220446049250313e-16,0.5593336825504945,1.162066883525232,0.040467976516437534,2.220446049250313e-16,2.220446049250313e-16,2.220446049250313e-16,0.20518595186981128,2.220446049250313e-16,0.004184605685206395,0.10772797910514452,0.4062371784196158,0.03132651920895627
13.0,1.089444652747153,2.220446049250313e-16,0.08997286142053451,0.5926046853895958,0.09516220459290445,2.220446049250313e-16,2.220446049250313e-16,0.29215486427860216,2.220446049250313e-16,2.220446049250313e-16,0.6653027506160994,2.220446049250313e-16,2.220446049250313e-16,2.220446049250313e-16,0.6183132539382751,2.220446049250313e-16,2.220446049250313e-16
14.0,2.220446049250313e-16,2.220446049250313e-16,0.45348211601177674,0.6203346876133113,2.220446049250313e-16,0.027871014519237826,1.1846406741734534,0.04033423840952049,0.01499286411057137,2.220446049250313e-16,2.220446049250313e-16,0.7727602976047638,2.220446049250313e-16,0.0038078090274155734,0.10979615664235406,0.4136600125118926,0.029911210325493136
15.0,2.220446049250313e-16,0.028230777588170646,0.21474893587784005,2.220446049250313e-16,0.12186187276487287,0.005628987717279774,2.220446049250313e-16,2.220446049250313e-16,0.01351859595850865,2.220446049250313e-16,1.0229365340773318,0.013182836338169137,0.4837806578779319,2.220446049250313e-16,1.238567310750696,2.220446049250313e-16,0.7811962944582019
16.0,2.220446049250313e-16,2.220446049250313e-16,2.220446049250313e-16,2.220446049250313e-16,1.256471958992853,2.220446049250313e-16,0.30579042667190826,0.05318898330369833,0.0034241769608820655,2.220446049250313e-16,0.387530450179255,0.7912315281957116,0.5290149644485086,2.220446049250313e-16,0.12972847038491972,0.5020836410037786,0.022512406614246732
17.0,2.220446049250313e-16,2.220446049250313e-16,2.220446049250313e-16,2.220446049250313e-16,2.220446049250313e-16,0.830429002482035,2.220446049250313e-16,0.027021530307951735,1.0476705166779048,0.2449649941309646,0.9751483061885782,0.0068938241120806276,2.220446049250313e-16,0.16437292806359033,2.220446049250313e-16,0.06450965065515232,2.220446049250313e-16
18.0,2.220446049250313e-16,2.220446049250313e-16,2.220446049250313e-16,2.220446049250313e-16,1.4229515530776806,0.20659019687287805,0.11741399640769229,0.06693061708366081,0.1297451236152684,0.07881881710286469,0.449006931272559,0.5943538234492431,0.4585856879945922,2.220446049250313e-16,2.220446049250313e-16,0.41074187580641214,2.220446049250313e-16
19.0,0.08621663417943512,0.12613275775657984,2.220446049250313e-16,2.220446049250313e-16,0.2193756198231607,0.020925778135512347,2.220446049250313e-16,1.2339428607289893,2.220446049250313e-16,0.8673759387715897,2.220446049250313e-16,0.7622053243254566,2.220446049250313e-16,2.220446049250313e-16,0.279092535419574,2.220446049250313e-16,2.220446049250313e-16
20.0,2.220446049250313e-16,0.7503873660916842,2.220446049250313e-16,2.220446049250313e-16,2.220446049250313e-16,0.12880649286069246,0.022994838720807684,0.11997086115099218,1.0116689925823643,0.7548001931360727,2.220446049250313e-16,0.7620122687220516,2.220446049250313e-16,0.4551822463758983,2.220446049250313e-16,2.220446049250313e-16,2.220446049250313e-16
21.0,2.220446049250313e-16,2.220446049250313e-16,2.220446049250313e-16,2.220446049250313e-16,1.4039159573533788,0.9160141266640119,0.29489659310366206,2.220446049250313e-16,0.10836321277806178,0.3013746736456664,0.17108630488849808,2.220446049250313e-16,2.220446049250313e-16,2.220446049250313e-16,0.1011810219829816,0.05349641443506278,2.220446049250313e-16
22.0,2.220446049250313e-16,2.220446049250313e-16,2.220446049250313e-16,2.220446049250313e-16,0.34046451955237583,0.8920498612921006,0.04648003685609626,2.220446049250313e-16,1.0068694081783496,0.03728555187025934,0.7262776253489045,2.220446049250313e-16,2.220446049250313e-16,2.220446049250313e-16,0.04386038361569191,0.06195072245724964,0.00014180051794843623
23.0,2.220446049250313e-16,0.18775043153720816,0.047975962374511294,2.220446049250313e-16,0.30787163604786305,0.0009295646524279949,2.220446049250313e-16,1.1993751449116632,2.220446049250313e-16,0.8608286013495751,2.220446049250313e-16,0.7640207821168911,2.220446049250313e-16,0.5852676694045454,0.02943865306675164,2.220446049250313e-16,2.220446049250313e-16
24.0,2.220446049250313e-16,0.18775043153720816,0.047975962374511294,2.220446049250313e-16,0.30787163604786305,0.0009295646524279949,2.220446049250313e-16,1.1993751449116632,2.220446049250313e-16,0.8608286013495751,2.220446049250313e-16,0.7640207821168911,2.220446049250313e-16,0.5852676694045454,0.02943865306675164,2.220446049250313e-16,2.220446049250313e-16
25.0,0.9059448211537646,0.4822382346191745,2.220446049250313e-16,0.2950705781076116,0.04972277760972599,2.220446049250313e-16,0.03413316030591552,0.4902010361983619,0.11934568658996327,2.220446049250313e-16,2.220446049250313e-16,2.220446049250313e-16,0.0597878707023273,0.7032407279896362,0.3934199870425606,2.220446049250313e-16,0.004694315170122533
26.0,0.1089201046173341,2.220446049250313e-16,0.5602716551362651,0.6387911709316234,2.220446049250313e-16,0.8579589610410249,1.0718527433451077,0.05480500084981687,0.10743987291281085,2.220446049250313e-16,2.220446049250313e-16,2.220446049250313e-16,2.220446049250313e-16,2.220446049250313e-16,2.220446049250313e-16,0.09294616737211944,2.220446049250313e-16
27.0,0.9097616303740759,0.8901420338056356,0.7173864237462029,0.6128718420620048,0.003610657075240555,0.01633038654901891,2.220446049250313e-16,0.011937962118932242,0.011577453333474031,2.220446049250313e-16,2.220446049250313e-16,2.220446049250313e-16,2.220446049250313e-16,0.6892167145010927,0.1044396432248843,2.220446049250313e-16,2.220446049250313e-16
28.0,0.9097616303740759,0.8901420338056356,0.7173864237462029,0.6128718420620048,0.003610657075240555,0.01633038654901891,2.220446049250313e-16,0.011937962118932242,0.011577453333474031,2.220446049250313e-16,2.220446049250313e-16,2.220446049250313e-16,2.220446049250313e-16,0.6892167145010927,0.1044396432248843,2.220446049250313e-16,2.220446049250313e-16
29.0,0.909761630374076,0.8901420338056356,0.717386423746203,0.6128718420620048,0.0036106570752404994,0.016330386549018888,2.220446049250313e-16,0.011937962118932131,0.01157745333347399,2.220446049250313e-16,2.220446049250313e-16,2.220446049250313e-16,2.220446049250313e-16,0.6892167145010927,0.10443964322488428,2.220446049250313e-16,2.220446049250313e-16
30.0,2.220446049250313e-16,0.1570097225143017,2.220446049250313e-16,2.220446049250313e-16,2.220446049250313e-16,0.8278601458561503,2.220446049250313e-16,0.4260329168293935,1.0081427138923558,0.7999801307702373,0.2592857605880965,0.017844742618970268,2.220446049250313e-16,2.220446049250313e-16,2.220446049250313e-16,2.220446049250313e-16,2.220446049250313e-16
31.0,2.220446049250313e-16,0.9192231888337797,2.220446049250313e-16,2.220446049250313e-16,2.220446049250313e-16,2.220446049250313e-16,2.220446049250313e-16,0.019115121054419756,0.8752395305168172,0.640459402593469,2.220446049250313e-16,2.220446049250313e-16,2.220446049250313e-16,0.434919153446398,0.0989029169439144,0.4285754457385724,0.7611834770686713
32.0,2.220446049250313e-16,2.220446049250313e-16,0.22273310438912292,0.020624980990636033,2.220446049250313e-16,0.7375061167132968,1.1541148796982017,0.003626419760680594,2.220446049250313e-16,2.220446049250313e-16,2.220446049250313e-16,2.220446049250313e-16,0.5172296957099871,0.007265312612398128,0.3243782465094798,0.6135756926808793,2.220446049250313e-16
33.0,0.3926140491445804,2.220446049250313e-16,2.220446049250313e-16,0.00927295926817484,0.10582658960595832,0.006084643018270773,2.220446049250313e-16,0.08357565440181164,0.012149570330158798,2.220446049250313e-16,0.9925942388374281,0.0006448973827219787,0.4848661504171209,2.220446049250313e-16,1.2125727638509243,2.220446049250313e-16,0.3705981282874116
34.0,0.9598735423801915,2.220446049250313e-16,0.9339807084165246,0.28077754499851443,0.036482692668874925,2.220446049250313e-16,0.01926241100380764,0.24138093013377135,2.220446049250313e-16,2.220446049250313e-16,0.5414740516332076,0.0019524026210857688,0.06626983033168082,2.220446049250313e-16,0.23951998924720486,2.220446049250313e-16,0.02155481013209518
35.0,2.220446049250313e-16,0.028230777588170646,0.21474893587784005,2.220446049250313e-16,0.12186187276487287,0.005628987717279774,2.220446049250313e-16,2.220446049250313e-16,0.01351859595850865,2.220446049250313e-16,1.0229365340773318,0.013182836338169137,0.4837806578779319,2.220446049250313e-16,1.238567310750696,2.220446049250313e-16,0.7811962944582019
36.0,2.220446049250313e-16,2.220446049250313e-16,2.220446049250313e-16,0.6090163251483034,0.5790629107806943,2.220446049250313e-16,0.9214975823634655,2.220446049250313e-16,2.220446049250313e-16,2.220446049250313e-16,0.05318137842103266,0.029865136887772686,2.220446049250313e-16,2.220446049250313e-16,0.32817361391322303,0.5194107564047894,0.7804667903957166
37.0,2.220446049250313e-16,2.220446049250313e-16,0.45348211601177674,0.6203346876133113,2.220446049250313e-16,0.027871014519237826,1.1846406741734534,0.04033423840952049,0.01499286411057137,2.220446049250313e-16,2.220446049250313e-16,0.7727602976047638,2.220446049250313e-16,0.0038078090274155734,0.10979615664235406,0.4136600125118926,0.029911210325493136
38.0,0.5349195035989511,0.914226547857933,2.220446049250313e-16,2.220446049250313e-16,0.05957981516345101,2.220446049250313e-16,0.008392257539492146,0.18316096378838678,0.5202686008199009,0.6659806694447169,2.220446049250313e-16,0.015373353695931336,2.220446049250313e-16,0.47368501709537336,0.28728516377393387,2.220446049250313e-16,0.02294089142281862
39.0,1.0803577556605233,2.220446049250313e-16,0.9039886937039352,0.29933628326361333,0.043384687299613006,2.220446049250313e-16,0.0009531363968261849,0.24716707130445667,2.220446049250313e-16,2.220446049250313e-16,0.5348953230808455,2.220446049250313e-16,0.06982946097219872,2.220446049250313e-16,0.15587019556806372,2.220446049250313e-16,2.220446049250313e-16
40.0,0.1349587249268501,2.220446049250313e-16,2.220446049250313e-16,2.220446049250313e-16,2.220446049250313e-16,2.220446049250313e-16,2.220446049250313e-16,0.6797077482328446,0.8698441640603846,2.220446049250313e-16,0.17780709297614627,2.220446049250313e-16,2.220446049250313e-16,0.16939858585390338,2.220446049250313e-16,0.9277778074565707,0.7645883531268216
41.0,2.220446049250313e-16,2.220446049250313e-16,2.220446049250313e-16,0.0015726713436016609,0.12357632071794278,0.8711144990363118,0.9691977293326743,0.11306400548566424,0.633216499544034,2.220446049250313e-16,2.220446049250313e-16,2.220446049250313e-16,0.5306772922953519,2.220446049250313e-16,0.015519416988521547,0.07777043287225194,2.220446049250313e-16
42.0,2.220446049250313e-16,0.017930662243349847,2.220446049250313e-16,0.001390914328769366,0.46476944212256993,0.7119529207589447,0.9753806155993221,2.220446049250313e-16,2.220446049250313e-16,2.220446049250313e-16,2.220446049250313e-16,2.220446049250313e-16,0.5119728031550378,2.220446049250313e-16,0.46600101735945987,0.7225973992414737,2.220446049250313e-16
43.0,2.220446049250313e-16,0.07364643813099254,2.220446049250313e-16,2.220446049250313e-16,0.0688634931213592,0.0015764104270728717,0.01558158844192037,1.3429478680720164,0.02810069391746755,2.220446049250313e-16,0.014889284860376786,0.011055142093028053,2.220446049250313e-16,0.7760441987412859,0.35868557189081723,0.11159468076098696,0.7994303669360036
44.0,2.220446049250313e-16,0.07364643813099254,2.220446049250313e-16,2.220446049250313e-16,0.0688634931213592,0.0015764104270728717,0.01558158844192037,1.3429478680720164,0.02810069391746755,2.220446049250313e-16,0.014889284860376786,0.011055142093028053,2.220446049250313e-16,0.7760441987412859,0.35868557189081723,0.11159468076098696,0.7994303669360036
45.0,2.220446049250313e-16,0.9116266121364816,2.220446049250313e-16,2.220446049250313e-16,0.06588735763053166,2.220446049250313e-16,2.220446049250313e-16,2.220446049250313e-16,0.9256773624940986,0.747193762778056,2.220446049250313e-16,2.220446049250313e-16,2.220446049250313e-16,0.43632036230146526,2.220446049250313e-16,0.3493099551176156,0.7631187744713657
46.0,2.220446049250313e-16,2.220446049250313e-16,2.220446049250313e-16,0.0013763428093466498,2.220446049250313e-16,0.8578836378903842,0.9758762996168413,2.220446049250313e-16,0.9765512825549327,0.04465879872013856,2.220446049250313e-16,2.220446049250313e-16,2.220446049250313e-16,2.220446049250313e-16,2.220446049250313e-16,0.027121465714873866,2.220446049250313e-16
47.0,0.22745782033967601,1.039228009385055,0.30593121126746425,2.220446049250313e-16,0.12341496610405399,0.007705162182158983,2.220446049250313e-16,2.220446049250313e-16,0.08350057380061972,0.6855785839297843,2.220446049250313e-16,2.220446049250313e-16,2.220446049250313e-16,0.4931208731417013,0.25929590884834797,0.1924250447547307,0.770556407980808
48.0,0.1517161986107383,0.5223061580199561,2.220446049250313e-16,2.220446049250313e-16,0.1554447148617465,0.0633057743879266,2.220446049250313e-16,2.220446049250313e-16,0.8674411599814751,0.7845627271813964,0.2753196114220504,2.220446049250313e-16,2.220446049250313e-16,2.220446049250313e-16,2.220446049250313e-16,0.18370656746840752,0.7634546909906758
49.0,0.22745782033967601,1.039228009385055,0.30593121126746425,2.220446049250313e-16,0.12341496610405399,0.007705162182158983,2.220446049250313e-16,2.220446049250313e-16,0.08350057380061972,0.6855785839297843,2.220446049250313e-16,2.220446049250313e-16,2.220446049250313e-16,0.4931208731417013,0.25929590884834797,0.1924250447547307,0.770556407980808
50.0,0.9796218330114065,0.3754317377625864,2.220446049250313e-16,2.220446049250313e-16,2.220446049250313e-16,2.220446049250313e-16,0.03749825967185494,0.8075197205622751,0.002378668925899061,2.220446049250313e-16,2.220446049250313e-16,2.220446049250313e-16,0.5176179405193662,0.1214701238806521,0.4254615771753672,2.220446049250313e-16,0.004387479288978951
51.0,2.220446049250313e-16,0.012956394764117462,2.220446049250313e-16,0.607735084092288,0.3225228052183012,0.9354442380775335,0.9650819674658078,2.220446049250313e-16,0.1863092978701611,2.220446049250313e-16,2.220446049250313e-16,2.220446049250313e-16,2.220446049250313e-16,2.220446049250313e-16,0.36971216240102633,0.07203563999190017,2.220446049250313e-16
52.0,0.9794645198212931,0.9801433577285099,0.7250214523529919,2.220446049250313e-16,2.220446049250313e-16,2.220446049250313e-16,2.220446049250313e-16,2.220446049250313e-16,2.220446049250313e-16,0.24827335560203662,2.220446049250313e-16,2.220446049250313e-16,0.4527466874419736,0.11801738641566001,0.15401826638131463,0.12844418232483068,2.220446049250313e-16
53.0,2.220446049250313e-16,0.5307695346904479,2.220446049250313e-16,2.220446049250313e-16,0.33013134114715537,0.04421157842814932,0.19547224010062866,2.220446049250313e-16,0.9275903300608532,0.7772151037706347,0.11963897275215438,2.220446049250313e-16,2.220446049250313e-16,2.220446049250313e-16,2.220446049250313e-16,0.1313237266167931,0.7622422681053632
54.0,0.9794645198212931,0.9801433577285099,0.7250214523529919,2.220446049250313e-16,2.220446049250313e-16,2.220446049250313e-16,2.220446049250313e-16,2.220446049250313e-16,2.220446049250313e-16,0.24827335560203662,2.220446049250313e-16,2.220446049250313e-16,0.4527466874419736,0.11801738641566001,0.15401826638131463,0.12844418232483068,2.220446049250313e-16
55.0,0.005275825281003938,2.220446049250313e-16,0.04393174517925835,2.220446049250313e-16,0.09973799514967753,0.0050220890878357035,2.220446049250313e-16,0.09310624668925145,0.012759825872753254,2.220446049250313e-16,1.0179479604194872,0.012969068916206411,0.4815701666146408,2.220446049250313e-16,1.291495916253926,2.220446049250313e-16,0.7806215765550079
56.0,2.220446049250313e-16,2.220446049250313e-16,2.220446049250313e-16,2.220446049250313e-16,0.28779400086308976,2.220446049250313e-16,2.220446049250313e-16,0.21764976792732305,0.4976399314501976,2.220446049250313e-16,0.9489240724390462,0.7697128018404371,3.3306690738754696e-16,0.1735596321157867,2.220446049250313e-16,0.95615701878316,2.220446049250313e-16
57.0,2.220446049250313e-16,0.02205784476846654,2.220446049250313e-16,0.0022675723433115413,0.6317725558663723,0.7120899582068337,0.9455590606862398,2.220446049250313e-16,2.220446049250313e-16,2.220446049250313e-16,2.220446049250313e-16,2.220446049250313e-16,0.44811248559365136,2.220446049250313e-16,0.16969911532426563,0.8335562240209575,2.220446049250313e-16
58.0,0.09926199519428171,0.5245940513996102,2.220446049250313e-16,2.220446049250313e-16,2.220446049250313e-16,2.220446049250313e-16,2.220446049250313e-16,0.3665430156192945,0.8432004423404476,0.44891652896847944,2.220446049250313e-16,0.7617300429779991,2.220446049250313e-16,2.220446049250313e-16,2.220446049250313e-16,0.9109734346262112,2.220446049250313e-16
59.0,0.3931608197155666,0.004836338155225883,1.0267457189431262,2.220446049250313e-16,2.220446049250313e-16,2.220446049250313e-16,0.016692540244342118,0.12211365128799312,0.011581627978383469,2.220446049250313e-16,0.8205677339831723,0.4063207788106449,0.4583991795187752,0.2113036280694231,0.01728012649077604,0.12239586923155087,0.40715804037963144
60.0,2.220446049250313e-16,2.220446049250313e-16,0.8730432321013567,0.31398713016010005,2.220446049250313e-16,2.220446049250313e-16,0.9974429711810024,0.1276455725956801,2.220446049250313e-16,2.220446049250313e-16,2.220446049250313e-16,0.774227586062755,0.4395390338346291,2.220446049250313e-16,0.38504232534941807,2.220446049250313e-16,0.011193110106991202
61.0,1.0923615073470423,2.220446049250313e-16,0.09236544960248083,0.5924621471243537,0.07397755046692024,2.220446049250313e-16,2.220446049250313e-16,0.43653530389606876,2.220446049250313e-16,2.220446049250313e-16,0.5164192975557373,2.220446049250313e-16,2.220446049250313e-16,2.220446049250313e-16,0.5990934851595511,2.220446049250313e-16,2.220446049250313e-16
62.0,2.220446049250313e-16,0.011337319635648966,0.07569121039785015,0.6341573807760778,0.3216144771313946,0.9218472204442315,1.0170930260922537,2.220446049250313e-16,0.18786050349070849,2.220446049250313e-16,2.220446049250313e-16,0.009509921198259788,2.220446049250313e-16,2.220446049250313e-16,0.2785658647106335,2.220446049250313e-16,0.01704260868146357
63.0,0.892717485963551,0.9439022586572183,0.8961605668447514,0.306954697791358,2.220446049250313e-16,2.220446049250313e-16,0.008197288628603224,2.220446049250313e-16,2.220446049250313e-16,0.04950469016503313,2.220446049250313e-16,2.220446049250313e-16,0.459151324447479,0.623685338586802,2.220446049250313e-16,2.220446049250313e-16,2.220446049250313e-16
64.0,0.892717485963551,0.9439022586572183,0.8961605668447514,0.306954697791358,2.220446049250313e-16,2.220446049250313e-16,0.008197288628603224,2.220446049250313e-16,2.220446049250313e-16,0.04950469016503313,2.220446049250313e-16,2.220446049250313e-16,0.459151324447479,0.623685338586802,2.220446049250313e-16,2.220446049250313e-16,2.220446049250313e-16
65.0,2.220446049250313e-16,2.220446049250313e-16,0.38183969336917134,2.220446049250313e-16,2.220446049250313e-16,2.220446049250313e-16,0.2614774504906713,0.13079915139347106,2.220446049250313e-16,1.1102230246251565e-16,0.8084908497183363,0.7813778789785042,0.030323141937981007,0.02729160358034229,1.0793584600768544,2.220446049250313e-16,0.018391768931095516
66.0,0.7980720181626709,2.220446049250313e-16,2.220446049250313e-16,0.6316860696036577,0.4504893236827354,2.220446049250313e-16,0.05821549399788432,0.35208561306433867,0.356920955870642,2.220446049250313e-16,0.5867720262525351,2.220446049250313e-16,2.220446049250313e-16,2.220446049250313e-16,0.014994908350415432,0.28229988461893124,2.220446049250313e-16
67.0,0.13132910698310155,2.220446049250313e-16,0.6744761516361791,0.6362670990363193,2.220446049250313e-16,0.03834562215105642,1.0436959963946912,0.1246267375424375,0.018189345877840702,2.220446049250313e-16,2.220446049250313e-16,0.7619630221049912,2.220446049250313e-16,2.220446049250313e-16,0.1338317339165156,0.14511044242936502,2.220446049250313e-16
68.0,1.0770458547916946,0.1402806544032944,0.8864627335326277,0.6274794202489978,2.220446049250313e-16,2.220446049250313e-16,0.22218017414256103,2.220446049250313e-16,2.220446049250313e-16,2.220446049250313e-16,0.5887666404904138,2.220446049250313e-16,2.220446049250313e-16,2.220446049250313e-16,2.220446049250313e-16,2.220446049250313e-16,2.220446049250313e-16
69.0,1.0770458547916946,0.1402806544032944,0.8864627335326277,0.6274794202489978,2.220446049250313e-16,2.220446049250313e-16,0.22218017414256103,2.220446049250313e-16,2.220446049250313e-16,2.220446049250313e-16,0.5887666404904138,2.220446049250313e-16,2.220446049250313e-16,2.220446049250313e-16,2.220446049250313e-16,2.220446049250313e-16,2.220446049250313e-16
