27 0.17789478503071074 0.17789478693322425 0.07619326075934518 0.42338761022887667 0.051214205561513265 0.35582588364152845 0.14912639283936197 0.2294825577065563 0.5274433237119454 0.44344420111817584 0.4434442012192554 0.1307496125870064 0.05121420550863678 0.5305826069661415 0.24469847342710693 0.3558258834396958 0.5305826072707628 0.2262621584202478 0.09220097049914285 0.17700420652668394
46 0.3494495362867472 0.3494495360044257 0.20346880140260862 0.31777599500176107 0.333900301842016 0.30210415267157903 0.310621148087577 0.1760430661336491 0.3587074479957916 0.20292980850540313 0.20292980868732774 0.30193691044517007 0.3339003019258767 0.34171884449352924 0.34613344795641354 0.3021041523427207 0.34171884481642 0.4824155736160531 0.3330900450174144 0.2849139801383517
29 0.2207142067498925 0.22071420620228627 0.13449712840375902 0.3832322889682293 0.2948734762686404 0.25169099833479386 0.1344978044368811 0.13765959926240146 0.2692461558679055 0.20286418252017635 0.20286418271498124 0.17892942342031107 0.2948734761733073 0.6758423894470397 0.3115157719851637 0.251690997957668 0.6758423897067828 0.3417188447479226 0.2637753458925029 0.12744647389802052
31 0.12460539950168141 0.1246054063922115 0.019679039575763804 0.36364979103590783 -0.018020702894566504 0.22004495456935014 0.18843465270131574 0.26772827610784716 0.5709076673367578 0.653116044944161 0.6531160450574549 0.12571440216788704 -0.018020702948080614 0.36793733184529487 0.11487834413487306 0.22004495450986733 0.36793733234644266 -0.06785170472779034 -0.12890485147240405 0.18619190877479738
44 0.30783201455103737 0.3078320143519512 0.4292876251697556 0.19029994029877775 0.044685382545163875 0.3539141787841522 0.3555355719465964 0.4930428370679248 0.24409197900048155 0.3892697846045696 0.38926978466053663 0.3355997434717715 0.044685382493882105 0.15395665863818012 0.3419469865316907 0.35391417847414136 0.15395665876575715 0.21799333974846521 0.315967364313798 0.42247929021206365
1 0.4304089425393832 0.43040894238194716 0.32652107117002643 0.2134746752787729 0.23245671938338355 0.29642273845388883 0.2490162711268596 0.22162539563277428 0.2392831240481988 0.33648012417317263 0.3364801244303361 0.3906094037771052 0.2324567193179718 0.26377534569265065 0.2999553164204887 0.29642273778889433 0.2637753460247476 0.33309004501740497 0.4984155172888205 0.2400246954773982
35 0.452453487796962 0.4524534885440262 0.33087709743978816 0.20679366705381347 0.2550650762381206 0.29588936330119 0.3187209189037279 0.21800009807356183 0.23345050923672261 0.2788612629527643 0.2788612630699331 0.4370422091452582 0.2550650761380834 0.2207142062617083 0.29377391369823885 0.29588936296051643 0.22071420654830387 0.34944953611537355 0.4304089424683799 0.3031042937924527
22 0.22289154633653044 0.22289154546457438 0.4242689037436992 0.1887276329481941 -0.011841097054262685 0.36593436463501283 0.5080075853367249 0.551710573971518 0.33779454451940194 0.307369217521697 0.30736921765459363 0.2521286802708087 -0.011841097105274655 0.10978533764011737 0.2545022807591308 0.36593436435830906 0.10978533774946762 0.21809999702522634 0.2120776849006226 0.5533630888153469
63 0.25506507650142796 0.25506507594902456 0.04676974245383197 0.20876527250776225 0.8069435215393876 0.06137082445227604 0.09055192074135923 -0.02574973088496406 0.09027572247195029 0.03991689757193644 0.03991689785489741 0.23820353692079127 0.806943521849283 0.2948734760379242 0.30122317271778065 0.06137082384457097 0.2948734762672316 0.33390030198669646 0.23245671942384255 0.08463507512419019
9 0.4304089425393832 0.43040894238194716 0.32652107117002643 0.2134746752787729 0.23245671938338355 0.29642273845388883 0.2490162711268596 0.22162539563277428 0.2392831240481988 0.33648012417317263 0.3364801244303361 0.3906094037771052 0.2324567193179718 0.26377534569265065 0.2999553164204887 0.29642273778889433 0.2637753460247476 0.33309004501740497 0.4984155172888205 0.2400246954773982
30 0.452453487796962 0.4524534885440262 0.33087709743978816 0.20679366705381347 0.2550650762381206 0.29588936330119 0.3187209189037279 0.21800009807356183 0.23345050923672261 0.2788612629527643 0.2788612630699331 0.4370422091452582 0.2550650761380834 0.2207142062617083 0.29377391369823885 0.29588936296051643 0.22071420654830387 0.34944953611537355 0.4304089424683799 0.3031042937924527
12 0.2197434609505282 0.21974346080573295 0.49378631606335277 0.15592644439273962 -0.023762454393257613 0.3721810869470962 0.38256510989350073 0.5950522687441293 0.2788788886792285 0.45772643179049816 0.457726431903207 0.2519742816253848 -0.02376245463787101 0.10496188770797321 0.20911830955729724 0.37218108675637884 0.10496188789770035 0.13950933167692547 0.2315164697846981 0.3968863689074387
45 0.2160504703627813 0.21605047041914327 0.4688898185801103 0.1809505488661173 -0.019918590591396102 0.410483058192514 0.3593464326442463 0.533279770827888 0.370779236815402 0.49739915208721647 0.4973991521254228 0.21908265901435206 -0.01991859083567715 0.13899893945089414 0.13915421938182304 0.41048305807021845 0.13899893965048213 0.14321896642809526 0.21706046066547074 0.30957163546509453
6 0.30353000299328514 0.3035300023541232 0.4620277622132261 0.1836948731975707 0.04236856176934162 0.37758808184159576 0.3212942128171693 0.42736296920794586 0.3147823741092662 0.47987021345288494 0.4798702136340061 0.29578845279398136 0.042368561623353194 0.16917754541498148 0.19597186164815214 0.3775880815557124 0.16917754578768426 0.20969060099125772 0.3438023588713935 0.2982134129722197
33 0.25506507650142796 0.25506507594902456 0.04676974245383197 0.20876527250776225 0.8069435215393876 0.06137082445227604 0.09055192074135923 -0.02574973088496406 0.09027572247195029 0.03991689757193644 0.03991689785489741 0.23820353692079127 0.806943521849283 0.2948734760379242 0.30122317271778065 0.06137082384457097 0.2948734762672316 0.33390030198669646 0.23245671942384255 0.08463507512419019
47 0.23345050940995313 0.23345050906106618 0.22194030591613925 0.3438327069989863 0.09027572251924504 0.3843411563975489 0.33708548503897096 0.3296003065797788 0.604850713615042 0.37889869751989563 0.3788986976800926 0.17680540126007438 0.09027572226306173 0.2692461557161 0.27353164859830015 0.38434115626896254 0.26924615583536626 0.35870744799578097 0.2392831240481834 0.3155275997714754
42 0.25506507650142796 0.25506507594902456 0.04676974245383197 0.20876527250776225 0.8069435215393876 0.06137082445227604 0.09055192074135923 -0.02574973088496406 0.09027572247195029 0.03991689757193644 0.03991689785489741 0.23820353692079127 0.806943521849283 0.2948734760379242 0.30122317271778065 0.06137082384457097 0.2948734762672316 0.33390030198669646 0.23245671942384255 0.08463507512419019
49 0.2379604744580395 0.23796047477346416 0.24985137496643336 0.3137923195940324 0.04630569238701973 0.39413280859176086 0.20075255057507144 0.34918255341018545 0.48075771512858917 0.5193767139833132 0.5193767141925407 0.18283471450066324 0.04630569239937871 0.3322129877678748 0.23230940746959575 0.39413280826038855 0.33221298794449805 0.2348043672771052 0.2635526525450113 0.20995550068411611
59 0.27039694056305047 0.2703969417254403 0.07095048129111721 0.21631525564326318 0.8104537654911186 0.07956274107454847 0.1013530736668612 -0.10612973379771354 0.1300643847396665 0.03747662050720748 0.037476620685511323 0.32128550600234185 0.810453765415129 0.15787127655204394 0.2723889957247577 0.07956274072172262 0.15787127675528334 0.3787013390797154 -0.058508823803925906 0.20820975228633565
69 0.0919205233117978 0.0919205174005655 0.17930335021069463 0.3349364234328709 0.22486626473844276 0.2065521763773881 0.010976817791681488 0.18047031788813586 0.2287404042098238 0.2630954951676266 0.2630954954088674 0.355881804115334 0.22486626458746545 0.7041230299403098 0.3560568102168397 0.20655217582040594 0.7041230299020167 0.2540239282469314 0.34503836970315305 0.0008992923067060296
21 0.2819127913895884 0.2819127909906972 0.31728387675765324 0.2879948187497596 0.0760450117143659 0.42099111962601693 0.3805437713231083 0.37421653174596153 0.45275547981132663 0.34264379175039134 0.34264379191351635 0.25360753163495353 0.07604501151616123 0.2556028680835332 0.2526705401217075 0.4209911192788075 0.25560286819951084 0.3404591467985949 0.273159310582844 0.3426339691082365
38 0.25506507650142796 0.25506507594902456 0.04676974245383197 0.20876527250776225 0.8069435215393876 0.06137082445227604 0.09055192074135923 -0.02574973088496406 0.09027572247195029 0.03991689757193644 0.03991689785489741 0.23820353692079127 0.806943521849283 0.2948734760379242 0.30122317271778065 0.06137082384457097 0.2948734762672316 0.33390030198669646 0.23245671942384255 0.08463507512419019
11 0.33087709765741535 0.33087709719830904 0.5218945951297107 0.14548821158554848 0.0467697424299057 0.36272435403389874 0.41704922032061625 0.431188543551659 0.22194030591610492 0.40502471086444863 0.40502471099007953 0.3610755369320096 0.046769742258176275 0.13449712833227492 0.17894785856855222 0.36272435387250845 0.13449712835417074 0.2034688014025955 0.32652107117000284 0.36904421283542477
66 0.2067936673106587 0.2067936667186211 0.14548821158555353 0.8754304981375302 0.2087652724147834 0.2576573988464838 0.21193610841494662 0.1916408708759961 0.34383270699898716 0.21620152659609718 0.21620152669700846 0.16533350957760917 0.20876527244597395 0.3832322888244515 0.31854824836026363 0.257657398538645 0.38323228894874545 0.3177759950017512 0.2134746752787653 0.21104837125910816
14 0.27886126327019706 0.278861262783484 0.4050247109403972 0.21620152661979494 0.039916897788302846 0.375489269280531 0.25839059479440496 0.4106961866697329 0.3788986976215946 0.5316664601144069 0.5316664602339874 0.24943840760722708 0.0399168975667933 0.20286418253849053 0.203905075513313 0.3754892689011004 0.2028641826111899 0.20292980859265855 0.3364801243248423 0.25232897589212
5 0.3213327568127289 0.32133275622824475 0.5091042806480393 0.1545446902177675 0.04149575725705935 0.36912231143885904 0.3670338812030832 0.4347373687475695 0.24799648250478373 0.4436213054743995 0.4436213055452956 0.3363633159559232 0.04149575715249799 0.1485178521431219 0.1830633112630959 0.3691223108067118 0.14851785221729455 0.19837428939475582 0.3396352310583962 0.3319342623824632
17 0.452453487796962 0.4524534885440262 0.33087709743978816 0.20679366705381347 0.2550650762381206 0.29588936330119 0.3187209189037279 0.21800009807356183 0.23345050923672261 0.2788612629527643 0.2788612630699331 0.4370422091452582 0.2550650761380834 0.2207142062617083 0.29377391369823885 0.29588936296051643 0.22071420654830387 0.34944953611537355 0.4304089424683799 0.3031042937924527
16 0.27886126327019706 0.278861262783484 0.4050247109403972 0.21620152661979494 0.039916897788302846 0.375489269280531 0.25839059479440496 0.4106961866697329 0.3788986976215946 0.5316664601144069 0.5316664602339874 0.24943840760722708 0.0399168975667933 0.20286418253849053 0.203905075513313 0.3754892689011004 0.2028641826111899 0.20292980859265855 0.3364801243248423 0.25232897589212
53 0.22618431182807616 0.22618430920701776 0.045379260294856234 0.19551314891772872 0.7471271519586262 0.024547404545376055 0.07572673055000533 0.009222663647847799 0.06743524492453708 0.06136652176725782 0.061366522016767705 0.1745066573286728 0.7471271518835387 0.4015455422504044 0.30045262045766724 0.024547404033884092 0.4015455421690908 0.23591183884676287 0.4688104531049453 0.005241445458866886
28 0.2207142067498925 0.22071420620228627 0.13449712840375902 0.3832322889682293 0.2948734762686404 0.25169099833479386 0.1344978044368811 0.13765959926240146 0.2692461558679055 0.20286418252017635 0.20286418271498124 0.17892942342031107 0.2948734761733073 0.6758423894470397 0.3115157719851637 0.251690997957668 0.6758423897067828 0.3417188447479226 0.2637753458925029 0.12744647389802052
13 0.452453487796962 0.4524534885440262 0.33087709743978816 0.20679366705381347 0.2550650762381206 0.29588936330119 0.3187209189037279 0.21800009807356183 0.23345050923672261 0.2788612629527643 0.2788612630699331 0.4370422091452582 0.2550650761380834 0.2207142062617083 0.29377391369823885 0.29588936296051643 0.22071420654830387 0.34944953611537355 0.4304089424683799 0.3031042937924527
34 0.25506507650142796 0.25506507594902456 0.04676974245383197 0.20876527250776225 0.8069435215393876 0.06137082445227604 0.09055192074135923 -0.02574973088496406 0.09027572247195029 0.03991689757193644 0.03991689785489741 0.23820353692079127 0.806943521849283 0.2948734760379242 0.30122317271778065 0.06137082384457097 0.2948734762672316 0.33390030198669646 0.23245671942384255 0.08463507512419019
65 0.15888459257825543 0.15888459232455368 0.3674938370780354 0.48640193635218537 -0.019405904615946688 0.3719827294254636 0.24968014490797402 0.5015533030646969 0.4963419892666389 0.5103952213450486 0.5103952214099888 0.15782896761827062 -0.019405904602211355 0.10656282471585 0.10803469227496391 0.37198272934820237 0.10656282481898877 0.08536252086493978 0.1735861821106111 0.28049833077411895
4 0.27886126327019706 0.278861262783484 0.4050247109403972 0.21620152661979494 0.039916897788302846 0.375489269280531 0.25839059479440496 0.4106961866697329 0.3788986976215946 0.5316664601144069 0.5316664602339874 0.24943840760722708 0.0399168975667933 0.20286418253849053 0.203905075513313 0.3754892689011004 0.2028641826111899 0.20292980859265855 0.3364801243248423 0.25232897589212
36 0.12460539950168141 0.1246054063922115 0.019679039575763804 0.36364979103590783 -0.018020702894566504 0.22004495456935014 0.18843465270131574 0.26772827610784716 0.5709076673367578 0.653116044944161 0.6531160450574549 0.12571440216788704 -0.018020702948080614 0.36793733184529487 0.11487834413487306 0.22004495450986733 0.36793733234644266 -0.06785170472779034 -0.12890485147240405 0.18619190877479738
43 0.4370422091891755 0.4370422090383827 0.3610755369320418 0.165333509577616 0.23820353684112866 0.27503697233176044 0.3549987805010892 0.23585512270794412 0.17680540126008407 0.24943840758939587 0.24943840771957262 0.5971684731227701 0.23820353685167125 0.17892942326369746 0.2936054406275454 0.2750369719678767 0.17892942345054422 0.30193691044516763 0.3906094037770925 0.3279734703932368
23 0.29588936328341553 0.295889362786894 0.36272435387359053 0.2576573986329931 0.061370824136048656 0.42684536323200434 0.35680927703183174 0.39577579071764935 0.38434115628376986 0.3754892690923211 0.3754892693115046 0.2750369721054061 0.0613708242129858 0.2516909980803416 0.23549168361389725 0.4268453630107822 0.2516909980434886 0.30210415278367664 0.29642273794288876 0.32315693522980354
15 0.4304089425393832 0.43040894238194716 0.32652107117002643 0.2134746752787729 0.23245671938338355 0.29642273845388883 0.2490162711268596 0.22162539563277428 0.2392831240481988 0.33648012417317263 0.3364801244303361 0.3906094037771052 0.2324567193179718 0.26377534569265065 0.2999553164204887 0.29642273778889433 0.2637753460247476 0.33309004501740497 0.4984155172888205 0.2400246954773982
19 0.31520919737109715 0.315209196820502 0.4395680925045882 0.20221720282929903 0.05867675622036707 0.3968332613023828 0.4048189259235471 0.41600717416224786 0.3189155302362104 0.3867753451283328 0.38677534521607204 0.3179787023210578 0.058676756053457964 0.17639833751256248 0.2105763629939357 0.3968332609536754 0.1763983377536606 0.26446749578062856 0.3175034673190917 0.35916789097847773
32 0.25506507650142796 0.25506507594902456 0.04676974245383197 0.20876527250776225 0.8069435215393876 0.06137082445227604 0.09055192074135923 -0.02574973088496406 0.09027572247195029 0.03991689757193644 0.03991689785489741 0.23820353692079127 0.806943521849283 0.2948734760379242 0.30122317271778065 0.06137082384457097 0.2948734762672316 0.33390030198669646 0.23245671942384255 0.08463507512419019
57 0.43470201596410474 0.4347020180915823 0.2854028786006305 0.23684020913789353 0.3264883056347193 0.2612020628907316 0.4626932869764876 0.16652412357357135 0.2903770889049328 0.153083126841404 0.15308312700463556 0.46857316157610557 0.3264883056475352 0.16068024674454953 0.2881526254346059 0.2612020622786679 0.16068024695340608 0.403158717732553 0.22468521023475488 0.44031547140179395
61 0.13001806274075334 0.13001806780334768 0.0708429459053149 0.3633046765491258 -0.008002114947616452 0.28047125589292893 0.20260137487570787 0.3366461409001123 0.7028412152986034 0.60561142394869 0.6056114240539828 0.09141261449085365 -0.008002115127771782 0.2976775117070009 0.15753462078220454 0.28047125589536287 0.2976775119989164 0.045966727072827826 -0.026047599114887018 0.2018135693630965
56 0.10273398973281904 0.10273399066729572 0.49827222129188026 0.13114219912880434 -0.06757470228406737 0.37413218434210066 0.41303683975679734 0.6962501232113175 0.3589517156490696 0.49018563378816327 0.49018563394569326 0.13104722323018858 -0.06757470252350857 0.059014802338204726 0.07432768262346222 0.37413218426322564 0.05901480240923739 0.0342711290959379 0.08273078654163195 0.33820683278047226
54 0.33825478408157494 0.3382547837470133 0.5372491974474675 0.1343442597852901 0.048522915676099815 0.3529051866554183 0.45149425831298856 0.4274012069302955 0.18959794952858716 0.3788331230848817 0.3788331231474398 0.3833395045892013 0.04852291537556254 0.1259330159752654 0.17163881913630755 0.3529051860628611 0.12593301617626948 0.19730027725516455 0.3134443002470014 0.39478131980670245
51 0.4304089425393832 0.43040894238194716 0.32652107117002643 0.2134746752787729 0.23245671938338355 0.29642273845388883 0.2490162711268596 0.22162539563277428 0.2392831240481988 0.33648012417317263 0.3364801244303361 0.3906094037771052 0.2324567193179718 0.26377534569265065 0.2999553164204887 0.29642273778889433 0.2637753460247476 0.33309004501740497 0.4984155172888205 0.2400246954773982
60 0.31662385005801535 0.3166238494217375 0.47653807727662895 0.17493160297078963 0.051377788600042294 0.37607237344642197 0.38854772450784475 0.42642300120511323 0.2938372042718704 0.4261970798216788 0.4261970799437825 0.3243263592541051 0.05137778853180574 0.14704294512227764 0.19565367696420505 0.3760723731228901 0.1470429449925615 0.22858172342979777 0.3333964141883874 0.3479049320434037
39 0.25506507650142796 0.25506507594902456 0.04676974245383197 0.20876527250776225 0.8069435215393876 0.06137082445227604 0.09055192074135923 -0.02574973088496406 0.09027572247195029 0.03991689757193644 0.03991689785489741 0.23820353692079127 0.806943521849283 0.2948734760379242 0.30122317271778065 0.06137082384457097 0.2948734762672316 0.33390030198669646 0.23245671942384255 0.08463507512419019
41 0.15771446780724704 0.15771447113019568 0.2253120563315541 0.30974071848050183 -0.027317474675800375 0.3390046027220736 0.20581861549994626 0.5448069592737357 0.5507618600454114 0.5769312428543184 0.5769312430015652 0.162128532665534 -0.027317474948565026 0.21239556848477462 0.2707320156091534 0.33900460271938554 0.2123955687820746 0.10220431485281684 0.11495339646036258 0.21153807353375395
62 0.25506507650142796 0.25506507594902456 0.04676974245383197 0.20876527250776225 0.8069435215393876 0.06137082445227604 0.09055192074135923 -0.02574973088496406 0.09027572247195029 0.03991689757193644 0.03991689785489741 0.23820353692079127 0.806943521849283 0.2948734760379242 0.30122317271778065 0.06137082384457097 0.2948734762672316 0.33390030198669646 0.23245671942384255 0.08463507512419019
50 0.30310429383822957 0.30310429372621783 0.36904421283546096 0.21104837125910927 0.08463507513727375 0.3231569356472761 0.4818879383891428 0.4365381888305748 0.31552759977146805 0.2523289757730721 0.2523289759956414 0.3279734703932218 0.08463507504128365 0.12744647380438434 0.3671479240158373 0.32315693513904353 0.1274464738524303 0.28491398013833313 0.2400246954773797 0.5907768000760854
40 0.2937739139277905 0.2937739135115562 0.17894785856857637 0.31854824836026113 0.30122317253381725 0.23549168395625608 0.2153603230278944 0.2544453408297843 0.2735316485983121 0.20390507543930786 0.2039050756406591 0.293605440627535 0.3012231725908724 0.3115157717792702 0.7124260687503721 0.23549168313353766 0.3115157719168558 0.3461334479563937 0.29995531642049156 0.36714792401584506
48 0.22618431182807616 0.22618430920701776 0.045379260294856234 0.19551314891772872 0.7471271519586262 0.024547404545376055 0.07572673055000533 0.009222663647847799 0.06743524492453708 0.06136652176725782 0.061366522016767705 0.1745066573286728 0.7471271518835387 0.4015455422504044 0.30045262045766724 0.024547404033884092 0.4015455421690908 0.23591183884676287 0.4688104531049453 0.005241445458866886
8 0.23011406311049076 0.23011406431937412 0.2641601097048154 0.3151008331267916 0.02981448516117751 0.3368121157194896 0.2105964506873705 0.4816859684168291 0.39064814880777093 0.5111815173738812 0.511181517485235 0.25437472962720276 0.02981448514092395 0.2629013012847012 0.40688672688742566 0.33681211559206997 0.2629013014877883 0.20783545450138977 0.2866402103351668 0.2105300993709842
20 0.29588936328341553 0.295889362786894 0.36272435387359053 0.2576573986329931 0.061370824136048656 0.42684536323200434 0.35680927703183174 0.39577579071764935 0.38434115628376986 0.3754892690923211 0.3754892693115046 0.2750369721054061 0.0613708242129858 0.2516909980803416 0.23549168361389725 0.4268453630107822 0.2516909980434886 0.30210415278367664 0.29642273794288876 0.32315693522980354
26 0.17789478503071074 0.17789478693322425 0.07619326075934518 0.42338761022887667 0.051214205561513265 0.35582588364152845 0.14912639283936197 0.2294825577065563 0.5274433237119454 0.44344420111817584 0.4434442012192554 0.1307496125870064 0.05121420550863678 0.5305826069661415 0.24469847342710693 0.3558258834396958 0.5305826072707628 0.2262621584202478 0.09220097049914285 0.17700420652668394
37 0.25506507650142796 0.25506507594902456 0.04676974245383197 0.20876527250776225 0.8069435215393876 0.06137082445227604 0.09055192074135923 -0.02574973088496406 0.09027572247195029 0.03991689757193644 0.03991689785489741 0.23820353692079127 0.806943521849283 0.2948734760379242 0.30122317271778065 0.06137082384457097 0.2948734762672316 0.33390030198669646 0.23245671942384255 0.08463507512419019
68 0.147150103671321 0.1471501011631871 0.2362880479395377 1.0558580232112205 0.24994723761227494 0.03332018713046203 -0.012638702183696986 0.08826844952190575 -0.060152417166230925 0.1179528023275175 0.11795280247240196 0.11104971298790625 0.24994723767921898 0.2414042113265708 0.44205441316783345 0.03332018677918352 0.24140421130120077 -0.06298151557128336 0.2702626118122231 0.1392837682542312
25 0.2795795795145344 0.2795795793284677 0.33157339238394307 0.27678879232239684 0.04641294768510436 0.43385464590003464 0.2664232289499931 0.3875406793845632 0.38668298222771985 0.43105286814883503 0.43105286835598977 0.24457937344948208 0.046412947555402144 0.31335809644936696 0.2332720535045012 0.4338546455682696 0.31335809673385656 0.27053539090104106 0.29073921571170913 0.2556855257361946
3 0.4304089425393832 0.43040894238194716 0.32652107117002643 0.2134746752787729 0.23245671938338355 0.29642273845388883 0.2490162711268596 0.22162539563277428 0.2392831240481988 0.33648012417317263 0.3364801244303361 0.3906094037771052 0.2324567193179718 0.26377534569265065 0.2999553164204887 0.29642273778889433 0.2637753460247476 0.33309004501740497 0.4984155172888205 0.2400246954773982
24 0.2180000981296005 0.21800009796767247 0.43118854355168196 0.19164087087600495 -0.025749730854559436 0.39577579075472186 0.37448182808541974 0.5937494380473924 0.32960030657980033 0.41069618669318547 0.4106961867348838 0.23585512270794282 -0.025749730943628174 0.1376595991759735 0.2544453408298022 0.3957757905281106 0.13765959931581143 0.1760430661336543 0.2216253956327736 0.43653818883059614
58 0.43470201596410474 0.4347020180915823 0.2854028786006305 0.23684020913789353 0.3264883056347193 0.2612020628907316 0.4626932869764876 0.16652412357357135 0.2903770889049328 0.153083126841404 0.15308312700463556 0.46857316157610557 0.3264883056475352 0.16068024674454953 0.2881526254346059 0.2612020622786679 0.16068024695340608 0.403158717732553 0.22468521023475488 0.44031547140179395
64 0.25506507650142796 0.25506507594902456 0.04676974245383197 0.20876527250776225 0.8069435215393876 0.06137082445227604 0.09055192074135923 -0.02574973088496406 0.09027572247195029 0.03991689757193644 0.03991689785489741 0.23820353692079127 0.806943521849283 0.2948734760379242 0.30122317271778065 0.06137082384457097 0.2948734762672316 0.33390030198669646 0.23245671942384255 0.08463507512419019
10 0.31662385005801535 0.3166238494217375 0.47653807727662895 0.17493160297078963 0.051377788600042294 0.37607237344642197 0.38854772450784475 0.42642300120511323 0.2938372042718704 0.4261970798216788 0.4261970799437825 0.3243263592541051 0.05137778853180574 0.14704294512227764 0.19565367696420505 0.3760723731228901 0.1470429449925615 0.22858172342979777 0.3333964141883874 0.3479049320434037
67 0.2067936673106587 0.2067936667186211 0.14548821158555353 0.8754304981375302 0.2087652724147834 0.2576573988464838 0.21193610841494662 0.1916408708759961 0.34383270699898716 0.21620152659609718 0.21620152669700846 0.16533350957760917 0.20876527244597395 0.3832322888244515 0.31854824836026363 0.257657398538645 0.38323228894874545 0.3177759950017512 0.2134746752787653 0.21104837125910816
18 0.2273900322738398 0.22739003075728337 0.5448216230267585 0.1337115540394519 -0.012846649728817432 0.365586526439535 0.5714961025170944 0.5162608673039983 0.2263643589770811 0.3470494407814429 0.3470494408373455 0.3234670037090468 -0.012846650063699373 0.09061911142876901 0.1343655552452187 0.36558652624733123 0.09061911142449282 0.18139403506872911 0.2235592047477879 0.45413310286151654
7 0.29676584637562275 0.29676584637890707 0.41476410768409183 0.20794998158951294 0.0365742883504109 0.3586345579148147 0.3169047362475424 0.49881906038223917 0.2601195625703231 0.4303915359971844 0.43039153619927767 0.3248597542456591 0.036574288128650156 0.17454317082689566 0.3427407961484934 0.3586345578982849 0.17454317097981464 0.20970443101291597 0.3256016410404357 0.3550412591771611
2 0.27886126327019706 0.278861262783484 0.4050247109403972 0.21620152661979494 0.039916897788302846 0.375489269280531 0.25839059479440496 0.4106961866697329 0.3788986976215946 0.5316664601144069 0.5316664602339874 0.24943840760722708 0.0399168975667933 0.20286418253849053 0.203905075513313 0.3754892689011004 0.2028641826111899 0.20292980859265855 0.3364801243248423 0.25232897589212
52 0.22835345227556889 0.22835345234120136 0.2610638805952083 0.2980798335467273 0.05403759456004817 0.35594348881731114 0.21725592940717922 0.3504218434592632 0.5321802697232801 0.5621333622892262 0.5621333623914888 0.1694220834743411 0.05403759455824279 0.25911613759099633 0.22750200431939566 0.3559434885960404 0.25911613797211963 0.2237297061245818 0.2803338994803862 0.22486188904700571
55 0.3187209189638932 0.3187209188127082 0.4170492203206486 0.2119361084149503 0.09055192069875383 0.3568092772438706 0.565926845015237 0.37448182808542785 0.33708548503898866 0.25839059475040843 0.25839059486728044 0.35499878050110584 0.09055192069459549 0.1344978043003941 0.21536032302790928 0.35680927683458497 0.13449780449429002 0.31062114808757674 0.24901627112686617 0.48188793838916893
0 0.30353000299328514 0.3035300023541232 0.4620277622132261 0.1836948731975707 0.04236856176934162 0.37758808184159576 0.3212942128171693 0.42736296920794586 0.3147823741092662 0.47987021345288494 0.4798702136340061 0.29578845279398136 0.042368561623353194 0.16917754541498148 0.19597186164815214 0.3775880815557124 0.16917754578768426 0.20969060099125772 0.3438023588713935 0.2982134129722197
