id,x_0,x_1,x_2,x_3,x_4,x_5,x_6,x_7,x_8,x_9,x_10
0.0,0.4619183960968628,0.025076001238108582,2.220446049250313e-16,2.220446049250313e-16,0.23320521917775183,2.220446049250313e-16,2.220446049250313e-16,2.220446049250313e-16,0.9346925498798233,2.220446049250313e-16,0.4619183963667733
1.0,0.4619183960968628,2.220446049250313e-16,0.6821476150645116,2.220446049250313e-16,2.220446049250313e-16,2.220446049250313e-16,2.220446049250313e-16,2.220446049250313e-16,2.220446049250313e-16,0.6196777942983961,0.46191839636677323
2.0,2.220446049250313e-16,0.3200948789515992,2.220446049250313e-16,2.220446049250313e-16,0.238669825719948,2.220446049250313e-16,2.220446049250313e-16,2.220446049250313e-16,0.9044727227299217,2.220446049250313e-16,0.4619183963667733
3.0,2.220446049250313e-16,2.220446049250313e-16,0.7897581074242399,2.220446049250313e-16,0.09266873494045108,0.4940436954441755,0.003033804008277704,2.220446049250313e-16,2.220446049250313e-16,0.6172487944853794,2.220446049250313e-16
4.0,2.220446049250313e-16,2.220446049250313e-16,2.220446049250313e-16,0.008726665295776682,2.220446049250313e-16,2.220446049250313e-16,0.9467615591213064,2.220446049250313e-16,2.220446049250313e-16,2.220446049250313e-16,0.4619183963667733
5.0,2.220446049250313e-16,2.220446049250313e-16,0.7483926122331441,2.220446049250313e-16,0.6792459224999253,2.220446049250313e-16,2.220446049250313e-16,2.220446049250313e-16,2.220446049250313e-16,0.2909227069164845,2.220446049250313e-16
6.0,0.4619183960968628,0.025076001238108582,2.220446049250313e-16,2.220446049250313e-16,0.23320521917775183,2.220446049250313e-16,2.220446049250313e-16,2.220446049250313e-16,0.9346925498798233,2.220446049250313e-16,0.4619183963667733
7.0,0.4619183960968628,2.220446049250313e-16,0.6821476150645116,2.220446049250313e-16,2.220446049250313e-16,2.220446049250313e-16,2.220446049250313e-16,2.220446049250313e-16,2.220446049250313e-16,0.6196777942983961,0.46191839636677323
8.0,2.220446049250313e-16,0.3200948789515992,2.220446049250313e-16,2.220446049250313e-16,0.238669825719948,2.220446049250313e-16,2.220446049250313e-16,2.220446049250313e-16,0.9044727227299217,2.220446049250313e-16,0.4619183963667733
9.0,2.220446049250313e-16,2.220446049250313e-16,0.7897581074242399,2.220446049250313e-16,0.09266873494045108,0.4940436954441755,0.003033804008277704,2.220446049250313e-16,2.220446049250313e-16,0.6172487944853794,2.220446049250313e-16
10.0,2.220446049250313e-16,2.220446049250313e-16,2.220446049250313e-16,0.008726665295776682,2.220446049250313e-16,2.220446049250313e-16,0.9467615591213064,2.220446049250313e-16,2.220446049250313e-16,2.220446049250313e-16,0.4619183963667733
11.0,2.220446049250313e-16,2.220446049250313e-16,0.7483926122331441,2.220446049250313e-16,0.6792459224999253,2.220446049250313e-16,2.220446049250313e-16,2.220446049250313e-16,2.220446049250313e-16,0.2909227069164845,2.220446049250313e-16
12.0,0.4619183960968628,0.025076001238108582,2.220446049250313e-16,2.220446049250313e-16,0.23320521917775183,2.220446049250313e-16,2.220446049250313e-16,2.220446049250313e-16,0.9346925498798233,2.220446049250313e-16,0.4619183963667733
13.0,0.4619183960968628,2.220446049250313e-16,0.6821476150645116,2.220446049250313e-16,2.220446049250313e-16,2.220446049250313e-16,2.220446049250313e-16,2.220446049250313e-16,2.220446049250313e-16,0.6196777942983961,0.46191839636677323
14.0,2.220446049250313e-16,0.3200948789515992,2.220446049250313e-16,2.220446049250313e-16,0.238669825719948,2.220446049250313e-16,2.220446049250313e-16,2.220446049250313e-16,0.9044727227299217,2.220446049250313e-16,0.4619183963667733
15.0,2.220446049250313e-16,2.220446049250313e-16,0.7897581074242399,2.220446049250313e-16,0.09266873494045108,0.4940436954441755,0.003033804008277704,2.220446049250313e-16,2.220446049250313e-16,0.6172487944853794,2.220446049250313e-16
16.0,2.220446049250313e-16,2.220446049250313e-16,2.220446049250313e-16,0.008726665295776682,2.220446049250313e-16,2.220446049250313e-16,0.9467615591213064,2.220446049250313e-16,2.220446049250313e-16,2.220446049250313e-16,0.4619183963667733
17.0,2.220446049250313e-16,2.220446049250313e-16,0.7483926122331441,2.220446049250313e-16,0.6792459224999253,2.220446049250313e-16,2.220446049250313e-16,2.220446049250313e-16,2.220446049250313e-16,0.2909227069164845,2.220446049250313e-16
18.0,0.4619183960968628,2.220446049250313e-16,0.004688707883764865,0.0008630872453839755,2.220446049250313e-16,0.4906788120528668,0.17920128822982007,0.4963269156692677,0.24127600281166245,0.6349694960905191,2.220446049250313e-16
19.0,2.220446049250313e-16,0.6978967466666339,2.220446049250313e-16,0.14881063731024646,0.21208105477414244,2.220446049250313e-16,0.17154148797826427,2.220446049250313e-16,0.4731708141807134,2.220446049250313e-16,2.220446049250313e-16
20.0,0.46191839609686286,0.010881511124768806,2.220446049250313e-16,0.7534748695731291,2.220446049250313e-16,2.220446049250313e-16,2.220446049250313e-16,0.4686067147704095,2.220446049250313e-16,2.220446049250313e-16,0.46191839636677334
21.0,0.46191839609686286,0.010881511124768806,2.220446049250313e-16,0.7534748695731291,2.220446049250313e-16,2.220446049250313e-16,2.220446049250313e-16,0.4686067147704095,2.220446049250313e-16,2.220446049250313e-16,0.46191839636677334
22.0,0.46191839609686286,0.010881511124768806,2.220446049250313e-16,0.7534748695731291,2.220446049250313e-16,2.220446049250313e-16,2.220446049250313e-16,0.4686067147704095,2.220446049250313e-16,2.220446049250313e-16,0.46191839636677334
23.0,0.46191839609686275,0.3552777140638516,0.004688707883764909,0.19017119787875178,2.220446049250313e-16,1.9147010366094008e-16,2.220446049250313e-16,2.220446049250313e-16,0.4090108797907383,0.634969496090519,2.220446049250313e-16
24.0,2.220446049250313e-16,0.6925116395682407,1.1102230246251565e-16,0.7210700811259232,2.220446049250313e-16,2.220446049250313e-16,2.220446049250313e-16,2.220446049250313e-16,0.16314680135736281,2.220446049250313e-16,2.220446049250313e-16
25.0,2.220446049250313e-16,0.6975925588041886,2.220446049250313e-16,0.35727919258363555,0.042886915570143846,2.220446049250313e-16,2.220446049250313e-16,2.220446049250313e-16,0.34117151954344127,0.3272597955919811,2.220446049250313e-16
26.0,2.220446049250313e-16,0.5984183247632043,2.220446049250313e-16,0.7550697227783704,2.220446049250313e-16,2.220446049250313e-16,0.1233495330527224,2.220446049250313e-16,2.220446049250313e-16,2.220446049250313e-16,2.220446049250313e-16
27.0,2.220446049250313e-16,0.5984183247632043,2.220446049250313e-16,0.7550697227783704,2.220446049250313e-16,2.220446049250313e-16,0.1233495330527224,2.220446049250313e-16,2.220446049250313e-16,2.220446049250313e-16,2.220446049250313e-16
28.0,2.220446049250313e-16,2.220446049250313e-16,0.2860102596136586,2.220446049250313e-16,0.7300128461810188,2.220446049250313e-16,0.5192098122990824,2.220446049250313e-16,2.220446049250313e-16,2.220446049250313e-16,2.220446049250313e-16
29.0,2.220446049250313e-16,2.220446049250313e-16,2.220446049250313e-16,0.008642962974208149,2.220446049250313e-16,0.47595716237982955,0.9499489442075266,2.220446049250313e-16,2.220446049250313e-16,2.220446049250313e-16,2.220446049250313e-16
30.0,2.220446049250313e-16,2.220446049250313e-16,2.220446049250313e-16,0.008642962974208149,2.220446049250313e-16,0.47595716237982955,0.9499489442075266,2.220446049250313e-16,2.220446049250313e-16,2.220446049250313e-16,2.220446049250313e-16
31.0,2.220446049250313e-16,2.220446049250313e-16,0.7316588317024816,2.220446049250313e-16,0.7569305046627866,2.220446049250313e-16,2.220446049250313e-16,2.220446049250313e-16,0.1588972070306579,2.220446049250313e-16,2.220446049250313e-16
32.0,2.220446049250313e-16,2.220446049250313e-16,0.7316588317024816,2.220446049250313e-16,0.7569305046627866,2.220446049250313e-16,2.220446049250313e-16,2.220446049250313e-16,0.1588972070306579,2.220446049250313e-16,2.220446049250313e-16
33.0,0.4619183960968628,2.220446049250313e-16,0.004688707883764865,0.0008630872453839755,2.220446049250313e-16,0.4906788120528668,0.17920128822982007,0.4963269156692677,0.24127600281166245,0.6349694960905191,2.220446049250313e-16
34.0,2.220446049250313e-16,0.6978967466666339,2.220446049250313e-16,0.14881063731024646,0.21208105477414244,2.220446049250313e-16,0.17154148797826427,2.220446049250313e-16,0.4731708141807134,2.220446049250313e-16,2.220446049250313e-16
35.0,0.46191839609686286,0.010881511124768806,2.220446049250313e-16,0.7534748695731291,2.220446049250313e-16,2.220446049250313e-16,2.220446049250313e-16,0.4686067147704095,2.220446049250313e-16,2.220446049250313e-16,0.46191839636677334
36.0,0.46191839609686286,0.010881511124768806,2.220446049250313e-16,0.7534748695731291,2.220446049250313e-16,2.220446049250313e-16,2.220446049250313e-16,0.4686067147704095,2.220446049250313e-16,2.220446049250313e-16,0.46191839636677334
37.0,0.46191839609686286,0.010881511124768806,2.220446049250313e-16,0.7534748695731291,2.220446049250313e-16,2.220446049250313e-16,2.220446049250313e-16,0.4686067147704095,2.220446049250313e-16,2.220446049250313e-16,0.46191839636677334
38.0,0.46191839609686275,0.3552777140638516,0.004688707883764909,0.19017119787875178,2.220446049250313e-16,1.9147010366094008e-16,2.220446049250313e-16,2.220446049250313e-16,0.4090108797907383,0.634969496090519,2.220446049250313e-16
39.0,2.220446049250313e-16,0.6925116395682407,1.1102230246251565e-16,0.7210700811259232,2.220446049250313e-16,2.220446049250313e-16,2.220446049250313e-16,2.220446049250313e-16,0.16314680135736281,2.220446049250313e-16,2.220446049250313e-16
40.0,2.220446049250313e-16,0.6975925588041886,2.220446049250313e-16,0.35727919258363555,0.042886915570143846,2.220446049250313e-16,2.220446049250313e-16,2.220446049250313e-16,0.34117151954344127,0.3272597955919811,2.220446049250313e-16
41.0,2.220446049250313e-16,0.5984183247632043,2.220446049250313e-16,0.7550697227783704,2.220446049250313e-16,2.220446049250313e-16,0.1233495330527224,2.220446049250313e-16,2.220446049250313e-16,2.220446049250313e-16,2.220446049250313e-16
42.0,2.220446049250313e-16,0.5984183247632043,2.220446049250313e-16,0.7550697227783704,2.220446049250313e-16,2.220446049250313e-16,0.1233495330527224,2.220446049250313e-16,2.220446049250313e-16,2.220446049250313e-16,2.220446049250313e-16
43.0,2.220446049250313e-16,2.220446049250313e-16,0.2860102596136586,2.220446049250313e-16,0.7300128461810188,2.220446049250313e-16,0.5192098122990824,2.220446049250313e-16,2.220446049250313e-16,2.220446049250313e-16,2.220446049250313e-16
44.0,2.220446049250313e-16,2.220446049250313e-16,2.220446049250313e-16,0.008642962974208149,2.220446049250313e-16,0.47595716237982955,0.9499489442075266,2.220446049250313e-16,2.220446049250313e-16,2.220446049250313e-16,2.220446049250313e-16
45.0,2.220446049250313e-16,2.220446049250313e-16,2.220446049250313e-16,0.008642962974208149,2.220446049250313e-16,0.47595716237982955,0.9499489442075266,2.220446049250313e-16,2.220446049250313e-16,2.220446049250313e-16,2.220446049250313e-16
46.0,2.220446049250313e-16,2.220446049250313e-16,0.7316588317024816,2.220446049250313e-16,0.7569305046627866,2.220446049250313e-16,2.220446049250313e-16,2.220446049250313e-16,0.1588972070306579,2.220446049250313e-16,2.220446049250313e-16
47.0,2.220446049250313e-16,2.220446049250313e-16,0.7316588317024816,2.220446049250313e-16,0.7569305046627866,2.220446049250313e-16,2.220446049250313e-16,2.220446049250313e-16,0.1588972070306579,2.220446049250313e-16,2.220446049250313e-16
48.0,0.4619183960968628,2.220446049250313e-16,0.004688707883764862,0.0008630872453839755,2.220446049250313e-16,0.4906788120528667,0.1792012882298201,0.4963269156692677,0.24127600281166245,0.6349694960905191,2.220446049250313e-16
49.0,2.220446049250313e-16,0.6978967466666339,2.220446049250313e-16,0.14881063731024646,0.21208105477414244,2.220446049250313e-16,0.17154148797826427,2.220446049250313e-16,0.4731708141807134,2.220446049250313e-16,2.220446049250313e-16
50.0,0.46191839609686286,0.010881511124768806,2.220446049250313e-16,0.7534748695731291,2.220446049250313e-16,2.220446049250313e-16,2.220446049250313e-16,0.4686067147704095,2.220446049250313e-16,2.220446049250313e-16,0.46191839636677334
51.0,0.46191839609686286,0.010881511124768806,2.220446049250313e-16,0.7534748695731291,2.220446049250313e-16,2.220446049250313e-16,2.220446049250313e-16,0.4686067147704095,2.220446049250313e-16,2.220446049250313e-16,0.46191839636677334
52.0,0.46191839609686286,0.010881511124768812,2.220446049250313e-16,0.7534748695731291,2.220446049250313e-16,2.220446049250313e-16,2.220446049250313e-16,0.4686067147704095,2.220446049250313e-16,2.220446049250313e-16,0.46191839636677334
53.0,0.46191839609686275,0.3552777140638516,0.004688707883764909,0.19017119787875178,2.220446049250313e-16,1.9147010366094008e-16,2.220446049250313e-16,2.220446049250313e-16,0.4090108797907383,0.634969496090519,2.220446049250313e-16
54.0,2.220446049250313e-16,0.6925116395682407,1.1102230246251565e-16,0.7210700811259232,2.220446049250313e-16,2.220446049250313e-16,2.220446049250313e-16,2.220446049250313e-16,0.16314680135736281,2.220446049250313e-16,2.220446049250313e-16
55.0,2.220446049250313e-16,0.6975925588041886,2.220446049250313e-16,0.35727919258363555,0.042886915570143846,2.220446049250313e-16,2.220446049250313e-16,2.220446049250313e-16,0.34117151954344127,0.3272597955919811,2.220446049250313e-16
56.0,2.220446049250313e-16,0.5984183247632043,2.220446049250313e-16,0.7550697227783704,2.220446049250313e-16,2.220446049250313e-16,0.1233495330527224,2.220446049250313e-16,2.220446049250313e-16,2.220446049250313e-16,2.220446049250313e-16
57.0,2.220446049250313e-16,0.5984183247632043,2.220446049250313e-16,0.7550697227783704,2.220446049250313e-16,2.220446049250313e-16,0.1233495330527224,2.220446049250313e-16,2.220446049250313e-16,2.220446049250313e-16,2.220446049250313e-16
58.0,2.220446049250313e-16,2.220446049250313e-16,0.2860102596136586,2.220446049250313e-16,0.7300128461810188,2.220446049250313e-16,0.5192098122990824,2.220446049250313e-16,2.220446049250313e-16,2.220446049250313e-16,2.220446049250313e-16
59.0,2.220446049250313e-16,2.220446049250313e-16,2.220446049250313e-16,0.008642962974208149,2.220446049250313e-16,0.47595716237982955,0.9499489442075266,2.220446049250313e-16,2.220446049250313e-16,2.220446049250313e-16,2.220446049250313e-16
60.0,2.220446049250313e-16,2.220446049250313e-16,2.220446049250313e-16,0.008642962974208149,2.220446049250313e-16,0.47595716237982955,0.9499489442075266,2.220446049250313e-16,2.220446049250313e-16,2.220446049250313e-16,2.220446049250313e-16
61.0,2.220446049250313e-16,2.220446049250313e-16,0.7316588317024816,2.220446049250313e-16,0.7569305046627866,2.220446049250313e-16,2.220446049250313e-16,2.220446049250313e-16,0.1588972070306579,2.220446049250313e-16,2.220446049250313e-16
62.0,2.220446049250313e-16,2.220446049250313e-16,0.7316588317024816,2.220446049250313e-16,0.7569305046627866,2.220446049250313e-16,2.220446049250313e-16,2.220446049250313e-16,0.1588972070306579,2.220446049250313e-16,2.220446049250313e-16
