id,x_0,x_1,x_2,x_3,x_4,x_5,x_6,x_7,x_8,x_9,x_10
0.0,0.46191839614174185,0.01627259283557035,0.7659366212063796,1.1102230246251565e-16,2.220446049250313e-16,2.220446049250313e-16,2.220446049250313e-16,2.220446049250313e-16,0.6700018673307527,0.02635558372898797,0.4619183961330135
1.0,0.46191839614174185,0.5316379082575715,2.220446049250313e-16,2.220446049250313e-16,2.220446049250313e-16,2.220446049250313e-16,2.220446049250313e-16,0.6032751877228818,2.220446049250313e-16,2.220446049250313e-16,0.46191839613301355
2.0,2.220446049250313e-16,0.016269355385662355,0.7659863327292777,1.1102230246251565e-16,2.220446049250313e-16,2.220446049250313e-16,2.220446049250313e-16,2.220446049250313e-16,0.6336071285237467,0.32794183522511366,0.4619183961330135
3.0,2.220446049250313e-16,0.6993102116775342,2.220446049250313e-16,0.06972951282629103,2.220446049250313e-16,2.220446049250313e-16,2.220446049250313e-16,0.7053034861226846,2.220446049250313e-16,2.220446049250313e-16,2.220446049250313e-16
4.0,2.220446049250313e-16,2.220446049250313e-16,2.220446049250313e-16,0.8924954718851332,2.220446049250313e-16,2.220446049250313e-16,0.30662153981263535,2.220446049250313e-16,2.220446049250313e-16,2.220446049250313e-16,0.4619183961330135
5.0,2.220446049250313e-16,0.8972912464832161,0.17798337372471934,2.220446049250313e-16,2.220446049250313e-16,8.326672684688674e-17,2.220446049250313e-16,0.28262285657449665,2.220446049250313e-16,2.220446049250313e-16,2.220446049250313e-16
6.0,0.46191839614174185,0.01627259283557035,0.7659366212063796,1.1102230246251565e-16,2.220446049250313e-16,2.220446049250313e-16,2.220446049250313e-16,2.220446049250313e-16,0.6700018673307527,0.02635558372898797,0.4619183961330135
7.0,0.46191839614174185,0.5316379082575715,2.220446049250313e-16,2.220446049250313e-16,2.220446049250313e-16,2.220446049250313e-16,2.220446049250313e-16,0.6032751877228818,2.220446049250313e-16,2.220446049250313e-16,0.46191839613301355
8.0,2.220446049250313e-16,0.016269355385662355,0.7659863327292777,1.1102230246251565e-16,2.220446049250313e-16,2.220446049250313e-16,2.220446049250313e-16,2.220446049250313e-16,0.6336071285237467,0.32794183522511366,0.4619183961330135
9.0,2.220446049250313e-16,0.6993102116775342,2.220446049250313e-16,0.06972951282629103,2.220446049250313e-16,2.220446049250313e-16,2.220446049250313e-16,0.7053034861226846,2.220446049250313e-16,2.220446049250313e-16,2.220446049250313e-16
10.0,2.220446049250313e-16,2.220446049250313e-16,2.220446049250313e-16,0.8924954718851332,2.220446049250313e-16,2.220446049250313e-16,0.30662153981263535,2.220446049250313e-16,2.220446049250313e-16,2.220446049250313e-16,0.4619183961330135
11.0,2.220446049250313e-16,0.8972912464832161,0.17798337372471934,2.220446049250313e-16,2.220446049250313e-16,8.326672684688674e-17,2.220446049250313e-16,0.28262285657449665,2.220446049250313e-16,2.220446049250313e-16,2.220446049250313e-16
12.0,0.46191839614174185,0.01627259283557033,0.7659366212063796,1.1102230246251565e-16,2.220446049250313e-16,2.220446049250313e-16,2.220446049250313e-16,2.220446049250313e-16,0.6700018673307527,0.026355583728987983,0.4619183961330135
13.0,0.46191839614174185,0.5316379082575715,2.220446049250313e-16,2.220446049250313e-16,2.220446049250313e-16,2.220446049250313e-16,2.220446049250313e-16,0.6032751877228818,2.220446049250313e-16,2.220446049250313e-16,0.46191839613301355
14.0,2.220446049250313e-16,0.016269355385662355,0.7659863327292777,1.1102230246251565e-16,2.220446049250313e-16,2.220446049250313e-16,2.220446049250313e-16,2.220446049250313e-16,0.6336071285237467,0.32794183522511366,0.4619183961330135
15.0,2.220446049250313e-16,0.6993102116775342,2.220446049250313e-16,0.06972951282629103,2.220446049250313e-16,2.220446049250313e-16,2.220446049250313e-16,0.7053034861226846,2.220446049250313e-16,2.220446049250313e-16,2.220446049250313e-16
16.0,2.220446049250313e-16,2.220446049250313e-16,2.220446049250313e-16,0.8924954718851332,2.220446049250313e-16,2.220446049250313e-16,0.30662153981263535,2.220446049250313e-16,2.220446049250313e-16,2.220446049250313e-16,0.4619183961330135
17.0,2.220446049250313e-16,0.8972912464832161,0.17798337372471934,2.220446049250313e-16,2.220446049250313e-16,8.326672684688674e-17,2.220446049250313e-16,0.28262285657449665,2.220446049250313e-16,2.220446049250313e-16,2.220446049250313e-16
18.0,0.4619183961417418,2.220446049250313e-16,0.22692463127738086,0.255523400625387,0.006247933615938799,0.4965665135447073,2.220446049250313e-16,0.7080928617477711,0.0016898907824171583,2.220446049250313e-16,2.220446049250313e-16
19.0,2.220446049250313e-16,0.03403047357034478,0.4911857073900051,0.18217233825465357,0.14977191971739448,2.220446049250313e-16,2.220446049250313e-16,2.220446049250313e-16,0.274195096424553,0.7062828428007735,2.220446049250313e-16
20.0,0.4619183961417418,2.220446049250313e-16,2.220446049250313e-16,2.220446049250313e-16,0.7564743668547604,0.4657797581673071,2.220446049250313e-16,2.220446049250313e-16,2.220446049250313e-16,0.011962842394932262,0.46191839613301355
21.0,0.4619183961417418,2.220446049250313e-16,2.220446049250313e-16,2.220446049250313e-16,0.7564743668547604,0.4657797581673071,2.220446049250313e-16,2.220446049250313e-16,2.220446049250313e-16,0.011962842394932262,0.46191839613301355
22.0,0.4619183961417418,2.220446049250313e-16,2.220446049250313e-16,2.220446049250313e-16,0.7564743668547604,0.4657797581673071,2.220446049250313e-16,2.220446049250313e-16,2.220446049250313e-16,0.011962842394932262,0.46191839613301355
23.0,0.4619183961417418,0.0036579484841412794,2.220446049250313e-16,2.220446049250313e-16,0.1919517127011946,2.220446049250313e-16,2.220446049250313e-16,0.6130096883788695,0.6344351440438023,0.3148352517015137,2.220446049250313e-16
24.0,2.220446049250313e-16,2.220446049250313e-16,2.220446049250313e-16,2.220446049250313e-16,0.7219429339977771,2.220446049250313e-16,2.220446049250313e-16,2.220446049250313e-16,0.2772957921838536,0.6703886377218625,2.220446049250313e-16
25.0,2.220446049250313e-16,2.220446049250313e-16,0.27313375580181276,2.220446049250313e-16,0.35555618261801414,2.220446049250313e-16,5.551115123125783e-16,0.31391068765428515,0.274034289600454,0.6934843103526642,2.220446049250313e-16
26.0,2.220446049250313e-16,2.220446049250313e-16,2.220446049250313e-16,0.0482090999069114,0.7245047467940289,2.220446049250313e-16,0.4837742911395811,2.220446049250313e-16,2.220446049250313e-16,0.6097102806135896,2.220446049250313e-16
27.0,2.220446049250313e-16,2.220446049250313e-16,2.220446049250313e-16,0.0482090999069114,0.7245047467940289,2.220446049250313e-16,0.4837742911395811,2.220446049250313e-16,2.220446049250313e-16,0.6097102806135896,2.220446049250313e-16
28.0,2.220446049250313e-16,0.5515262341132526,0.21268860909495482,0.5409883044157192,2.220446049250313e-16,2.220446049250313e-16,2.220446049250313e-16,2.220446049250313e-16,2.220446049250313e-16,2.220446049250313e-16,2.220446049250313e-16
29.0,2.220446049250313e-16,2.220446049250313e-16,2.220446049250313e-16,0.9884049869766055,2.220446049250313e-16,2.220446049250313e-16,0.286497284535273,0.05515960741072296,2.220446049250313e-16,2.220446049250313e-16,2.220446049250313e-16
30.0,2.220446049250313e-16,2.220446049250313e-16,2.220446049250313e-16,0.9884049869766055,2.220446049250313e-16,2.220446049250313e-16,0.286497284535273,0.05515960741072296,2.220446049250313e-16,2.220446049250313e-16,2.220446049250313e-16
31.0,2.220446049250313e-16,0.8718937234131872,0.4540381940976202,2.220446049250313e-16,2.220446049250313e-16,2.220446049250313e-16,2.220446049250313e-16,2.220446049250313e-16,2.220446049250313e-16,2.220446049250313e-16,2.220446049250313e-16
32.0,2.220446049250313e-16,0.8718937234131872,0.4540381940976202,2.220446049250313e-16,2.220446049250313e-16,2.220446049250313e-16,2.220446049250313e-16,2.220446049250313e-16,2.220446049250313e-16,2.220446049250313e-16,2.220446049250313e-16
33.0,0.4619183961417418,2.220446049250313e-16,0.22692463127738086,0.255523400625387,0.006247933615938799,0.4965665135447073,2.220446049250313e-16,0.7080928617477711,0.0016898907824171583,2.220446049250313e-16,2.220446049250313e-16
34.0,2.220446049250313e-16,0.03403047357034478,0.4911857073900051,0.18217233825465357,0.14977191971739448,2.220446049250313e-16,2.220446049250313e-16,2.220446049250313e-16,0.274195096424553,0.7062828428007735,2.220446049250313e-16
35.0,0.4619183961417418,2.220446049250313e-16,2.220446049250313e-16,2.220446049250313e-16,0.7564743668547604,0.4657797581673071,2.220446049250313e-16,2.220446049250313e-16,2.220446049250313e-16,0.011962842394932262,0.46191839613301355
36.0,0.4619183961417418,2.220446049250313e-16,2.220446049250313e-16,2.220446049250313e-16,0.7564743668547604,0.4657797581673071,2.220446049250313e-16,2.220446049250313e-16,2.220446049250313e-16,0.011962842394932262,0.46191839613301355
37.0,0.4619183961417418,2.220446049250313e-16,2.220446049250313e-16,2.220446049250313e-16,0.7564743668547604,0.4657797581673071,2.220446049250313e-16,2.220446049250313e-16,2.220446049250313e-16,0.011962842394932262,0.46191839613301355
38.0,0.4619183961417418,0.0036579484841412794,2.220446049250313e-16,2.220446049250313e-16,0.1919517127011946,2.220446049250313e-16,2.220446049250313e-16,0.6130096883788695,0.6344351440438023,0.3148352517015137,2.220446049250313e-16
39.0,2.220446049250313e-16,2.220446049250313e-16,2.220446049250313e-16,2.220446049250313e-16,0.7219429339977771,2.220446049250313e-16,2.220446049250313e-16,2.220446049250313e-16,0.2772957921838536,0.6703886377218625,2.220446049250313e-16
40.0,2.220446049250313e-16,2.220446049250313e-16,0.27313375580181276,2.220446049250313e-16,0.35555618261801414,2.220446049250313e-16,5.551115123125783e-16,0.31391068765428515,0.274034289600454,0.6934843103526642,2.220446049250313e-16
41.0,2.220446049250313e-16,2.220446049250313e-16,2.220446049250313e-16,0.0482090999069114,0.7245047467940289,2.220446049250313e-16,0.4837742911395811,2.220446049250313e-16,2.220446049250313e-16,0.6097102806135896,2.220446049250313e-16
42.0,2.220446049250313e-16,2.220446049250313e-16,2.220446049250313e-16,0.0482090999069114,0.7245047467940289,2.220446049250313e-16,0.4837742911395811,2.220446049250313e-16,2.220446049250313e-16,0.6097102806135896,2.220446049250313e-16
43.0,2.220446049250313e-16,0.5515262341132526,0.21268860909495482,0.5409883044157192,2.220446049250313e-16,2.220446049250313e-16,2.220446049250313e-16,2.220446049250313e-16,2.220446049250313e-16,2.220446049250313e-16,2.220446049250313e-16
44.0,2.220446049250313e-16,2.220446049250313e-16,2.220446049250313e-16,0.9884049869766055,2.220446049250313e-16,2.220446049250313e-16,0.286497284535273,0.05515960741072296,2.220446049250313e-16,2.220446049250313e-16,2.220446049250313e-16
45.0,2.220446049250313e-16,2.220446049250313e-16,2.220446049250313e-16,0.9884049869766055,2.220446049250313e-16,2.220446049250313e-16,0.286497284535273,0.05515960741072296,2.220446049250313e-16,2.220446049250313e-16,2.220446049250313e-16
46.0,2.220446049250313e-16,0.8718937234131872,0.4540381940976202,2.220446049250313e-16,2.220446049250313e-16,2.220446049250313e-16,2.220446049250313e-16,2.220446049250313e-16,2.220446049250313e-16,2.220446049250313e-16,2.220446049250313e-16
47.0,2.220446049250313e-16,0.8718937234131872,0.4540381940976202,2.220446049250313e-16,2.220446049250313e-16,2.220446049250313e-16,2.220446049250313e-16,2.220446049250313e-16,2.220446049250313e-16,2.220446049250313e-16,2.220446049250313e-16
48.0,0.4619183961417418,2.220446049250313e-16,0.22692463127738086,0.255523400625387,0.006247933615938799,0.4965665135447073,2.220446049250313e-16,0.7080928617477711,0.0016898907824171583,2.220446049250313e-16,2.220446049250313e-16
49.0,2.220446049250313e-16,0.03403047357034478,0.4911857073900051,0.18217233825465357,0.14977191971739448,2.220446049250313e-16,2.220446049250313e-16,2.220446049250313e-16,0.274195096424553,0.7062828428007735,2.220446049250313e-16
50.0,0.4619183961417418,2.220446049250313e-16,2.220446049250313e-16,2.220446049250313e-16,0.7564743668547604,0.4657797581673071,2.220446049250313e-16,2.220446049250313e-16,2.220446049250313e-16,0.011962842394932262,0.46191839613301355
51.0,0.4619183961417418,2.220446049250313e-16,2.220446049250313e-16,2.220446049250313e-16,0.7564743668547604,0.4657797581673071,2.220446049250313e-16,2.220446049250313e-16,2.220446049250313e-16,0.011962842394932262,0.46191839613301355
52.0,0.4619183961417418,2.220446049250313e-16,2.220446049250313e-16,2.220446049250313e-16,0.7564743668547603,0.4657797581673071,2.220446049250313e-16,2.220446049250313e-16,2.220446049250313e-16,0.011962842394932262,0.46191839613301355
53.0,0.4619183961417418,0.0036579484841412794,2.220446049250313e-16,2.220446049250313e-16,0.1919517127011946,2.220446049250313e-16,2.220446049250313e-16,0.6130096883788695,0.6344351440438023,0.3148352517015137,2.220446049250313e-16
54.0,2.220446049250313e-16,2.220446049250313e-16,2.220446049250313e-16,2.220446049250313e-16,0.7219429339977771,2.220446049250313e-16,2.220446049250313e-16,2.220446049250313e-16,0.2772957921838536,0.6703886377218625,2.220446049250313e-16
55.0,2.220446049250313e-16,2.220446049250313e-16,0.27313375580181276,2.220446049250313e-16,0.35555618261801414,2.220446049250313e-16,5.551115123125783e-16,0.31391068765428515,0.274034289600454,0.6934843103526642,2.220446049250313e-16
56.0,2.220446049250313e-16,2.220446049250313e-16,2.220446049250313e-16,0.0482090999069114,0.7245047467940289,2.220446049250313e-16,0.4837742911395811,2.220446049250313e-16,2.220446049250313e-16,0.6097102806135896,2.220446049250313e-16
57.0,2.220446049250313e-16,2.220446049250313e-16,2.220446049250313e-16,0.0482090999069114,0.7245047467940289,2.220446049250313e-16,0.4837742911395811,2.220446049250313e-16,2.220446049250313e-16,0.6097102806135896,2.220446049250313e-16
58.0,2.220446049250313e-16,0.5515262341132526,0.21268860909495482,0.5409883044157192,2.220446049250313e-16,2.220446049250313e-16,2.220446049250313e-16,2.220446049250313e-16,2.220446049250313e-16,2.220446049250313e-16,2.220446049250313e-16
59.0,2.220446049250313e-16,2.220446049250313e-16,2.220446049250313e-16,0.9884049869766055,2.220446049250313e-16,2.220446049250313e-16,0.286497284535273,0.05515960741072296,2.220446049250313e-16,2.220446049250313e-16,2.220446049250313e-16
60.0,2.220446049250313e-16,2.220446049250313e-16,2.220446049250313e-16,0.9884049869766055,2.220446049250313e-16,2.220446049250313e-16,0.286497284535273,0.05515960741072296,2.220446049250313e-16,2.220446049250313e-16,2.220446049250313e-16
61.0,2.220446049250313e-16,0.8718937234131872,0.4540381940976202,2.220446049250313e-16,2.220446049250313e-16,2.220446049250313e-16,2.220446049250313e-16,2.220446049250313e-16,2.220446049250313e-16,2.220446049250313e-16,2.220446049250313e-16
62.0,2.220446049250313e-16,0.8718937234131872,0.4540381940976202,2.220446049250313e-16,2.220446049250313e-16,2.220446049250313e-16,2.220446049250313e-16,2.220446049250313e-16,2.220446049250313e-16,2.220446049250313e-16,2.220446049250313e-16
