21 0.38624922781589016 0.3140628126728272 0.39801106635130673 0.314062812990216 0.4203848117750161 0.33071821115028205 0.35266517799832897 0.1942025990019586 0.219781315959651 0.42031653759445947 0.27864309047426333 0.06881964403934376 0.30551998798409946 0.32513385089739066 0.2955509670949914 0.06361278147455016 0.06739144140475473 0.3570328810460091 0.3981442429035231 0.3982589869802904
38 0.1592848497011029 0.2711702318010082 0.15742630966311524 0.2711702318457973 0.17931789706860052 0.37949233824071904 0.1605164953947265 0.8907231767821993 0.3101004940885643 0.21512147266699033 0.20119042623055047 0.24448729607447364 0.30158073947626535 0.34143340559899144 0.23494225412794792 0.3804607693285084 0.302088753951862 0.11722090445524415 0.1862158898348895 0.13271835782923444
14 0.2776403648139894 0.32067597356123057 0.4173758344260049 0.3206759741971833 0.43128803053804765 0.5330941058066626 0.306723724073649 0.25742572633390104 0.14529773076199592 0.5508447164978596 0.18439114329954512 0.01947680550714178 0.22069240038500926 0.39270061295227077 0.22660587816217437 0.08489654181744435 0.04598392683162503 0.29621668868714934 0.26760806952995086 0.361428677685451
42 0.30556007464071344 0.3798609512974563 0.2540980509065512 0.3798609511774619 0.2512243096033152 0.2666265088231077 0.26473453433531713 0.30158073955013676 0.35144513080175077 0.2620270244247903 0.36182663800582965 0.2697427347730305 0.45109387133467144 0.39325618882870017 0.3878088986445137 0.25722906176837834 0.27751157453228575 0.20279088629185682 0.3429623985001355 0.22788089670285766
2 0.38170132045403316 0.32964996747842656 0.44881073398632904 0.3296499676750051 0.3876957184761808 0.29924550717743453 0.36727534110964316 0.18155173068373856 0.18726853213785113 0.45663620019795154 0.2819755841778632 0.047118763508899056 0.26669424691990273 0.3324488222001348 0.29334273744736433 0.0661469340435932 0.05295723245720835 0.37572521837028844 0.3580169888647317 0.39785267591412454
35 0.3763143053994905 0.23129156599468004 0.3713907382755993 0.23129156651624938 0.45380150012563525 0.2752797293740853 0.4461054061615989 0.19156303154188412 0.27424507910079376 0.39098486662921417 0.22304603183439584 0.001719597537936922 0.2397311402486578 0.2155202698359316 0.23598270420462908 -0.01395336275514648 0.002623001496686228 0.5082070676969319 0.38458081178281023 0.5018490840026202
17 0.23678434953585548 0.3007351156800733 0.18540854450728148 0.30073511551970855 0.18832112794250153 0.2207080005375001 0.35705920084165343 0.3101004940929476 0.7123820996597253 0.17788798945940515 0.3301181544131042 0.31251307503047177 0.35144513081775525 0.28639616870445606 0.3286752479721231 0.2523229561956048 0.2968327148238517 0.28732633272459224 0.26183432160737735 0.2421039497835392
66 0.26813580219618366 0.1609824447423632 0.3851624417897048 0.16098244480805687 0.6719462224687267 0.6513935538713899 0.2794437952564906 0.18032959252795877 0.09444650745664915 0.5194144407507915 0.13097106296605468 -0.04277121336038053 0.1402531312513967 0.1362370380939818 0.15185531507294886 -0.02886835537064838 -0.0004898277726785516 0.3427809246308003 0.2463731335922204 0.4510782548908127
0 0.4276506136679251 0.29024686778736447 0.3607103583547711 0.29024686832102675 0.4148572817768233 0.2914807306803615 0.35674849349366605 0.18621588982376786 0.2618343215439658 0.3331749449572897 0.31933456199981236 0.10255821900313314 0.3429623984350524 0.2767112124092025 0.31854644120046244 0.05493085349830988 0.08346939140602838 0.3705519315433739 0.45371016557446375 0.3982929139678561
22 0.354265584579143 0.21329166491264512 0.3425634187381837 0.21329166498985344 0.6103482310969474 0.5014249306533411 0.3021469382448529 0.17931789711173302 0.18832112797888545 0.4247864065359254 0.1870799969377291 0.015195544746627017 0.2512243096101633 0.23057331380204973 0.20784040988459884 -0.0017397961201606681 0.014613207787202298 0.35560595411733015 0.41485728217327367 0.45756713501713103
30 0.32893819820122877 0.30905144388283684 0.33900887733414103 0.30905144480225166 0.42260670214255075 0.384831229565942 0.3452160381466171 0.4217815605305432 0.23246608824855577 0.45289906997284435 0.23818962624357495 0.05339840012136031 0.3274251587558581 0.3250837249574771 0.29044968669603877 0.05770141118822371 0.08910395559550012 0.286926602574207 0.34509530786915427 0.36327679292221304
54 0.05184324895346268 0.26424358514442053 0.06091423012549321 0.26424358540686976 -0.0017397961269081115 0.09250591624134591 0.055911436656714227 0.3804607692775679 0.2523229561809109 0.07407195904386353 0.1977966840086939 0.5106343809313716 0.25722906172758014 0.31279865026784526 0.22440869853827025 0.8384319240955005 0.6388282979474256 -0.003933993424819663 0.054930853484673484 -0.004403796064197351
8 0.3349882152648236 0.32805373523015857 0.4242082497723817 0.3280537357691126 0.42478640671382306 0.40342008623759507 0.337015832328975 0.21512147266710938 0.1778879894887036 0.49816015919603107 0.23211510718394038 0.03874768951982428 0.2620270244573431 0.3669842740927095 0.2642112370542253 0.07407195911207824 0.05242690714913316 0.33450030192505614 0.3331749453358809 0.3874050295782555
9 0.2979015329193465 0.42957144335669145 0.3279476164301371 0.42957144336580005 0.21329166536857752 0.21626970251431352 0.30138062288180645 0.27117023180968847 0.3007351157600901 0.32805373574703506 0.39458727292921236 0.19065847058747773 0.3798609515533106 0.41736887326165195 0.40476486591975397 0.2642435853308995 0.22341112952091485 0.22178919749973072 0.29024686838232533 0.22892149006147855
34 0.1592848497011029 0.2711702318010082 0.15742630966311524 0.2711702318457973 0.17931789706860052 0.37949233824071904 0.1605164953947265 0.8907231767821993 0.3101004940885643 0.21512147266699033 0.20119042623055047 0.24448729607447364 0.30158073947626535 0.34143340559899144 0.23494225412794792 0.3804607693285084 0.302088753951862 0.11722090445524415 0.1862158898348895 0.13271835782923444
3 0.4452907494444791 0.31673022247141747 0.47596544791300327 0.31673022279071056 0.31737522002069496 0.18165560113566728 0.40440729797869035 0.14602655977156295 0.19732167079925764 0.38030435110683375 0.35923576265567364 0.06236722953890354 0.258479036162937 0.26450072952543097 0.3303436156117473 0.05553141413091022 0.05568249569644628 0.4319454263301873 0.3777705354916942 0.39757296346333043
10 0.3349882152648236 0.32805373523015857 0.4242082497723817 0.3280537357691126 0.42478640671382306 0.40342008623759507 0.337015832328975 0.21512147266710938 0.1778879894887036 0.49816015919603107 0.23211510718394038 0.03874768951982428 0.2620270244573431 0.3669842740927095 0.2642112370542253 0.07407195911207824 0.05242690714913316 0.33450030192505614 0.3331749453358809 0.3874050295782555
55 0.25372618537323366 0.4173688729153131 0.2983112027752286 0.417368872759535 0.23057331379116872 0.33208283066233774 0.2560266263090387 0.3414334055391984 0.28639616880690355 0.36698427400754735 0.29585082092119525 0.16570097978366088 0.39325618887094743 0.4939847968846288 0.3454192742327648 0.3127986503052125 0.21789149680547534 0.1845236580373477 0.2767112124731907 0.21693784210808845
19 0.44915529406940574 0.17994635205293147 0.5061077960358266 0.1799463524963592 0.4190447545197931 0.19721509902800577 0.4213168659356393 0.08942909101788518 0.12667094367041518 0.41493500600425137 0.20995589657082683 -0.04679196239381345 0.14710207852678134 0.16012636894033372 0.19197754964573865 -0.02781572066505101 -0.014358054256118934 0.5879236280530057 0.3587234991343129 0.5323685356141313
44 0.07351709870218116 0.22341112942264146 0.050433373325445646 0.2234111295304821 0.014613207818937539 0.08584920184925256 0.06108566308276569 0.30208875403452534 0.2968327148823782 0.05242690730652175 0.2409761275962405 0.7208236729129447 0.27751157458181913 0.21789149676645475 0.24600633540938074 0.6388282980350127 0.7218345013269978 0.0002135144099309979 0.08346939136088838 0.004137106648449373
46 0.2979015329193465 0.42957144335669145 0.3279476164301371 0.42957144336580005 0.21329166536857752 0.21626970251431352 0.30138062288180645 0.27117023180968847 0.3007351157600901 0.32805373574703506 0.39458727292921236 0.19065847058747773 0.3798609515533106 0.41736887326165195 0.40476486591975397 0.2642435853308995 0.22341112952091485 0.22178919749973072 0.29024686838232533 0.22892149006147855
57 0.3560403260635089 0.22403346214300351 0.3842948954679989 0.2240334622031327 0.5837065758587572 0.4720942916370138 0.3190766543832748 0.16826976359595244 0.16114864750231908 0.4642334211998294 0.18597664148744905 0.0036281769217435113 0.2274582893405456 0.24101361954247544 0.20712250087337752 -0.0020711929230730303 0.01231226202999482 0.37373883769340643 0.3852822882241457 0.46300548816425935
6 0.3962475169531569 0.23914965465552165 0.44816161515973735 0.2391496546231375 0.4251056852864199 0.25697442454416963 0.4322148476415105 0.12429490219502992 0.20979919075248038 0.42388166428024326 0.22885264277327097 -0.0075826659477435335 0.1981240460194639 0.22496806769279207 0.22812284894161605 -0.003870879611439403 0.00023278179937193298 0.5183447462743737 0.35911780736317633 0.5128900954878562
16 0.26422605215862827 0.24077453052424733 0.33279583590040257 0.24077452929698123 0.4761806459893845 0.3888195162926829 0.44435620419340827 0.16969647868447 0.3388559824203388 0.40294401697593046 0.15756799109566405 0.00473020159889259 0.21153725358994882 0.24513598125672775 0.1889390921746885 -0.003836368854715962 -0.01116881103653182 0.49365313080704637 0.3095946744184044 0.5630738331291067
40 0.335362706603359 0.4047648653169307 0.31338734005496294 0.404764865964589 0.20784040981124416 0.1696115235685396 0.3167409229157803 0.234942253807736 0.3286752477897896 0.2642112368147644 0.45752067202853636 0.24913538864282328 0.3878088982621699 0.34541927405152545 0.4359423245691116 0.22440869833903665 0.24600633516881096 0.24217697444071493 0.3185464410465981 0.2327621622879519
63 0.35887184489259333 0.3945872730326626 0.32462720020604285 0.3945872731503139 0.18707999704182016 0.13072210336877887 0.33592332684263393 0.20119042646596916 0.33011815460310856 0.2321151072658707 0.5124448182740856 0.27135852383230397 0.3618266383178753 0.29585082111916533 0.4575206724571204 0.19779668423669045 0.24097612770854063 0.2631777543165351 0.31933456232964047 0.23179434719432535
43 0.30556007464071344 0.3798609512974563 0.2540980509065512 0.3798609511774619 0.2512243096033152 0.2666265088231077 0.26473453433531713 0.30158073955013676 0.35144513080175077 0.2620270244247903 0.36182663800582965 0.2697427347730305 0.45109387133467144 0.39325618882870017 0.3878088986445137 0.25722906176837834 0.27751157453228575 0.20279088629185682 0.3429623985001355 0.22788089670285766
59 0.07351709870218116 0.22341112942264146 0.050433373325445646 0.2234111295304821 0.014613207818937539 0.08584920184925256 0.06108566308276569 0.30208875403452534 0.2968327148823782 0.05242690730652175 0.2409761275962405 0.7208236729129447 0.27751157458181913 0.21789149676645475 0.24600633540938074 0.6388282980350127 0.7218345013269978 0.0002135144099309979 0.08346939136088838 0.004137106648449373
65 0.37819048180251014 0.3725494223764896 0.31548294620832606 0.37254942254231 0.17770017260514084 0.1177198381878743 0.341129872644752 0.1836193334897373 0.34122830042171226 0.1914195136340593 0.5466654447295107 0.3072402264006055 0.35464908507656007 0.25201269616890454 0.46793323711143403 0.17627091646374107 0.2477689519449626 0.2748042674722161 0.33038344015486426 0.2294300251994563
24 0.07351709870218116 0.22341112942264146 0.050433373325445646 0.2234111295304821 0.014613207818937539 0.08584920184925256 0.06108566308276569 0.30208875403452534 0.2968327148823782 0.05242690730652175 0.2409761275962405 0.7208236729129447 0.27751157458181913 0.21789149676645475 0.24600633540938074 0.6388282980350127 0.7218345013269978 0.0002135144099309979 0.08346939136088838 0.004137106648449373
67 0.3408544133328655 0.3296674135931531 0.21503220495111228 0.3296674131892236 0.25715782554891187 0.24458488429947173 0.25975092327510363 0.27746441389436893 0.3963845755801553 0.16017526951750327 0.40593974789559206 0.365434927156791 0.4740814387369107 0.3005967564866015 0.40154422348705376 0.21479376487577953 0.31340250747840626 0.21645104152384884 0.38789895652478557 0.2251202165244394
26 0.1919945413323628 0.2163267886798823 0.20145989401066772 0.21632678933049057 0.4109863096558349 0.7315845193784143 0.22977406065150027 0.7032551425942795 0.2391355001653902 0.39190661088558976 0.15169061911674286 0.07504380663723917 0.28074697442999974 0.26512604593531697 0.20554288573769622 0.07125818724878025 0.11138632363621283 0.15448052463339362 0.21307055561084398 0.236115037756385
32 0.1919945413323628 0.2163267886798823 0.20145989401066772 0.21632678933049057 0.4109863096558349 0.7315845193784143 0.22977406065150027 0.7032551425942795 0.2391355001653902 0.39190661088558976 0.15169061911674286 0.07504380663723917 0.28074697442999974 0.26512604593531697 0.20554288573769622 0.07125818724878025 0.11138632363621283 0.15448052463339362 0.21307055561084398 0.236115037756385
52 0.21408178924020466 0.21626970208232868 0.22248057846810929 0.2162697023671874 0.5014249305730064 0.8458029360267917 0.18789707347485857 0.37949233822923956 0.220708000512345 0.40342008616724784 0.1307221031101442 0.09522152459717224 0.26662650875903093 0.3320828306860625 0.16961152380514807 0.0925059162509278 0.08584920180283563 0.18723578624050224 0.2914807306792101 0.285130229210651
31 0.1919945413323628 0.2163267886798823 0.20145989401066772 0.21632678933049057 0.4109863096558349 0.7315845193784143 0.22977406065150027 0.7032551425942795 0.2391355001653902 0.39190661088558976 0.15169061911674286 0.07504380663723917 0.28074697442999974 0.26512604593531697 0.20554288573769622 0.07125818724878025 0.11138632363621283 0.15448052463339362 0.21307055561084398 0.236115037756385
68 0.08857719156852337 0.19065847051760193 0.05024228041948901 0.19065847077690581 0.015195544659141058 0.09522152463650978 0.07340199108775541 0.24448729602398234 0.3125130750351517 0.03874768963531426 0.2713585237531315 0.8464740269238848 0.26974273486341116 0.16570097969812161 0.24913538865564275 0.5106343809860983 0.7208236728299507 0.0008386228427869763 0.10255821925952659 0.0030812657130160443
64 0.30556007464071344 0.3798609512974563 0.2540980509065512 0.3798609511774619 0.2512243096033152 0.2666265088231077 0.26473453433531713 0.30158073955013676 0.35144513080175077 0.2620270244247903 0.36182663800582965 0.2697427347730305 0.45109387133467144 0.39325618882870017 0.3878088986445137 0.25722906176837834 0.27751157453228575 0.20279088629185682 0.3429623985001355 0.22788089670285766
45 0.4541873090525168 0.2979015322498804 0.41578964667258206 0.29790153286637366 0.35426558435268823 0.21408178924655522 0.38953074638753904 0.15928484987798036 0.23678434966810769 0.33498821539425405 0.3588718445124638 0.08857719136128292 0.30556007468354895 0.253726185456282 0.33536270738310625 0.051843248931577345 0.07351709868329714 0.4118906384487997 0.42765061443754476 0.39892212596003995
28 0.220785503196177 0.25174500921496573 0.11309147738366508 0.25174500870534255 0.2570584840782923 0.3467522566756148 0.15316666977101742 0.7174651096437885 0.4018349500863213 0.11160317033947856 0.22666629117521364 0.37324910216535856 0.4406499224337713 0.28133227851899795 0.2720752485022724 0.31492822567402184 0.3656853627575285 0.1317895171758016 0.3140325842136561 0.1622523430853401
48 0.36359084578038964 0.36867492401976676 0.2865341695657302 0.36867492385675893 0.20633504931097296 0.15557015957411702 0.3175472435332895 0.216016730653899 0.3565901889938971 0.1971732346814323 0.49704239941782585 0.3129153995878147 0.3984301705423051 0.2821649466668973 0.4495496876937713 0.19340840931653686 0.2691180003677944 0.253877491688736 0.34684955539900186 0.23137077006145526
49 0.2979015329193465 0.42957144335669145 0.3279476164301371 0.42957144336580005 0.21329166536857752 0.21626970251431352 0.30138062288180645 0.27117023180968847 0.3007351157600901 0.32805373574703506 0.39458727292921236 0.19065847058747773 0.3798609515533106 0.41736887326165195 0.40476486591975397 0.2642435853308995 0.22341112952091485 0.22178919749973072 0.29024686838232533 0.22892149006147855
15 0.335362706603359 0.4047648653169307 0.31338734005496294 0.404764865964589 0.20784040981124416 0.1696115235685396 0.3167409229157803 0.234942253807736 0.3286752477897896 0.2642112368147644 0.45752067202853636 0.24913538864282328 0.3878088982621699 0.34541927405152545 0.4359423245691116 0.22440869833903665 0.24600633516881096 0.24217697444071493 0.3185464410465981 0.2327621622879519
56 0.30556007464071344 0.3798609512974563 0.2540980509065512 0.3798609511774619 0.2512243096033152 0.2666265088231077 0.26473453433531713 0.30158073955013676 0.35144513080175077 0.2620270244247903 0.36182663800582965 0.2697427347730305 0.45109387133467144 0.39325618882870017 0.3878088986445137 0.25722906176837834 0.27751157453228575 0.20279088629185682 0.3429623985001355 0.22788089670285766
69 0.08857719156852337 0.19065847051760193 0.05024228041948901 0.19065847077690581 0.015195544659141058 0.09522152463650978 0.07340199108775541 0.24448729602398234 0.3125130750351517 0.03874768963531426 0.2713585237531315 0.8464740269238848 0.26974273486341116 0.16570097969812161 0.24913538865564275 0.5106343809860983 0.7208236728299507 0.0008386228427869763 0.10255821925952659 0.0030812657130160443
50 0.2979015329193465 0.42957144335669145 0.3279476164301371 0.42957144336580005 0.21329166536857752 0.21626970251431352 0.30138062288180645 0.27117023180968847 0.3007351157600901 0.32805373574703506 0.39458727292921236 0.19065847058747773 0.3798609515533106 0.41736887326165195 0.40476486591975397 0.2642435853308995 0.22341112952091485 0.22178919749973072 0.29024686838232533 0.22892149006147855
4 0.41578964608994107 0.32794761570127284 0.4774964919794557 0.3279476165871114 0.3425634188009353 0.22248057842116994 0.39145652171246365 0.1574263096367809 0.1854085445148684 0.424208249622384 0.3246271999785435 0.05024228049445257 0.25409805083632386 0.2983112027414739 0.31338734029419935 0.06091423022789945 0.05043337332022442 0.4118210269030508 0.36071035835891196 0.3989768871194769
27 0.23973919132146196 0.20176895464357603 0.3159805776283374 0.20176895615113882 0.5793142121911704 0.6933530707948197 0.29825369523519885 0.4115117379191285 0.15096172280764406 0.51572548374247 0.14162837308736906 -0.015347898924285803 0.21613001207275007 0.18886220563277628 0.1932907119704433 -0.025325551744106924 0.029034262232669857 0.25248607778059984 0.23201930866110554 0.36888385821211633
51 0.4541873090525168 0.2979015322498804 0.41578964667258206 0.29790153286637366 0.35426558435268823 0.21408178924655522 0.38953074638753904 0.15928484987798036 0.23678434966810769 0.33498821539425405 0.3588718445124638 0.08857719136128292 0.30556007468354895 0.253726185456282 0.33536270738310625 0.051843248931577345 0.07351709868329714 0.4118906384487997 0.42765061443754476 0.39892212596003995
25 0.38324829126555154 0.2984513412791262 0.33264407438737625 0.2984513418892825 0.41759279559603374 0.31340542495790735 0.3583598331337388 0.3505361094434296 0.2631483902074915 0.3803454201398351 0.2851229240703647 0.08195408094270035 0.35613327660513727 0.2901662542286761 0.31601083225596827 0.05092273250529984 0.09543669618168558 0.32209502507356513 0.4091543833467917 0.37937690542054253
53 0.05184324895346268 0.26424358514442053 0.06091423012549321 0.26424358540686976 -0.0017397961269081115 0.09250591624134591 0.055911436656714227 0.3804607692775679 0.2523229561809109 0.07407195904386353 0.1977966840086939 0.5106343809313716 0.25722906172758014 0.31279865026784526 0.22440869853827025 0.8384319240955005 0.6388282979474256 -0.003933993424819663 0.054930853484673484 -0.004403796064197351
61 0.35887184489259333 0.3945872730326626 0.32462720020604285 0.3945872731503139 0.18707999704182016 0.13072210336877887 0.33592332684263393 0.20119042646596916 0.33011815460310856 0.2321151072658707 0.5124448182740856 0.27135852383230397 0.3618266383178753 0.29585082111916533 0.4575206724571204 0.19779668423669045 0.24097612770854063 0.2631777543165351 0.31933456232964047 0.23179434719432535
5 0.46634345819411466 0.3084135288450369 0.48340551182831215 0.308413529179464 0.2886829469044751 0.14887127350274246 0.415522319909148 0.1369216871867055 0.19997114941646532 0.34943851179211105 0.387352588361584 0.06854284994460252 0.2518133828095116 0.23625331068854621 0.34183673672378634 0.05207409440030729 0.05704758875968866 0.4506934321043677 0.3805444789128486 0.39354742969397866
62 0.3553695061715111 0.24226813538661948 0.46659492953187787 0.24226813583634482 0.5251701085473466 0.41505249549114104 0.34312331423318454 0.15087020826709208 0.11085167870802423 0.5260559941858236 0.18363550727988442 -0.015387261232580626 0.17879153591415087 0.25522657783994457 0.20207670293008678 -0.0016768411134271593 0.006010764751060563 0.4093439566964681 0.32258093222857975 0.4663289432281951
37 0.2493264498019472 0.2146900941980953 0.14787139939589172 0.21469009448642057 0.5041625307376776 0.6335678170343171 0.20564080887003983 0.5879702933695252 0.33245045159325537 0.26910072294991927 0.1660662579266185 0.14538196494976516 0.3963126744917537 0.2564472672237687 0.22552567797850318 0.06516872542859849 0.12259327661888962 0.17295361435200285 0.3790729826213992 0.2821944907227117
23 0.07351709870218116 0.22341112942264146 0.050433373325445646 0.2234111295304821 0.014613207818937539 0.08584920184925256 0.06108566308276569 0.30208875403452534 0.2968327148823782 0.05242690730652175 0.2409761275962405 0.7208236729129447 0.27751157458181913 0.21789149676645475 0.24600633540938074 0.6388282980350127 0.7218345013269978 0.0002135144099309979 0.08346939136088838 0.004137106648449373
58 0.35887184489259333 0.3945872730326626 0.32462720020604285 0.3945872731503139 0.18707999704182016 0.13072210336877887 0.33592332684263393 0.20119042646596916 0.33011815460310856 0.2321151072658707 0.5124448182740856 0.27135852383230397 0.3618266383178753 0.29585082111916533 0.4575206724571204 0.19779668423669045 0.24097612770854063 0.2631777543165351 0.31933456232964047 0.23179434719432535
39 0.1592848497011029 0.2711702318010082 0.15742630966311524 0.2711702318457973 0.17931789706860052 0.37949233824071904 0.1605164953947265 0.8907231767821993 0.3101004940885643 0.21512147266699033 0.20119042623055047 0.24448729607447364 0.30158073947626535 0.34143340559899144 0.23494225412794792 0.3804607693285084 0.302088753951862 0.11722090445524415 0.1862158898348895 0.13271835782923444
47 0.2776403648139894 0.32067597356123057 0.4173758344260049 0.3206759741971833 0.43128803053804765 0.5330941058066626 0.306723724073649 0.25742572633390104 0.14529773076199592 0.5508447164978596 0.18439114329954512 0.01947680550714178 0.22069240038500926 0.39270061295227077 0.22660587816217437 0.08489654181744435 0.04598392683162503 0.29621668868714934 0.26760806952995086 0.361428677685451
60 0.4118906384347331 0.22178919746954254 0.41182102695960787 0.22178919796682234 0.3556059541193426 0.1872357862319037 0.4860139998934193 0.1172209044598981 0.28732633272631036 0.33450030183231244 0.263177754141724 0.0008386227528710926 0.20279088625453923 0.18452365797308026 0.2421769746697823 -0.0039339934586027775 0.00021351441775506493 0.6041551144236041 0.3705519315919796 0.5010437990164341
12 0.2776403648139894 0.32067597356123057 0.4173758344260049 0.3206759741971833 0.43128803053804765 0.5330941058066626 0.306723724073649 0.25742572633390104 0.14529773076199592 0.5508447164978596 0.18439114329954512 0.01947680550714178 0.22069240038500926 0.39270061295227077 0.22660587816217437 0.08489654181744435 0.04598392683162503 0.29621668868714934 0.26760806952995086 0.361428677685451
36 0.2493264498019472 0.2146900941980953 0.14787139939589172 0.21469009448642057 0.5041625307376776 0.6335678170343171 0.20564080887003983 0.5879702933695252 0.33245045159325537 0.26910072294991927 0.1660662579266185 0.14538196494976516 0.3963126744917537 0.2564472672237687 0.22552567797850318 0.06516872542859849 0.12259327661888962 0.17295361435200285 0.3790729826213992 0.2821944907227117
7 0.38953074677814925 0.30138062264216325 0.3914565218445103 0.3013806234394079 0.30214693835284984 0.18789707358851096 0.4652274953415052 0.16051649551386765 0.35705920102434613 0.3370158321800193 0.33592332670243613 0.07340199122753284 0.26473453441514705 0.25602662630205786 0.31674092334982773 0.05591143685361942 0.061085663199300255 0.48601399990084865 0.3567484939380669 0.42304614184712813
1 0.2979015329193465 0.42957144335669145 0.3279476164301371 0.42957144336580005 0.21329166536857752 0.21626970251431352 0.30138062288180645 0.27117023180968847 0.3007351157600901 0.32805373574703506 0.39458727292921236 0.19065847058747773 0.3798609515533106 0.41736887326165195 0.40476486591975397 0.2642435853308995 0.22341112952091485 0.22178919749973072 0.29024686838232533 0.22892149006147855
13 0.2979015329193465 0.42957144335669145 0.3279476164301371 0.42957144336580005 0.21329166536857752 0.21626970251431352 0.30138062288180645 0.27117023180968847 0.3007351157600901 0.32805373574703506 0.39458727292921236 0.19065847058747773 0.3798609515533106 0.41736887326165195 0.40476486591975397 0.2642435853308995 0.22341112952091485 0.22178919749973072 0.29024686838232533 0.22892149006147855
18 0.3989221259544138 0.22892148976097815 0.39897688722703606 0.22892148989194538 0.4575671349230106 0.2851302292215223 0.4230461415863829 0.13271835780813934 0.24210394977490068 0.3874050295271445 0.2317943469824968 0.0030812656550551765 0.22788089664715017 0.21693784205126576 0.23276216220619972 -0.00440379606152419 0.004137106516282074 0.5010437990058563 0.39829291409114376 0.5140969384628988
33 0.1592848497011029 0.2711702318010082 0.15742630966311524 0.2711702318457973 0.17931789706860052 0.37949233824071904 0.1605164953947265 0.8907231767821993 0.3101004940885643 0.21512147266699033 0.20119042623055047 0.24448729607447364 0.30158073947626535 0.34143340559899144 0.23494225412794792 0.3804607693285084 0.302088753951862 0.11722090445524415 0.1862158898348895 0.13271835782923444
41 0.25190517323300254 0.21370904822615847 0.39511969428799465 0.2137090482970462 0.5805261151749215 0.6835448856079454 0.28481820935650787 0.2301783795044095 0.10050339722747015 0.5557766069238498 0.1364319752206883 -0.020046994669544193 0.1517359351880399 0.22890775868519836 0.1677840981693768 0.0005173203998968273 0.020325652333249913 0.30986413363306675 0.22384222210827873 0.4032625692032166
11 0.2979015329193465 0.42957144335669145 0.3279476164301371 0.42957144336580005 0.21329166536857752 0.21626970251431352 0.30138062288180645 0.27117023180968847 0.3007351157600901 0.32805373574703506 0.39458727292921236 0.19065847058747773 0.3798609515533106 0.41736887326165195 0.40476486591975397 0.2642435853308995 0.22341112952091485 0.22178919749973072 0.29024686838232533 0.22892149006147855
29 0.220785503196177 0.25174500921496573 0.11309147738366508 0.25174500870534255 0.2570584840782923 0.3467522566756148 0.15316666977101742 0.7174651096437885 0.4018349500863213 0.11160317033947856 0.22666629117521364 0.37324910216535856 0.4406499224337713 0.28133227851899795 0.2720752485022724 0.31492822567402184 0.3656853627575285 0.1317895171758016 0.3140325842136561 0.1622523430853401
20 0.2979015329193465 0.42957144335669145 0.3279476164301371 0.42957144336580005 0.21329166536857752 0.21626970251431352 0.30138062288180645 0.27117023180968847 0.3007351157600901 0.32805373574703506 0.39458727292921236 0.19065847058747773 0.3798609515533106 0.41736887326165195 0.40476486591975397 0.2642435853308995 0.22341112952091485 0.22178919749973072 0.29024686838232533 0.22892149006147855
