id,x_0,x_1,x_2,x_3,x_4,x_5,x_6,x_7,x_8,x_9,x_10,x_11
0.0,0.10726858227405828,2.220446049250313e-16,0.8125457540270875,2.220446049250313e-16,2.220446049250313e-16,2.220446049250313e-16,0.7631228942074744,2.220446049250313e-16,2.220446049250313e-16,2.220446049250313e-16,0.07801831017517444,1.1431040979915759
1.0,0.5179882157197511,1.1501076132422368,0.0702163731005352,2.220446049250313e-16,2.220446049250313e-16,0.4842786177593771,2.220446049250313e-16,2.220446049250313e-16,0.19093221845357722,2.220446049250313e-16,0.863269398567011,2.220446049250313e-16
2.0,0.023275312124716774,2.220446049250313e-16,2.220446049250313e-16,2.220446049250313e-16,0.7952084995112636,2.220446049250313e-16,0.8493617305298334,2.220446049250313e-16,2.220446049250313e-16,1.022815881989862,0.04092982087947445,2.220446049250313e-16
3.0,1.1154590314791257,0.19645183479721984,2.220446049250313e-16,0.006739922705661519,2.220446049250313e-16,0.9620198854593441,2.220446049250313e-16,0.03642449621004323,2.220446049250313e-16,0.13458650725697036,0.37221900160392996,0.5461887315130824
4.0,2.220446049250313e-16,2.220446049250313e-16,0.8057047114210785,2.220446049250313e-16,2.220446049250313e-16,2.220446049250313e-16,0.8133202698687427,2.220446049250313e-16,2.220446049250313e-16,2.220446049250313e-16,0.13505162801073076,1.0047595143928858
5.0,1.210321378188459,0.03632515126619784,2.220446049250313e-16,0.007188749872271985,2.220446049250313e-16,0.08595521503375915,2.220446049250313e-16,0.03774310824712009,0.7538182047336033,0.17060423709462177,0.3501472752760628,0.618588178760029
6.0,0.005660898384311877,0.10188808429367846,0.08825404878922083,2.220446049250313e-16,0.10187514224366657,0.00615807373231613,1.4952904215387157,0.011716293596837688,2.220446049250313e-16,0.36171880963535175,0.05649583565252851,2.220446049250313e-16
7.0,0.8341694711224329,0.627973765685917,2.220446049250313e-16,0.0018436754454249724,0.10420885976696309,0.9155152307498774,2.220446049250313e-16,0.08999046690754485,2.220446049250313e-16,0.1022192215903293,0.4947307674959152,0.21745539105228795
8.0,0.023275312124716774,2.220446049250313e-16,2.220446049250313e-16,2.220446049250313e-16,0.7952084995112636,2.220446049250313e-16,0.8493617305298334,2.220446049250313e-16,2.220446049250313e-16,1.022815881989862,0.04092982087947445,2.220446049250313e-16
9.0,2.220446049250313e-16,1.0342741135283335,2.220446049250313e-16,0.003138031007589248,0.09972613545793263,0.8438689252001117,0.03106611621457111,0.021021160255787034,2.220446049250313e-16,2.220446049250313e-16,1.061623127881584,0.021241513409959268
10.0,0.018138013257602913,0.1731605084651638,2.220446049250313e-16,2.220446049250313e-16,0.48162651919713284,2.220446049250313e-16,1.042853811905634,0.044407630932350346,0.020482129624613217,0.7515985119859403,0.03375633932541497,2.220446049250313e-16
11.0,2.220446049250313e-16,1.0314124553899202,0.051616433166069786,2.220446049250313e-16,0.31109981993934854,0.8507639946311829,2.220446049250313e-16,0.13752984738912064,2.220446049250313e-16,2.220446049250313e-16,0.7451152798326266,0.055706257873757825
12.0,0.04155386774879437,2.220446049250313e-16,0.0151306002621856,2.220446049250313e-16,1.0493262234794032,2.220446049250313e-16,0.17066457147290237,2.220446049250313e-16,0.9033110884245774,1.1496861005952301,2.220446049250313e-16,2.220446049250313e-16
13.0,2.220446049250313e-16,0.7328223422944191,0.34622873679125865,2.220446049250313e-16,0.6316794901513028,0.012738402674331467,2.220446049250313e-16,0.9078243356165375,2.220446049250313e-16,2.220446049250313e-16,0.1947272124258069,0.20021051097738157
14.0,0.04155386774879437,2.220446049250313e-16,0.0151306002621856,2.220446049250313e-16,1.0493262234794032,2.220446049250313e-16,0.17066457147290237,2.220446049250313e-16,0.9033110884245774,1.1496861005952301,2.220446049250313e-16,2.220446049250313e-16
15.0,2.220446049250313e-16,0.8134705245667668,0.41329874194178773,2.220446049250313e-16,0.6233938490392509,0.3489996303740934,2.220446049250313e-16,0.7015561614415183,2.220446049250313e-16,2.220446049250313e-16,0.21341644135652155,0.05441412707912121
16.0,0.04155386774879437,2.220446049250313e-16,0.0151306002621856,2.220446049250313e-16,1.0493262234794032,2.220446049250313e-16,0.17066457147290237,2.220446049250313e-16,0.9033110884245774,1.1496861005952301,2.220446049250313e-16,2.220446049250313e-16
17.0,0.87703283724193,1.0280141294511975,0.052824708151473075,2.220446049250313e-16,0.0022352448387819492,0.4135009867348568,2.220446049250313e-16,0.1667280664313424,0.3536304701297293,2.220446049250313e-16,0.3576792076852793,0.05916657016276348
18.0,0.2279852130341538,2.220446049250313e-16,0.8681803970179285,2.220446049250313e-16,2.220446049250313e-16,2.220446049250313e-16,0.41524354502201316,2.220446049250313e-16,0.4128544293100776,2.220446049250313e-16,0.1168569988178439,1.1936142264353078
19.0,0.8836094547593439,0.04286887149160301,2.220446049250313e-16,2.220446049250313e-16,2.220446049250313e-16,2.220446049250313e-16,0.02003710851849465,0.18581357693853467,0.8843431019409737,2.220446049250313e-16,0.29253171015047597,1.066381116848678
20.0,0.5875330830217242,2.220446049250313e-16,2.220446049250313e-16,2.220446049250313e-16,2.220446049250313e-16,2.220446049250313e-16,2.220446049250313e-16,2.220446049250313e-16,0.8769171877707496,2.220446049250313e-16,0.8714335292455261,0.9943665983725297
21.0,2.220446049250313e-16,0.21095475857080426,0.0056078272176758315,2.220446049250313e-16,0.018974114593957075,2.220446049250313e-16,1.5327039123654098,0.021843524739973655,2.220446049250313e-16,0.13218451358919106,2.220446049250313e-16,0.3054459187662078
22.0,2.220446049250313e-16,0.21095475857080426,0.0056078272176758315,2.220446049250313e-16,0.018974114593957075,2.220446049250313e-16,1.5327039123654098,0.021843524739973655,2.220446049250313e-16,0.13218451358919106,2.220446049250313e-16,0.3054459187662078
23.0,0.5848486620309963,1.1180617536019952,2.220446049250313e-16,0.005148049225792419,2.220446049250313e-16,0.35939891706373545,2.220446049250313e-16,0.013628324503999431,0.21416731214942805,2.220446049250313e-16,0.9772590100947032,2.220446049250313e-16
24.0,0.5848486620309963,1.1180617536019952,2.220446049250313e-16,0.005148049225792419,2.220446049250313e-16,0.35939891706373545,2.220446049250313e-16,0.013628324503999431,0.21416731214942805,2.220446049250313e-16,0.9772590100947032,2.220446049250313e-16
25.0,0.02850870040286415,0.2561357364614846,0.863440086388942,0.061092964841899314,1.137888249635538,0.5971755597258182,0.10537386721771719,0.17780282133014028,0.2269562941963242,0.03549427589419764,2.220446049250313e-16,2.220446049250313e-16
26.0,2.220446049250313e-16,0.19709252973637909,1.2494708626463125,0.3463842457295091,0.3362078240150849,2.220446049250313e-16,0.02823752552224691,0.7500920373346048,2.220446049250313e-16,0.08892892135530245,2.220446049250313e-16,2.220446049250313e-16
27.0,2.220446049250313e-16,2.220446049250313e-16,0.017566550853440374,0.9672754873225897,2.220446049250313e-16,2.220446049250313e-16,0.10900104287589617,2.220446049250313e-16,0.8200550575177271,1.2659633132258397,2.220446049250313e-16,2.220446049250313e-16
28.0,2.220446049250313e-16,2.220446049250313e-16,0.2577595423463795,0.9079816970412278,2.220446049250313e-16,2.220446049250313e-16,0.024700055194678435,1.3110532356236437,0.0036081024173603197,2.220446049250313e-16,0.10200915161143169,2.220446049250313e-16
29.0,2.220446049250313e-16,2.220446049250313e-16,0.2577595423463795,0.9079816970412278,2.220446049250313e-16,2.220446049250313e-16,0.024700055194678435,1.3110532356236437,0.0036081024173603197,2.220446049250313e-16,0.10200915161143169,2.220446049250313e-16
30.0,0.43908607770844815,0.012465718888805766,0.036680584120069984,2.220446049250313e-16,2.220446049250313e-16,2.220446049250313e-16,0.25260676156082573,0.2122227687769649,0.627739328009128,0.03949771040659376,0.39707126966333134,1.0740301663606113
31.0,2.220446049250313e-16,0.968070146191678,2.220446049250313e-16,2.220446049250313e-16,0.47964247112243275,0.19780021492350647,2.220446049250313e-16,0.5466572548356082,2.220446049250313e-16,2.220446049250313e-16,0.6526362184990082,0.1992221500827839
32.0,2.220446049250313e-16,2.220446049250313e-16,2.220446049250313e-16,0.867491964551869,0.05861485368037822,0.00485332410839026,0.5895453040087982,2.220446049250313e-16,0.026545708727854216,1.182620804256898,2.220446049250313e-16,2.220446049250313e-16
33.0,2.220446049250313e-16,2.220446049250313e-16,2.220446049250313e-16,0.833036879488767,0.18321484767687557,2.220446049250313e-16,2.220446049250313e-16,0.8928584446544552,2.220446049250313e-16,2.220446049250313e-16,0.8924397677763125,0.018554307516547047
34.0,2.220446049250313e-16,2.220446049250313e-16,2.220446049250313e-16,0.833036879488767,0.18321484767687557,2.220446049250313e-16,2.220446049250313e-16,0.8928584446544552,2.220446049250313e-16,2.220446049250313e-16,0.8924397677763125,0.018554307516547047
35.0,1.0021732335510467,0.020320254611613797,2.220446049250313e-16,2.220446049250313e-16,2.220446049250313e-16,0.6715912287719855,2.220446049250313e-16,0.029789188112099733,0.3593855850491715,0.059587546871908405,0.5217616143288568,0.7780127611151999
36.0,2.220446049250313e-16,0.03176705373405322,0.0853066420935159,2.220446049250313e-16,0.258593825407112,2.220446049250313e-16,1.6432265131763393,0.008555663674899698,2.220446049250313e-16,0.08321929971351683,0.007474920197984628,0.13253862975036718
37.0,2.220446049250313e-16,0.03176705373405322,0.0853066420935159,2.220446049250313e-16,0.258593825407112,2.220446049250313e-16,1.6432265131763393,0.008555663674899698,2.220446049250313e-16,0.08321929971351683,0.007474920197984628,0.13253862975036718
38.0,0.15440108716542728,1.057154491847016,2.220446049250313e-16,0.004721827863360488,2.220446049250313e-16,0.7158090441733093,0.043794723403858114,2.220446049250313e-16,2.220446049250313e-16,2.220446049250313e-16,1.1457417891165136,2.220446049250313e-16
39.0,0.15440108716542728,1.057154491847016,2.220446049250313e-16,0.004721827863360488,2.220446049250313e-16,0.7158090441733093,0.043794723403858114,2.220446049250313e-16,2.220446049250313e-16,2.220446049250313e-16,1.1457417891165136,2.220446049250313e-16
40.0,0.2434311518431642,0.606693040812417,0.5805122894008818,2.220446049250313e-16,0.4783388822914921,2.220446049250313e-16,0.04618528914531761,0.24631967559493292,0.8932219888402563,2.220446049250313e-16,0.34008092867967243,0.08194801049376757
41.0,2.220446049250313e-16,2.220446049250313e-16,2.220446049250313e-16,2.220446049250313e-16,2.220446049250313e-16,0.6676306332026077,2.220446049250313e-16,0.14551441549560706,0.5396924601548739,0.05844795871596797,0.8369664834746048,0.9294520766456827
42.0,2.220446049250313e-16,0.14155890520636608,2.220446049250313e-16,0.6267717671914028,0.22666977555753817,2.220446049250313e-16,0.5673918209158569,2.220446049250313e-16,0.022373621175556777,1.1782509289134604,2.220446049250313e-16,2.220446049250313e-16
43.0,2.220446049250313e-16,2.220446049250313e-16,2.220446049250313e-16,0.7031025941807731,0.3402309284196092,2.220446049250313e-16,2.220446049250313e-16,0.8981223527803153,2.220446049250313e-16,2.220446049250313e-16,0.8914386889597481,0.0182037852382113
44.0,2.220446049250313e-16,2.220446049250313e-16,2.220446049250313e-16,0.7031025941807731,0.3402309284196092,2.220446049250313e-16,2.220446049250313e-16,0.8981223527803153,2.220446049250313e-16,2.220446049250313e-16,0.8914386889597481,0.0182037852382113
45.0,2.220446049250313e-16,2.220446049250313e-16,2.220446049250313e-16,2.220446049250313e-16,2.220446049250313e-16,0.6599838068890717,2.220446049250313e-16,2.220446049250313e-16,0.3894141689593884,0.06340030951897113,1.1287310484642723,0.9069046131380585
46.0,2.220446049250313e-16,0.03176705373405322,0.0853066420935159,2.220446049250313e-16,0.258593825407112,2.220446049250313e-16,1.6432265131763393,0.008555663674899698,2.220446049250313e-16,0.08321929971351683,0.007474920197984628,0.13253862975036718
47.0,2.220446049250313e-16,0.03176705373405322,0.0853066420935159,2.220446049250313e-16,0.258593825407112,2.220446049250313e-16,1.6432265131763393,0.008555663674899698,2.220446049250313e-16,0.08321929971351683,0.007474920197984628,0.13253862975036718
48.0,0.15440108716542728,1.057154491847016,2.220446049250313e-16,0.004721827863360488,2.220446049250313e-16,0.7158090441733093,0.043794723403858114,2.220446049250313e-16,2.220446049250313e-16,2.220446049250313e-16,1.1457417891165136,2.220446049250313e-16
49.0,0.15440108716542728,1.057154491847016,2.220446049250313e-16,0.004721827863360488,2.220446049250313e-16,0.7158090441733093,0.043794723403858114,2.220446049250313e-16,2.220446049250313e-16,2.220446049250313e-16,1.1457417891165136,2.220446049250313e-16
50.0,2.220446049250313e-16,0.031206109547879782,1.083381636156288,0.061877709277778886,1.1101681183549093,0.970623100376436,2.220446049250313e-16,0.13417495936280432,2.220446049250313e-16,0.2667115817030371,2.220446049250313e-16,2.220446049250313e-16
51.0,2.220446049250313e-16,0.20018383736369622,1.2462715134253908,0.46983928521626533,0.15758363938523856,2.220446049250313e-16,0.04693948182004953,0.7575988950127683,2.220446049250313e-16,0.09546092656054728,2.220446049250313e-16,2.220446049250313e-16
52.0,2.220446049250313e-16,2.220446049250313e-16,0.017566550853440374,0.9672754873225897,2.220446049250313e-16,2.220446049250313e-16,0.10900104287589617,2.220446049250313e-16,0.8200550575177271,1.2659633132258397,2.220446049250313e-16,2.220446049250313e-16
53.0,2.220446049250313e-16,2.220446049250313e-16,0.2577595423463795,0.9079816970412278,2.220446049250313e-16,2.220446049250313e-16,0.024700055194678435,1.3110532356236437,0.0036081024173603197,2.220446049250313e-16,0.10200915161143169,2.220446049250313e-16
54.0,2.220446049250313e-16,2.220446049250313e-16,0.2577595423463795,0.9079816970412278,2.220446049250313e-16,2.220446049250313e-16,0.024700055194678435,1.3110532356236437,0.0036081024173603197,2.220446049250313e-16,0.10200915161143169,2.220446049250313e-16
55.0,2.220446049250313e-16,0.031206109547879782,1.083381636156288,0.061877709277778886,1.1101681183549093,0.970623100376436,2.220446049250313e-16,0.13417495936280432,2.220446049250313e-16,0.2667115817030371,2.220446049250313e-16,2.220446049250313e-16
56.0,2.220446049250313e-16,0.20018383736369622,1.2462715134253908,0.46983928521626533,0.15758363938523856,2.220446049250313e-16,0.04693948182004953,0.7575988950127683,2.220446049250313e-16,0.09546092656054728,2.220446049250313e-16,2.220446049250313e-16
57.0,2.220446049250313e-16,2.220446049250313e-16,0.017566550853440374,0.9672754873225897,2.220446049250313e-16,2.220446049250313e-16,0.10900104287589617,2.220446049250313e-16,0.8200550575177271,1.2659633132258397,2.220446049250313e-16,2.220446049250313e-16
58.0,2.220446049250313e-16,2.220446049250313e-16,0.2577595423463795,0.9079816970412278,2.220446049250313e-16,2.220446049250313e-16,0.024700055194678435,1.3110532356236437,0.0036081024173603197,2.220446049250313e-16,0.10200915161143169,2.220446049250313e-16
59.0,2.220446049250313e-16,2.220446049250313e-16,0.2577595423463795,0.9079816970412278,2.220446049250313e-16,2.220446049250313e-16,0.024700055194678435,1.3110532356236437,0.0036081024173603197,2.220446049250313e-16,0.10200915161143169,2.220446049250313e-16
60.0,2.220446049250313e-16,0.033800539871621606,1.0039602275636275,0.06271080064562125,1.1215992817944356,0.9704707397671596,0.007672976726931936,0.1947196951598003,2.220446049250313e-16,0.16559830858376773,2.220446049250313e-16,2.220446049250313e-16
61.0,2.220446049250313e-16,0.20018383736369622,1.2462715134253908,0.46983928521626533,0.15758363938523856,2.220446049250313e-16,0.04693948182004953,0.7575988950127683,2.220446049250313e-16,0.09546092656054728,2.220446049250313e-16,2.220446049250313e-16
62.0,2.220446049250313e-16,2.220446049250313e-16,0.017566550853440374,0.9672754873225897,2.220446049250313e-16,2.220446049250313e-16,0.10900104287589617,2.220446049250313e-16,0.8200550575177271,1.2659633132258397,2.220446049250313e-16,2.220446049250313e-16
63.0,2.220446049250313e-16,2.220446049250313e-16,0.2577595423463795,0.9079816970412278,2.220446049250313e-16,2.220446049250313e-16,0.024700055194678435,1.3110532356236437,0.0036081024173603197,2.220446049250313e-16,0.10200915161143169,2.220446049250313e-16
64.0,2.220446049250313e-16,2.220446049250313e-16,0.2577595423463795,0.9079816970412278,2.220446049250313e-16,2.220446049250313e-16,0.024700055194678435,1.3110532356236437,0.0036081024173603197,2.220446049250313e-16,0.10200915161143169,2.220446049250313e-16
65.0,1.0345524977373344,2.220446049250313e-16,0.08082146817962865,2.220446049250313e-16,2.220446049250313e-16,2.220446049250313e-16,0.25207747034102085,2.220446049250313e-16,0.7277834151725389,0.2056773562384122,2.220446049250313e-16,0.9499528073834268
66.0,0.45169971036377565,2.220446049250313e-16,0.5367502096289642,2.220446049250313e-16,2.220446049250313e-16,0.6485126071060506,0.4373089693227859,2.220446049250313e-16,2.220446049250313e-16,2.220446049250313e-16,0.08432986162159388,1.0504914587351664
67.0,0.1816622860472029,2.220446049250313e-16,0.7679116785737181,2.220446049250313e-16,2.220446049250313e-16,0.6487690380218397,0.5850939257847193,2.220446049250313e-16,2.220446049250313e-16,0.008117447956135188,0.026680413687564176,1.0119938376313375
68.0,1.1055328451074375,2.220446049250313e-16,2.220446049250313e-16,0.011041546935033453,0.13500826013373693,0.0025974985551953816,2.220446049250313e-16,0.03499573773428347,0.9262022846191101,0.4482455880385772,2.220446049250313e-16,0.737190813913915
69.0,1.1055328451074375,2.220446049250313e-16,2.220446049250313e-16,0.011041546935033453,0.13500826013373693,0.0025974985551953816,2.220446049250313e-16,0.03499573773428347,0.9262022846191101,0.4482455880385772,2.220446049250313e-16,0.737190813913915
