id,x_0,x_1,x_2,x_3,x_4,x_5,x_6,x_7,x_8,x_9,x_10,x_11,x_12
0.0,0.8361917229569421,2.220446049250313e-16,2.220446049250313e-16,2.220446049250313e-16,0.04527526029951506,0.010066618694931516,2.220446049250313e-16,2.220446049250313e-16,0.38275971598591507,0.5878780770058237,2.220446049250313e-16,2.220446049250313e-16,0.1456289334730773
1.0,0.005345763695581095,0.05670522254466426,2.220446049250313e-16,0.45310182664023996,5.551115123125783e-17,2.220446049250313e-16,0.46502234991110747,0.0057569431600562075,2.220446049250313e-16,0.3370801291281591,2.220446049250313e-16,0.08968687201602243,0.9315689973250921
2.0,0.8562978720728475,0.002795279256814845,2.220446049250313e-16,2.220446049250313e-16,2.220446049250313e-16,0.009102374996159682,0.4706345562316856,0.46505419631708117,2.220446049250313e-16,0.5878780770058238,2.220446049250313e-16,2.220446049250313e-16,0.1429732592566807
3.0,0.00500687074404816,0.057344936552036874,2.220446049250313e-16,2.220446049250313e-16,2.220446049250313e-16,2.220446049250313e-16,2.220446049250313e-16,0.005527604163847651,2.220446049250313e-16,0.5878780770058234,2.220446049250313e-16,0.24618990913551841,0.9427017958698701
4.0,0.82564231407871,0.02724282881280111,2.220446049250313e-16,2.220446049250313e-16,6.938893903907228e-17,0.010572543572836478,0.4707875089888003,0.4679994884312538,2.220446049250313e-16,0.5878780770058236,2.220446049250313e-16,0.21380396492904488,2.220446049250313e-16
5.0,0.00500687074404816,0.057344936552036874,2.220446049250313e-16,2.220446049250313e-16,2.220446049250313e-16,2.220446049250313e-16,2.220446049250313e-16,0.005527604163847651,2.220446049250313e-16,0.5878780770058234,2.220446049250313e-16,0.24618990913551841,0.9427017958698701
6.0,0.82564231407871,0.02724282881280111,2.220446049250313e-16,2.220446049250313e-16,6.938893903907228e-17,0.010572543572836478,0.4707875089888003,0.4679994884312538,2.220446049250313e-16,0.5878780770058236,2.220446049250313e-16,0.21380396492904488,2.220446049250313e-16
7.0,0.005006870744048159,0.057344936552036874,2.220446049250313e-16,2.220446049250313e-16,2.220446049250313e-16,2.220446049250313e-16,2.220446049250313e-16,0.005527604163847651,2.220446049250313e-16,0.5878780770058234,2.220446049250313e-16,0.24618990913551844,0.9427017958698701
8.0,0.8562978720728475,0.002795279256814845,2.220446049250313e-16,2.220446049250313e-16,2.220446049250313e-16,0.009102374996159682,0.4706345562316856,0.46505419631708117,2.220446049250313e-16,0.5878780770058238,2.220446049250313e-16,2.220446049250313e-16,0.1429732592566807
9.0,0.005345763695581095,0.05670522254466426,2.220446049250313e-16,0.45310182664023996,5.551115123125783e-17,2.220446049250313e-16,0.46502234991110747,0.0057569431600562075,2.220446049250313e-16,0.3370801291281591,2.220446049250313e-16,0.08968687201602243,0.9315689973250921
10.0,0.8565484286079754,2.220446049250313e-16,2.220446049250313e-16,2.220446049250313e-16,2.220446049250313e-16,0.00909035889308607,0.46903706638322135,2.220446049250313e-16,0.2005410865620295,0.5878780770058238,2.220446049250313e-16,2.220446049250313e-16,0.14697196163912166
11.0,0.002753935283701841,0.06471588472660167,0.00881185012824333,0.10805678033691966,0.32436787635244957,2.220446049250313e-16,0.49957764878457944,0.4749487113911211,0.0354810727852694,2.220446049250313e-16,2.220446049250313e-16,2.220446049250313e-16,0.8736921816079989
12.0,0.13202115295738762,0.0029866291968163594,2.220446049250313e-16,0.5500958962988485,0.013035786424905106,2.220446049250313e-16,0.017479468713681168,5.551115123125783e-17,0.9912546508651175,2.220446049250313e-16,0.4747105554561519,0.09781246876813057,2.220446049250313e-16
13.0,0.006818788943942045,0.06733454687682472,0.009018241436758563,2.220446049250313e-16,0.611500286655897,2.220446049250313e-16,0.4698600776912709,0.4750882107854742,2.220446049250313e-16,2.220446049250313e-16,2.220446049250313e-16,2.220446049250313e-16,0.866920465152767
14.0,0.13814977332287395,0.005333120678565395,2.220446049250313e-16,0.43379509552353096,0.0159817083374159,2.220446049250313e-16,2.220446049250313e-16,2.220446049250313e-16,0.9356526714629667,0.3370801291281588,0.4747105554561519,0.10217803850917417,2.220446049250313e-16
15.0,2.220446049250313e-16,2.220446049250313e-16,2.220446049250313e-16,0.5522223634559295,2.220446049250313e-16,2.220446049250313e-16,0.4901756916135698,2.220446049250313e-16,0.7270047576200225,2.220446049250313e-16,2.220446049250313e-16,0.3001615887451297,0.15727940849679048
16.0,0.13202115295738762,0.0029866291968163594,2.220446049250313e-16,0.5500958962988485,0.013035786424905106,2.220446049250313e-16,0.017479468713681168,5.551115123125783e-17,0.9912546508651175,2.220446049250313e-16,0.4747105554561519,0.09781246876813057,2.220446049250313e-16
17.0,2.220446049250313e-16,0.06078484034045749,0.009191843246693865,2.220446049250313e-16,0.6692131678569934,2.220446049250313e-16,2.220446049250313e-16,0.47509526395234086,0.1480093180732453,2.220446049250313e-16,2.220446049250313e-16,2.220446049250313e-16,0.8665780834073051
18.0,0.13470533431387408,2.220446049250313e-16,2.220446049250313e-16,2.220446049250313e-16,0.6278837153551302,2.220446049250313e-16,2.220446049250313e-16,2.220446049250313e-16,0.9280705128224797,2.220446049250313e-16,2.220446049250313e-16,0.09357623374179945,0.15725579155162686
19.0,0.002753935283701841,0.06471588472660167,0.00881185012824333,0.10805678033691966,0.32436787635244957,2.220446049250313e-16,0.49957764878457944,0.4749487113911211,0.0354810727852694,2.220446049250313e-16,2.220446049250313e-16,2.220446049250313e-16,0.8736921816079989
20.0,0.09380037228320628,0.8011471627978699,2.220446049250313e-16,0.10703980013093026,0.3170711412371054,2.220446049250313e-16,0.4993195746109753,2.220446049250313e-16,0.17320125941460132,2.220446049250313e-16,2.220446049250313e-16,0.12325100240955827,0.10219260156040155
21.0,0.6537435138551324,2.220446049250313e-16,2.220446049250313e-16,2.220446049250313e-16,0.03358222986941595,0.3156186989205264,2.220446049250313e-16,2.220446049250313e-16,0.6034565492461902,0.2507979478776649,2.220446049250313e-16,2.220446049250313e-16,0.14756313499795962
22.0,2.220446049250313e-16,0.7508569827656579,0.00715840408749624,2.220446049250313e-16,0.5940400298999531,2.220446049250313e-16,0.468125591148409,0.467156144051006,0.32954873392180706,2.220446049250313e-16,2.220446049250313e-16,2.220446049250313e-16,0.04093845026087346
23.0,2.220446049250313e-16,0.7042347900409657,0.3860153810487905,2.220446049250313e-16,0.6115002866558974,2.220446049250313e-16,2.220446049250313e-16,2.220446049250313e-16,2.220446049250313e-16,2.220446049250313e-16,2.220446049250313e-16,0.4396271069180308,0.037347517824896447
24.0,2.220446049250313e-16,0.7042347900409657,0.3860153810487905,2.220446049250313e-16,0.6115002866558974,2.220446049250313e-16,2.220446049250313e-16,2.220446049250313e-16,2.220446049250313e-16,2.220446049250313e-16,2.220446049250313e-16,0.4396271069180308,0.037347517824896447
25.0,2.220446049250313e-16,2.220446049250313e-16,0.08124123209539724,2.220446049250313e-16,2.220446049250313e-16,0.2828117666462996,2.220446049250313e-16,2.220446049250313e-16,0.02136330454717522,0.33708012912815877,0.4747105554561517,0.9880169290114328,0.02436225989983369
26.0,0.18520165514421838,2.220446049250313e-16,0.7055473380157817,2.220446049250313e-16,2.220446049250313e-16,0.6804348666611063,2.220446049250313e-16,2.220446049250313e-16,0.048453829600960466,2.220446049250313e-16,2.220446049250313e-16,0.39586192092955663,2.220446049250313e-16
27.0,0.6505833466929776,2.220446049250313e-16,0.5250378135323794,2.220446049250313e-16,2.220446049250313e-16,0.6696923347944512,2.220446049250313e-16,0.4679994884312536,0.017852720655660112,2.220446049250313e-16,2.220446049250313e-16,0.05376319349386742,2.220446049250313e-16
28.0,2.220446049250313e-16,0.13718314731955047,0.7807633922885365,2.220446049250313e-16,2.220446049250313e-16,0.6343246851209401,2.220446049250313e-16,2.220446049250313e-16,2.220446049250313e-16,2.220446049250313e-16,0.4747105554561519,0.005177400321799936,0.31698771004165455
29.0,2.220446049250313e-16,0.13718314731955047,0.7807633922885365,2.220446049250313e-16,2.220446049250313e-16,0.6343246851209401,2.220446049250313e-16,2.220446049250313e-16,2.220446049250313e-16,2.220446049250313e-16,0.4747105554561519,0.005177400321799936,0.31698771004165455
30.0,2.220446049250313e-16,2.220446049250313e-16,0.09665461466409005,2.220446049250313e-16,2.220446049250313e-16,2.220446049250313e-16,2.220446049250313e-16,2.220446049250313e-16,0.02151635813431818,0.5878780770058238,0.4747105554561519,0.9861563606217086,0.023843401283313703
31.0,2.220446049250313e-16,2.220446049250313e-16,0.08076101076268793,2.220446049250313e-16,2.220446049250313e-16,0.2916230864769388,2.220446049250313e-16,2.220446049250313e-16,0.021358535989899265,0.25079794787766463,0.4747105554561517,0.9880748971198435,0.024378425525724494
32.0,0.6516259256460355,2.220446049250313e-16,2.220446049250313e-16,2.220446049250313e-16,2.220446049250313e-16,0.6037420227945325,0.4706318985822735,0.490189202475954,0.0015599051997067506,2.220446049250313e-16,2.220446049250313e-16,0.2058935093157325,0.13387331183074025
33.0,2.220446049250313e-16,0.10639331386173893,0.8063860478645362,2.220446049250313e-16,2.220446049250313e-16,0.047857441590441904,2.220446049250313e-16,2.220446049250313e-16,0.0015713344484465785,0.5878780770058238,2.220446049250313e-16,2.220446049250313e-16,0.49723727004965407
34.0,0.001403173832551192,0.05411118940458087,2.220446049250313e-16,0.5698816846322988,2.220446049250313e-16,2.220446049250313e-16,0.4946570125794638,0.005614473734860179,0.03434194796867316,2.220446049250313e-16,2.220446049250313e-16,0.08658771706676724,0.9384848879312225
35.0,2.220446049250313e-16,2.220446049250313e-16,0.09665461466409005,2.220446049250313e-16,2.220446049250313e-16,2.220446049250313e-16,2.220446049250313e-16,2.220446049250313e-16,0.02151635813431818,0.5878780770058238,0.4747105554561519,0.9861563606217086,0.023843401283313703
36.0,2.220446049250313e-16,2.220446049250313e-16,0.31661234306930786,2.220446049250313e-16,2.220446049250313e-16,0.5645197027238341,2.220446049250313e-16,2.220446049250313e-16,0.036221701937663386,2.220446049250313e-16,0.4747105554561518,0.8020464998704465,0.006504889774697514
37.0,0.6457855672198836,2.220446049250313e-16,0.07146298741982471,2.220446049250313e-16,2.220446049250313e-16,0.6990101923391567,2.220446049250313e-16,0.4897910834670025,0.009702399284947628,1.1102230246251565e-16,2.220446049250313e-16,0.1387119515763726,0.15319919533407864
38.0,0.19147599041090335,2.220446049250313e-16,0.5538182937742304,2.220446049250313e-16,2.220446049250313e-16,0.5902933492561632,2.220446049250313e-16,2.220446049250313e-16,0.029389754773304376,2.220446049250313e-16,2.220446049250313e-16,0.6297109260204682,2.220446049250313e-16
39.0,2.220446049250313e-16,0.10639331386173893,0.8063860478645362,2.220446049250313e-16,2.220446049250313e-16,0.047857441590441904,2.220446049250313e-16,2.220446049250313e-16,0.0015713344484465785,0.5878780770058238,2.220446049250313e-16,2.220446049250313e-16,0.49723727004965407
40.0,2.220446049250313e-16,2.220446049250313e-16,0.08124123209539724,2.220446049250313e-16,2.220446049250313e-16,0.2828117666462996,2.220446049250313e-16,2.220446049250313e-16,0.02136330454717522,0.33708012912815877,0.4747105554561517,0.9880169290114328,0.02436225989983369
41.0,0.18520165514421838,2.220446049250313e-16,0.7055473380157817,2.220446049250313e-16,2.220446049250313e-16,0.6804348666611063,2.220446049250313e-16,2.220446049250313e-16,0.048453829600960466,2.220446049250313e-16,2.220446049250313e-16,0.39586192092955663,2.220446049250313e-16
42.0,0.6505833466929776,2.220446049250313e-16,0.5250378135323794,2.220446049250313e-16,2.220446049250313e-16,0.6696923347944512,2.220446049250313e-16,0.4679994884312536,0.017852720655660112,2.220446049250313e-16,2.220446049250313e-16,0.05376319349386742,2.220446049250313e-16
43.0,2.220446049250313e-16,0.13718314731955047,0.7807633922885365,2.220446049250313e-16,2.220446049250313e-16,0.6343246851209401,2.220446049250313e-16,2.220446049250313e-16,2.220446049250313e-16,2.220446049250313e-16,0.4747105554561519,0.005177400321799936,0.31698771004165455
44.0,2.220446049250313e-16,0.13718314731955047,0.7807633922885365,2.220446049250313e-16,2.220446049250313e-16,0.6343246851209401,2.220446049250313e-16,2.220446049250313e-16,2.220446049250313e-16,2.220446049250313e-16,0.4747105554561519,0.005177400321799936,0.31698771004165455
45.0,0.10028712858727107,0.8058395365235476,2.220446049250313e-16,0.4581652966004574,2.220446049250313e-16,2.220446049250313e-16,2.220446049250313e-16,2.220446049250313e-16,0.11316961500487877,0.337080129128159,2.220446049250313e-16,0.285001982528349,0.10414711940971984
46.0,0.7941355295350933,0.01649501204315157,0.09306772561097205,2.220446049250313e-16,2.220446049250313e-16,0.6905101639855394,0.4691318974290661,1.1102230246251565e-16,0.20839545099281098,2.220446049250313e-16,2.220446049250313e-16,2.220446049250313e-16,2.220446049250313e-16
47.0,2.220446049250313e-16,0.6926829793094577,0.7904587792108247,0.4618939505669947,2.220446049250313e-16,0.04887885781058166,2.220446049250313e-16,2.220446049250313e-16,2.220446049250313e-16,0.3370801291281589,4.85722573273506e-17,0.020000720465382548,0.025986014806189263
48.0,2.220446049250313e-16,0.6926829793094577,0.7904587792108247,0.4618939505669947,2.220446049250313e-16,0.04887885781058166,2.220446049250313e-16,2.220446049250313e-16,2.220446049250313e-16,0.3370801291281589,4.85722573273506e-17,0.020000720465382548,0.025986014806189263
49.0,2.220446049250313e-16,0.6926829793094577,0.7904587792108249,0.4618939505669948,2.220446049250313e-16,0.04887885781058167,2.220446049250313e-16,2.220446049250313e-16,2.220446049250313e-16,0.3370801291281589,4.85722573273506e-17,0.020000720465382635,0.025986014806189152
50.0,2.220446049250313e-16,0.4491308662169112,0.022555975491419966,2.220446049250313e-16,0.6386784847513719,2.220446049250313e-16,2.220446049250313e-16,2.220446049250313e-16,0.7243276562749814,2.220446049250313e-16,2.220446049250313e-16,2.220446049250313e-16,0.2942770999793351
51.0,0.13202115295738762,0.0029866291968163594,2.220446049250313e-16,0.5500958962988485,0.013035786424905106,2.220446049250313e-16,0.017479468713681168,5.551115123125783e-17,0.9912546508651175,2.220446049250313e-16,0.4747105554561519,0.09781246876813057,2.220446049250313e-16
52.0,0.13202115295738762,0.0029866291968163594,2.220446049250313e-16,0.5500958962988485,0.013035786424905106,2.220446049250313e-16,0.017479468713681168,5.551115123125783e-17,0.9912546508651175,2.220446049250313e-16,0.4747105554561519,0.09781246876813057,2.220446049250313e-16
53.0,2.220446049250313e-16,0.3649356771280249,0.010550759914325636,2.220446049250313e-16,0.6704373397076158,2.220446049250313e-16,2.220446049250313e-16,0.4796289512582131,0.12490402878029053,2.220446049250313e-16,2.220446049250313e-16,2.220446049250313e-16,0.6464993864752988
54.0,2.220446049250313e-16,0.3649356771280249,0.010550759914325636,2.220446049250313e-16,0.6704373397076158,2.220446049250313e-16,2.220446049250313e-16,0.4796289512582131,0.12490402878029053,2.220446049250313e-16,2.220446049250313e-16,2.220446049250313e-16,0.6464993864752988
55.0,2.220446049250313e-16,2.220446049250313e-16,0.131666376298602,2.220446049250313e-16,2.220446049250313e-16,2.220446049250313e-16,0.4704425802752161,0.4679994884312538,0.043416932193617995,0.5878780770058236,0.4747105554561519,0.6800695788526823,2.220446049250313e-16
56.0,2.220446049250313e-16,2.220446049250313e-16,0.08076101076268793,2.220446049250313e-16,2.220446049250313e-16,0.2916230864769388,2.220446049250313e-16,2.220446049250313e-16,0.021358535989899265,0.25079794787766463,0.4747105554561517,0.9880748971198435,0.024378425525724494
57.0,0.6457855672198836,2.220446049250313e-16,0.07146298741982471,2.220446049250313e-16,2.220446049250313e-16,0.6990101923391567,2.220446049250313e-16,0.4897910834670025,0.009702399284947628,1.1102230246251565e-16,2.220446049250313e-16,0.1387119515763726,0.15319919533407864
58.0,0.19147599041090335,2.220446049250313e-16,0.5538182937742304,2.220446049250313e-16,2.220446049250313e-16,0.5902933492561632,2.220446049250313e-16,2.220446049250313e-16,0.029389754773304376,2.220446049250313e-16,2.220446049250313e-16,0.6297109260204682,2.220446049250313e-16
59.0,2.220446049250313e-16,0.10639331386173893,0.8063860478645362,2.220446049250313e-16,2.220446049250313e-16,0.047857441590441904,2.220446049250313e-16,2.220446049250313e-16,0.0015713344484465785,0.5878780770058238,2.220446049250313e-16,2.220446049250313e-16,0.49723727004965407
60.0,0.09462178904632963,0.8024073168925239,2.220446049250313e-16,0.11248902400191366,0.3176165972814442,2.220446049250313e-16,0.02854579837232276,2.220446049250313e-16,0.16290620182556037,2.220446049250313e-16,2.220446049250313e-16,0.28062779146515926,0.11220186558647785
61.0,0.7941355295350933,0.01649501204315157,0.09306772561097205,2.220446049250313e-16,2.220446049250313e-16,0.6905101639855394,0.4691318974290661,1.1102230246251565e-16,0.20839545099281098,2.220446049250313e-16,2.220446049250313e-16,2.220446049250313e-16,2.220446049250313e-16
62.0,2.220446049250313e-16,0.6977611519154444,0.6367671435703595,0.4619226101799548,2.220446049250313e-16,2.220446049250313e-16,2.220446049250313e-16,2.220446049250313e-16,2.220446049250313e-16,0.3370801291281587,8.326672684688674e-17,0.25299462248284477,0.018925492497948303
63.0,2.220446049250313e-16,0.6977611519154444,0.6367671435703595,0.4619226101799548,2.220446049250313e-16,2.220446049250313e-16,2.220446049250313e-16,2.220446049250313e-16,2.220446049250313e-16,0.3370801291281587,8.326672684688674e-17,0.25299462248284477,0.018925492497948303
64.0,2.220446049250313e-16,0.6977611519154444,0.6367671435703594,0.4619226101799547,5.551115123125783e-17,2.220446049250313e-16,2.220446049250313e-16,2.220446049250313e-16,2.220446049250313e-16,0.33708012912815877,8.326672684688674e-17,0.2529946224828446,0.018925492497948324
65.0,2.220446049250313e-16,0.7322941100782651,0.007436123217626739,2.220446049250313e-16,0.6391629217299735,2.220446049250313e-16,2.220446049250313e-16,2.220446049250313e-16,0.7151842859801137,2.220446049250313e-16,2.220446049250313e-16,2.220446049250313e-16,0.04533604083357287
66.0,0.3893606320833506,2.220446049250313e-16,2.220446049250313e-16,2.220446049250313e-16,0.6342174589184816,2.220446049250313e-16,2.220446049250313e-16,2.220446049250313e-16,0.8085260409705826,2.220446049250313e-16,2.220446049250313e-16,2.220446049250313e-16,0.1573398890804388
67.0,0.13470533431387408,2.220446049250313e-16,2.220446049250313e-16,2.220446049250313e-16,0.6278837153551302,2.220446049250313e-16,2.220446049250313e-16,2.220446049250313e-16,0.9280705128224797,2.220446049250313e-16,2.220446049250313e-16,0.09357623374179945,0.15725579155162686
68.0,0.08178512082654767,0.8076949474720674,0.006148277770448401,2.220446049250313e-16,0.6613306529077964,2.220446049250313e-16,2.220446049250313e-16,0.467351081186821,0.2967856423814906,4.336808689942018e-19,2.220446049250313e-16,2.220446049250313e-16,0.031475620572953195
69.0,0.08178512082654767,0.8076949474720674,0.006148277770448401,2.220446049250313e-16,0.6613306529077964,2.220446049250313e-16,2.220446049250313e-16,0.467351081186821,0.2967856423814906,4.336808689942018e-19,2.220446049250313e-16,2.220446049250313e-16,0.031475620572953195
