18 0.36200626279245823 0.3486540200907325 0.04219755411482368 0.2865612648001134 0.3856771621492663 0.29728313418984614 0.43469915537068154 0.30335553159919115 0.4266166409671135 0.4629522614395801 0.15508648408799935 0.0474028684523735 0.30335553164840456 0.29484021450712355 0.3206359930670282 0.29839228192649 0.3126770420826876 0.29728313348310853 0.3033555314675979 0.27146119617126546
57 0.3736989579919032 0.3428091834716385 -0.004694109617608274 0.23324823363163028 0.4814148513154866 0.18584841014138762 0.3961306009082923 0.23640865892368618 0.3865816142869815 0.5786925569533503 0.184307986252465 -0.02354246540410042 0.23640865894474933 0.2040114283323282 0.3336884295203311 0.2556269588645252 0.43739890405917453 0.185848409796216 0.23640865836932223 0.36493859640386817
15 0.024011251818147297 0.33339017636383206 0.3095937577864193 0.5096329475398572 0.5463061821203337 0.3249785779840227 0.17552500703793006 0.27923013860556783 0.22702325989079838 0.1053861870663818 0.4324054516833766 0.3166154595877869 0.2792301386992242 0.3019005150529328 0.18804648645486446 0.297646011998648 0.29716710233758 0.3249785792732545 0.279230140338209 0.21067052333474373
26 0.4240486279602941 0.4615604073488304 0.036722281418513116 0.15283658207507836 0.3004184635042912 0.14100515100997874 0.19310255551452024 0.13676831042033755 0.35264644594975353 0.4139326746020224 0.2092434260580816 -0.00038327802112319724 0.1367683099892592 0.19058854084753823 0.5936087194424022 0.14389641145451587 0.16470995682744768 0.1410051504024158 0.13676830968524395 0.7633744381298382
33 0.017183708224329845 0.07455379797671885 0.9285871455345884 0.3045213206423299 -0.009153131697486851 0.2748032257094096 0.012448707430910196 0.2098998255210087 0.03092571181502938 -0.030016299158738893 0.4665099813194813 0.5415189337338158 0.20989982520107858 0.4011457501555279 0.10089691454003161 0.2003133586075333 0.17573248961977134 0.2748032255948099 0.20989982526710924 -0.020438656668676565
62 0.3107813584824894 0.2963348982854395 0.050427778464030015 0.3033036785122476 0.4177250342105822 0.26382065044092456 0.3561010425805844 0.29911173948368364 0.34603962003736827 0.458895035601153 0.31550084990579963 0.0929015688224872 0.299111739090638 0.27878987830458374 0.29238874742835314 0.28062212124484404 0.48841672768704736 0.263820649887029 0.2991117391008992 0.30268161470364563
43 0.017183708224329845 0.07455379797671885 0.9285871455345884 0.3045213206423299 -0.009153131697486851 0.2748032257094096 0.012448707430910196 0.2098998255210087 0.03092571181502938 -0.030016299158738893 0.4665099813194813 0.5415189337338158 0.20989982520107858 0.4011457501555279 0.10089691454003161 0.2003133586075333 0.17573248961977134 0.2748032255948099 0.20989982526710924 -0.020438656668676565
61 0.3107813584824894 0.2963348982854395 0.050427778464030015 0.3033036785122476 0.4177250342105822 0.26382065044092456 0.3561010425805844 0.29911173948368364 0.34603962003736827 0.458895035601153 0.31550084990579963 0.0929015688224872 0.299111739090638 0.27878987830458374 0.29238874742835314 0.28062212124484404 0.48841672768704736 0.263820649887029 0.2991117391008992 0.30268161470364563
20 0.3117019390062419 0.24231240176157393 0.02688154145667009 0.2576780457821838 0.3852547200630027 0.30032469843302995 0.6243205788922089 0.34609590828164777 0.3850864336950055 0.4224793267081546 0.10913279231285088 0.042581296236236826 0.34609590803729273 0.21920254234484646 0.19397962126557847 0.3938455302438213 0.28549982289236975 0.3003246977564495 0.34609590775751387 0.19043599439312864
16 0.25473825468385325 0.40769234144274413 0.058112616465488987 0.3355895423700901 0.577052505103099 0.27842823574904874 0.29344061368090657 0.27230875888882566 0.37951182450074256 0.3959519688414586 0.2531313386396326 0.09151549618677011 0.2723087590343334 0.29351130168398 0.33909573108394464 0.23705948143962094 0.31997529221363974 0.27842823603068156 0.2723087597007297 0.33632973249053794
38 0.344950106959444 0.3443319327190292 0.017986493513557595 0.3043992598439283 0.3447798541141361 0.3086847589999829 0.3316836966513999 0.28769198661782064 0.38629301797347454 0.46370524036363486 0.3678104293645485 0.07160897967007966 0.28769198614579183 0.3094006413932138 0.3271287382500579 0.2338539630912026 0.3220734473057697 0.3086847580154762 0.28769198566115595 0.3673611936115229
53 0.18886716737159384 0.14971388293875584 0.21770645626894153 0.3109378661362731 0.2775888496789666 0.3529612338380534 0.4208899027908242 0.43458275626483817 0.2325201639807961 0.20942551662970674 0.16881638460463602 0.2808332802783228 0.43458275658682666 0.2478902494108012 0.13868159318003487 0.5100490316967577 0.4063661340825286 0.35296123314869277 0.43458275640741373 0.12894278189477631
1 0.24148805210123844 0.26158755625097324 0.2362184528090464 0.37196361549087437 0.2335564765345748 0.4135011563160606 0.3003246981498182 0.38765105921555953 0.3121782347090865 0.2287026474639877 0.2686795493625251 0.1955298986138175 0.38765105892194635 0.4014185372904198 0.23830154945863413 0.3763876606520728 0.3109067628673778 0.4135011554770321 0.3876510583170333 0.1585352927776069
6 0.3906140163418127 0.40197748826572677 0.03351470032637097 0.28174399179408594 0.3404004608836064 0.3121782350342929 0.385086433694859 0.27838532527443277 0.45381108943944454 0.4563106563038571 0.1760052142279536 0.035269569552934074 0.2783853246481542 0.32149358887597707 0.378082456009409 0.25824487888739817 0.2154720308480581 0.31217823419192836 0.27838532406812133 0.32856261440028073
2 0.4096486836971371 0.45009299394400554 0.036108794229561605 0.26910351892011153 0.29813659204452164 0.3026985975938952 0.3100271220135653 0.24225095635369132 0.4509324479074465 0.42859232593285135 0.2153883087386436 0.034190826053166506 0.24225095619992287 0.34001048566562025 0.4692990234460385 0.2102588035362859 0.15012044599685823 0.3026985967621049 0.24225095589006365 0.4175575288139003
63 0.32525685672193116 0.30235021925491407 0.03115487204409123 0.302896533514062 0.3903820320385685 0.2932225966038261 0.39648100463297753 0.31040188880591063 0.37333018063550394 0.4669415768091473 0.30025064972665766 0.07572396350949037 0.31040188855664685 0.2835689706373458 0.27863947023343344 0.2824709342962363 0.3978300648383253 0.2932225956877142 0.3104018881294527 0.2983359698731975
8 0.6282821774788401 0.39553994554754557 0.015654814108749558 0.22823818989581857 0.4683836700309249 0.24148805294428163 0.31170193900617754 0.21779677836977646 0.3906140163421258 0.42374998624396887 0.15039757073563687 0.015646513790083475 0.21779677817913456 0.2589427513287305 0.4014103000353362 0.20401416477696122 0.17495082545996948 0.24148805117120228 0.2177967766173122 0.4069060480494244
44 0.2589427513284733 0.3193825614965255 0.2600756509096606 0.38690509756772745 0.21916290590131352 0.40141853759523094 0.21920254234478712 0.3372027560230787 0.3214935888760508 0.21980401444796277 0.34515457221192714 0.18472710373389223 0.337202755465956 0.4776069456589001 0.334763707996195 0.2875665160066247 0.29866061005559874 0.4014185368389587 0.3372027553236803 0.19271769267706604
14 0.46838367003093145 0.31382063274589794 0.020109493544298855 0.2571586599415374 0.697899712047838 0.2335564767143375 0.3852547200629909 0.26119300537791823 0.3404004608837556 0.4027146989098688 0.15017291760389823 0.03706323187249677 0.2611930049889761 0.21916290590140305 0.27357831033213764 0.2652873229350574 0.30397127430215687 0.23355647607618538 0.26119300436526416 0.28057084378153924
23 0.01564651379014431 0.04525663581252819 0.769512789947605 0.21984010137547752 0.03706323187251756 0.19552989879058702 0.04258129623625356 0.24157808842646458 0.03526956955299319 -0.024705574532403282 0.2805886441656759 0.8930521963643203 0.24157808822057084 0.1847271037339164 0.05937116889984957 0.2534958075478058 0.34968964770326544 0.19552989842099952 0.24157808827886584 0.013350488081083347
36 0.31902681362230934 0.36546845137045214 0.0520738016344307 0.2905674871820027 0.3435764161205647 0.24042073887462032 0.1643079970982268 0.22349120157573663 0.30743552880182656 0.407500301581838 0.5027714850709329 0.11368509140400437 0.22349120127320227 0.3100217507554498 0.4263539398286634 0.17751380482068482 0.4436744402912209 0.24042073826267688 0.2234912009618602 0.48261180680802734
69 0.017183708224329845 0.07455379797671885 0.9285871455345884 0.3045213206423299 -0.009153131697486851 0.2748032257094096 0.012448707430910196 0.2098998255210087 0.03092571181502938 -0.030016299158738893 0.4665099813194813 0.5415189337338158 0.20989982520107858 0.4011457501555279 0.10089691454003161 0.2003133586075333 0.17573248961977134 0.2748032255948099 0.20989982526710924 -0.020438656668676565
59 0.14121702924390928 0.17923041756542382 0.3626354658094266 0.3235622053224364 0.2977782501860694 0.2457815649026762 0.18582037620611483 0.2974773679088737 0.17710708921946586 0.19162817026488532 0.5556694367924718 0.40656019401652177 0.29747736739038355 0.2897983552369975 0.1880344470775219 0.2887158706871432 0.6446509865828164 0.2457815643920564 0.2974773673686962 0.20450144401946618
25 0.2177967777846485 0.2108813982415474 0.23439652807342948 0.3521659900938382 0.2611930048852687 0.38765105913659176 0.34609590809748897 0.411053952388704 0.27838532479852934 0.2271862960668265 0.2255633049755449 0.2415780882396349 0.4110539517896734 0.3372027556298167 0.18895872162015953 0.42821146610276545 0.3771516697248846 0.3876510583002033 0.41105395119572247 0.14252634956279103
65 0.2589427513284733 0.3193825614965255 0.2600756509096606 0.38690509756772745 0.21916290590131352 0.40141853759523094 0.21920254234478712 0.3372027560230787 0.3214935888760508 0.21980401444796277 0.34515457221192714 0.18472710373389223 0.337202755465956 0.4776069456589001 0.334763707996195 0.2875665160066247 0.29866061005559874 0.4014185368389587 0.3372027553236803 0.19271769267706604
50 0.22823818989583033 0.35000406369603665 0.25930370081934295 0.5011465399155671 0.2571586599415459 0.3719636158000267 0.2576780457821802 0.3521659904376508 0.2817439917942142 0.2167857826407916 0.3012571699343639 0.21984010137545798 0.3521659900379801 0.38690509756779473 0.24126125124318057 0.32989474639605487 0.341748787266389 0.37196361503406244 0.3521659898037196 0.16348248895741904
11 0.2063832307408499 0.22534919446177648 0.2094808760727797 0.39436294860739957 0.2552789561789921 0.38333671134478725 0.3972543250176582 0.4248808421101486 0.25958676070788955 0.21352080166560325 0.19078008552676293 0.2266992098901698 0.4248808415425744 0.2809981075560107 0.14691658630409876 0.47820279006499455 0.31874421026210514 0.3833367107058104 0.42488084122780256 0.1311088756620162
32 0.3664643979741408 0.46115399485865965 0.1092990174465383 0.23711022598236436 0.3312628159144385 0.1695470912336733 0.10416747554422995 0.15831105550452845 0.3146932810475959 0.33174042287591227 0.3224122967001134 0.09800859822676888 0.15831105559494615 0.32064198257298016 0.6458885968333452 0.15502360759290412 0.37551987688720173 0.16954709090316447 0.1583110556058203 0.5690566147975429
12 0.6183369980549389 0.37403046057510536 0.00890279562098824 0.22891942355541833 0.4881811243490754 0.24703653345036614 0.3196044613919528 0.22639521425133252 0.3793648258001233 0.4061982600475615 0.17246138429910501 0.02026919530892436 0.22639521432245616 0.2557387010113715 0.39650985495968255 0.19673078874992886 0.15658403265189913 0.24703653169583759 0.22639521282482855 0.4251187824309535
0 0.3459187529762619 0.3079482884119343 0.030319210675483727 0.2759350615559636 0.3795423372477024 0.30864616477891127 0.5237726024931643 0.32431326095041335 0.4208085415298146 0.4515387208130852 0.13034362927331286 0.040121747125889395 0.32431326041408454 0.26648685893195856 0.2593363386044475 0.33929417752887325 0.27855949753539416 0.3086461641093781 0.3243132599945164 0.23115441515024637
9 0.3177458044278852 0.27976416695226936 0.015421705185148973 0.27458518914412733 0.3632630614303341 0.3127850499030789 0.6414436551638959 0.3435857397251449 0.393425508561651 0.41561468580581856 0.10488230417649848 0.031312043297835226 0.3435857393844678 0.21510559110032995 0.18015425306116972 0.3896061881582227 0.2129328189174472 0.3127850490772383 0.3435857388551103 0.19104186666353593
49 0.174950825460197 0.17348554140519115 0.29792431115919094 0.3417487872664967 0.3039712743022288 0.310906763154677 0.28549982289247877 0.3771516697720889 0.21547203084816902 0.22126997658222236 0.34542378461967055 0.3496896477033129 0.37715166961933844 0.29866061005570177 0.1760719211478106 0.3762476169777968 0.5612230252608791 0.3109067626330059 0.37715166935067834 0.16142153491678435
39 0.1503975707355855 0.23960790584638123 0.35546119564015255 0.3012571699343176 0.15017291760386775 0.26867954961433466 0.10913279231281896 0.2255633052230404 0.17600521422799822 0.1429270388490349 0.8911996711588036 0.2805886441656259 0.2255633049159212 0.34515457221192397 0.28828902248229216 0.1894527171951559 0.3454237846195732 0.26867954903177754 0.22556330454505244 0.2992647911644002
41 0.6409553604249356 0.24007758979773922 0.12867705803139748 0.3204813414185208 0.5149036945233006 0.3436420046709226 0.2403488774917465 0.31167089879167076 0.24111224189591673 0.14307230258533918 0.2546414220775011 0.1615661426269402 0.3116708984167394 0.37078873471776996 0.2766554606082966 0.2734795810311279 0.22014825254077194 0.343642002507832 0.31167089626442174 0.19433286425003188
30 0.2177967777846485 0.2108813982415474 0.23439652807342948 0.3521659900938382 0.2611930048852687 0.38765105913659176 0.34609590809748897 0.411053952388704 0.27838532479852934 0.2271862960668265 0.2255633049755449 0.2415780882396349 0.4110539517896734 0.3372027556298167 0.18895872162015953 0.42821146610276545 0.3771516697248846 0.3876510583002033 0.41105395119572247 0.14252634956279103
7 0.22102912157150423 0.27868429319727933 0.22075065210841582 0.4395479893512079 0.2462951486663564 0.39580851084042873 0.34878647827239945 0.4028588288646662 0.2808615699214967 0.21838285698055138 0.2293964481364356 0.20411503297880748 0.4028588288382239 0.32868738432693656 0.1780270812861093 0.4251742906532223 0.29630891968611145 0.39580851030357617 0.40285882832679676 0.1409218742070169
47 0.174950825460197 0.17348554140519115 0.29792431115919094 0.3417487872664967 0.3039712743022288 0.310906763154677 0.28549982289247877 0.3771516697720889 0.21547203084816902 0.22126997658222236 0.34542378461967055 0.3496896477033129 0.37715166961933844 0.29866061005570177 0.1760719211478106 0.3762476169777968 0.5612230252608791 0.3109067626330059 0.37715166935067834 0.16142153491678435
58 0.14121702924390928 0.17923041756542382 0.3626354658094266 0.3235622053224364 0.2977782501860694 0.2457815649026762 0.18582037620611483 0.2974773679088737 0.17710708921946586 0.19162817026488532 0.5556694367924718 0.40656019401652177 0.29747736739038355 0.2897983552369975 0.1880344470775219 0.2887158706871432 0.6446509865828164 0.2457815643920564 0.2974773673686962 0.20450144401946618
64 0.344950106959444 0.3443319327190292 0.017986493513557595 0.3043992598439283 0.3447798541141361 0.3086847589999829 0.3316836966513999 0.28769198661782064 0.38629301797347454 0.46370524036363486 0.3678104293645485 0.07160897967007966 0.28769198614579183 0.3094006413932138 0.3271287382500579 0.2338539630912026 0.3220734473057697 0.3086847580154762 0.28769198566115595 0.3673611936115229
4 0.4361847323939087 0.4157857033433869 -0.012929921978137427 0.20384144862772938 0.38688425913592445 0.23453558256650453 0.4551889937714581 0.22313195149465714 0.4809793607407777 0.5720461827541636 0.09349283073338144 -0.03126842134618159 0.22313195119329646 0.2171237422317022 0.36052486328354055 0.2223850228431698 0.15992229256245166 0.23453558190595897 0.22313195105190645 0.3974112798845399
24 0.1893470369312144 0.19574896696161004 0.2914193117056953 0.34436204768147566 0.3203583029494432 0.3068535965516969 0.28830451946812574 0.3706104813683587 0.22909910295425043 0.21833286530550647 0.25945623605308943 0.3504535720779238 0.3706104805226748 0.3223928220532062 0.20953815366432474 0.3808319273679964 0.5742063752014284 0.30685359595463096 0.37061048049282735 0.15269529215572478
52 0.44804537940228495 0.4701781176981537 0.013739692717067471 0.1817261002328858 0.3395499652033807 0.18868387967930314 0.2730391622337033 0.17082440221763853 0.4321725638249016 0.5092474671990803 0.1534125647479238 -0.01404972472601265 0.1708244017625202 0.21730202406197488 0.5073971816971196 0.1649853137758149 0.15381897397990943 0.1886838790917988 0.17082440170708527 0.6088193956538598
48 0.015654814108679024 0.05191480638337248 0.8504673024859988 0.2593037008192984 0.02010949354423638 0.23621845304159828 0.026881541456616916 0.23439652808233555 0.03351470032635593 -0.021144261119648577 0.3554611956401351 0.7695127899475711 0.2343965279314275 0.26007565090964097 0.06455995262335054 0.21984034953158993 0.29792431115913454 0.23621845250512416 0.23439652800784294 0.0027018967582509252
55 0.35258266482855577 0.31558198749061495 -0.050525140500018405 0.1792752539569474 0.5082473592322485 0.2023782445934261 0.6839736471916169 0.2331021121977637 0.4322083565102507 0.5930647488949661 0.07462189489243541 -0.07463119168009846 0.23310211190650507 0.1291457283183151 0.20182155990286016 0.24152853116275994 0.1693259205979635 0.20237824412529407 0.23310211156216898 0.27165174659183483
28 0.20401416477714185 0.1776747210085596 0.219840349531712 0.32989474639621147 0.2652873229352057 0.3763876608978966 0.39384553024398944 0.4282114665965745 0.2582448788876014 0.21833229866976933 0.1894527171952826 0.2534958075478897 0.4282114661996582 0.2875665160067614 0.15587552563983514 0.4795728945209264 0.3762476169777934 0.37638766021432024 0.42821146581775577 0.13293391868666968
3 0.2177967777846485 0.2108813982415474 0.23439652807342948 0.3521659900938382 0.2611930048852687 0.38765105913659176 0.34609590809748897 0.411053952388704 0.27838532479852934 0.2271862960668265 0.2255633049755449 0.2415780882396349 0.4110539517896734 0.3372027556298167 0.18895872162015953 0.42821146610276545 0.3771516697248846 0.3876510583002033 0.41105395119572247 0.14252634956279103
5 0.2177967777846485 0.2108813982415474 0.23439652807342948 0.3521659900938382 0.2611930048852687 0.38765105913659176 0.34609590809748897 0.411053952388704 0.27838532479852934 0.2271862960668265 0.2255633049755449 0.2415780882396349 0.4110539517896734 0.3372027556298167 0.18895872162015953 0.42821146610276545 0.3771516697248846 0.3876510583002033 0.41105395119572247 0.14252634956279103
40 0.34034580852444474 -0.015729708588792614 0.624684502948052 0.19185111943271135 0.42668141207933385 0.2233442663175261 -0.07223277491753428 0.12792451469748298 -0.04881525805013573 -0.27302478346773906 0.39505029310056267 0.4030510404612718 0.12792451461128176 0.33579282056823373 0.047127119562013056 0.21193350988895834 -0.10229950803197278 0.2233442659881583 0.12792451479384326 -0.047143543811512444
13 0.2813566736374367 -0.019215422837791114 0.5933172198854046 0.17009750071765767 0.47846168180607557 0.22878099276208397 -0.07697608690136122 0.12743279123360216 -0.01882093780000622 -0.27587877549697265 0.3532565011679894 0.46541110265493085 0.12743279098986784 0.2716327258993981 0.032461905355446935 0.22145897145412183 -0.08395988710477237 0.22878099296728158 0.1274327913917253 -0.029125674086380858
17 0.24148805210123844 0.26158755625097324 0.2362184528090464 0.37196361549087437 0.2335564765345748 0.4135011563160606 0.3003246981498182 0.38765105921555953 0.3121782347090865 0.2287026474639877 0.2686795493625251 0.1955298986138175 0.38765105892194635 0.4014185372904198 0.23830154945863413 0.3763876606520728 0.3109067628673778 0.4135011554770321 0.3876510583170333 0.1585352927776069
37 0.31902681362230934 0.36546845137045214 0.0520738016344307 0.2905674871820027 0.3435764161205647 0.24042073887462032 0.1643079970982268 0.22349120157573663 0.30743552880182656 0.407500301581838 0.5027714850709329 0.11368509140400437 0.22349120127320227 0.3100217507554498 0.4263539398286634 0.17751380482068482 0.4436744402912209 0.24042073826267688 0.2234912009618602 0.48261180680802734
56 0.34680812421413465 0.28137060070630776 -0.0061528096555865 0.22786132282425942 0.4967647774371328 0.19162560791408959 0.533792896249106 0.2644107822589528 0.3771950622603818 0.5611714062323991 0.14131460893052428 -0.034004511227439596 0.2644107821765524 0.17856301300698807 0.26372477632377883 0.29858254656838457 0.4348344619522399 0.1916256074053614 0.264410782188385 0.27359747834625125
21 0.44200519475190636 0.41116266943043156 0.0007394663228439849 0.1640842883858442 0.4525449559598466 0.15092315421438252 0.41585883730440787 0.1834254967393195 0.4492784770247692 0.6379356569991501 0.06058299295569793 -0.08023719963728868 0.18342549687278195 0.15341747610288448 0.37072496755433304 0.21032304425043585 0.24793730145427015 0.1509231536668745 0.18342549671975386 0.4455709240895827
42 0.39553994554753635 0.5762354591268669 0.051914806383409715 0.35000406369601567 0.3138206327458814 0.2615875565488731 0.2423124017615337 0.21088139840784262 0.40197748826587565 0.4003155708732109 0.2396079058464029 0.04525663581250479 0.2108813981120578 0.31938256149657285 0.47388665594266616 0.1776747210083829 0.17348554140505795 0.26158755594337285 0.21088139780418438 0.43508307534491325
29 0.015654814108679024 0.05191480638337248 0.8504673024859988 0.2593037008192984 0.02010949354423638 0.23621845304159828 0.026881541456616916 0.23439652808233555 0.03351470032635593 -0.021144261119648577 0.3554611956401351 0.7695127899475711 0.2343965279314275 0.26007565090964097 0.06455995262335054 0.21984034953158993 0.29792431115913454 0.23621845250512416 0.23439652800784294 0.0027018967582509252
66 0.2589427513284733 0.3193825614965255 0.2600756509096606 0.38690509756772745 0.21916290590131352 0.40141853759523094 0.21920254234478712 0.3372027560230787 0.3214935888760508 0.21980401444796277 0.34515457221192714 0.18472710373389223 0.337202755465956 0.4776069456589001 0.334763707996195 0.2875665160066247 0.29866061005559874 0.4014185368389587 0.3372027553236803 0.19271769267706604
67 0.40141030003548056 0.4738866559427316 0.0645599526234336 0.24126125124324363 0.27357831033220936 0.23830154980070256 0.19397962126561888 0.18895872176659478 0.37808245600958024 0.3583103760677952 0.28828902248238486 0.05937116889984033 0.18895872165022068 0.33476370799632066 0.6170291225464356 0.15587552563977988 0.17607192114773623 0.23830154896440428 0.18895872130927316 0.5591987547283591
45 0.20401416477714185 0.1776747210085596 0.219840349531712 0.32989474639621147 0.2652873229352057 0.3763876608978966 0.39384553024398944 0.4282114665965745 0.2582448788876014 0.21833229866976933 0.1894527171952826 0.2534958075478897 0.4282114661996582 0.2875665160067614 0.15587552563983514 0.4795728945209264 0.3762476169777934 0.37638766021432024 0.42821146581775577 0.13293391868666968
46 0.40690604804938424 0.4350830753449193 0.0027018967582854714 0.16348248895740855 0.28057084378152614 0.15853529297704227 0.19043599439310555 0.14252634996188718 0.32856261440042545 0.4137376585687953 0.2992647911644355 0.013350488081045775 0.1425263494167055 0.19271769267711747 0.559198754728282 0.13293391868654147 0.16142153491667344 0.15853529240828124 0.1425263493035942 0.7935746645782089
51 0.22343060756540323 0.24947752829891415 0.27708610088482205 0.37379333405519716 0.27823216998246325 0.3618326694110919 0.2579758553608603 0.366925267731311 0.27820877044252074 0.2300952855348619 0.29237332108693365 0.2727871690895567 0.3669252675245484 0.3968287252718197 0.25402977261269644 0.3383354641209727 0.4558646704554579 0.3618326687383313 0.36692526711525514 0.16462702740045443
22 0.01564651379014431 0.04525663581252819 0.769512789947605 0.21984010137547752 0.03706323187251756 0.19552989879058702 0.04258129623625356 0.24157808842646458 0.03526956955299319 -0.024705574532403282 0.2805886441656759 0.8930521963643203 0.24157808822057084 0.1847271037339164 0.05937116889984957 0.2534958075478058 0.34968964770326544 0.19552989842099952 0.24157808827886584 0.013350488081083347
54 0.015654814108679024 0.05191480638337248 0.8504673024859988 0.2593037008192984 0.02010949354423638 0.23621845304159828 0.026881541456616916 0.23439652808233555 0.03351470032635593 -0.021144261119648577 0.3554611956401351 0.7695127899475711 0.2343965279314275 0.26007565090964097 0.06455995262335054 0.21984034953158993 0.29792431115913454 0.23621845250512416 0.23439652800784294 0.0027018967582509252
10 0.4361847323939087 0.4157857033433869 -0.012929921978137427 0.20384144862772938 0.38688425913592445 0.23453558256650453 0.4551889937714581 0.22313195149465714 0.4809793607407777 0.5720461827541636 0.09349283073338144 -0.03126842134618159 0.22313195119329646 0.2171237422317022 0.36052486328354055 0.2223850228431698 0.15992229256245166 0.23453558190595897 0.22313195105190645 0.3974112798845399
60 0.29932649116469234 0.3256335762429699 -0.0284460903869513 0.23527219339752023 0.5821696296673954 0.22945012396130268 0.5049905385103186 0.2607482457029151 0.40713676831933954 0.5453263555324971 0.15915169474428165 -0.015918901241414426 0.26074824514250716 0.1903191800326976 0.25304123755427105 0.26524971424892063 0.2961273827505419 0.22945012381191088 0.2607482454351615 0.3044937384105236
34 0.017183708224329845 0.07455379797671885 0.9285871455345884 0.3045213206423299 -0.009153131697486851 0.2748032257094096 0.012448707430910196 0.2098998255210087 0.03092571181502938 -0.030016299158738893 0.4665099813194813 0.5415189337338158 0.20989982520107858 0.4011457501555279 0.10089691454003161 0.2003133586075333 0.17573248961977134 0.2748032255948099 0.20989982526710924 -0.020438656668676565
68 0.2177967777846485 0.2108813982415474 0.23439652807342948 0.3521659900938382 0.2611930048852687 0.38765105913659176 0.34609590809748897 0.411053952388704 0.27838532479852934 0.2271862960668265 0.2255633049755449 0.2415780882396349 0.4110539517896734 0.3372027556298167 0.18895872162015953 0.42821146610276545 0.3771516697248846 0.3876510583002033 0.41105395119572247 0.14252634956279103
35 0.344950106959444 0.3443319327190292 0.017986493513557595 0.3043992598439283 0.3447798541141361 0.3086847589999829 0.3316836966513999 0.28769198661782064 0.38629301797347454 0.46370524036363486 0.3678104293645485 0.07160897967007966 0.28769198614579183 0.3094006413932138 0.3271287382500579 0.2338539630912026 0.3220734473057697 0.3086847580154762 0.28769198566115595 0.3673611936115229
27 0.015654814108679024 0.05191480638337248 0.8504673024859988 0.2593037008192984 0.02010949354423638 0.23621845304159828 0.026881541456616916 0.23439652808233555 0.03351470032635593 -0.021144261119648577 0.3554611956401351 0.7695127899475711 0.2343965279314275 0.26007565090964097 0.06455995262335054 0.21984034953158993 0.29792431115913454 0.23621845250512416 0.23439652800784294 0.0027018967582509252
31 0.3459187529762619 0.3079482884119343 0.030319210675483727 0.2759350615559636 0.3795423372477024 0.30864616477891127 0.5237726024931643 0.32431326095041335 0.4208085415298146 0.4515387208130852 0.13034362927331286 0.040121747125889395 0.32431326041408454 0.26648685893195856 0.2593363386044475 0.33929417752887325 0.27855949753539416 0.3086461641093781 0.3243132599945164 0.23115441515024637
19 0.4237499862440922 0.4003155708732619 -0.021144261119570424 0.2167857826408216 0.4027146989099136 0.22870264780945362 0.42247932670816185 0.22718629640328938 0.45631065630398476 0.5821128683384044 0.1429270388490825 -0.02470557453244544 0.22718629609638033 0.2198040144480735 0.35831037606778615 0.2183322986696736 0.22126997658212996 0.2287026471093431 0.22718629586182643 0.4137376585688659
