id,x_0,x_1,x_2,x_3,x_4,x_5,x_6,x_7,x_8,x_9,x_10,x_11,x_12,x_13,x_14,x_15,x_16,x_17,x_18
0.0,0.46444974205403833,2.220446049250313e-16,0.017784459388071272,0.6054005762538397,0.5679457249162752,2.220446049250313e-16,0.003972229816093308,2.220446049250313e-16,0.8018800204232356,0.007476039070642494,0.7631308637557198,2.220446049250313e-16,0.05934493003085876,0.10950065328096231,0.5657950724787769,2.220446049250313e-16,2.220446049250313e-16,0.7115971043211295,0.09669585785922429
1.0,2.220446049250313e-16,0.8017963619252017,2.220446049250313e-16,0.394600677878868,0.5152572661109701,0.6544419060482045,0.766371691247802,5.551115123125783e-17,2.220446049250313e-16,0.5684338546991577,2.220446049250313e-16,0.6567473829093444,0.1927029786640784,2.220446049250313e-16,0.018354213846951708,0.020098141755104812,0.03802277219842047,0.4831703837219179,2.220446049250313e-16
2.0,1.1484827510454956,0.007168022549430386,2.220446049250313e-16,8.326672684688674e-17,2.220446049250313e-16,0.7666943348947679,2.220446049250313e-16,0.1445766099423963,0.8314591050275265,0.060921552096204465,2.220446049250313e-16,2.220446049250313e-16,0.11330803434408046,2.220446049250313e-16,0.36851877516156656,0.8610737806131877,2.220446049250313e-16,2.220446049250313e-16,0.03288422242492302
3.0,2.220446049250313e-16,0.8196783986547919,0.3573204505487034,0.6130297603061733,2.220446049250313e-16,0.5507347696669047,0.7751469222541998,2.220446049250313e-16,2.220446049250313e-16,2.220446049250313e-16,0.20147966048345667,0.4969582079984339,0.9968763381872074,0.03813948725450687,2.220446049250313e-16,2.220446049250313e-16,0.035638878716119725,0.14259686929657375,2.220446049250313e-16
4.0,0.2371028661361332,2.220446049250313e-16,2.220446049250313e-16,0.6001066323355573,2.220446049250313e-16,2.220446049250313e-16,0.009458664752307295,2.220446049250313e-16,2.220446049250313e-16,0.01424860722248574,2.220446049250313e-16,2.220446049250313e-16,2.220446049250313e-16,0.6321931930888559,0.9293317781562339,0.027536393586879527,2.220446049250313e-16,0.5758926877784669,1.0124223126488128
5.0,0.15560610517595908,0.15145792229549593,0.2619968142982866,2.220446049250313e-16,0.1666601312282866,2.220446049250313e-16,0.3901499201003718,2.220446049250313e-16,0.44748748826821794,2.220446049250313e-16,2.220446049250313e-16,2.220446049250313e-16,0.7067857038860218,1.325202951770653,2.220446049250313e-16,2.220446049250313e-16,2.220446049250313e-16,2.220446049250313e-16,0.046895416891191026
6.0,1.1144053106361285,2.220446049250313e-16,2.220446049250313e-16,2.220446049250313e-16,2.220446049250313e-16,0.09927218079390654,2.220446049250313e-16,0.5393361541152257,2.220446049250313e-16,0.7997801181648602,0.44353563981367133,2.220446049250313e-16,2.220446049250313e-16,2.220446049250313e-16,0.507388374248343,0.3848190902381547,2.220446049250313e-16,2.220446049250313e-16,0.7688627291368212
7.0,2.220446049250313e-16,0.8540678414809871,2.220446049250313e-16,0.6875000274722111,0.9847151531710174,0.6779176320766441,0.789747617815283,2.220446049250313e-16,0.009054654338746412,0.3143591674447923,0.008148119669170605,0.6531783546129994,2.220446049250313e-16,0.07925917254432847,2.220446049250313e-16,2.220446049250313e-16,0.06308020399186418,2.220446049250313e-16,2.220446049250313e-16
8.0,0.5962381807805051,2.220446049250313e-16,2.220446049250313e-16,0.6002522002335117,0.32746159534678937,2.220446049250313e-16,0.001304301059603211,0.5843859051021951,0.8826519643896595,0.0009034092941328153,0.7744154264997456,2.220446049250313e-16,0.04485748958586982,0.11829753338648126,2.220446049250313e-16,2.220446049250313e-16,2.220446049250313e-16,1.0831331448612145,2.220446049250313e-16
9.0,0.3486300202738533,2.220446049250313e-16,2.220446049250313e-16,0.30849003911106887,0.3116871710155119,2.220446049250313e-16,0.0003184122082958153,2.220446049250313e-16,0.884830083910176,0.26265277239703017,0.7721328374046117,2.220446049250313e-16,0.025045895498921503,0.38017846730100824,2.220446049250313e-16,2.220446049250313e-16,2.220446049250313e-16,1.0841199219299231,0.15097692808570354
10.0,1.2336106999005556,2.220446049250313e-16,2.220446049250313e-16,2.220446049250313e-16,2.220446049250313e-16,0.42442800166297256,2.220446049250313e-16,0.1371755366650917,0.44797257078939895,0.6304129111421801,0.4322044686964105,0.05276094567436898,2.220446049250313e-16,2.220446049250313e-16,0.3346283488381642,0.37328192898888335,2.220446049250313e-16,2.220446049250313e-16,0.37233889279301285
11.0,2.220446049250313e-16,0.8520942174099716,2.220446049250313e-16,2.220446049250313e-16,0.9713560114720182,0.6338967617051652,0.8067625361237466,2.220446049250313e-16,0.010452197125193491,0.8287793739872329,0.004540315043016204,0.6414351065505944,2.220446049250313e-16,0.05613984861096641,2.220446049250313e-16,0.0023295633023285582,0.028355283906373492,0.12528793957197473,2.220446049250313e-16
12.0,1.1826758185029929,0.00333844923422566,2.220446049250313e-16,2.220446049250313e-16,2.220446049250313e-16,2.220446049250313e-16,2.220446049250313e-16,0.5334006765406198,2.220446049250313e-16,0.6858825479224634,0.6859040928046413,2.220446049250313e-16,2.220446049250313e-16,2.220446049250313e-16,0.2404361331365606,0.38111815329414644,2.220446049250313e-16,2.220446049250313e-16,0.7785774601686614
13.0,2.220446049250313e-16,0.8520942174099716,2.220446049250313e-16,2.220446049250313e-16,0.9713560114720182,0.6338967617051652,0.8067625361237466,2.220446049250313e-16,0.010452197125193491,0.8287793739872329,0.004540315043016204,0.6414351065505944,2.220446049250313e-16,0.05613984861096641,2.220446049250313e-16,0.0023295633023285582,0.028355283906373492,0.12528793957197473,2.220446049250313e-16
14.0,1.3478607997761327,2.220446049250313e-16,2.220446049250313e-16,2.220446049250313e-16,2.220446049250313e-16,0.405428702879829,2.220446049250313e-16,0.12724256667707826,0.8161654983408376,0.8558495530681899,0.4509074806092913,0.05038860582787683,2.220446049250313e-16,0.04691871179019209,0.0914946745386569,0.2027261553870752,2.220446049250313e-16,2.220446049250313e-16,0.039526334586018765
15.0,2.220446049250313e-16,0.9614449141224618,2.220446049250313e-16,2.220446049250313e-16,0.8478471256283734,0.6287306489271202,0.8076721812549725,2.220446049250313e-16,2.220446049250313e-16,0.8287372184693333,2.220446049250313e-16,0.6417215508434104,2.220446049250313e-16,0.06315187225109882,2.220446049250313e-16,0.0023121356355847106,0.030378107073979758,0.13552071066519294,2.220446049250313e-16
16.0,1.1484800098687111,2.220446049250313e-16,2.220446049250313e-16,1.1102230246251565e-16,2.220446049250313e-16,0.09272714147288154,2.220446049250313e-16,0.5363736799887578,0.36555756405084106,0.8800360365537148,0.4396363475295996,0.04950080281465606,2.220446049250313e-16,2.220446049250313e-16,0.5349822587847077,0.21445176277210135,2.220446049250313e-16,2.220446049250313e-16,0.4307969633089504
17.0,2.220446049250313e-16,0.645618469720245,2.220446049250313e-16,0.27508562523012325,0.28483426346514207,0.666419141690041,0.784333542566136,2.445960101127298e-16,2.220446049250313e-16,0.4721667228730004,2.220446049250313e-16,0.6154104384279362,0.40821578704166817,2.220446049250313e-16,0.009015003585699713,0.017154150661818017,0.0750244907260026,0.8046678617407701,2.220446049250313e-16
18.0,0.5746635397328664,2.220446049250313e-16,2.220446049250313e-16,2.220446049250313e-16,0.21932406118391068,2.220446049250313e-16,0.7899555601836593,0.586261616915679,0.0004907500285418204,0.5002548630460478,0.7547422945294837,2.220446049250313e-16,0.3374479062019325,0.06990431720141921,0.9459970560048759,2.220446049250313e-16,2.220446049250313e-16,0.3401042670242945,2.220446049250313e-16
19.0,0.49462749135088335,0.051194545408682623,2.220446049250313e-16,0.6663825188569088,2.220446049250313e-16,2.220446049250313e-16,2.220446049250313e-16,0.5932199974107785,2.220446049250313e-16,2.220446049250313e-16,2.220446049250313e-16,2.220446049250313e-16,0.193609415026853,0.6545984570886979,0.9536519478768003,2.220446049250313e-16,0.4564943031860294,0.1279119609231248,2.220446049250313e-16
20.0,0.16509458128654467,0.03953429143703446,0.8545143028408134,2.220446049250313e-16,2.220446049250313e-16,2.220446049250313e-16,0.38472449986940277,2.220446049250313e-16,0.4522824454177655,2.220446049250313e-16,2.220446049250313e-16,2.220446049250313e-16,0.009371782956740916,1.2581513099162742,2.220446049250313e-16,2.220446049250313e-16,0.05329393151088995,2.220446049250313e-16,0.045696534589472745
21.0,2.220446049250313e-16,0.05608425198357712,0.17231993058344974,2.220446049250313e-16,0.7760301307433582,2.220446049250313e-16,0.016574885256261124,2.220446049250313e-16,2.220446049250313e-16,2.220446049250313e-16,2.220446049250313e-16,2.220446049250313e-16,0.2432936291620151,1.0551555734958538,0.6309220743221898,2.220446049250313e-16,2.220446049250313e-16,2.220446049250313e-16,0.834588682374529
22.0,0.14608883523795865,2.220446049250313e-16,1.1174869965346201,2.220446049250313e-16,2.220446049250313e-16,2.220446049250313e-16,2.570323175104194e-05,2.220446049250313e-16,0.45744447920437337,2.220446049250313e-16,2.220446049250313e-16,2.220446049250313e-16,2.220446049250313e-16,1.1086268282657004,2.220446049250313e-16,2.220446049250313e-16,0.009778668426844068,2.220446049250313e-16,0.3965181368850855
23.0,2.220446049250313e-16,0.493811779447573,0.44284459320082975,2.220446049250313e-16,0.03336690837605327,2.220446049250313e-16,2.220446049250313e-16,0.391796831726861,0.4110594926708392,0.04682266395943112,0.4840853155202599,0.6046923466092123,1.0153830062331681,0.014400312001210268,2.220446049250313e-16,0.01121876842578059,0.020813826850917674,0.3329347205262038,0.3301432249321992
24.0,2.220446049250313e-16,0.7473315319011986,0.9889802866895667,2.220446049250313e-16,2.220446049250313e-16,2.220446049250313e-16,2.220446049250313e-16,0.24442636683810143,0.35247668355464146,2.220446049250313e-16,0.2323076622846658,0.4978587770347748,0.003991572083718116,0.5708684667654887,2.220446049250313e-16,2.220446049250313e-16,2.220446049250313e-16,0.09645308722352591,0.33675371101138946
25.0,0.41699905670227533,0.14428748573639794,2.220446049250313e-16,2.220446049250313e-16,0.09698317171811083,2.220446049250313e-16,0.7744940957189249,2.220446049250313e-16,0.003928122650351911,2.220446049250313e-16,2.220446049250313e-16,0.6032610584937661,2.220446049250313e-16,2.220446049250313e-16,0.20922738716777364,1.1070556353400396,0.4082157073881886,0.07282784516979414,0.04444226536530712
26.0,0.27950795065480444,0.24668844860047845,2.220446049250313e-16,2.220446049250313e-16,2.220446049250313e-16,2.220446049250313e-16,2.220446049250313e-16,2.220446049250313e-16,2.220446049250313e-16,0.023063820694049032,2.220446049250313e-16,0.6639421041811296,2.220446049250313e-16,2.220446049250313e-16,0.0010316147501925198,0.8508874476209525,0.8600921708525122,0.4288944627496912,0.06955836861554693
27.0,1.0495891106863662,0.18315437665255385,2.220446049250313e-16,2.220446049250313e-16,2.220446049250313e-16,2.220446049250313e-16,2.220446049250313e-16,2.220446049250313e-16,0.8375395150054611,2.220446049250313e-16,2.220446049250313e-16,0.0754604479222786,2.220446049250313e-16,2.220446049250313e-16,0.38482086327798476,1.0689165943668932,0.1702472315289165,2.220446049250313e-16,0.037914598952933254
28.0,2.220446049250313e-16,2.220446049250313e-16,2.220446049250313e-16,2.220446049250313e-16,0.6999372254826711,2.220446049250313e-16,2.220446049250313e-16,2.220446049250313e-16,2.220446049250313e-16,2.220446049250313e-16,2.220446049250313e-16,0.5493986892375571,2.220446049250313e-16,2.220446049250313e-16,2.220446049250313e-16,0.9301481288892944,1.004304170592722,0.3310482654381842,2.220446049250313e-16
29.0,2.220446049250313e-16,2.220446049250313e-16,2.220446049250313e-16,2.220446049250313e-16,0.6999372254826711,2.220446049250313e-16,2.220446049250313e-16,2.220446049250313e-16,2.220446049250313e-16,2.220446049250313e-16,2.220446049250313e-16,0.5493986892375571,2.220446049250313e-16,2.220446049250313e-16,2.220446049250313e-16,0.9301481288892944,1.004304170592722,0.3310482654381842,2.220446049250313e-16
30.0,2.220446049250313e-16,0.31227216678320263,0.9368163472020553,0.5948503901348609,2.220446049250313e-16,0.2951871466546186,2.220446049250313e-16,2.220446049250313e-16,2.220446049250313e-16,2.220446049250313e-16,0.733280338646822,0.4541006288735418,0.019469623126290792,0.11219179965160739,0.0021769328453130287,2.220446049250313e-16,0.6868882344540419,2.220446049250313e-16,2.220446049250313e-16
31.0,0.40321861123467073,0.010230831932128925,2.220446049250313e-16,2.220446049250313e-16,2.220446049250313e-16,0.6027948788375918,2.220446049250313e-16,2.220446049250313e-16,2.220446049250313e-16,2.220446049250313e-16,2.220446049250313e-16,2.220446049250313e-16,0.11137505030364629,0.03708060581717648,0.9344317630607764,1.0490063414381157,2.220446049250313e-16,2.220446049250313e-16,0.9671365118164162
32.0,2.220446049250313e-16,2.220446049250313e-16,0.5418567943411375,0.035939125394327975,0.045383564326044235,2.220446049250313e-16,0.010689149246131235,2.220446049250313e-16,2.220446049250313e-16,0.2513760022826713,2.220446049250313e-16,0.6334018994637767,2.220446049250313e-16,2.220446049250313e-16,2.220446049250313e-16,0.2150120130815473,1.2946166930174074,2.220446049250313e-16,2.220446049250313e-16
33.0,2.220446049250313e-16,2.220446049250313e-16,0.5418567943411375,0.035939125394327975,0.045383564326044235,2.220446049250313e-16,0.010689149246131235,2.220446049250313e-16,2.220446049250313e-16,0.2513760022826713,2.220446049250313e-16,0.6334018994637767,2.220446049250313e-16,2.220446049250313e-16,2.220446049250313e-16,0.2150120130815473,1.2946166930174074,2.220446049250313e-16,2.220446049250313e-16
34.0,2.220446049250313e-16,2.220446049250313e-16,0.5418567943411375,0.035939125394327975,0.045383564326044235,2.220446049250313e-16,0.010689149246131237,2.220446049250313e-16,2.220446049250313e-16,0.2513760022826713,2.220446049250313e-16,0.6334018994637768,2.220446049250313e-16,2.220446049250313e-16,2.220446049250313e-16,0.21501201308154733,1.2946166930174074,2.220446049250313e-16,2.220446049250313e-16
35.0,2.220446049250313e-16,0.16867033505891163,0.13142106909311901,0.045630767586277945,0.011311996393740843,0.708620615184306,0.012509148744797964,2.220446049250313e-16,2.220446049250313e-16,0.5139511184772595,2.220446049250313e-16,0.4314282710910236,0.9042165718554321,0.07587167502596474,0.002550802357888076,2.220446049250313e-16,0.9256466768421413,0.006947272838447176,2.220446049250313e-16
36.0,0.4435636267475236,0.005943049925533295,2.220446049250313e-16,2.220446049250313e-16,2.220446049250313e-16,0.7373844904975994,2.220446049250313e-16,2.220446049250313e-16,2.220446049250313e-16,0.06435943591890723,0.2077189354265062,2.220446049250313e-16,2.220446049250313e-16,0.03627577559774449,0.9289945458913407,0.9270696709871538,2.220446049250313e-16,2.220446049250313e-16,0.966257418423204
37.0,2.220446049250313e-16,2.220446049250313e-16,0.8407584578299624,2.220446049250313e-16,2.220446049250313e-16,2.220446049250313e-16,2.220446049250313e-16,2.220446049250313e-16,0.001692676124375847,0.4358550502725242,2.220446049250313e-16,0.5589578054808032,0.02040444286351458,2.220446049250313e-16,2.220446049250313e-16,0.2848787032639426,1.117496849867822,2.220446049250313e-16,2.220446049250313e-16
38.0,2.220446049250313e-16,0.9853530931981833,2.220446049250313e-16,2.220446049250313e-16,0.56965025230004,0.6465820782551893,0.7848323157597742,1.6653345369377348e-16,2.220446049250313e-16,0.5372069883804187,0.012172177670945326,0.5782993171485444,0.2970972107496305,0.06706279630043421,0.01622438550269747,0.0002397521733496508,2.220446049250313e-16,0.5122304318404265,2.220446049250313e-16
39.0,2.220446049250313e-16,2.220446049250313e-16,0.8407584578299624,2.220446049250313e-16,2.220446049250313e-16,2.220446049250313e-16,2.220446049250313e-16,2.220446049250313e-16,0.001692676124375847,0.4358550502725242,2.220446049250313e-16,0.5589578054808032,0.02040444286351458,2.220446049250313e-16,2.220446049250313e-16,0.2848787032639426,1.117496849867822,2.220446049250313e-16,2.220446049250313e-16
40.0,0.1926195550481361,0.05586299217087598,0.22061312436374686,2.220446049250313e-16,0.2942237702685768,2.220446049250313e-16,0.0005497388112143922,0.6194767426626782,0.8596916485945031,2.220446049250313e-16,2.220446049250313e-16,2.220446049250313e-16,0.7140510367074556,1.1734158896585807,2.220446049250313e-16,2.220446049250313e-16,2.220446049250313e-16,2.220446049250313e-16,2.220446049250313e-16
41.0,0.5306531875535562,2.220446049250313e-16,0.048648896536094166,0.26832094769523196,0.21459193885267003,2.220446049250313e-16,2.220446049250313e-16,2.220446049250313e-16,0.003173047879630324,0.0013944155429237888,0.48645535198298184,2.220446049250313e-16,0.06101446757938643,0.3664955557157205,2.220446049250313e-16,2.220446049250313e-16,2.220446049250313e-16,1.0976466932267877,0.9284053190561663
42.0,2.220446049250313e-16,2.220446049250313e-16,0.06283628496551608,2.220446049250313e-16,0.5388168392967625,2.220446049250313e-16,0.0016939531943509034,2.220446049250313e-16,2.220446049250313e-16,0.006009675963475702,2.220446049250313e-16,2.220446049250313e-16,2.220446049250313e-16,0.9113106301830246,0.6441794086709655,2.220446049250313e-16,2.220446049250313e-16,0.8224160574126393,0.8464512297639718
43.0,2.220446049250313e-16,0.946080024008548,0.48839179820226,2.220446049250313e-16,2.220446049250313e-16,2.220446049250313e-16,2.220446049250313e-16,1.1102230246251565e-16,0.7484971652109076,0.05171005234570367,0.4710311778272863,0.5703843430050838,1.017135252213554,0.19463148229982188,2.220446049250313e-16,2.220446049250313e-16,2.220446049250313e-16,0.015266106785996497,0.03192150293107984
44.0,0.1123648941623584,0.03849949578537171,2.220446049250313e-16,0.05385431509010919,0.7511127790498323,2.220446049250313e-16,0.015800380717153558,2.220446049250313e-16,0.46442720042520996,2.220446049250313e-16,2.220446049250313e-16,2.220446049250313e-16,0.19620953770698993,1.3428676694942057,2.220446049250313e-16,2.220446049250313e-16,0.05907144521806647,2.220446049250313e-16,0.3929161761644454
45.0,2.220446049250313e-16,0.34440892303156617,0.07585263101915818,0.04523587670806088,0.0062326882047778615,0.4069519052354487,0.012698074826760716,2.220446049250313e-16,2.220446049250313e-16,0.31007300654591863,2.220446049250313e-16,0.4538349585659707,0.9145533658489836,0.06942675725118205,0.0026836101586892635,2.220446049250313e-16,0.941530344586085,0.00820302540801318,2.220446049250313e-16
46.0,0.40321861123467073,0.010230831932128925,2.220446049250313e-16,2.220446049250313e-16,2.220446049250313e-16,0.6027948788375918,2.220446049250313e-16,2.220446049250313e-16,2.220446049250313e-16,2.220446049250313e-16,2.220446049250313e-16,2.220446049250313e-16,0.11137505030364629,0.03708060581717648,0.9344317630607764,1.0490063414381157,2.220446049250313e-16,2.220446049250313e-16,0.9671365118164162
47.0,2.220446049250313e-16,2.220446049250313e-16,0.5464052972492384,0.03656717487343619,0.046134525947931826,2.220446049250313e-16,0.011383267498652575,2.220446049250313e-16,2.220446049250313e-16,0.02768740918102833,2.220446049250313e-16,0.6367126906630517,2.220446049250313e-16,2.220446049250313e-16,2.220446049250313e-16,0.3864296704096914,1.273201140590464,2.220446049250313e-16,2.220446049250313e-16
48.0,2.220446049250313e-16,2.220446049250313e-16,0.5464052972492384,0.03656717487343619,0.046134525947931826,2.220446049250313e-16,0.011383267498652575,2.220446049250313e-16,2.220446049250313e-16,0.02768740918102833,2.220446049250313e-16,0.6367126906630517,2.220446049250313e-16,2.220446049250313e-16,2.220446049250313e-16,0.3864296704096914,1.273201140590464,2.220446049250313e-16,2.220446049250313e-16
49.0,2.220446049250313e-16,2.220446049250313e-16,0.5464052972492384,0.03656717487343619,0.046134525947931826,2.220446049250313e-16,0.011383267498652575,2.220446049250313e-16,2.220446049250313e-16,0.02768740918102833,2.220446049250313e-16,0.6367126906630517,2.220446049250313e-16,2.220446049250313e-16,2.220446049250313e-16,0.3864296704096914,1.273201140590464,2.220446049250313e-16,2.220446049250313e-16
50.0,0.14120756641312002,0.14559567935119833,0.8891174445147044,2.220446049250313e-16,2.220446049250313e-16,2.220446049250313e-16,2.220446049250313e-16,2.220446049250313e-16,0.8312681445877381,2.220446049250313e-16,2.220446049250313e-16,2.220446049250313e-16,0.013214947344838341,1.2575368687080228,2.220446049250313e-16,2.220446049250313e-16,2.220446049250313e-16,2.220446049250313e-16,0.047821816499846626
51.0,2.220446049250313e-16,2.220446049250313e-16,0.05431874321547689,0.050643685911702985,0.2289036346576231,2.220446049250313e-16,2.220446049250313e-16,2.220446049250313e-16,2.220446049250313e-16,2.220446049250313e-16,2.220446049250313e-16,2.220446049250313e-16,2.220446049250313e-16,0.9311021222049074,0.6312648779049997,2.220446049250313e-16,0.0328470064279769,0.7091037211625536,0.9927977937400223
52.0,2.220446049250313e-16,2.220446049250313e-16,1.128972332532313,2.220446049250313e-16,2.220446049250313e-16,2.220446049250313e-16,0.3827193242118173,1.1102230246251565e-16,0.37337915706073366,0.1657245092374894,0.2100409781609125,0.5980048810482688,0.06996402174253749,0.08088738042336123,2.220446049250313e-16,0.1368896238995169,0.5114567831176221,2.220446049250313e-16,0.03264681206700799
53.0,2.220446049250313e-16,0.4303017254770787,1.2762891017907245,2.220446049250313e-16,2.220446049250313e-16,2.220446049250313e-16,2.220446049250313e-16,0.24442636683810204,2.220446049250313e-16,2.220446049250313e-16,0.5104578926376128,0.4802433647437231,2.220446049250313e-16,0.2909964807242811,2.220446049250313e-16,2.220446049250313e-16,0.050293024810910074,0.08208960029304725,0.6932573369467496
54.0,2.220446049250313e-16,0.7827391916904046,1.2154466035091258,2.220446049250313e-16,2.220446049250313e-16,2.220446049250313e-16,0.38709585058515955,0.391796831726861,0.3647173593698438,2.220446049250313e-16,0.5108723032345054,0.49724710346989714,2.220446049250313e-16,0.23529560398761362,2.220446049250313e-16,2.220446049250313e-16,2.220446049250313e-16,0.071529130464498,2.220446049250313e-16
55.0,0.25485951888350283,0.052214538455332526,2.220446049250313e-16,0.674307030558976,0.9302089939449417,2.220446049250313e-16,0.7907712198666782,0.6140655640859868,0.08813092903660852,2.220446049250313e-16,0.0001184596368908873,2.220446049250313e-16,2.220446049250313e-16,1.0782568064499283,2.220446049250313e-16,2.220446049250313e-16,0.04823640254809084,2.220446049250313e-16,2.220446049250313e-16
56.0,0.7702626775678011,2.220446049250313e-16,2.220446049250313e-16,0.6011281168352068,0.06193513182109767,2.220446049250313e-16,0.002034885810396758,0.569256114356718,0.09002297534254347,0.002755361171153585,0.7408116836490973,2.220446049250313e-16,0.05348135442571289,0.07592342782111063,2.220446049250313e-16,2.220446049250313e-16,2.220446049250313e-16,1.0611256552592623,0.7776943680958055
57.0,0.7702626775678011,2.220446049250313e-16,2.220446049250313e-16,0.6011281168352068,0.06193513182109767,2.220446049250313e-16,0.002034885810396758,0.569256114356718,0.09002297534254347,0.002755361171153585,0.7408116836490973,2.220446049250313e-16,0.05348135442571289,0.07592342782111063,2.220446049250313e-16,2.220446049250313e-16,2.220446049250313e-16,1.0611256552592623,0.7776943680958055
58.0,2.220446049250313e-16,0.8706406137361733,2.220446049250313e-16,0.6885564833409694,0.9838030447121109,0.37076182907797617,0.013212098672140309,0.39179683172686086,0.7688008708594894,0.26192313991798377,0.006463970752023797,0.5743055080738526,2.220446049250313e-16,0.04828402219623757,2.220446049250313e-16,0.17493179436449952,0.04146539255750278,2.220446049250313e-16,2.220446049250313e-16
59.0,0.19679257873026243,0.0648528713039418,0.011053800295032175,0.38599107445490066,0.29506480726133116,2.220446049250313e-16,0.0005608009716346218,0.619113937561949,0.8615591255399746,2.220446049250313e-16,2.220446049250313e-16,2.220446049250313e-16,0.6746220281144703,1.1437006959467728,2.220446049250313e-16,2.220446049250313e-16,0.02255826835996217,2.220446049250313e-16,2.220446049250313e-16
60.0,0.27102861353678115,0.015881828810096588,0.062204456712221065,0.6731838552323257,0.18595344468053043,2.220446049250313e-16,0.7995845383158201,0.612659813613126,0.07373483583995527,2.220446049250313e-16,2.220446049250313e-16,2.220446049250313e-16,0.6011424860239833,0.9728626879948139,2.220446049250313e-16,2.220446049250313e-16,0.1355613634503831,2.220446049250313e-16,2.220446049250313e-16
61.0,1.1059157465019351,2.220446049250313e-16,0.0030223170306694636,0.32668653746941045,2.220446049250313e-16,2.220446049250313e-16,2.220446049250313e-16,2.220446049250313e-16,2.220446049250313e-16,0.46192577838435833,0.6902627356486403,2.220446049250313e-16,2.220446049250313e-16,0.1218570686536748,0.2555960456876071,0.39035507794496116,2.220446049250313e-16,2.220446049250313e-16,0.9051782319568091
62.0,0.07151831299320296,2.220446049250313e-16,2.220446049250313e-16,0.5959339790028584,2.220446049250313e-16,2.220446049250313e-16,0.0032533320152292747,2.220446049250313e-16,2.220446049250313e-16,0.005775543102741502,0.010748072052352049,2.220446049250313e-16,0.02511139781505574,0.5267979030901604,0.7220169654320304,0.05436538979187785,2.220446049250313e-16,0.9904378891955898,1.0416705882623907
63.0,2.220446049250313e-16,0.6729086343320743,0.7646601522741548,2.220446049250313e-16,2.220446049250313e-16,0.24690268876771054,0.7752916933169118,0.3917968317268609,2.220446049250313e-16,2.220446049250313e-16,0.20125142522301667,0.4761935040720882,1.0089117107006211,0.02035790173878739,2.220446049250313e-16,2.220446049250313e-16,0.047318538888908385,0.13237489606261205,2.220446049250313e-16
64.0,2.220446049250313e-16,0.6729086343320743,0.7646601522741548,2.220446049250313e-16,2.220446049250313e-16,0.24690268876771054,0.7752916933169118,0.3917968317268609,2.220446049250313e-16,2.220446049250313e-16,0.20125142522301667,0.4761935040720882,1.0089117107006211,0.02035790173878739,2.220446049250313e-16,2.220446049250313e-16,0.047318538888908385,0.13237489606261205,2.220446049250313e-16
65.0,0.5981138920160268,2.220446049250313e-16,2.220446049250313e-16,2.220446049250313e-16,0.21952284859765592,0.26342227318469863,0.7899841861294029,0.19242599795195367,2.220446049250313e-16,0.48014936158778176,0.7530468733429931,2.220446049250313e-16,0.33367199202313236,0.06750542681120619,0.9403892723684182,2.220446049250313e-16,2.220446049250313e-16,0.3405201419037539,2.220446049250313e-16
66.0,2.220446049250313e-16,0.3421196731044703,2.220446049250313e-16,2.220446049250313e-16,0.2830529881065569,0.12068725716015219,0.0004257490626242688,2.220446049250313e-16,2.220446049250313e-16,0.27677473536084274,2.220446049250313e-16,0.5849978882743928,0.4039146215726809,2.220446049250313e-16,0.0008311124893730392,0.25641576084650153,0.829424635434787,0.800291160856202,2.220446049250313e-16
67.0,1.0495891106863662,0.18315437665255385,2.220446049250313e-16,2.220446049250313e-16,2.220446049250313e-16,2.220446049250313e-16,2.220446049250313e-16,2.220446049250313e-16,0.8375395150054611,2.220446049250313e-16,2.220446049250313e-16,0.0754604479222786,2.220446049250313e-16,2.220446049250313e-16,0.38482086327798476,1.0689165943668932,0.1702472315289165,2.220446049250313e-16,0.037914598952933254
68.0,2.220446049250313e-16,2.220446049250313e-16,2.220446049250313e-16,2.220446049250313e-16,0.6999372254826711,2.220446049250313e-16,2.220446049250313e-16,2.220446049250313e-16,2.220446049250313e-16,2.220446049250313e-16,2.220446049250313e-16,0.5493986892375571,2.220446049250313e-16,2.220446049250313e-16,2.220446049250313e-16,0.9301481288892944,1.004304170592722,0.3310482654381842,2.220446049250313e-16
69.0,2.220446049250313e-16,2.220446049250313e-16,2.220446049250313e-16,2.220446049250313e-16,0.6999372254826711,2.220446049250313e-16,2.220446049250313e-16,2.220446049250313e-16,2.220446049250313e-16,2.220446049250313e-16,2.220446049250313e-16,0.5493986892375571,2.220446049250313e-16,2.220446049250313e-16,2.220446049250313e-16,0.9301481288892944,1.004304170592722,0.3310482654381842,2.220446049250313e-16
