58 0.2360379350549264 0.7206439544936154 0.009795803920094248 0.236037935636994 0.7145839424631634 0.2044783796543149 0.2525228504462931 0.6458765902022917 0.3401663746845044 0.06148436219051253 0.23603793515595625 0.07168195025804568 0.0680115321584209 0.08014724032364348 0.09068795295669829 0.3517772127446662 0.007269379055800971 0.07075805596504332 0.06314347235147276 0.05804771658125181
60 0.17449750447566761 0.005746083171134694 0.44669109721386585 0.17449750213594503 -0.014205385231040868 0.47661654610517623 0.23186633925884728 -0.014073841975102419 0.05102103828627048 0.449994617642341 0.17449750190330257 0.4389075130312143 0.24225177811354887 0.3635773974020673 0.27139007617684574 0.09615771507921249 0.47617025402270813 0.31555316532523 0.42477266516423234 0.4730462217910032
56 0.11944779899391973 0.043776668820799766 0.5739637501982693 0.11944780324760423 0.005911826176962966 0.20545662745064908 0.16352719011437544 0.004534950221521221 0.12738118127442694 0.26826772306051294 0.11944780290435769 0.20853215566243663 0.5554962241524894 0.1858974030082652 0.5818950983450705 0.1341454968874342 0.383142064987937 0.6339162261657113 0.2969226575892726 0.2976845601143631
30 0.4435777329703329 0.25351754659078996 0.19697393802737131 0.44357773427989605 0.2536399995190135 0.28094971401765273 0.4900484824683751 0.23265808757812798 0.2592969388001311 0.3158273144187371 0.4435777340154466 0.35197017122828644 0.18880187279541757 0.35033443387502505 0.17608586473173202 0.3278561158720037 0.22719696104710846 0.19108523653745776 0.28838631475563675 0.3317581864980527
0 0.31024110161456003 0.07168195029378488 0.3206970036743804 0.3102411023966295 0.08598517259831909 0.2506595807338741 0.3994107036767233 0.049519166042860135 0.17472150015173074 0.42402046090532264 0.310241102095764 0.5027604257616223 0.19443352221929797 0.46353559798577765 0.21263026652200998 0.24734210553197902 0.3830939222510646 0.22751682114781943 0.3707036666684033 0.4614838179505615
21 0.2215482468570698 0.007269379055767779 0.46644701393498017 0.221548247836296 0.013035158753264452 0.258604513527204 0.2178459589362556 -0.011630421369078152 0.20580092482837836 0.38507702827203527 0.2215482470803309 0.38309392220695054 0.2935172826629609 0.4196307135277739 0.3571680795060147 0.23169137220462457 0.5852915290446833 0.33021724437640165 0.38927957712397926 0.36938513776736326
47 0.25027126519542453 0.06801153215838045 0.43437089121891787 0.2502712660717988 0.03941649045037633 0.2655328014382039 0.13626422724666729 0.12381848072690846 0.30543066282609993 0.2958943189100463 0.2502712658531478 0.1944335221972622 0.6448596754779775 0.21896171730513883 0.4607027114597446 0.20397754424745448 0.2935172826629549 0.5441549056403492 0.35033127130515296 0.26749244241584963
64 0.13770236527588 0.22141933369620564 0.017573617995349566 0.13770237660749204 0.23965176915790828 1.0248909931520693 0.15357613861091646 0.3730462046249405 0.25656383668783683 0.11760694531380111 0.13770237607244962 0.03248478596221136 0.15837856327394517 0.017775620748995764 0.14522501070413574 0.061993024128510724 0.04267626804831558 0.1939923404004868 0.07238521635781762 0.2385899516089596
22 0.1749081058190531 0.015167243238845343 0.6001102975188416 0.17490810837508813 0.005722402051800308 0.2545216130209052 0.15213389085933798 -0.0027630187139388537 0.2378926793889298 0.2987295440604546 0.1749081079516666 0.2394166683550651 0.5438934677558495 0.26397395489639136 0.47770519630042346 0.21712141134267146 0.42107395237344053 0.49421893375470344 0.3325159530021054 0.28943269430142593
43 0.4435777329703329 0.25351754659078996 0.19697393802737131 0.44357773427989605 0.2536399995190135 0.28094971401765273 0.4900484824683751 0.23265808757812798 0.2592969388001311 0.3158273144187371 0.4435777340154466 0.35197017122828644 0.18880187279541757 0.35033443387502505 0.17608586473173202 0.3278561158720037 0.22719696104710846 0.19108523653745776 0.28838631475563675 0.3317581864980527
14 0.3095079611183862 0.06035929934859571 0.406473459226302 0.3095079619919653 0.04300836631963227 0.23280854245885851 0.17691581664238973 0.0967429872347952 0.1676459395300017 0.41182317739424784 0.30950796129645863 0.30257769567745874 0.4471213524288811 0.2667977247890589 0.3964028429472814 0.13258927748859173 0.3667720364487679 0.47836231858158407 0.45076116760274615 0.3813585201659722
18 0.30870961564107846 0.08049407089381873 0.35479021470625527 0.3087096167952379 0.09847558781763875 0.27451144546972633 0.3513114957859967 0.05058943728027979 0.21048863526699327 0.40250509796138173 0.3087096165742819 0.47299102471293136 0.18972640793055204 0.4436998166682717 0.30117105258477833 0.2882688317720345 0.4100841087580092 0.25212063572835636 0.3802248039896596 0.39711095640579486
38 0.2792076954742962 0.6458765902022584 -0.0071980425501925165 0.2792076960351695 0.508010395089545 0.19973478778310508 0.17767961015995587 0.8610596428970995 0.36449780978507795 0.07055364362278843 0.27920769560668585 0.04951916599942981 0.12381848072695119 0.05353037741732158 0.09785578360744479 0.29548665667168617 -0.01163042136908586 0.10845898675361558 0.08078164854066977 0.06450550069546118
7 0.4674756986600484 0.23603793535602188 0.2027204362740899 0.46747570020174056 0.2022562565598529 0.2788240989313321 0.4037169325596529 0.27920769579890253 0.2671948867684177 0.3318071443120389 0.4674756998685362 0.31024110213522404 0.25027126570636643 0.3093624662394855 0.2037614348906413 0.2931101795600589 0.22154824749891147 0.24570721838198425 0.32767401062769447 0.328111972198414
32 0.2360379350549264 0.7206439544936154 0.009795803920094248 0.236037935636994 0.7145839424631634 0.2044783796543149 0.2525228504462931 0.6458765902022917 0.3401663746845044 0.06148436219051253 0.23603793515595625 0.07168195025804568 0.0680115321584209 0.08014724032364348 0.09068795295669829 0.3517772127446662 0.007269379055800971 0.07075805596504332 0.06314347235147276 0.05804771658125181
15 0.4674756986600484 0.23603793535602188 0.2027204362740899 0.46747570020174056 0.2022562565598529 0.2788240989313321 0.4037169325596529 0.27920769579890253 0.2671948867684177 0.3318071443120389 0.4674756998685362 0.31024110213522404 0.25027126570636643 0.3093624662394855 0.2037614348906413 0.2931101795600589 0.22154824749891147 0.24570721838198425 0.32767401062769447 0.328111972198414
20 0.3138036922681774 0.07903720314080602 0.36634824059253923 0.3138036933177999 0.08876955154771207 0.2897111811397339 0.35521167529580405 0.0598045823627245 0.2751022442928454 0.3860750209630908 0.3138036931373976 0.45575778034717807 0.25213996189707455 0.4575551028451361 0.23617211518749148 0.32062020547527487 0.3876862781600277 0.22184317029112932 0.3566290583013749 0.3897484117885432
45 0.2963047057112718 0.07556970229751912 0.44293824538816146 0.29630470690573996 0.062367888087623974 0.28826466082928326 0.16777562784734779 0.09936515378432131 0.30049235168257293 0.34507668341101594 0.2963047062353059 0.27730258096840465 0.4710148252566265 0.2925940198153004 0.4272972943954678 0.2593291603165745 0.36990924423900357 0.4357136188101923 0.39735749612394605 0.28557631940621614
10 0.32767400986644746 0.06314347250297038 0.3901712619215309 0.3276740108458506 0.054855875749418324 0.2414591331344502 0.2360638286587658 0.08078164873190943 0.16795899584441107 0.4341570127639065 0.3276740100683141 0.3707036668129595 0.350331271466331 0.3330525789531108 0.32720154459636475 0.1681629722380532 0.38927957731289653 0.38790876997563706 0.44984675869219964 0.4130517167834719
37 0.13533726972686708 0.07767860939958297 0.3704086950342787 0.13533727054925276 0.0648380679284027 0.23165087342346682 0.1715887900577056 0.11917914488445494 0.2261730584330829 0.201734358619398 0.13533726993796033 0.1743455291862356 0.6753455429735344 0.16088938769164207 0.6640428519110834 0.16378693509409295 0.22845146345653086 0.6853988494399534 0.24818673170658878 0.21151992029636485
42 0.24570721802604106 0.07075805595126482 0.4177475756864396 0.2457072187613711 0.054870419172200556 0.24430394053533588 0.1347078819715766 0.10845898673911512 0.2074571441504468 0.32327499689265066 0.24570721810845497 0.22751682111004792 0.5441549056326014 0.20551544188199228 0.5532971359974185 0.15866599638382384 0.33021724437002237 0.5833107494499473 0.38790876962771365 0.27933575068129063
3 0.32811197175760753 0.05804771672039416 0.32762670454875753 0.32811197264527436 0.05756325702871479 0.22395522206173768 0.3535041963669556 0.06450550077481543 0.13888906431039372 0.4582783487858251 0.32811197207774967 0.4614838180859806 0.267492442538801 0.4127804481628914 0.18292606192699168 0.16749430070513271 0.36938513793948147 0.27933575075803674 0.4130517167795915 0.5028964855882805
36 0.4674756986600484 0.23603793535602188 0.2027204362740899 0.46747570020174056 0.2022562565598529 0.2788240989313321 0.4037169325596529 0.27920769579890253 0.2671948867684177 0.3318071443120389 0.4674756998685362 0.31024110213522404 0.25027126570636643 0.3093624662394855 0.2037614348906413 0.2931101795600589 0.22154824749891147 0.24570721838198425 0.32767401062769447 0.328111972198414
4 0.33180714288374746 0.06148436179935409 0.3600946005943782 0.33180714418855434 0.058201108864193815 0.23557359879819137 0.2988252416296441 0.07055364332666964 0.15486932203327297 0.4493537790071517 0.33180714371282627 0.42402046052712483 0.29589431862943055 0.3812178459722856 0.25052252653932033 0.17454476581287312 0.38507702782138703 0.3232749964289781 0.4341570124549193 0.45827834838393905
57 0.4037169321028118 0.2525228504462678 0.17358773162323698 0.403716933039035 0.30304203616229103 0.26792707521193493 0.6125079331555155 0.1776796101600264 0.23430546167759408 0.29882524183750075 0.4037169322265577 0.39941070363239156 0.13626422724673104 0.3896228297521933 0.13122152015195562 0.33040904159608214 0.21784595893625996 0.13470788198695582 0.23606382864250147 0.3535041961970167
66 0.07882880824874668 0.016702875804240534 0.661307989581538 0.07882881073711953 -0.02665660050784854 0.19666924570641986 0.17558699315176082 -0.03671172424302624 0.09072092188766408 0.2825850060170906 0.07882881029397228 0.23740745839819988 0.44861498699074653 0.20421926943343102 0.5642345348721783 0.1487998270486168 0.4746861641154557 0.5745874382305359 0.3031290974185773 0.31130079910444436
23 0.2931101789042581 0.3517772127446116 0.21906685628485645 0.2931101798880279 0.3618680604219407 0.3622782021981513 0.33040904159593937 0.2954866566718634 0.5741009438576365 0.1745447661524984 0.29311017957060503 0.24734210549442406 0.20397754424736203 0.31271830899572084 0.27914781476629863 0.5814614352085755 0.2316913722046225 0.15866599639407739 0.16816297200817337 0.1674943005780926
29 0.2671948863185241 0.34016637468448135 0.21685526160854804 0.26719488708167594 0.31861270930603014 0.3665438423228336 0.23430546167747635 0.3644978097850481 0.6613226804839485 0.15486932232652212 0.2671948864256864 0.17472150012812435 0.3054306628260594 0.25518880150964246 0.2944509669458029 0.5741009438575114 0.20580092482832163 0.2074571441597607 0.16795899580913196 0.13888906425196182
69 0.20225625621905122 0.71458394246312 0.006384707280621317 0.20225625673860537 0.8386355534359904 0.2008770893472655 0.3030420361622767 0.5080103950895464 0.31861270930599184 0.05820110918350558 0.20225625643316275 0.0859851725777353 0.03941649045037504 0.09496451168517973 0.09857661097763838 0.3618680604219467 0.013035158753230887 0.054870419180283674 0.0548558755659972 0.05756325691859045
9 0.4674756986600484 0.23603793535602188 0.2027204362740899 0.46747570020174056 0.2022562565598529 0.2788240989313321 0.4037169325596529 0.27920769579890253 0.2671948867684177 0.3318071443120389 0.4674756998685362 0.31024110213522404 0.25027126570636643 0.3093624662394855 0.2037614348906413 0.2931101795600589 0.22154824749891147 0.24570721838198425 0.32767401062769447 0.328111972198414
1 0.4674756986600484 0.23603793535602188 0.2027204362740899 0.46747570020174056 0.2022562565598529 0.2788240989313321 0.4037169325596529 0.27920769579890253 0.2671948867684177 0.3318071443120389 0.4674756998685362 0.31024110213522404 0.25027126570636643 0.3093624662394855 0.2037614348906413 0.2931101795600589 0.22154824749891147 0.24570721838198425 0.32767401062769447 0.328111972198414
49 0.46230039916277904 0.2400489128392386 0.16438908018209 0.46230039664594547 0.21577156603102388 0.2664294391053658 0.46998725967693783 0.25230455382145806 0.24361270563350085 0.32169467924839346 0.4623003959555577 0.2729190125718919 0.21735948834553295 0.3829435176910355 0.15198071126719145 0.2713759124275025 0.27583264464456625 0.22504158823660245 0.29824386382892615 0.3584272202488096
12 0.3095079611183862 0.06035929934859571 0.406473459226302 0.3095079619919653 0.04300836631963227 0.23280854245885851 0.17691581664238973 0.0967429872347952 0.1676459395300017 0.41182317739424784 0.30950796129645863 0.30257769567745874 0.4471213524288811 0.2667977247890589 0.3964028429472814 0.13258927748859173 0.3667720364487679 0.47836231858158407 0.45076116760274615 0.3813585201659722
55 0.4435777329703329 0.25351754659078996 0.19697393802737131 0.44357773427989605 0.2536399995190135 0.28094971401765273 0.4900484824683751 0.23265808757812798 0.2592969388001311 0.3158273144187371 0.4435777340154466 0.35197017122828644 0.18880187279541757 0.35033443387502505 0.17608586473173202 0.3278561158720037 0.22719696104710846 0.19108523653745776 0.28838631475563675 0.3317581864980527
19 0.14871870155869263 -0.0077246645955687246 0.4278507861533496 0.14871869428468207 -0.052007349916429434 0.16263195199425148 0.23291189927455136 -0.028303915992019788 0.03011376752117432 0.5089695767323636 0.1487186938746061 0.5147301383481012 0.2684634102367393 0.42124657559023443 0.16848129796771472 0.09899002947880206 0.47990115262295785 0.29838477405337216 0.4448534801614027 0.5800740078004588
31 0.04905263809683158 0.058774315417621605 0.5407886583987768 0.049052646201426776 0.0023106647974694824 0.19224268620387672 0.21621388609116168 0.010102027041389799 0.1390789397483356 0.15490036265294563 0.04905264576738759 0.16065058604429158 0.6588807269577021 0.1583468202769636 0.6249623240505514 0.15047227722305567 0.2747995615314737 0.70767318581971 0.14153434104736914 0.27413592322772956
25 0.3193533515628716 0.07897570987436983 0.398915340778941 0.3193533524657059 0.08126901219559701 0.2991969586809366 0.2975805147673258 0.0714384459194315 0.30445579354477437 0.3769085594182508 0.31935335196727593 0.40539453101733774 0.31188740213197946 0.420259290296627 0.2743526304862382 0.32191434426775745 0.3906032741066881 0.2632228927464639 0.3732782939576368 0.35469249345950743
46 0.37303752757025793 0.3040700336112818 0.22219111779152362 0.3730375263745133 0.2522213317843865 0.34599780140579944 0.24619476390300155 0.357665632867666 0.5038935488899352 0.2344846055067111 0.373037526017115 0.22011843997806133 0.32054447796796914 0.2717950908757347 0.2935464841501616 0.47707409838020465 0.21828301619860754 0.26069506665320846 0.26836714924843386 0.18294844547645778
2 0.33180714288374746 0.06148436179935409 0.3600946005943782 0.33180714418855434 0.058201108864193815 0.23557359879819137 0.2988252416296441 0.07055364332666964 0.15486932203327297 0.4493537790071517 0.33180714371282627 0.42402046052712483 0.29589431862943055 0.3812178459722856 0.25052252653932033 0.17454476581287312 0.38507702782138703 0.3232749964289781 0.4341570124549193 0.45827834838393905
34 0.2360379350549264 0.7206439544936154 0.009795803920094248 0.236037935636994 0.7145839424631634 0.2044783796543149 0.2525228504462931 0.6458765902022917 0.3401663746845044 0.06148436219051253 0.23603793515595625 0.07168195025804568 0.0680115321584209 0.08014724032364348 0.09068795295669829 0.3517772127446662 0.007269379055800971 0.07075805596504332 0.06314347235147276 0.05804771658125181
53 0.2792076954742962 0.6458765902022584 -0.0071980425501925165 0.2792076960351695 0.508010395089545 0.19973478778310508 0.17767961015995587 0.8610596428970995 0.36449780978507795 0.07055364362278843 0.27920769560668585 0.04951916599942981 0.12381848072695119 0.05353037741732158 0.09785578360744479 0.29548665667168617 -0.01163042136908586 0.10845898675361558 0.08078164854066977 0.06450550069546118
6 0.33180714288374746 0.06148436179935409 0.3600946005943782 0.33180714418855434 0.058201108864193815 0.23557359879819137 0.2988252416296441 0.07055364332666964 0.15486932203327297 0.4493537790071517 0.33180714371282627 0.42402046052712483 0.29589431862943055 0.3812178459722856 0.25052252653932033 0.17454476581287312 0.38507702782138703 0.3232749964289781 0.4341570124549193 0.45827834838393905
52 0.20376143443717062 0.09068795295157016 0.42458576257050384 0.20376143528002394 0.09857661097230903 0.28686199668125445 0.13122152014786137 0.09785578360351974 0.29445096694205075 0.2505225267514018 0.20376143453673112 0.21263026648747108 0.4607027114548545 0.20754236342732807 0.6826390325096028 0.279147814766305 0.35716807950283086 0.5532971360021758 0.32720154457079703 0.1829260617185075
5 0.30644722760767545 0.06420180740306008 0.29031285181392136 0.30644722843029765 0.07599818278111414 0.22983698391269688 0.43658522834332947 0.049770310544289584 0.14814395480139994 0.43687525369565894 0.3064472278278149 0.5202825811829516 0.20224678305333346 0.4728479356376245 0.14621574429256368 0.2130949272034732 0.3574148554677325 0.21147531036029937 0.3575241165342026 0.512946070206695
17 0.4674756986600484 0.23603793535602188 0.2027204362740899 0.46747570020174056 0.2022562565598529 0.2788240989313321 0.4037169325596529 0.27920769579890253 0.2671948867684177 0.3318071443120389 0.4674756998685362 0.31024110213522404 0.25027126570636643 0.3093624662394855 0.2037614348906413 0.2931101795600589 0.22154824749891147 0.24570721838198425 0.32767401062769447 0.328111972198414
39 0.2792076954742962 0.6458765902022584 -0.0071980425501925165 0.2792076960351695 0.508010395089545 0.19973478778310508 0.17767961015995587 0.8610596428970995 0.36449780978507795 0.07055364362278843 0.27920769560668585 0.04951916599942981 0.12381848072695119 0.05353037741732158 0.09785578360744479 0.29548665667168617 -0.01163042136908586 0.10845898675361558 0.08078164854066977 0.06450550069546118
51 0.33180714288374746 0.06148436179935409 0.3600946005943782 0.33180714418855434 0.058201108864193815 0.23557359879819137 0.2988252416296441 0.07055364332666964 0.15486932203327297 0.4493537790071517 0.33180714371282627 0.42402046052712483 0.29589431862943055 0.3812178459722856 0.25052252653932033 0.17454476581287312 0.38507702782138703 0.3232749964289781 0.4341570124549193 0.45827834838393905
26 0.20406070386804495 0.08349871578617533 0.4431316051147298 0.20406070497208434 0.06982183756845166 0.3235511182799065 0.14193394864651754 0.12804827223266124 0.4921070734369357 0.19306446748736533 0.20406070408403149 0.14282903861873836 0.6447601078140621 0.22670297170843753 0.49267301764620014 0.3682278015012089 0.2794657613987888 0.46343203403376665 0.23984946403934715 0.17311336970490587
48 0.37303752757025793 0.3040700336112818 0.22219111779152362 0.3730375263745133 0.2522213317843865 0.34599780140579944 0.24619476390300155 0.357665632867666 0.5038935488899352 0.2344846055067111 0.373037526017115 0.22011843997806133 0.32054447796796914 0.2717950908757347 0.2935464841501616 0.47707409838020465 0.21828301619860754 0.26069506665320846 0.26836714924843386 0.18294844547645778
62 0.2346958099788806 0.0360861889118261 0.46251802191161057 0.23469581148974858 0.03489356661612956 0.5229674893535764 0.23375760980634044 0.020135397837011963 0.20337499112006166 0.3701554886095509 0.23469581093091615 0.375851820848586 0.32212892345930566 0.367006225550863 0.3425994899643139 0.22052659924995316 0.4307350819803303 0.32932326584822524 0.3756328586839663 0.35156286447399615
65 0.40858986704883504 0.2706376911127409 0.1879060321642722 0.4085898675434947 0.30873592967680147 0.28677441803246667 0.5480357598372585 0.19564116255270553 0.26504739159644974 0.2916013866668889 0.4085898672241445 0.3814660422750355 0.13703013415267543 0.3804646812631393 0.17728766741908983 0.37170695593352354 0.2316086162584175 0.15034943107050586 0.24752375729016235 0.3209244022604979
61 0.2788240982113677 0.20447837965427762 0.25722906537079676 0.27882409938938907 0.20087708934731813 0.8098841237876938 0.26792707521194004 0.19973478778313847 0.36654384232297244 0.23557359919313617 0.27882409877853803 0.2506595806966941 0.2655328014382691 0.2812626808878582 0.28686199668274937 0.36227820219822887 0.25860451352720987 0.24430394053235693 0.24145913279277195 0.22395522191536404
11 0.4674756986600484 0.23603793535602188 0.2027204362740899 0.46747570020174056 0.2022562565598529 0.2788240989313321 0.4037169325596529 0.27920769579890253 0.2671948867684177 0.3318071443120389 0.4674756998685362 0.31024110213522404 0.25027126570636643 0.3093624662394855 0.2037614348906413 0.2931101795600589 0.22154824749891147 0.24570721838198425 0.32767401062769447 0.328111972198414
13 0.4674756986600484 0.23603793535602188 0.2027204362740899 0.46747570020174056 0.2022562565598529 0.2788240989313321 0.4037169325596529 0.27920769579890253 0.2671948867684177 0.3318071443120389 0.4674756998685362 0.31024110213522404 0.25027126570636643 0.3093624662394855 0.2037614348906413 0.2931101795600589 0.22154824749891147 0.24570721838198425 0.32767401062769447 0.328111972198414
41 0.4674756986600484 0.23603793535602188 0.2027204362740899 0.46747570020174056 0.2022562565598529 0.2788240989313321 0.4037169325596529 0.27920769579890253 0.2671948867684177 0.3318071443120389 0.4674756998685362 0.31024110213522404 0.25027126570636643 0.3093624662394855 0.2037614348906413 0.2931101795600589 0.22154824749891147 0.24570721838198425 0.32767401062769447 0.328111972198414
67 0.20225625621905122 0.71458394246312 0.006384707280621317 0.20225625673860537 0.8386355534359904 0.2008770893472655 0.3030420361622767 0.5080103950895464 0.31861270930599184 0.05820110918350558 0.20225625643316275 0.0859851725777353 0.03941649045037504 0.09496451168517973 0.09857661097763838 0.3618680604219467 0.013035158753230887 0.054870419180283674 0.0548558755659972 0.05756325691859045
35 0.32411867867786953 0.06548225779438141 0.33832449146670546 0.3241186797030723 0.07038752327650223 0.24092950947382696 0.3529294740021187 0.0597237891872039 0.1602984901347155 0.44209218278335477 0.32411867901560015 0.46776609888171194 0.24315308575488068 0.42552403655782883 0.21969334964013218 0.20619256467602204 0.38376930609636933 0.2708974999903346 0.40528546971862056 0.4681033384500024
68 0.20225625621905122 0.71458394246312 0.006384707280621317 0.20225625673860537 0.8386355534359904 0.2008770893472655 0.3030420361622767 0.5080103950895464 0.31861270930599184 0.05820110918350558 0.20225625643316275 0.0859851725777353 0.03941649045037504 0.09496451168517973 0.09857661097763838 0.3618680604219467 0.013035158753230887 0.054870419180283674 0.0548558755659972 0.05756325691859045
8 0.32767400986644746 0.06314347250297038 0.3901712619215309 0.3276740108458506 0.054855875749418324 0.2414591331344502 0.2360638286587658 0.08078164873190943 0.16795899584441107 0.4341570127639065 0.3276740100683141 0.3707036668129595 0.350331271466331 0.3330525789531108 0.32720154459636475 0.1681629722380532 0.38927957731289653 0.38790876997563706 0.44984675869219964 0.4130517167834719
27 0.20272043570969453 0.009795803920030873 0.572132586415058 0.20272043659801536 0.006384707280634634 0.2572290653707902 0.17358773162320343 -0.007198042550236854 0.2168552616086009 0.3600946010588994 0.20272043589517585 0.3206970036518963 0.43437089121887074 0.32364873483623047 0.4245857625779986 0.21906685628481265 0.46644701393494853 0.4177475756807836 0.39017126187915024 0.327626704483224
40 0.31024110161456003 0.07168195029378488 0.3206970036743804 0.3102411023966295 0.08598517259831909 0.2506595807338741 0.3994107036767233 0.049519166042860135 0.17472150015173074 0.42402046090532264 0.310241102095764 0.5027604257616223 0.19443352221929797 0.46353559798577765 0.21263026652200998 0.24734210553197902 0.3830939222510646 0.22751682114781943 0.3707036666684033 0.4614838179505615
50 0.4674756986600484 0.23603793535602188 0.2027204362740899 0.46747570020174056 0.2022562565598529 0.2788240989313321 0.4037169325596529 0.27920769579890253 0.2671948867684177 0.3318071443120389 0.4674756998685362 0.31024110213522404 0.25027126570636643 0.3093624662394855 0.2037614348906413 0.2931101795600589 0.22154824749891147 0.24570721838198425 0.32767401062769447 0.328111972198414
16 0.32840819603643107 0.07387660193787823 0.30793705250654235 0.32840819635413027 0.08247514198564733 0.2523665668013091 0.31435316055705764 0.06202628092917494 0.18129550113482745 0.408669736128353 0.32840819594665566 0.39152452106551533 0.23946172385901787 0.4525046511472943 0.2589532164759874 0.2178459813728278 0.49555954691970977 0.3021552291242063 0.3872522722676346 0.4317141860771853
28 0.2671948863185241 0.34016637468448135 0.21685526160854804 0.26719488708167594 0.31861270930603014 0.3665438423228336 0.23430546167747635 0.3644978097850481 0.6613226804839485 0.15486932232652212 0.2671948864256864 0.17472150012812435 0.3054306628260594 0.25518880150964246 0.2944509669458029 0.5741009438575114 0.20580092482832163 0.2074571441597607 0.16795899580913196 0.13888906425196182
33 0.2360379350549264 0.7206439544936154 0.009795803920094248 0.236037935636994 0.7145839424631634 0.2044783796543149 0.2525228504462931 0.6458765902022917 0.3401663746845044 0.06148436219051253 0.23603793515595625 0.07168195025804568 0.0680115321584209 0.08014724032364348 0.09068795295669829 0.3517772127446662 0.007269379055800971 0.07075805596504332 0.06314347235147276 0.05804771658125181
44 0.2792076954742962 0.6458765902022584 -0.0071980425501925165 0.2792076960351695 0.508010395089545 0.19973478778310508 0.17767961015995587 0.8610596428970995 0.36449780978507795 0.07055364362278843 0.27920769560668585 0.04951916599942981 0.12381848072695119 0.05353037741732158 0.09785578360744479 0.29548665667168617 -0.01163042136908586 0.10845898675361558 0.08078164854066977 0.06450550069546118
59 0.2360379350549264 0.7206439544936154 0.009795803920094248 0.236037935636994 0.7145839424631634 0.2044783796543149 0.2525228504462931 0.6458765902022917 0.3401663746845044 0.06148436219051253 0.23603793515595625 0.07168195025804568 0.0680115321584209 0.08014724032364348 0.09068795295669829 0.3517772127446662 0.007269379055800971 0.07075805596504332 0.06314347235147276 0.05804771658125181
54 0.2792076954742962 0.6458765902022584 -0.0071980425501925165 0.2792076960351695 0.508010395089545 0.19973478778310508 0.17767961015995587 0.8610596428970995 0.36449780978507795 0.07055364362278843 0.27920769560668585 0.04951916599942981 0.12381848072695119 0.05353037741732158 0.09785578360744479 0.29548665667168617 -0.01163042136908586 0.10845898675361558 0.08078164854066977 0.06450550069546118
63 0.309362465483037 0.0801472403236207 0.32364873483632994 0.30936246654835764 0.09496451168525752 0.2812626808878957 0.3896228297522412 0.05353037741735576 0.2551888015097649 0.38121784629963335 0.3093624662158002 0.4635355979427088 0.2189617173051308 0.4951276859313841 0.20754236343251956 0.3127183089957505 0.4196307135277977 0.20551544190511015 0.3330525786379493 0.41278044810018016
24 0.2931101789042581 0.3517772127446116 0.21906685628485645 0.2931101798880279 0.3618680604219407 0.3622782021981513 0.33040904159593937 0.2954866566718634 0.5741009438576365 0.1745447661524984 0.29311017957060503 0.24734210549442406 0.20397754424736203 0.31271830899572084 0.27914781476629863 0.5814614352085755 0.2316913722046225 0.15866599639407739 0.16816297200817337 0.1674943005780926
