15 0.21786359696899377 0.3613556159826168 0.19861621465648002 0.1336492641362962 0.28208511963990496 0.24935335706587444 0.431264138164667 0.19861621417625985 0.2266365384344023 0.4639986884910819 0.4312641385233907 0.1986162142777227 0.3333634879084925 0.33035542119131583 0.4310883257225154 0.317042869080498 0.19861621476082694 0.24935335746233708 0.43126413845082184 0.33336348827436985
1 0.21786359696899377 0.3613556159826168 0.19861621465648002 0.1336492641362962 0.28208511963990496 0.24935335706587444 0.431264138164667 0.19861621417625985 0.2266365384344023 0.4639986884910819 0.4312641385233907 0.1986162142777227 0.3333634879084925 0.33035542119131583 0.4310883257225154 0.317042869080498 0.19861621476082694 0.24935335746233708 0.43126413845082184 0.33336348827436985
22 -0.14259689068124107 -0.02565298894889439 0.3293651274499727 0.3989502200914041 0.4977020609656009 0.14176815674041424 0.046868086476639904 0.32936512703422316 0.1544339684877373 0.15138159327873 0.0468680864213569 0.3293651271337705 0.04348081090757085 -0.09119823892715286 0.2414287426338077 0.5706457765908042 0.32936512721723143 0.14176815692520492 0.04686808624383562 0.043480811220632826
36 0.4579561971267552 0.32626053717674547 0.07638678144051322 0.10544106486947552 0.28048364006800774 0.35834881356498266 0.2955031865806339 0.07638678140996918 0.3826375133233696 0.2522037923720096 0.2955031871551503 0.07638678154907705 0.4017659441408127 0.5643257906054058 0.37067635204435134 0.24822012826838602 0.07638678196344667 0.35834881377012207 0.2955031868587362 0.4017659445522588
26 0.4344206982648269 0.17716497497046654 0.016693409524217204 0.029986874503606185 0.17176553747011672 0.3072030673022646 0.13550583592496254 0.01669340998615315 0.4558626120292724 0.004437416393429799 0.13550583630619734 0.016693409822488323 0.726191691724659 0.40653474002673773 0.20525912651569203 0.1025341366412431 0.016693410315409763 0.30720306757818655 0.1355058365323798 0.7261916917744073
58 0.18726094075296484 0.18780076983744834 0.2614165623974937 0.17716669513822797 0.2191223524424687 0.6910303773879218 0.21515139928426685 0.26141656236955646 0.09754732978717608 0.24935335739257908 0.2151513995436242 0.26141656246758777 0.25060790832265734 0.3335138008929923 0.31629477150428126 0.2727923888989042 0.26141656279264275 0.6910303776354406 0.2151513995007141 0.25060790847448833
50 0.3859559504299429 0.32823983726894657 0.23512977918665584 0.22600973332427027 0.5219515084658712 0.2727923887047315 0.3180003937942254 0.23512977911581598 0.15940909070179804 0.31704286908055646 0.31800039408708597 0.23512977933668358 0.2089742460014639 0.26053064269376597 0.2977204335416845 0.613720681861254 0.23512977947558084 0.2727923888904934 0.31800039388246 0.20897424662517233
27 0.013179019464937228 0.2051848589475015 0.5586448859657093 0.5032454329321484 0.22572933263924044 0.2614165624678365 0.19900044905859035 0.5586448857028282 -0.03761642877289131 0.19861621450746328 0.19900044941320472 0.5586448858093148 0.04951871642182933 0.06235734116614544 0.21155738417788286 0.23512977929750678 0.5586448860401668 0.26141656241244027 0.1990004491503386 0.049518716463829535
53 0.013179019464937228 0.2051848589475015 0.5586448859657093 0.5032454329321484 0.22572933263924044 0.2614165624678365 0.19900044905859035 0.5586448857028282 -0.03761642877289131 0.19861621450746328 0.19900044941320472 0.5586448858093148 0.04951871642182933 0.06235734116614544 0.21155738417788286 0.23512977929750678 0.5586448860401668 0.26141656241244027 0.1990004491503386 0.049518716463829535
20 0.24258698954813301 0.522238633127117 0.19866342745396232 0.21138234692787602 0.3575343966964604 0.19602156921753902 0.43859614262549 0.19866342721349453 0.24369508398091783 0.4307257573527834 0.4385961430905299 0.19866342719331107 0.24897584007689677 0.3016752474268574 0.3210125525928334 0.3479750323598289 0.1986634274832476 0.19602156923711392 0.43859614288294846 0.24897584038017273
4 0.3616498132916068 0.20204528597615357 0.049518716521561146 0.04316683323043069 0.15984908562327887 0.2506079082377255 0.2763819943065755 0.04951871657976881 0.4669102768391946 0.3333634882126546 0.27638199474313296 0.049518716405145824 0.6013304953521583 0.4335505539521267 0.390415750017981 0.20897424618486715 0.04951871689991094 0.25060790847055614 0.2763819945976138 0.6013304956723005
56 0.3719913479702222 0.2074208326065094 0.07895147008330985 0.1180962183596991 0.22746950744595995 0.5718707086696555 0.16112505752357342 0.07895147031381597 0.2244357494432285 0.07542461003447899 0.16112505791181717 0.07895147000505984 0.5204703985827221 0.5040087707096581 0.30124289899431794 0.19681350159837316 0.07895147057381773 0.5718707088943321 0.16112505784992734 0.5204703987404559
69 0.013179019464937228 0.2051848589475015 0.5586448859657093 0.5032454329321484 0.22572933263924044 0.2614165624678365 0.19900044905859035 0.5586448857028282 -0.03761642877289131 0.19861621450746328 0.19900044941320472 0.5586448858093148 0.04951871642182933 0.06235734116614544 0.21155738417788286 0.23512977929750678 0.5586448860401668 0.26141656241244027 0.1990004491503386 0.049518716463829535
7 0.27319883310261467 0.5651679777982962 0.20518485904052497 0.2773959012540268 0.4229630987119398 0.1878007696002875 0.43459383425180637 0.2051848586846553 0.2422081250325457 0.3613556159826427 0.43459383460799667 0.20518485884787688 0.20204528567183183 0.2910406617227787 0.2849754534285925 0.3282398372689446 0.20518485924310406 0.1878007696443595 0.43459383454622325 0.2020452861298519
0 0.3616498132916068 0.20204528597615357 0.049518716521561146 0.04316683323043069 0.15984908562327887 0.2506079082377255 0.2763819943065755 0.04951871657976881 0.4669102768391946 0.3333634882126546 0.27638199474313296 0.049518716405145824 0.6013304953521583 0.4335505539521267 0.390415750017981 0.20897424618486715 0.04951871689991094 0.25060790847055614 0.2763819945976138 0.6013304956723005
46 0.7009189666554487 0.17068780907923256 -0.020585368391060645 -0.026340786738659534 0.1540604712385161 0.17575802447241962 0.14376006641888586 -0.02058536792897968 0.6177776260083299 0.06038872026446742 0.14376006679751818 -0.020585368153410492 0.5852099104809116 0.4219116542226343 0.1194885000976727 0.20684085925193757 -0.020585367854727542 0.17575802490570905 0.14376006684971823 0.5852099108689635
17 0.21786359696899377 0.3613556159826168 0.19861621465648002 0.1336492641362962 0.28208511963990496 0.24935335706587444 0.431264138164667 0.19861621417625985 0.2266365384344023 0.4639986884910819 0.4312641385233907 0.1986162142777227 0.3333634879084925 0.33035542119131583 0.4310883257225154 0.317042869080498 0.19861621476082694 0.24935335746233708 0.43126413845082184 0.33336348827436985
31 0.24124476679149892 0.2849754534285834 0.21155738421637993 0.11436782297136781 0.23033509395423876 0.3162947712062291 0.36787436613528685 0.2115573837956021 0.18706595959622435 0.4310883257225485 0.3678743665525771 0.21155738436722554 0.3904157499156201 0.3466350286270896 0.5242872735568982 0.2977204335416715 0.2115573844750649 0.3162947715441702 0.36787436637568127 0.3904157501636372
30 0.24124476679149892 0.2849754534285834 0.21155738421637993 0.11436782297136781 0.23033509395423876 0.3162947712062291 0.36787436613528685 0.2115573837956021 0.18706595959622435 0.4310883257225485 0.3678743665525771 0.21155738436722554 0.3904157499156201 0.3466350286270896 0.5242872735568982 0.2977204335416715 0.2115573844750649 0.3162947715441702 0.36787436637568127 0.3904157501636372
66 0.3515841406458423 0.1972950831482975 0.018230477213198423 0.02882171922449203 0.22148165201320158 0.38404432843290653 0.09069181581636462 0.018230477421799833 0.3723467167294461 -0.13645367642271367 0.09069181607991583 0.018230477512722595 0.7563644163933382 0.3033954581429598 0.10803070645908369 0.06802332058117584 0.018230477787367767 0.3840443286666683 0.09069181648992802 0.7563644165448726
5 0.27319883310261467 0.5651679777982962 0.20518485904052497 0.2773959012540268 0.4229630987119398 0.1878007696002875 0.43459383425180637 0.2051848586846553 0.2422081250325457 0.3613556159826427 0.43459383460799667 0.20518485884787688 0.20204528567183183 0.2910406617227787 0.2849754534285925 0.3282398372689446 0.20518485924310406 0.1878007696443595 0.43459383454622325 0.2020452861298519
32 0.32651033313753497 0.18115664578604482 0.06070327853316337 0.0893330748572215 0.21765522516970112 0.4347436240940441 0.10872736597781324 0.06070327874994887 0.27902501886811854 -0.016590375084720103 0.10872736626164654 0.06070327872741007 0.7410611349222235 0.2767382107865335 0.304736093098098 0.09063417617820606 0.06070327912505674 0.43474362430256586 0.10872736650781062 0.7410611352104618
44 0.013179019464937228 0.2051848589475015 0.5586448859657093 0.5032454329321484 0.22572933263924044 0.2614165624678365 0.19900044905859035 0.5586448857028282 -0.03761642877289131 0.19861621450746328 0.19900044941320472 0.5586448858093148 0.04951871642182933 0.06235734116614544 0.21155738417788286 0.23512977929750678 0.5586448860401668 0.26141656241244027 0.1990004491503386 0.049518716463829535
60 0.3860177368540542 0.2910406617227655 0.06235734092505136 0.07115524124083504 0.24085518174300313 0.3335138007604662 0.3193497863911579 0.06235734103553603 0.43137640054176324 0.33035542119136196 0.3193497868582458 0.062357341271053135 0.43355055357748984 0.5477748660756968 0.3466350286270886 0.260530642693752 0.06235734129536448 0.3335138007788699 0.3193497867060202 0.43355055407603826
29 0.013179019464937228 0.2051848589475015 0.5586448859657093 0.5032454329321484 0.22572933263924044 0.2614165624678365 0.19900044905859035 0.5586448857028282 -0.03761642877289131 0.19861621450746328 0.19900044941320472 0.5586448858093148 0.04951871642182933 0.06235734116614544 0.21155738417788286 0.23512977929750678 0.5586448860401668 0.26141656241244027 0.1990004491503386 0.049518716463829535
16 0.3823300356136907 0.26990349546140574 0.04999741104769152 0.04955407914067678 0.2083885874330575 0.20458045528487528 0.32485214410427615 0.04999741112919025 0.5067933030536138 0.37625731530848056 0.324852144503241 0.04999741127975944 0.5127493963551595 0.4491852118417795 0.3798651398207226 0.2308696092693115 0.04999741155966978 0.20458045541295256 0.3248521442814707 0.5127493966251864
49 0.03449231276314908 0.27739590125401536 0.5032454333240016 0.746144258338299 0.30290282202530855 0.17716669512019628 0.18781640789507978 0.5032454327021738 -0.030710400965613116 0.1336492641363097 0.18781640808397115 0.5032454330129396 0.043166832982118056 0.07115524124082535 0.1143678229713563 0.22600973332425003 0.5032454330556239 0.17716669514287978 0.18781640804897415 0.043166832953100115
54 0.3859407930570294 0.4229630987119186 0.22572933240218052 0.3029028220253093 0.6088355848987385 0.2191223522565696 0.3473477080258154 0.2257293324425393 0.18371520783198184 0.282085119639915 0.347347708362164 0.22572933269955764 0.15984908539966305 0.24085518174299028 0.23033509395423127 0.5219515084658475 0.22572933278359894 0.21912235233891608 0.34734770809650234 0.1598490855138166
23 0.24258698954813301 0.522238633127117 0.19866342745396232 0.21138234692787602 0.3575343966964604 0.19602156921753902 0.43859614262549 0.19866342721349453 0.24369508398091783 0.4307257573527834 0.4385961430905299 0.19866342719331107 0.24897584007689677 0.3016752474268574 0.3210125525928334 0.3479750323598289 0.1986634274832476 0.19602156923711392 0.43859614288294846 0.24897584038017273
3 0.21786359696899377 0.3613556159826168 0.19861621465648002 0.1336492641362962 0.28208511963990496 0.24935335706587444 0.431264138164667 0.19861621417625985 0.2266365384344023 0.4639986884910819 0.4312641385233907 0.1986162142777227 0.3333634879084925 0.33035542119131583 0.4310883257225154 0.317042869080498 0.19861621476082694 0.24935335746233708 0.43126413845082184 0.33336348827436985
13 0.23202330987564967 0.4345938345483569 0.19900044886640483 0.1878164079862101 0.3473477082542913 0.2151513991705554 0.45284125817971965 0.19900044895196037 0.24079973307010324 0.4312641384346106 0.4528412585655899 0.19900044901944688 0.2763819947175122 0.319349786645153 0.3678743664471897 0.3180003939372291 0.19900044943502015 0.21515139935864855 0.45284125840715644 0.27638199479677744
51 0.43256377732477896 0.21655328994886464 0.01297430481863101 0.04747509431420084 0.08264623917503994 0.3884393199286582 0.09897019654373938 0.012974305384763431 0.3852158087517454 -0.10609627445160695 0.09897019678231672 0.012974305268384771 0.713232644079953 0.32041199246135776 0.16517769032087654 0.23734403981119603 0.012974305757795845 0.38843932036485956 0.0989701972041791 0.7132326442901613
68 0.013179019464937228 0.2051848589475015 0.5586448859657093 0.5032454329321484 0.22572933263924044 0.2614165624678365 0.19900044905859035 0.5586448857028282 -0.03761642877289131 0.19861621450746328 0.19900044941320472 0.5586448858093148 0.04951871642182933 0.06235734116614544 0.21155738417788286 0.23512977929750678 0.5586448860401668 0.26141656241244027 0.1990004491503386 0.049518716463829535
8 0.3616498132916068 0.20204528597615357 0.049518716521561146 0.04316683323043069 0.15984908562327887 0.2506079082377255 0.2763819943065755 0.04951871657976881 0.4669102768391946 0.3333634882126546 0.27638199474313296 0.049518716405145824 0.6013304953521583 0.4335505539521267 0.390415750017981 0.20897424618486715 0.04951871689991094 0.25060790847055614 0.2763819945976138 0.6013304956723005
37 0.4579561971267552 0.32626053717674547 0.07638678144051322 0.10544106486947552 0.28048364006800774 0.35834881356498266 0.2955031865806339 0.07638678140996918 0.3826375133233696 0.2522037923720096 0.2955031871551503 0.07638678154907705 0.4017659441408127 0.5643257906054058 0.37067635204435134 0.24822012826838602 0.07638678196344667 0.35834881377012207 0.2955031868587362 0.4017659445522588
57 0.3719913479702222 0.2074208326065094 0.07895147008330985 0.1180962183596991 0.22746950744595995 0.5718707086696555 0.16112505752357342 0.07895147031381597 0.2244357494432285 0.07542461003447899 0.16112505791181717 0.07895147000505984 0.5204703985827221 0.5040087707096581 0.30124289899431794 0.19681350159837316 0.07895147057381773 0.5718707088943321 0.16112505784992734 0.5204703987404559
6 0.48755278474615943 0.2422081250325349 -0.037616429075652616 -0.03071040096560828 0.1837152078319874 0.09754732956383536 0.24079973291722034 -0.037616428776605454 0.8581512427740499 0.22663653843444154 0.24079973330594173 -0.03761642892624521 0.4669102766535844 0.43137640054176185 0.18706595959621783 0.1594090907017838 -0.03761642867221448 0.09754732981028555 0.2407997329194428 0.46691027703374816
12 0.7999785629011641 0.2731988331026258 0.013179019602066465 0.034492312763164265 0.38594079305704904 0.18726094042264588 0.23202330963975734 0.013179019354916728 0.48755278474615926 0.21786359696913468 0.23202331000124338 0.013179019377562547 0.361649813091991 0.3860177368540635 0.2412447667914782 0.3859559504299123 0.013179019510293908 0.18726094072633043 0.2320233097709918 0.3616498136555066
45 0.44250469811163434 0.3995092965306187 0.24718319292920285 0.3351623614951301 0.5995612044850603 0.26368697923683493 0.29010073694947114 0.24718319277837283 0.14967606752793666 0.21551737495616743 0.29010073725082725 0.2471831932480387 0.14873532565583744 0.25360249648025923 0.27063892959831654 0.5337272495716762 0.2471831933347746 0.2636869792340733 0.2901007369850641 0.14873532575881032
28 0.23202330987564967 0.4345938345483569 0.19900044886640483 0.1878164079862101 0.3473477082542913 0.2151513991705554 0.45284125817971965 0.19900044895196037 0.24079973307010324 0.4312641384346106 0.4528412585655899 0.19900044901944688 0.2763819947175122 0.319349786645153 0.3678743664471897 0.3180003939372291 0.19900044943502015 0.21515139935864855 0.45284125840715644 0.27638199479677744
24 0.015074372909682573 0.3128179073163187 0.5412181430241328 0.5762362735417952 0.21829745450910654 0.22576980967132096 0.16141311545009523 0.5412181421746421 -0.039354431339870675 0.20223384270822678 0.1614131155504969 0.5412181426744064 0.052286772564423184 0.06766786665619687 0.16072256900890067 0.29023093078799217 0.5412181426843459 0.22576980935992558 0.1614131154733256 0.05228677217092855
39 0.36256685626489704 0.22532089837940408 0.06558611118781782 0.0735655027514337 0.20094803442187856 0.4276935005599424 0.2624907501707762 0.06558611115172328 0.3613385628201132 0.26612425719666216 0.2624907506473201 0.06558611131623475 0.4976966503158074 0.553778696510105 0.3411568338923874 0.24509522073357715 0.0655861115009435 0.42769350060688366 0.26249075046856285 0.49769665075958164
42 0.013179019464937228 0.2051848589475015 0.5586448859657093 0.5032454329321484 0.22572933263924044 0.2614165624678365 0.19900044905859035 0.5586448857028282 -0.03761642877289131 0.19861621450746328 0.19900044941320472 0.5586448858093148 0.04951871642182933 0.06235734116614544 0.21155738417788286 0.23512977929750678 0.5586448860401668 0.26141656241244027 0.1990004491503386 0.049518716463829535
52 0.013179019464937228 0.2051848589475015 0.5586448859657093 0.5032454329321484 0.22572933263924044 0.2614165624678365 0.19900044905859035 0.5586448857028282 -0.03761642877289131 0.19861621450746328 0.19900044941320472 0.5586448858093148 0.04951871642182933 0.06235734116614544 0.21155738417788286 0.23512977929750678 0.5586448860401668 0.26141656241244027 0.1990004491503386 0.049518716463829535
38 0.36256685626489704 0.22532089837940408 0.06558611118781782 0.0735655027514337 0.20094803442187856 0.4276935005599424 0.2624907501707762 0.06558611115172328 0.3613385628201132 0.26612425719666216 0.2624907506473201 0.06558611131623475 0.4976966503158074 0.553778696510105 0.3411568338923874 0.24509522073357715 0.0655861115009435 0.42769350060688366 0.26249075046856285 0.49769665075958164
61 0.3719913479702222 0.2074208326065094 0.07895147008330985 0.1180962183596991 0.22746950744595995 0.5718707086696555 0.16112505752357342 0.07895147031381597 0.2244357494432285 0.07542461003447899 0.16112505791181717 0.07895147000505984 0.5204703985827221 0.5040087707096581 0.30124289899431794 0.19681350159837316 0.07895147057381773 0.5718707088943321 0.16112505784992734 0.5204703987404559
64 0.18726094075296484 0.18780076983744834 0.2614165623974937 0.17716669513822797 0.2191223524424687 0.6910303773879218 0.21515139928426685 0.26141656236955646 0.09754732978717608 0.24935335739257908 0.2151513995436242 0.26141656246758777 0.25060790832265734 0.3335138008929923 0.31629477150428126 0.2727923888989042 0.26141656279264275 0.6910303776354406 0.2151513995007141 0.25060790847448833
65 0.23202330987564967 0.4345938345483569 0.19900044886640483 0.1878164079862101 0.3473477082542913 0.2151513991705554 0.45284125817971965 0.19900044895196037 0.24079973307010324 0.4312641384346106 0.4528412585655899 0.19900044901944688 0.2763819947175122 0.319349786645153 0.3678743664471897 0.3180003939372291 0.19900044943502015 0.21515139935864855 0.45284125840715644 0.27638199479677744
34 -0.012151029186304639 0.12747884158248965 0.5720701732761863 0.24947287639399257 0.15156281982677994 0.3415099063311079 0.19473802413940833 0.57207017294656 -0.044857291710244065 0.28225424796436044 0.19473802422242864 0.5720701731588977 0.07673172559385538 0.011179335172036129 0.31299033929764813 0.21533996406441358 0.5720701734207507 0.341509906344698 0.1947380243427532 0.07673172575911373
11 0.4041213950064709 0.2809941003781765 0.2484346597123742 0.20894404946191494 0.4558922071299332 0.33112161800186246 0.2703608156500106 0.2484346593852333 0.1325321900375845 0.28449601750650294 0.2703608159316822 0.24843465957614858 0.2298949766535592 0.2638073423741059 0.34642818370409817 0.6531909935230579 0.24843465996136427 0.33112161799186546 0.2703608158216575 0.22989497733317968
35 0.48318183518893304 0.5095761450795167 0.07186224962378558 0.11784951939966992 0.38787466112464375 0.2294539801121664 0.35410435540360213 0.07186224922426716 0.4652173066626426 0.290823898978048 0.354104355762496 0.07186224915960653 0.26545151742657547 0.4754121908317178 0.31145391020546925 0.26745260383372965 0.07186224941991233 0.2294539801417741 0.3541043553723429 0.2654515179523977
2 0.3616498132916068 0.20204528597615357 0.049518716521561146 0.04316683323043069 0.15984908562327887 0.2506079082377255 0.2763819943065755 0.04951871657976881 0.4669102768391946 0.3333634882126546 0.27638199474313296 0.049518716405145824 0.6013304953521583 0.4335505539521267 0.390415750017981 0.20897424618486715 0.04951871689991094 0.25060790847055614 0.2763819945976138 0.6013304956723005
21 0.5820452718317369 0.29436675892183767 -0.013818421899652536 0.0259989738452377 0.2219212057995381 0.17549422107212004 0.24513591703271104 -0.013818421524699587 0.7078053171871328 0.10768709153356627 0.24513591733161968 -0.013818421416826977 0.45703997102516913 0.45121499538911086 0.2922218631227923 0.2031868402984086 -0.013818421463968214 0.17549422157817818 0.24513591743824914 0.45703997133455276
25 0.23202330987564967 0.4345938345483569 0.19900044886640483 0.1878164079862101 0.3473477082542913 0.2151513991705554 0.45284125817971965 0.19900044895196037 0.24079973307010324 0.4312641384346106 0.4528412585655899 0.19900044901944688 0.2763819947175122 0.319349786645153 0.3678743664471897 0.3180003939372291 0.19900044943502015 0.21515139935864855 0.45284125840715644 0.27638199479677744
33 -0.012151029186304639 0.12747884158248965 0.5720701732761863 0.24947287639399257 0.15156281982677994 0.3415099063311079 0.19473802413940833 0.57207017294656 -0.044857291710244065 0.28225424796436044 0.19473802422242864 0.5720701731588977 0.07673172559385538 0.011179335172036129 0.31299033929764813 0.21533996406441358 0.5720701734207507 0.341509906344698 0.1947380243427532 0.07673172575911373
48 0.19924392791534404 0.5835262707569838 0.1700667917614856 0.26811831380707907 0.4606157404204007 0.14082532335965386 0.48200073728365206 0.17006679150781592 0.2873758149328882 0.39214927550392825 0.48200073772579893 0.1700667916350924 0.1953778857063664 0.20975375964309795 0.1757824684571077 0.3057685310359115 0.1700667918811592 0.14082532354211252 0.48200073741269767 0.19537788590339208
59 0.18726094075296484 0.18780076983744834 0.2614165623974937 0.17716669513822797 0.2191223524424687 0.6910303773879218 0.21515139928426685 0.26141656236955646 0.09754732978717608 0.24935335739257908 0.2151513995436242 0.26141656246758777 0.25060790832265734 0.3335138008929923 0.31629477150428126 0.2727923888989042 0.26141656279264275 0.6910303776354406 0.2151513995007141 0.25060790847448833
40 0.23202330987564967 0.4345938345483569 0.19900044886640483 0.1878164079862101 0.3473477082542913 0.2151513991705554 0.45284125817971965 0.19900044895196037 0.24079973307010324 0.4312641384346106 0.4528412585655899 0.19900044901944688 0.2763819947175122 0.319349786645153 0.3678743664471897 0.3180003939372291 0.19900044943502015 0.21515139935864855 0.45284125840715644 0.27638199479677744
10 0.36525193583252547 0.25005641373452636 0.050774157215408615 0.05111944780789916 0.02933710854127614 0.3472047311544134 0.24046047408279794 0.05077415714284646 0.4157632014272227 0.21242912032370764 0.24046047445767482 0.050774157185567985 0.5932074275041035 0.3756059907850189 0.3615420291386069 0.4052422065728366 0.05077415727436622 0.3472047315396447 0.24046047445894791 0.5932074276872166
55 0.3860177368540542 0.2910406617227655 0.06235734092505136 0.07115524124083504 0.24085518174300313 0.3335138007604662 0.3193497863911579 0.06235734103553603 0.43137640054176324 0.33035542119136196 0.3193497868582458 0.062357341271053135 0.43355055357748984 0.5477748660756968 0.3466350286270886 0.260530642693752 0.06235734129536448 0.3335138007788699 0.3193497867060202 0.43355055407603826
63 0.18726094075296484 0.18780076983744834 0.2614165623974937 0.17716669513822797 0.2191223524424687 0.6910303773879218 0.21515139928426685 0.26141656236955646 0.09754732978717608 0.24935335739257908 0.2151513995436242 0.26141656246758777 0.25060790832265734 0.3335138008929923 0.31629477150428126 0.2727923888989042 0.26141656279264275 0.6910303776354406 0.2151513995007141 0.25060790847448833
47 0.03449231276314908 0.27739590125401536 0.5032454333240016 0.746144258338299 0.30290282202530855 0.17716669512019628 0.18781640789507978 0.5032454327021738 -0.030710400965613116 0.1336492641363097 0.18781640808397115 0.5032454330129396 0.043166832982118056 0.07115524124082535 0.1143678229713563 0.22600973332425003 0.5032454330556239 0.17716669514287978 0.18781640804897415 0.043166832953100115
43 0.013179019464937228 0.2051848589475015 0.5586448859657093 0.5032454329321484 0.22572933263924044 0.2614165624678365 0.19900044905859035 0.5586448857028282 -0.03761642877289131 0.19861621450746328 0.19900044941320472 0.5586448858093148 0.04951871642182933 0.06235734116614544 0.21155738417788286 0.23512977929750678 0.5586448860401668 0.26141656241244027 0.1990004491503386 0.049518716463829535
67 0.013179019464937228 0.2051848589475015 0.5586448859657093 0.5032454329321484 0.22572933263924044 0.2614165624678365 0.19900044905859035 0.5586448857028282 -0.03761642877289131 0.19861621450746328 0.19900044941320472 0.5586448858093148 0.04951871642182933 0.06235734116614544 0.21155738417788286 0.23512977929750678 0.5586448860401668 0.26141656241244027 0.1990004491503386 0.049518716463829535
9 0.21786359696899377 0.3613556159826168 0.19861621465648002 0.1336492641362962 0.28208511963990496 0.24935335706587444 0.431264138164667 0.19861621417625985 0.2266365384344023 0.4639986884910819 0.4312641385233907 0.1986162142777227 0.3333634879084925 0.33035542119131583 0.4310883257225154 0.317042869080498 0.19861621476082694 0.24935335746233708 0.43126413845082184 0.33336348827436985
18 0.3616498132916068 0.20204528597615357 0.049518716521561146 0.04316683323043069 0.15984908562327887 0.2506079082377255 0.2763819943065755 0.04951871657976881 0.4669102768391946 0.3333634882126546 0.27638199474313296 0.049518716405145824 0.6013304953521583 0.4335505539521267 0.390415750017981 0.20897424618486715 0.04951871689991094 0.25060790847055614 0.2763819945976138 0.6013304956723005
41 0.3515841406458423 0.1972950831482975 0.018230477213198423 0.02882171922449203 0.22148165201320158 0.38404432843290653 0.09069181581636462 0.018230477421799833 0.3723467167294461 -0.13645367642271367 0.09069181607991583 0.018230477512722595 0.7563644163933382 0.3033954581429598 0.10803070645908369 0.06802332058117584 0.018230477787367767 0.3840443286666683 0.09069181648992802 0.7563644165448726
14 0.3823300356136907 0.26990349546140574 0.04999741104769152 0.04955407914067678 0.2083885874330575 0.20458045528487528 0.32485214410427615 0.04999741112919025 0.5067933030536138 0.37625731530848056 0.324852144503241 0.04999741127975944 0.5127493963551595 0.4491852118417795 0.3798651398207226 0.2308696092693115 0.04999741155966978 0.20458045541295256 0.3248521442814707 0.5127493966251864
19 0.21786359696899377 0.3613556159826168 0.19861621465648002 0.1336492641362962 0.28208511963990496 0.24935335706587444 0.431264138164667 0.19861621417625985 0.2266365384344023 0.4639986884910819 0.4312641385233907 0.1986162142777227 0.3333634879084925 0.33035542119131583 0.4310883257225154 0.317042869080498 0.19861621476082694 0.24935335746233708 0.43126413845082184 0.33336348827436985
62 0.3719913479702222 0.2074208326065094 0.07895147008330985 0.1180962183596991 0.22746950744595995 0.5718707086696555 0.16112505752357342 0.07895147031381597 0.2244357494432285 0.07542461003447899 0.16112505791181717 0.07895147000505984 0.5204703985827221 0.5040087707096581 0.30124289899431794 0.19681350159837316 0.07895147057381773 0.5718707088943321 0.16112505784992734 0.5204703987404559
