53 0.15937082909879605 0.5489268372934877 0.4425311976792844 0.29523193689023947 0.341000515066022 0.44253119780427375 0.2952319372287287 0.4425311978226231 0.19906800446723025 0.19906800471992966 0.1990680045436251 0.19906800465781613 0.19906800454253126 0.19906800461841834 0.13954824819756045 0.4425311975514344 0.44253119762282134 0.29523193722599733 0.13954824815505462 0.1990680044978861
3 0.19785349795342375 0.4425311976906007 0.44243472706976966 0.3305724512598675 0.4020010153097729 0.44243472723843025 0.33057245161229504 0.44243472687554747 0.1788887196110575 0.17888871950543128 0.17888871957223393 0.1788887194954282 0.1788887193933469 0.17888871930684472 0.19082744103445853 0.44243472684653323 0.44243472701422487 0.3305724515886454 0.19082744069915888 0.17888871952577964
16 0.46544688076368373 0.29523193710440687 0.3305724511336819 0.5744446600915106 0.3587424095414112 0.33057245123051726 0.5744446602452851 0.3305724514584162 0.05508189781552008 0.05508189780405697 0.05508189781782918 0.05508189787388287 0.05508189766789036 0.055081897903137576 0.07040010361080834 0.3305724514019303 0.33057245127750956 0.5744446601210407 0.07040010399470963 0.055081897864468064
28 0.300186324221213 0.3410005150660001 0.40200101542561334 0.35874240911891137 0.5150558838199369 0.4020010152760371 0.35874240957134657 0.4020010153988933 0.17576251095723724 0.17576251107851124 0.17576251110126323 0.1757625108763118 0.1757625107644853 0.1757625109695554 0.2428627225380773 0.40200101536428745 0.40200101522730725 0.35874240961818604 0.24286272220790858 0.17576251072653912
5 0.19785349795342375 0.4425311976906007 0.44243472706976966 0.3305724512598675 0.4020010153097729 0.44243472723843025 0.33057245161229504 0.44243472687554747 0.1788887196110575 0.17888871950543128 0.17888871957223393 0.1788887194954282 0.1788887193933469 0.17888871930684472 0.19082744103445853 0.44243472684653323 0.44243472701422487 0.3305724515886454 0.19082744069915888 0.17888871952577964
11 0.1978534979534238 0.4425311976905917 0.4424347268650308 0.3305724511737935 0.4020010153097715 0.44243472698144615 0.33057245140662417 0.4424347267486155 0.1788887195289135 0.17888871958712116 0.17888871941249818 0.17888871958712116 0.17888871929608285 0.17888871929608285 0.19082744081970304 0.44243472698144615 0.4424347269232385 0.33057245158124715 0.19082744081970304 0.17888871929608285
40 0.07512968784332613 0.19906800454174378 0.17888871987815946 0.05508189764805138 0.17576251086074246 0.1788887195289135 0.0550818977644667 0.17888871929608285 0.45598451065598056 0.45598451108526206 0.45598451094701886 0.4559845108742593 0.4559845106705325 0.45598451074329205 0.38682939764112234 0.17888871920877136 0.1788887195289135 0.05508189810643671 0.3868293974082917 0.4559845104959095
59 0.300186324221213 0.3410005150660001 0.40200101542561334 0.35874240911891137 0.5150558838199369 0.4020010152760371 0.35874240957134657 0.4020010153988933 0.17576251095723724 0.17576251107851124 0.17576251110126323 0.1757625108763118 0.1757625107644853 0.1757625109695554 0.2428627225380773 0.40200101536428745 0.40200101522730725 0.35874240961818604 0.24286272220790858 0.17576251072653912
24 1.0332158523069128 0.20705153290463593 0.160855068275428 0.48557216264839886 0.10974905281466515 0.16085506885714904 0.4855721626783888 0.16085506858123236 0.03930967029053261 0.039309670287114344 0.039309670306551324 0.03930967034181666 0.03930967018675767 0.03930967032836421 0.011808251524653132 0.1608550685797363 0.1608550683657747 0.4855721626032092 0.011808251869931825 0.03930967082467785
22 0.07512968784332613 0.19906800454174378 0.17888871987815946 0.05508189764805138 0.17576251086074246 0.1788887195289135 0.0550818977644667 0.17888871929608285 0.45598451065598056 0.45598451108526206 0.45598451094701886 0.4559845108742593 0.4559845106705325 0.45598451074329205 0.38682939764112234 0.17888871920877136 0.1788887195289135 0.05508189810643671 0.3868293974082917 0.4559845104959095
42 0.07512968784332613 0.19906800454174378 0.17888871987815946 0.05508189764805138 0.17576251086074246 0.1788887195289135 0.0550818977644667 0.17888871929608285 0.45598451065598056 0.45598451108526206 0.45598451094701886 0.4559845108742593 0.4559845106705325 0.45598451074329205 0.38682939764112234 0.17888871920877136 0.1788887195289135 0.05508189810643671 0.3868293974082917 0.4559845104959095
13 0.19785349795342375 0.4425311976906007 0.44243472706976966 0.3305724512598675 0.4020010153097729 0.44243472723843025 0.33057245161229504 0.44243472687554747 0.1788887196110575 0.17888871950543128 0.17888871957223393 0.1788887194954282 0.1788887193933469 0.17888871930684472 0.19082744103445853 0.44243472684653323 0.44243472701422487 0.3305724515886454 0.19082744069915888 0.17888871952577964
47 0.09494645564738541 0.1395482481500228 0.19082744117943196 0.07040010356601367 0.24286272221975075 0.19082744064264723 0.07040010371583745 0.19082744052819395 0.386829397273086 0.38682939773783265 0.38682939764312674 0.3868293973984568 0.3868293973747873 0.38682939748612066 0.5779819170130759 0.1908274405522117 0.1908274407559693 0.07040010405803586 0.5779819166771129 0.38682939704073277
41 0.07512968784332613 0.19906800454174378 0.17888871987815946 0.05508189764805138 0.17576251086074246 0.1788887195289135 0.0550818977644667 0.17888871929608285 0.45598451065598056 0.45598451108526206 0.45598451094701886 0.4559845108742593 0.4559845106705325 0.45598451074329205 0.38682939764112234 0.17888871920877136 0.1788887195289135 0.05508189810643671 0.3868293974082917 0.4559845104959095
48 0.15937082909879605 0.5489268372934877 0.4425311976792844 0.29523193689023947 0.341000515066022 0.44253119780427375 0.2952319372287287 0.4425311978226231 0.19906800446723025 0.19906800471992966 0.1990680045436251 0.19906800465781613 0.19906800454253126 0.19906800461841834 0.13954824819756045 0.4425311975514344 0.44253119762282134 0.29523193722599733 0.13954824815505462 0.1990680044978861
33 0.15937082909879605 0.5489268372934877 0.4425311976792844 0.29523193689023947 0.341000515066022 0.44253119780427375 0.2952319372287287 0.4425311978226231 0.19906800446723025 0.19906800471992966 0.1990680045436251 0.19906800465781613 0.19906800454253126 0.19906800461841834 0.13954824819756045 0.4425311975514344 0.44253119762282134 0.29523193722599733 0.13954824815505462 0.1990680044978861
31 0.09494645564738541 0.1395482481500228 0.19082744117943196 0.07040010356601367 0.24286272221975075 0.19082744064264723 0.07040010371583745 0.19082744052819395 0.386829397273086 0.38682939773783265 0.38682939764312674 0.3868293973984568 0.3868293973747873 0.38682939748612066 0.5779819170130759 0.1908274405522117 0.1908274407559693 0.07040010405803586 0.5779819166771129 0.38682939704073277
12 0.46544688076368373 0.29523193710440687 0.3305724511336819 0.5744446600915106 0.3587424095414112 0.33057245123051726 0.5744446602452851 0.3305724514584162 0.05508189781552008 0.05508189780405697 0.05508189781782918 0.05508189787388287 0.05508189766789036 0.055081897903137576 0.07040010361080834 0.3305724514019303 0.33057245127750956 0.5744446601210407 0.07040010399470963 0.055081897864468064
29 0.300186324221213 0.3410005150660001 0.40200101542561334 0.35874240911891137 0.5150558838199369 0.4020010152760371 0.35874240957134657 0.4020010153988933 0.17576251095723724 0.17576251107851124 0.17576251110126323 0.1757625108763118 0.1757625107644853 0.1757625109695554 0.2428627225380773 0.40200101536428745 0.40200101522730725 0.35874240961818604 0.24286272220790858 0.17576251072653912
45 0.9906037204830875 0.15937082909873582 0.19785349775699562 0.46544688076193114 0.30018632422118885 0.19785349821671283 0.4654468808916254 0.1978534981186498 0.07512968771726877 0.07512968778359438 0.07512968784296489 0.07512968784066251 0.07512968773147956 0.0751296878094244 0.09494645554790122 0.1978534980446593 0.1978534977718466 0.4654468808712195 0.09494645586397013 0.0751296880417716
0 0.46544688076368373 0.29523193710440687 0.3305724511336819 0.5744446600915106 0.3587424095414112 0.33057245123051726 0.5744446602452851 0.3305724514584162 0.05508189781552008 0.05508189780405697 0.05508189781782918 0.05508189787388287 0.05508189766789036 0.055081897903137576 0.07040010361080834 0.3305724514019303 0.33057245127750956 0.5744446601210407 0.07040010399470963 0.055081897864468064
62 0.09494645564738541 0.1395482481500228 0.19082744117943196 0.07040010356601367 0.24286272221975075 0.19082744064264723 0.07040010371583745 0.19082744052819395 0.386829397273086 0.38682939773783265 0.38682939764312674 0.3868293973984568 0.3868293973747873 0.38682939748612066 0.5779819170130759 0.1908274405522117 0.1908274407559693 0.07040010405803586 0.5779819166771129 0.38682939704073277
15 0.19785349795342375 0.4425311976906007 0.44243472706976966 0.3305724512598675 0.4020010153097729 0.44243472723843025 0.33057245161229504 0.44243472687554747 0.1788887196110575 0.17888871950543128 0.17888871957223393 0.1788887194954282 0.1788887193933469 0.17888871930684472 0.19082744103445853 0.44243472684653323 0.44243472701422487 0.3305724515886454 0.19082744069915888 0.17888871952577964
61 0.09494645564738541 0.1395482481500228 0.19082744117943196 0.07040010356601367 0.24286272221975075 0.19082744064264723 0.07040010371583745 0.19082744052819395 0.386829397273086 0.38682939773783265 0.38682939764312674 0.3868293973984568 0.3868293973747873 0.38682939748612066 0.5779819170130759 0.1908274405522117 0.1908274407559693 0.07040010405803586 0.5779819166771129 0.38682939704073277
14 0.46544688076368373 0.29523193710440687 0.3305724511336819 0.5744446600915106 0.3587424095414112 0.33057245123051726 0.5744446602452851 0.3305724514584162 0.05508189781552008 0.05508189780405697 0.05508189781782918 0.05508189787388287 0.05508189766789036 0.055081897903137576 0.07040010361080834 0.3305724514019303 0.33057245127750956 0.5744446601210407 0.07040010399470963 0.055081897864468064
17 0.19785349795342375 0.4425311976906007 0.44243472706976966 0.3305724512598675 0.4020010153097729 0.44243472723843025 0.33057245161229504 0.44243472687554747 0.1788887196110575 0.17888871950543128 0.17888871957223393 0.1788887194954282 0.1788887193933469 0.17888871930684472 0.19082744103445853 0.44243472684653323 0.44243472701422487 0.3305724515886454 0.19082744069915888 0.17888871952577964
19 1.0332158523069128 0.20705153290463593 0.160855068275428 0.48557216264839886 0.10974905281466515 0.16085506885714904 0.4855721626783888 0.16085506858123236 0.03930967029053261 0.039309670287114344 0.039309670306551324 0.03930967034181666 0.03930967018675767 0.03930967032836421 0.011808251524653132 0.1608550685797363 0.1608550683657747 0.4855721626032092 0.011808251869931825 0.03930967082467785
34 1.0332158523069128 0.20705153290463593 0.160855068275428 0.48557216264839886 0.10974905281466515 0.16085506885714904 0.4855721626783888 0.16085506858123236 0.03930967029053261 0.039309670287114344 0.039309670306551324 0.03930967034181666 0.03930967018675767 0.03930967032836421 0.011808251524653132 0.1608550685797363 0.1608550683657747 0.4855721626032092 0.011808251869931825 0.03930967082467785
57 0.07512968784332613 0.19906800454174378 0.17888871987815946 0.05508189764805138 0.17576251086074246 0.1788887195289135 0.0550818977644667 0.17888871929608285 0.45598451065598056 0.45598451108526206 0.45598451094701886 0.4559845108742593 0.4559845106705325 0.45598451074329205 0.38682939764112234 0.17888871920877136 0.1788887195289135 0.05508189810643671 0.3868293974082917 0.4559845104959095
8 0.46544688076368373 0.29523193710440687 0.3305724511336819 0.5744446600915106 0.3587424095414112 0.33057245123051726 0.5744446602452851 0.3305724514584162 0.05508189781552008 0.05508189780405697 0.05508189781782918 0.05508189787388287 0.05508189766789036 0.055081897903137576 0.07040010361080834 0.3305724514019303 0.33057245127750956 0.5744446601210407 0.07040010399470963 0.055081897864468064
32 0.09494645564738541 0.1395482481500228 0.19082744117943196 0.07040010356601367 0.24286272221975075 0.19082744064264723 0.07040010371583745 0.19082744052819395 0.386829397273086 0.38682939773783265 0.38682939764312674 0.3868293973984568 0.3868293973747873 0.38682939748612066 0.5779819170130759 0.1908274405522117 0.1908274407559693 0.07040010405803586 0.5779819166771129 0.38682939704073277
51 0.07512968784332613 0.19906800454174378 0.17888871987815946 0.05508189764805138 0.17576251086074246 0.1788887195289135 0.0550818977644667 0.17888871929608285 0.45598451065598056 0.45598451108526206 0.45598451094701886 0.4559845108742593 0.4559845106705325 0.45598451074329205 0.38682939764112234 0.17888871920877136 0.1788887195289135 0.05508189810643671 0.3868293974082917 0.4559845104959095
46 0.09494645564738541 0.1395482481500228 0.19082744117943196 0.07040010356601367 0.24286272221975075 0.19082744064264723 0.07040010371583745 0.19082744052819395 0.386829397273086 0.38682939773783265 0.38682939764312674 0.3868293973984568 0.3868293973747873 0.38682939748612066 0.5779819170130759 0.1908274405522117 0.1908274407559693 0.07040010405803586 0.5779819166771129 0.38682939704073277
56 0.07512968784332613 0.19906800454174378 0.17888871987815946 0.05508189764805138 0.17576251086074246 0.1788887195289135 0.0550818977644667 0.17888871929608285 0.45598451065598056 0.45598451108526206 0.45598451094701886 0.4559845108742593 0.4559845106705325 0.45598451074329205 0.38682939764112234 0.17888871920877136 0.1788887195289135 0.05508189810643671 0.3868293974082917 0.4559845104959095
35 0.07512968784332613 0.19906800454174378 0.17888871987815946 0.05508189764805138 0.17576251086074246 0.1788887195289135 0.0550818977644667 0.17888871929608285 0.45598451065598056 0.45598451108526206 0.45598451094701886 0.4559845108742593 0.4559845106705325 0.45598451074329205 0.38682939764112234 0.17888871920877136 0.1788887195289135 0.05508189810643671 0.3868293974082917 0.4559845104959095
36 0.07512968784332613 0.19906800454174378 0.17888871987815946 0.05508189764805138 0.17576251086074246 0.1788887195289135 0.0550818977644667 0.17888871929608285 0.45598451065598056 0.45598451108526206 0.45598451094701886 0.4559845108742593 0.4559845106705325 0.45598451074329205 0.38682939764112234 0.17888871920877136 0.1788887195289135 0.05508189810643671 0.3868293974082917 0.4559845104959095
52 0.07512968784332613 0.19906800454174378 0.17888871987815946 0.05508189764805138 0.17576251086074246 0.1788887195289135 0.0550818977644667 0.17888871929608285 0.45598451065598056 0.45598451108526206 0.45598451094701886 0.4559845108742593 0.4559845106705325 0.45598451074329205 0.38682939764112234 0.17888871920877136 0.1788887195289135 0.05508189810643671 0.3868293974082917 0.4559845104959095
1 0.19785349795342375 0.4425311976906007 0.44243472706976966 0.3305724512598675 0.4020010153097729 0.44243472723843025 0.33057245161229504 0.44243472687554747 0.1788887196110575 0.17888871950543128 0.17888871957223393 0.1788887194954282 0.1788887193933469 0.17888871930684472 0.19082744103445853 0.44243472684653323 0.44243472701422487 0.3305724515886454 0.19082744069915888 0.17888871952577964
55 0.07512968784332613 0.19906800454174378 0.17888871987815946 0.05508189764805138 0.17576251086074246 0.1788887195289135 0.0550818977644667 0.17888871929608285 0.45598451065598056 0.45598451108526206 0.45598451094701886 0.4559845108742593 0.4559845106705325 0.45598451074329205 0.38682939764112234 0.17888871920877136 0.1788887195289135 0.05508189810643671 0.3868293974082917 0.4559845104959095
50 0.07512968784332613 0.19906800454174378 0.17888871987815946 0.05508189764805138 0.17576251086074246 0.1788887195289135 0.0550818977644667 0.17888871929608285 0.45598451065598056 0.45598451108526206 0.45598451094701886 0.4559845108742593 0.4559845106705325 0.45598451074329205 0.38682939764112234 0.17888871920877136 0.1788887195289135 0.05508189810643671 0.3868293974082917 0.4559845104959095
2 0.46544688076368373 0.29523193710440687 0.3305724511336819 0.5744446600915106 0.3587424095414112 0.33057245123051726 0.5744446602452851 0.3305724514584162 0.05508189781552008 0.05508189780405697 0.05508189781782918 0.05508189787388287 0.05508189766789036 0.055081897903137576 0.07040010361080834 0.3305724514019303 0.33057245127750956 0.5744446601210407 0.07040010399470963 0.055081897864468064
54 1.0332158523069128 0.20705153290463593 0.160855068275428 0.48557216264839886 0.10974905281466515 0.16085506885714904 0.4855721626783888 0.16085506858123236 0.03930967029053261 0.039309670287114344 0.039309670306551324 0.03930967034181666 0.03930967018675767 0.03930967032836421 0.011808251524653132 0.1608550685797363 0.1608550683657747 0.4855721626032092 0.011808251869931825 0.03930967082467785
7 0.19785349795342375 0.4425311976906007 0.44243472706976966 0.3305724512598675 0.4020010153097729 0.44243472723843025 0.33057245161229504 0.44243472687554747 0.1788887196110575 0.17888871950543128 0.17888871957223393 0.1788887194954282 0.1788887193933469 0.17888871930684472 0.19082744103445853 0.44243472684653323 0.44243472701422487 0.3305724515886454 0.19082744069915888 0.17888871952577964
43 0.300186324221213 0.3410005150660001 0.40200101542561334 0.35874240911891137 0.5150558838199369 0.4020010152760371 0.35874240957134657 0.4020010153988933 0.17576251095723724 0.17576251107851124 0.17576251110126323 0.1757625108763118 0.1757625107644853 0.1757625109695554 0.2428627225380773 0.40200101536428745 0.40200101522730725 0.35874240961818604 0.24286272220790858 0.17576251072653912
6 0.46544688076368373 0.29523193710440687 0.3305724511336819 0.5744446600915106 0.3587424095414112 0.33057245123051726 0.5744446602452851 0.3305724514584162 0.05508189781552008 0.05508189780405697 0.05508189781782918 0.05508189787388287 0.05508189766789036 0.055081897903137576 0.07040010361080834 0.3305724514019303 0.33057245127750956 0.5744446601210407 0.07040010399470963 0.055081897864468064
20 0.07512968784332613 0.19906800454174378 0.17888871987815946 0.05508189764805138 0.17576251086074246 0.1788887195289135 0.0550818977644667 0.17888871929608285 0.45598451065598056 0.45598451108526206 0.45598451094701886 0.4559845108742593 0.4559845106705325 0.45598451074329205 0.38682939764112234 0.17888871920877136 0.1788887195289135 0.05508189810643671 0.3868293974082917 0.4559845104959095
49 1.0332158523069128 0.20705153290463593 0.160855068275428 0.48557216264839886 0.10974905281466515 0.16085506885714904 0.4855721626783888 0.16085506858123236 0.03930967029053261 0.039309670287114344 0.039309670306551324 0.03930967034181666 0.03930967018675767 0.03930967032836421 0.011808251524653132 0.1608550685797363 0.1608550683657747 0.4855721626032092 0.011808251869931825 0.03930967082467785
58 0.300186324221213 0.3410005150660001 0.40200101542561334 0.35874240911891137 0.5150558838199369 0.4020010152760371 0.35874240957134657 0.4020010153988933 0.17576251095723724 0.17576251107851124 0.17576251110126323 0.1757625108763118 0.1757625107644853 0.1757625109695554 0.2428627225380773 0.40200101536428745 0.40200101522730725 0.35874240961818604 0.24286272220790858 0.17576251072653912
44 0.300186324221213 0.3410005150660001 0.40200101542561334 0.35874240911891137 0.5150558838199369 0.4020010152760371 0.35874240957134657 0.4020010153988933 0.17576251095723724 0.17576251107851124 0.17576251110126323 0.1757625108763118 0.1757625107644853 0.1757625109695554 0.2428627225380773 0.40200101536428745 0.40200101522730725 0.35874240961818604 0.24286272220790858 0.17576251072653912
37 0.07512968784332613 0.19906800454174378 0.17888871987815946 0.05508189764805138 0.17576251086074246 0.1788887195289135 0.0550818977644667 0.17888871929608285 0.45598451065598056 0.45598451108526206 0.45598451094701886 0.4559845108742593 0.4559845106705325 0.45598451074329205 0.38682939764112234 0.17888871920877136 0.1788887195289135 0.05508189810643671 0.3868293974082917 0.4559845104959095
26 0.07512968784332613 0.19906800454174378 0.17888871987815946 0.05508189764805138 0.17576251086074246 0.1788887195289135 0.0550818977644667 0.17888871929608285 0.45598451065598056 0.45598451108526206 0.45598451094701886 0.4559845108742593 0.4559845106705325 0.45598451074329205 0.38682939764112234 0.17888871920877136 0.1788887195289135 0.05508189810643671 0.3868293974082917 0.4559845104959095
18 0.15937082909879605 0.5489268372934877 0.4425311976792844 0.29523193689023947 0.341000515066022 0.44253119780427375 0.2952319372287287 0.4425311978226231 0.19906800446723025 0.19906800471992966 0.1990680045436251 0.19906800465781613 0.19906800454253126 0.19906800461841834 0.13954824819756045 0.4425311975514344 0.44253119762282134 0.29523193722599733 0.13954824815505462 0.1990680044978861
10 0.46544688076368373 0.29523193710440687 0.3305724511336819 0.5744446600915106 0.3587424095414112 0.33057245123051726 0.5744446602452851 0.3305724514584162 0.05508189781552008 0.05508189780405697 0.05508189781782918 0.05508189787388287 0.05508189766789036 0.055081897903137576 0.07040010361080834 0.3305724514019303 0.33057245127750956 0.5744446601210407 0.07040010399470963 0.055081897864468064
27 0.07512968784332613 0.19906800454174378 0.17888871987815946 0.05508189764805138 0.17576251086074246 0.1788887195289135 0.0550818977644667 0.17888871929608285 0.45598451065598056 0.45598451108526206 0.45598451094701886 0.4559845108742593 0.4559845106705325 0.45598451074329205 0.38682939764112234 0.17888871920877136 0.1788887195289135 0.05508189810643671 0.3868293974082917 0.4559845104959095
30 0.9906037204830875 0.15937082909873582 0.19785349775699562 0.46544688076193114 0.30018632422118885 0.19785349821671283 0.4654468808916254 0.1978534981186498 0.07512968771726877 0.07512968778359438 0.07512968784296489 0.07512968784066251 0.07512968773147956 0.0751296878094244 0.09494645554790122 0.1978534980446593 0.1978534977718466 0.4654468808712195 0.09494645586397013 0.0751296880417716
38 0.15937082909879605 0.5489268372934877 0.4425311976792844 0.29523193689023947 0.341000515066022 0.44253119780427375 0.2952319372287287 0.4425311978226231 0.19906800446723025 0.19906800471992966 0.1990680045436251 0.19906800465781613 0.19906800454253126 0.19906800461841834 0.13954824819756045 0.4425311975514344 0.44253119762282134 0.29523193722599733 0.13954824815505462 0.1990680044978861
21 0.07512968784332613 0.19906800454174378 0.17888871987815946 0.05508189764805138 0.17576251086074246 0.1788887195289135 0.0550818977644667 0.17888871929608285 0.45598451065598056 0.45598451108526206 0.45598451094701886 0.4559845108742593 0.4559845106705325 0.45598451074329205 0.38682939764112234 0.17888871920877136 0.1788887195289135 0.05508189810643671 0.3868293974082917 0.4559845104959095
9 0.19785349795342375 0.4425311976906007 0.44243472706976966 0.3305724512598675 0.4020010153097729 0.44243472723843025 0.33057245161229504 0.44243472687554747 0.1788887196110575 0.17888871950543128 0.17888871957223393 0.1788887194954282 0.1788887193933469 0.17888871930684472 0.19082744103445853 0.44243472684653323 0.44243472701422487 0.3305724515886454 0.19082744069915888 0.17888871952577964
60 0.9906037204830875 0.15937082909873582 0.19785349775699562 0.46544688076193114 0.30018632422118885 0.19785349821671283 0.4654468808916254 0.1978534981186498 0.07512968771726877 0.07512968778359438 0.07512968784296489 0.07512968784066251 0.07512968773147956 0.0751296878094244 0.09494645554790122 0.1978534980446593 0.1978534977718466 0.4654468808712195 0.09494645586397013 0.0751296880417716
25 0.07512968784332613 0.19906800454174378 0.17888871987815946 0.05508189764805138 0.17576251086074246 0.1788887195289135 0.0550818977644667 0.17888871929608285 0.45598451065598056 0.45598451108526206 0.45598451094701886 0.4559845108742593 0.4559845106705325 0.45598451074329205 0.38682939764112234 0.17888871920877136 0.1788887195289135 0.05508189810643671 0.3868293974082917 0.4559845104959095
4 0.46544688076368373 0.29523193710440687 0.3305724511336819 0.5744446600915106 0.3587424095414112 0.33057245123051726 0.5744446602452851 0.3305724514584162 0.05508189781552008 0.05508189780405697 0.05508189781782918 0.05508189787388287 0.05508189766789036 0.055081897903137576 0.07040010361080834 0.3305724514019303 0.33057245127750956 0.5744446601210407 0.07040010399470963 0.055081897864468064
23 0.15937082909879605 0.5489268372934877 0.4425311976792844 0.29523193689023947 0.341000515066022 0.44253119780427375 0.2952319372287287 0.4425311978226231 0.19906800446723025 0.19906800471992966 0.1990680045436251 0.19906800465781613 0.19906800454253126 0.19906800461841834 0.13954824819756045 0.4425311975514344 0.44253119762282134 0.29523193722599733 0.13954824815505462 0.1990680044978861
39 1.0332158523069128 0.20705153290463593 0.160855068275428 0.48557216264839886 0.10974905281466515 0.16085506885714904 0.4855721626783888 0.16085506858123236 0.03930967029053261 0.039309670287114344 0.039309670306551324 0.03930967034181666 0.03930967018675767 0.03930967032836421 0.011808251524653132 0.1608550685797363 0.1608550683657747 0.4855721626032092 0.011808251869931825 0.03930967082467785
