id,x_0,x_1,x_2,x_3,x_4,x_5,x_6,x_7,x_8,x_9
0.0,0.5543725064526762,0.3543880692299112,2.220446049250313e-16,0.006676508378497592,0.6942280798206478,2.220446049250313e-16,0.026893218344613005,2.220446049250313e-16,0.6695805806423807,2.220446049250313e-16
1.0,0.5421444679401741,2.220446049250313e-16,0.6232250925777526,0.6084945330707131,2.220446049250313e-16,2.220446049250313e-16,2.220446049250313e-16,2.220446049250313e-16,2.220446049250313e-16,2.220446049250313e-16
2.0,0.2768169936627557,0.3543880692299112,2.220446049250313e-16,2.220446049250313e-16,0.6942280798206479,2.220446049250313e-16,0.32799275353542534,2.220446049250313e-16,0.6329039850491279,2.220446049250313e-16
3.0,2.220446049250313e-16,2.220446049250313e-16,0.7811747641663699,0.7037322490332956,2.220446049250313e-16,2.220446049250313e-16,2.220446049250313e-16,2.220446049250313e-16,2.220446049250313e-16,0.06979643972372258
4.0,0.2768169936627557,2.220446049250313e-16,2.220446049250313e-16,2.220446049250313e-16,2.220446049250313e-16,0.29315574868521416,2.220446049250313e-16,2.220446049250313e-16,2.220446049250313e-16,0.8948848215373681
5.0,2.220446049250313e-16,0.5971186767228873,0.8014218610672179,0.28255728240611994,2.220446049250313e-16,2.220446049250313e-16,2.220446049250313e-16,2.220446049250313e-16,2.220446049250313e-16,2.220446049250313e-16
6.0,0.5543725064526762,0.3543880692299112,2.220446049250313e-16,0.006676508378497592,0.6942280798206478,2.220446049250313e-16,0.026893218344613005,2.220446049250313e-16,0.6695805806423807,2.220446049250313e-16
7.0,0.5421444679401741,2.220446049250313e-16,0.6232250925777526,0.6084945330707131,2.220446049250313e-16,2.220446049250313e-16,2.220446049250313e-16,2.220446049250313e-16,2.220446049250313e-16,2.220446049250313e-16
8.0,0.2768169936627557,0.3543880692299112,2.220446049250313e-16,2.220446049250313e-16,0.6942280798206479,2.220446049250313e-16,0.32799275353542534,2.220446049250313e-16,0.6329039850491279,2.220446049250313e-16
9.0,2.220446049250313e-16,2.220446049250313e-16,0.7811747641663699,0.7037322490332956,2.220446049250313e-16,2.220446049250313e-16,2.220446049250313e-16,2.220446049250313e-16,2.220446049250313e-16,0.06979643972372258
10.0,0.2768169936627557,2.220446049250313e-16,2.220446049250313e-16,2.220446049250313e-16,2.220446049250313e-16,0.29315574868521416,2.220446049250313e-16,2.220446049250313e-16,2.220446049250313e-16,0.8948848215373681
11.0,2.220446049250313e-16,0.5971186767228873,0.8014218610672179,0.28255728240611994,2.220446049250313e-16,2.220446049250313e-16,2.220446049250313e-16,2.220446049250313e-16,2.220446049250313e-16,2.220446049250313e-16
12.0,0.5543725064526762,0.3543880692299112,2.220446049250313e-16,0.006676508378497592,0.6942280798206478,2.220446049250313e-16,0.026893218344613005,2.220446049250313e-16,0.6695805806423807,2.220446049250313e-16
13.0,0.5421444679401741,2.220446049250313e-16,0.6232250925777526,0.6084945330707131,2.220446049250313e-16,2.220446049250313e-16,2.220446049250313e-16,2.220446049250313e-16,2.220446049250313e-16,2.220446049250313e-16
14.0,0.2768169936627557,0.3543880692299112,2.220446049250313e-16,2.220446049250313e-16,0.6942280798206479,2.220446049250313e-16,0.32799275353542534,2.220446049250313e-16,0.6329039850491279,2.220446049250313e-16
15.0,2.220446049250313e-16,2.220446049250313e-16,0.7811747641663699,0.7037322490332956,2.220446049250313e-16,2.220446049250313e-16,2.220446049250313e-16,2.220446049250313e-16,2.220446049250313e-16,0.06979643972372258
16.0,0.2768169936627557,2.220446049250313e-16,2.220446049250313e-16,2.220446049250313e-16,2.220446049250313e-16,0.29315574868521416,2.220446049250313e-16,2.220446049250313e-16,2.220446049250313e-16,0.8948848215373681
17.0,2.220446049250313e-16,0.5971186767228873,0.8014218610672179,0.28255728240611994,2.220446049250313e-16,2.220446049250313e-16,2.220446049250313e-16,2.220446049250313e-16,2.220446049250313e-16,2.220446049250313e-16
18.0,0.41317221457616166,2.220446049250313e-16,2.220446049250313e-16,0.7196272273913873,0.30808733084715345,2.220446049250313e-16,2.220446049250313e-16,0.024184752657008014,2.220446049250313e-16,0.25433976625062193
19.0,2.220446049250313e-16,0.3799381441066821,2.220446049250313e-16,2.220446049250313e-16,0.33935328077181987,2.220446049250313e-16,0.7095758663863578,0.14649279904338025,0.27115593260536847,0.18145951020094125
20.0,0.6827561397862097,2.220446049250313e-16,2.220446049250313e-16,0.003499392668017798,2.220446049250313e-16,2.220446049250313e-16,0.0126014012904035,0.7661232026416412,2.220446049250313e-16,2.220446049250313e-16
21.0,0.6827561397862097,2.220446049250313e-16,2.220446049250313e-16,0.003499392668017798,2.220446049250313e-16,2.220446049250313e-16,0.0126014012904035,0.7661232026416412,2.220446049250313e-16,2.220446049250313e-16
22.0,0.6827561397862097,2.220446049250313e-16,2.220446049250313e-16,0.003499392668017798,2.220446049250313e-16,2.220446049250313e-16,0.0126014012904035,0.7661232026416412,2.220446049250313e-16,2.220446049250313e-16
23.0,0.25949519384678277,2.220446049250313e-16,0.004320394867479815,0.6279951437457955,2.220446049250313e-16,2.220446049250313e-16,0.31465602475290905,0.18514843485444418,0.6345285169760313,2.220446049250313e-16
24.0,2.220446049250313e-16,2.220446049250313e-16,2.220446049250313e-16,2.220446049250313e-16,2.220446049250313e-16,2.220446049250313e-16,0.6717825835672765,0.7185575355470143,0.27575948986167054,2.220446049250313e-16
25.0,2.220446049250313e-16,2.220446049250313e-16,0.005264349802295988,0.31525103381356673,0.35280844125751204,2.220446049250313e-16,0.696005321769403,0.3519057574167479,0.2728089453759819,2.220446049250313e-16
26.0,2.220446049250313e-16,2.220446049250313e-16,2.220446049250313e-16,2.220446049250313e-16,2.220446049250313e-16,0.47880608636016747,0.6102116246926632,0.7212928744105623,2.220446049250313e-16,0.05266809182361609
27.0,2.220446049250313e-16,2.220446049250313e-16,2.220446049250313e-16,2.220446049250313e-16,2.220446049250313e-16,0.47880608636016747,0.6102116246926632,0.7212928744105623,2.220446049250313e-16,0.05266809182361609
28.0,2.220446049250313e-16,0.6490769923405018,0.38893995940464726,2.220446049250313e-16,0.00018502230669830414,2.220446049250313e-16,2.220446049250313e-16,2.220446049250313e-16,2.220446049250313e-16,0.538890887255906
29.0,2.220446049250313e-16,2.220446049250313e-16,2.220446049250313e-16,0.05520581403079754,2.220446049250313e-16,0.2720413722752413,2.220446049250313e-16,2.220446049250313e-16,2.220446049250313e-16,0.9906717792809502
30.0,2.220446049250313e-16,2.220446049250313e-16,2.220446049250313e-16,0.05520581403079754,2.220446049250313e-16,0.2720413722752413,2.220446049250313e-16,2.220446049250313e-16,2.220446049250313e-16,0.9906717792809502
31.0,2.220446049250313e-16,0.571789774475911,0.8039636855715588,2.220446049250313e-16,0.3473545887391051,2.220446049250313e-16,2.220446049250313e-16,2.220446049250313e-16,2.220446049250313e-16,2.220446049250313e-16
32.0,2.220446049250313e-16,0.571789774475911,0.8039636855715588,2.220446049250313e-16,0.3473545887391051,2.220446049250313e-16,2.220446049250313e-16,2.220446049250313e-16,2.220446049250313e-16,2.220446049250313e-16
33.0,0.41317221457616166,2.220446049250313e-16,2.220446049250313e-16,0.7196272273913873,0.30808733084715345,2.220446049250313e-16,2.220446049250313e-16,0.024184752657008014,2.220446049250313e-16,0.25433976625062193
34.0,2.220446049250313e-16,0.3799381441066821,2.220446049250313e-16,2.220446049250313e-16,0.33935328077181987,2.220446049250313e-16,0.7095758663863578,0.14649279904338025,0.27115593260536847,0.18145951020094125
35.0,0.6827561397862097,2.220446049250313e-16,2.220446049250313e-16,0.003499392668017798,2.220446049250313e-16,2.220446049250313e-16,0.0126014012904035,0.7661232026416412,2.220446049250313e-16,2.220446049250313e-16
36.0,0.6827561397862097,2.220446049250313e-16,2.220446049250313e-16,0.003499392668017798,2.220446049250313e-16,2.220446049250313e-16,0.0126014012904035,0.7661232026416412,2.220446049250313e-16,2.220446049250313e-16
37.0,0.6827561397862097,2.220446049250313e-16,2.220446049250313e-16,0.003499392668017798,2.220446049250313e-16,2.220446049250313e-16,0.0126014012904035,0.7661232026416412,2.220446049250313e-16,2.220446049250313e-16
38.0,0.25949519384678277,2.220446049250313e-16,0.004320394867479815,0.6279951437457955,2.220446049250313e-16,2.220446049250313e-16,0.31465602475290905,0.18514843485444418,0.6345285169760313,2.220446049250313e-16
39.0,2.220446049250313e-16,2.220446049250313e-16,2.220446049250313e-16,2.220446049250313e-16,2.220446049250313e-16,2.220446049250313e-16,0.6717825835672765,0.7185575355470143,0.27575948986167054,2.220446049250313e-16
40.0,2.220446049250313e-16,2.220446049250313e-16,0.005264349802295988,0.31525103381356673,0.35280844125751204,2.220446049250313e-16,0.696005321769403,0.3519057574167479,0.2728089453759819,2.220446049250313e-16
41.0,2.220446049250313e-16,2.220446049250313e-16,2.220446049250313e-16,2.220446049250313e-16,2.220446049250313e-16,0.47880608636016747,0.6102116246926632,0.7212928744105623,2.220446049250313e-16,0.05266809182361609
42.0,2.220446049250313e-16,2.220446049250313e-16,2.220446049250313e-16,2.220446049250313e-16,2.220446049250313e-16,0.47880608636016747,0.6102116246926632,0.7212928744105623,2.220446049250313e-16,0.05266809182361609
43.0,2.220446049250313e-16,0.6490769923405018,0.38893995940464726,2.220446049250313e-16,0.00018502230669830414,2.220446049250313e-16,2.220446049250313e-16,2.220446049250313e-16,2.220446049250313e-16,0.538890887255906
44.0,2.220446049250313e-16,2.220446049250313e-16,2.220446049250313e-16,0.05520581403079754,2.220446049250313e-16,0.2720413722752413,2.220446049250313e-16,2.220446049250313e-16,2.220446049250313e-16,0.9906717792809502
45.0,2.220446049250313e-16,2.220446049250313e-16,2.220446049250313e-16,0.05520581403079754,2.220446049250313e-16,0.2720413722752413,2.220446049250313e-16,2.220446049250313e-16,2.220446049250313e-16,0.9906717792809502
46.0,2.220446049250313e-16,0.571789774475911,0.8039636855715588,2.220446049250313e-16,0.3473545887391051,2.220446049250313e-16,2.220446049250313e-16,2.220446049250313e-16,2.220446049250313e-16,2.220446049250313e-16
47.0,2.220446049250313e-16,0.571789774475911,0.8039636855715588,2.220446049250313e-16,0.3473545887391051,2.220446049250313e-16,2.220446049250313e-16,2.220446049250313e-16,2.220446049250313e-16,2.220446049250313e-16
48.0,0.41317221457616166,2.220446049250313e-16,2.220446049250313e-16,0.7196272273913873,0.30808733084715345,2.220446049250313e-16,2.220446049250313e-16,0.024184752657008014,2.220446049250313e-16,0.25433976625062193
49.0,2.220446049250313e-16,0.3799381441066821,2.220446049250313e-16,2.220446049250313e-16,0.33935328077181987,2.220446049250313e-16,0.7095758663863578,0.14649279904338025,0.27115593260536847,0.18145951020094125
50.0,0.6827561397862097,2.220446049250313e-16,2.220446049250313e-16,0.003499392668017798,2.220446049250313e-16,2.220446049250313e-16,0.0126014012904035,0.7661232026416412,2.220446049250313e-16,2.220446049250313e-16
51.0,0.6827561397862097,2.220446049250313e-16,2.220446049250313e-16,0.003499392668017798,2.220446049250313e-16,2.220446049250313e-16,0.0126014012904035,0.7661232026416412,2.220446049250313e-16,2.220446049250313e-16
52.0,0.6827561397862097,2.220446049250313e-16,2.220446049250313e-16,0.003499392668017798,2.220446049250313e-16,2.220446049250313e-16,0.0126014012904035,0.7661232026416412,2.220446049250313e-16,2.220446049250313e-16
53.0,0.25949519384678277,2.220446049250313e-16,0.004320394867479815,0.6279951437457955,2.220446049250313e-16,2.220446049250313e-16,0.31465602475290905,0.18514843485444418,0.6345285169760313,2.220446049250313e-16
54.0,2.220446049250313e-16,2.220446049250313e-16,2.220446049250313e-16,2.220446049250313e-16,2.220446049250313e-16,2.220446049250313e-16,0.6717825835672765,0.7185575355470143,0.27575948986167054,2.220446049250313e-16
55.0,2.220446049250313e-16,2.220446049250313e-16,0.005264349802295988,0.31525103381356673,0.35280844125751204,2.220446049250313e-16,0.696005321769403,0.3519057574167479,0.2728089453759819,2.220446049250313e-16
56.0,2.220446049250313e-16,2.220446049250313e-16,2.220446049250313e-16,2.220446049250313e-16,2.220446049250313e-16,0.47880608636016747,0.6102116246926632,0.7212928744105623,2.220446049250313e-16,0.05266809182361609
57.0,2.220446049250313e-16,2.220446049250313e-16,2.220446049250313e-16,2.220446049250313e-16,2.220446049250313e-16,0.47880608636016747,0.6102116246926632,0.7212928744105623,2.220446049250313e-16,0.05266809182361609
58.0,2.220446049250313e-16,0.6490769923405018,0.38893995940464726,2.220446049250313e-16,0.00018502230669830414,2.220446049250313e-16,2.220446049250313e-16,2.220446049250313e-16,2.220446049250313e-16,0.538890887255906
59.0,2.220446049250313e-16,2.220446049250313e-16,2.220446049250313e-16,0.05520581403079754,2.220446049250313e-16,0.2720413722752413,2.220446049250313e-16,2.220446049250313e-16,2.220446049250313e-16,0.9906717792809502
60.0,2.220446049250313e-16,2.220446049250313e-16,2.220446049250313e-16,0.05520581403079754,2.220446049250313e-16,0.2720413722752413,2.220446049250313e-16,2.220446049250313e-16,2.220446049250313e-16,0.9906717792809502
61.0,2.220446049250313e-16,0.571789774475911,0.8039636855715588,2.220446049250313e-16,0.3473545887391051,2.220446049250313e-16,2.220446049250313e-16,2.220446049250313e-16,2.220446049250313e-16,2.220446049250313e-16
62.0,2.220446049250313e-16,0.571789774475911,0.8039636855715588,2.220446049250313e-16,0.3473545887391051,2.220446049250313e-16,2.220446049250313e-16,2.220446049250313e-16,2.220446049250313e-16,2.220446049250313e-16
