id,x_0,x_1,x_2,x_3,x_4,x_5,x_6,x_7,x_8,x_9,x_10,x_11,x_12,x_13
0.0,0.6188264546668371,0.4882480070929257,2.220446049250313e-16,2.220446049250313e-16,2.220446049250313e-16,2.220446049250313e-16,0.6594969958328379,0.7193921991766645,2.220446049250313e-16,0.01789110451173155,2.220446049250313e-16,0.47158929028232716,2.220446049250313e-16,2.220446049250313e-16
1.0,2.220446049250313e-16,2.220446049250313e-16,0.19327619446061603,2.220446049250313e-16,0.8333664038908777,2.220446049250313e-16,0.005300344514483716,2.220446049250313e-16,2.220446049250313e-16,0.661877711480926,0.48487867570360765,2.220446049250313e-16,0.6018342111823742,2.220446049250313e-16
2.0,0.9453139935153223,2.220446049250313e-16,0.056406146642592664,2.220446049250313e-16,0.5605240660386641,2.220446049250313e-16,0.008768934906213662,2.220446049250313e-16,0.06053219020348329,2.220446049250313e-16,0.4848786757036077,0.4684282254791682,2.220446049250313e-16,2.220446049250313e-16
3.0,2.220446049250313e-16,2.220446049250313e-16,0.1164605518677483,2.220446049250313e-16,0.8246131256683271,2.220446049250313e-16,0.004904418736880666,2.220446049250313e-16,2.220446049250313e-16,0.741828492955441,2.220446049250313e-16,2.220446049250313e-16,0.5927665592678896,0.4714045207910317
4.0,0.14684692564084723,2.220446049250313e-16,2.220446049250313e-16,2.220446049250313e-16,2.220446049250313e-16,0.3594293939542853,0.763676143026001,0.7168960340676084,2.220446049250313e-16,0.15619365073487398,2.220446049250313e-16,2.220446049250313e-16,0.3668069710362144,0.4714045207910318
5.0,2.220446049250313e-16,2.220446049250313e-16,0.7732548002706168,0.006578204526054732,0.856279278441574,2.220446049250313e-16,2.220446049250313e-16,2.220446049250313e-16,2.220446049250313e-16,0.36381565333939136,0.48487867570360765,0.003349760118677325,2.220446049250313e-16,2.220446049250313e-16
6.0,0.6188264546668371,0.4882480070929257,2.220446049250313e-16,2.220446049250313e-16,2.220446049250313e-16,2.220446049250313e-16,0.6594969958328379,0.7193921991766645,2.220446049250313e-16,0.01789110451173155,2.220446049250313e-16,0.47158929028232716,2.220446049250313e-16,2.220446049250313e-16
7.0,2.220446049250313e-16,2.220446049250313e-16,0.7732548002706168,0.006578204526054732,0.856279278441574,2.220446049250313e-16,2.220446049250313e-16,2.220446049250313e-16,2.220446049250313e-16,0.36381565333939136,0.48487867570360765,0.003349760118677325,2.220446049250313e-16,2.220446049250313e-16
8.0,0.13653979066674143,2.220446049250313e-16,2.220446049250313e-16,2.220446049250313e-16,2.220446049250313e-16,0.3538263930334695,0.7943792357978645,0.7161603783151644,2.220446049250313e-16,0.224106572400511,2.220446049250313e-16,2.220446049250313e-16,0.6298621566804511,2.220446049250313e-16
9.0,2.220446049250313e-16,2.220446049250313e-16,0.7732548002706168,0.006578204526054732,0.856279278441574,2.220446049250313e-16,2.220446049250313e-16,2.220446049250313e-16,2.220446049250313e-16,0.36381565333939136,0.48487867570360765,0.003349760118677325,2.220446049250313e-16,2.220446049250313e-16
10.0,0.6188264546668371,0.4882480070929257,2.220446049250313e-16,2.220446049250313e-16,2.220446049250313e-16,2.220446049250313e-16,0.6594969958328379,0.7193921991766645,2.220446049250313e-16,0.01789110451173155,2.220446049250313e-16,0.47158929028232716,2.220446049250313e-16,2.220446049250313e-16
11.0,2.220446049250313e-16,2.220446049250313e-16,0.19946014066453155,0.2974048617503904,0.45417688754301216,2.220446049250313e-16,0.005281196825518834,2.220446049250313e-16,2.220446049250313e-16,0.6657442763341305,0.48487867570360776,2.220446049250313e-16,0.6013956830836235,2.220446049250313e-16
12.0,0.850151498307271,2.220446049250313e-16,0.11990989216869147,2.220446049250313e-16,0.3745187874002209,4.85722573273506e-17,2.220446049250313e-16,0.016375574056982086,0.12541042041356484,0.12309935038009744,0.48487867570360765,0.46843874224045845,0.012731028208634285,2.220446049250313e-16
13.0,2.220446049250313e-16,2.220446049250313e-16,0.1164605518677483,2.220446049250313e-16,0.8246131256683271,2.220446049250313e-16,0.004904418736880666,2.220446049250313e-16,2.220446049250313e-16,0.741828492955441,2.220446049250313e-16,2.220446049250313e-16,0.5927665592678896,0.4714045207910317
14.0,0.23331019920018686,2.220446049250313e-16,2.217381949343178e-05,2.220446049250313e-16,2.220446049250313e-16,0.33981467288513967,0.8711600805072289,0.7143198337769505,2.220446049250313e-16,2.220446049250313e-16,2.220446049250313e-16,2.220446049250313e-16,0.35451958975012776,0.47140452079103173
15.0,2.220446049250313e-16,2.220446049250313e-16,0.6965405665084355,0.0028758132550801285,0.8476451391794496,2.220446049250313e-16,2.220446049250313e-16,2.220446049250313e-16,2.220446049250313e-16,0.4432183773098587,2.220446049250313e-16,0.004223804512698101,2.220446049250313e-16,0.4714045207910318
16.0,0.24308961396019846,2.220446049250313e-16,0.06283627722140217,2.220446049250313e-16,2.220446049250313e-16,0.36043044906967137,0.7581906025965345,0.4378457363518647,0.14994492102263576,2.220446049250313e-16,2.220446049250313e-16,2.220446049250313e-16,0.6292163779851327,2.220446049250313e-16
17.0,2.220446049250313e-16,2.220446049250313e-16,0.6965405665084355,0.0028758132550801285,0.8476451391794496,2.220446049250313e-16,2.220446049250313e-16,2.220446049250313e-16,2.220446049250313e-16,0.4432183773098587,2.220446049250313e-16,0.004223804512698101,2.220446049250313e-16,0.4714045207910318
18.0,0.22527982862610868,2.220446049250313e-16,2.220446049250313e-16,2.220446049250313e-16,2.220446049250313e-16,0.3342121953822017,0.9018603050754478,0.7135850981152057,2.220446049250313e-16,0.011708387530566092,2.220446049250313e-16,2.220446049250313e-16,0.6239560488239874,2.220446049250313e-16
19.0,2.220446049250313e-16,2.220446049250313e-16,0.6965405665084355,0.0028758132550801285,0.8476451391794496,2.220446049250313e-16,2.220446049250313e-16,2.220446049250313e-16,2.220446049250313e-16,0.4432183773098587,2.220446049250313e-16,0.004223804512698101,2.220446049250313e-16,0.4714045207910318
20.0,0.11744883969955518,2.220446049250313e-16,0.3443664170618942,0.6080713194487637,0.38452723227738184,2.220446049250313e-16,0.015662463732844068,0.13318562689085642,2.220446049250313e-16,2.220446049250313e-16,2.220446049250313e-16,0.4715331844356913,2.220446049250313e-16,0.47140452079103173
21.0,0.7563786106180278,2.220446049250313e-16,0.003854142027268533,2.220446049250313e-16,2.220446049250313e-16,0.3400760002907509,0.8697280693953781,0.2691955449879305,0.0688214615970408,0.002242504800797361,2.220446049250313e-16,2.220446049250313e-16,2.220446049250313e-16,2.220446049250313e-16
22.0,2.220446049250313e-16,0.4882480070929255,0.6138866649097164,2.220446049250313e-16,0.37447011859237755,2.220446049250313e-16,2.220446049250313e-16,0.2739125140744889,2.220446049250313e-16,0.6756718529461819,2.220446049250313e-16,0.4815282049612915,2.220446049250313e-16,2.220446049250313e-16
23.0,2.220446049250313e-16,2.220446049250313e-16,2.220446049250313e-16,0.763999089234319,0.1979640653145176,2.220446049250313e-16,2.220446049250313e-16,2.220446049250313e-16,0.7670320926975295,2.220446049250313e-16,2.220446049250313e-16,2.220446049250313e-16,2.220446049250313e-16,2.220446049250313e-16
24.0,2.220446049250313e-16,2.220446049250313e-16,2.220446049250313e-16,0.763999089234319,0.1979640653145176,2.220446049250313e-16,2.220446049250313e-16,2.220446049250313e-16,0.7670320926975295,2.220446049250313e-16,2.220446049250313e-16,2.220446049250313e-16,2.220446049250313e-16,2.220446049250313e-16
25.0,0.8049457562958464,2.220446049250313e-16,2.220446049250313e-16,0.6757201561813702,2.220446049250313e-16,0.49879249214029936,2.220446049250313e-16,2.220446049250313e-16,2.220446049250313e-16,0.41836700110366265,2.220446049250313e-16,2.220446049250313e-16,2.220446049250313e-16,2.220446049250313e-16
26.0,0.9776437117981198,2.220446049250313e-16,2.220446049250313e-16,0.004739137843342789,0.7586307322139586,2.220446049250313e-16,0.18588746765418385,2.220446049250313e-16,2.220446049250313e-16,2.220446049250313e-16,2.220446049250313e-16,0.4688215103173119,2.220446049250313e-16,2.220446049250313e-16
27.0,0.9776437117981198,2.220446049250313e-16,2.220446049250313e-16,0.004739137843342789,0.7586307322139586,2.220446049250313e-16,0.18588746765418385,2.220446049250313e-16,2.220446049250313e-16,2.220446049250313e-16,2.220446049250313e-16,0.4688215103173119,2.220446049250313e-16,2.220446049250313e-16
28.0,0.11083268115727928,2.220446049250313e-16,0.02707353178992303,0.5319228547439891,0.1213035600030348,1.1102230246251565e-16,2.220446049250313e-16,2.220446049250313e-16,0.019211216176289906,1.1590980045167445,2.465190328815662e-32,2.220446049250313e-16,0.16698710838443637,2.220446049250313e-16
29.0,0.11083268115727928,2.220446049250313e-16,0.02707353178992303,0.5319228547439891,0.1213035600030348,1.1102230246251565e-16,2.220446049250313e-16,2.220446049250313e-16,0.019211216176289906,1.1590980045167445,2.465190328815662e-32,2.220446049250313e-16,0.16698710838443637,2.220446049250313e-16
30.0,2.220446049250313e-16,0.48824800709292543,1.0095020546615714,2.220446049250313e-16,0.0016351025818203135,2.220446049250313e-16,2.220446049250313e-16,0.5698730277237135,0.19531929949847682,0.027772103060510468,0.48487867570360765,0.000658074649415264,2.220446049250313e-16,2.220446049250313e-16
31.0,0.02637417438662007,2.220446049250313e-16,0.8915444331374597,2.220446049250313e-16,0.009156853130520339,2.220446049250313e-16,0.24367907992733298,0.5664979509503343,0.385926931074642,2.220446049250313e-16,2.220446049250313e-16,0.0017985856381643936,2.220446049250313e-16,2.220446049250313e-16
32.0,2.220446049250313e-16,2.220446049250313e-16,2.220446049250313e-16,2.220446049250313e-16,2.220446049250313e-16,2.220446049250313e-16,0.8111241790786732,2.220446049250313e-16,0.17737962166583726,0.4246719242324017,2.220446049250313e-16,0.47636268238933127,0.606682448905671,0.47140452079103173
33.0,0.2614408724078151,2.220446049250313e-16,0.35685479409607035,0.9530830061814505,2.220446049250313e-16,0.49754627527003786,0.006828967676830035,2.220446049250313e-16,2.220446049250313e-16,2.220446049250313e-16,2.220446049250313e-16,2.220446049250313e-16,2.220446049250313e-16,0.4714045207910318
34.0,2.220446049250313e-16,0.48824800709292554,2.220446049250313e-16,0.08343372343248319,0.5704348707127449,2.220446049250313e-16,2.220446049250313e-16,2.220446049250313e-16,0.8400476236793543,2.220446049250313e-16,0.48487867570360765,2.220446049250313e-16,2.220446049250313e-16,2.220446049250313e-16
35.0,0.2669604452612489,2.220446049250313e-16,0.1647650364658263,0.8541002411863784,2.220446049250313e-16,5.551115123125783e-16,2.220446049250313e-16,2.220446049250313e-16,2.220446049250313e-16,2.220446049250313e-16,2.220446049250313e-16,0.4845860453272241,0.6499881721707848,0.47140452079103173
36.0,0.9266600397821791,1.1102230246251565e-16,2.220446049250313e-16,0.013154393777412895,0.18759260925145935,0.3812795666861902,0.6439424699550915,0.28205373490022245,2.220446049250313e-16,2.220446049250313e-16,2.220446049250313e-16,2.220446049250313e-16,2.220446049250313e-16,2.220446049250313e-16
37.0,2.220446049250313e-16,2.220446049250313e-16,2.220446049250313e-16,0.9824910905407656,0.040528880549223545,8.326672684688674e-17,2.220446049250313e-16,2.220446049250313e-16,0.48516175631050434,0.09579134543549297,2.220446049250313e-16,2.220446049250313e-16,0.3676116472596043,2.220446049250313e-16
38.0,0.26071644417869977,2.220446049250313e-16,2.220446049250313e-16,0.9387771359019763,2.220446049250313e-16,0.4958584442512226,0.016077874304949894,2.220446049250313e-16,2.220446049250313e-16,2.220446049250313e-16,2.220446049250313e-16,2.220446049250313e-16,0.649549949976996,0.4714045207910318
39.0,2.220446049250313e-16,2.220446049250313e-16,2.220446049250313e-16,0.9824910905407656,0.040528880549223545,8.326672684688674e-17,2.220446049250313e-16,2.220446049250313e-16,0.48516175631050434,0.09579134543549297,2.220446049250313e-16,2.220446049250313e-16,0.3676116472596043,2.220446049250313e-16
40.0,2.220446049250313e-16,0.4882480070929255,1.0132047424879578,2.220446049250313e-16,2.220446049250313e-16,2.220446049250313e-16,0.02543462013956127,0.27028062719579005,0.3206419400417139,0.2207428143795545,2.220446049250313e-16,0.0006158880384207931,2.220446049250313e-16,2.220446049250313e-16
41.0,2.220446049250313e-16,2.220446049250313e-16,0.13317965873677948,2.220446049250313e-16,2.220446049250313e-16,2.220446049250313e-16,0.5555602597522991,2.220446049250313e-16,0.7590988380619854,2.220446049250313e-16,0.48487867570360776,0.48700514507144804,2.220446049250313e-16,2.220446049250313e-16
42.0,0.036972740056399736,5.551115123125783e-16,2.220446049250313e-16,2.220446049250313e-16,2.220446049250313e-16,0.32644533177575963,0.9444208431201724,2.220446049250313e-16,0.47370403654457593,0.02021451889331317,2.220446049250313e-16,2.220446049250313e-16,0.24340879750596098,0.4714045207910317
43.0,2.220446049250313e-16,2.220446049250313e-16,0.07156858126393896,0.03518838099690358,2.220446049250313e-16,2.220446049250313e-16,0.08888944010304424,0.004737850413985106,1.1741203921631225,0.13672382609723735,2.220446049250313e-16,2.220446049250313e-16,2.220446049250313e-16,2.220446049250313e-16
44.0,2.220446049250313e-16,2.220446049250313e-16,0.07156858126393896,0.03518838099690358,2.220446049250313e-16,2.220446049250313e-16,0.08888944010304424,0.004737850413985106,1.1741203921631225,0.13672382609723735,2.220446049250313e-16,2.220446049250313e-16,2.220446049250313e-16,2.220446049250313e-16
45.0,0.26463182105650074,3.3306690738754696e-16,0.17855680508811617,0.7066457994800309,2.220446049250313e-16,2.7755575615628914e-17,2.220446049250313e-16,2.220446049250313e-16,2.220446049250313e-16,0.1967130680075687,2.220446049250313e-16,0.4844468707948977,0.627652091032431,0.4714045207910318
46.0,0.7736787416283802,0.4882480070929253,2.220446049250313e-16,0.010270504337403426,0.03316912860437132,0.3780133166013903,0.661840732116206,0.2816248869136241,2.220446049250313e-16,0.176412421340238,2.220446049250313e-16,2.220446049250313e-16,2.220446049250313e-16,2.220446049250313e-16
47.0,2.220446049250313e-16,2.220446049250313e-16,0.13631908616102018,1.0017884906491017,0.032366182394687866,2.220446049250313e-16,2.220446049250313e-16,2.220446049250313e-16,0.4680873035569479,0.12026571175679114,2.220446049250313e-16,2.220446049250313e-16,2.220446049250313e-16,2.220446049250313e-16
48.0,2.220446049250313e-16,2.220446049250313e-16,0.13631908616102018,1.0017884906491017,0.032366182394687866,2.220446049250313e-16,2.220446049250313e-16,2.220446049250313e-16,0.4680873035569479,0.12026571175679114,2.220446049250313e-16,2.220446049250313e-16,2.220446049250313e-16,2.220446049250313e-16
49.0,2.220446049250313e-16,2.220446049250313e-16,0.13631908616102018,1.0017884906491017,0.032366182394687866,2.220446049250313e-16,2.220446049250313e-16,2.220446049250313e-16,0.4680873035569479,0.12026571175679114,2.220446049250313e-16,2.220446049250313e-16,2.220446049250313e-16,2.220446049250313e-16
50.0,0.8049457562958464,2.220446049250313e-16,2.220446049250313e-16,0.6757201561813702,2.220446049250313e-16,0.49879249214029936,2.220446049250313e-16,2.220446049250313e-16,2.220446049250313e-16,0.41836700110366265,2.220446049250313e-16,2.220446049250313e-16,2.220446049250313e-16,2.220446049250313e-16
51.0,0.9776437117981198,2.220446049250313e-16,2.220446049250313e-16,0.004739137843342789,0.7586307322139586,2.220446049250313e-16,0.18588746765418385,2.220446049250313e-16,2.220446049250313e-16,2.220446049250313e-16,2.220446049250313e-16,0.4688215103173119,2.220446049250313e-16,2.220446049250313e-16
52.0,0.9776437117981198,2.220446049250313e-16,2.220446049250313e-16,0.004739137843342789,0.7586307322139586,2.220446049250313e-16,0.18588746765418385,2.220446049250313e-16,2.220446049250313e-16,2.220446049250313e-16,2.220446049250313e-16,0.4688215103173119,2.220446049250313e-16,2.220446049250313e-16
53.0,0.11083268115727928,2.220446049250313e-16,0.02707353178992303,0.5319228547439891,0.1213035600030348,1.1102230246251565e-16,2.220446049250313e-16,2.220446049250313e-16,0.019211216176289906,1.1590980045167445,2.465190328815662e-32,2.220446049250313e-16,0.16698710838443637,2.220446049250313e-16
54.0,0.11083268115727928,2.220446049250313e-16,0.02707353178992303,0.5319228547439891,0.1213035600030348,1.1102230246251565e-16,2.220446049250313e-16,2.220446049250313e-16,0.019211216176289906,1.1590980045167445,2.465190328815662e-32,2.220446049250313e-16,0.16698710838443637,2.220446049250313e-16
55.0,2.220446049250313e-16,0.48824800709292543,0.8083307992059408,2.220446049250313e-16,2.220446049250313e-16,2.220446049250313e-16,2.220446049250313e-16,0.5774914017852393,0.2050673309428006,0.2519556673177251,0.48487867570360765,2.220446049250313e-16,2.220446049250313e-16,2.220446049250313e-16
56.0,2.220446049250313e-16,2.220446049250313e-16,0.8037446242133435,2.220446049250313e-16,0.00862147118187101,2.220446049250313e-16,0.07237989943509629,0.5736687658483767,0.4140417312530631,0.02613485455813793,0.48487867570360765,0.003002374002895478,2.220446049250313e-16,2.220446049250313e-16
57.0,0.02291300721111092,6.661338147750939e-16,0.14231637913831258,2.220446049250313e-16,0.02132007611978572,0.3188165399597616,0.9862247810766448,2.220446049250313e-16,0.15322762895804612,0.23751145688111272,2.220446049250313e-16,2.220446049250313e-16,0.2175942057697085,0.4714045207910318
58.0,2.220446049250313e-16,0.48824800709292554,0.7287930280372691,2.220446049250313e-16,2.220446049250313e-16,5.551115123125783e-17,2.220446049250313e-16,0.5784573841331665,0.39774501640418625,0.107017695990798,2.220446049250313e-16,0.00385633576784915,2.220446049250313e-16,0.4714045207910318
59.0,2.220446049250313e-16,0.4882480070929255,2.220446049250313e-16,0.21357936502900943,0.19403459444038784,1.3877787807814457e-17,2.220446049250313e-16,0.310033463781745,0.9032577953173079,2.220446049250313e-16,2.220446049250313e-16,2.220446049250313e-16,2.220446049250313e-16,2.220446049250313e-16
60.0,2.220446049250313e-16,0.4882480070929255,1.0132047424879578,2.220446049250313e-16,2.220446049250313e-16,2.220446049250313e-16,0.02543462013956127,0.27028062719579005,0.3206419400417139,0.2207428143795545,2.220446049250313e-16,0.0006158880384207931,2.220446049250313e-16,2.220446049250313e-16
61.0,2.220446049250313e-16,2.220446049250313e-16,0.13317965873677948,2.220446049250313e-16,2.220446049250313e-16,2.220446049250313e-16,0.5555602597522991,2.220446049250313e-16,0.7590988380619854,2.220446049250313e-16,0.48487867570360776,0.48700514507144804,2.220446049250313e-16,2.220446049250313e-16
62.0,0.036972740056399736,5.551115123125783e-16,2.220446049250313e-16,2.220446049250313e-16,2.220446049250313e-16,0.32644533177575963,0.9444208431201724,2.220446049250313e-16,0.47370403654457593,0.02021451889331317,2.220446049250313e-16,2.220446049250313e-16,0.24340879750596098,0.4714045207910317
63.0,2.220446049250313e-16,2.220446049250313e-16,0.07156858126393896,0.03518838099690358,2.220446049250313e-16,2.220446049250313e-16,0.08888944010304424,0.004737850413985106,1.1741203921631225,0.13672382609723735,2.220446049250313e-16,2.220446049250313e-16,2.220446049250313e-16,2.220446049250313e-16
64.0,2.220446049250313e-16,2.220446049250313e-16,0.07156858126393896,0.03518838099690358,2.220446049250313e-16,2.220446049250313e-16,0.08888944010304424,0.004737850413985106,1.1741203921631225,0.13672382609723735,2.220446049250313e-16,2.220446049250313e-16,2.220446049250313e-16,2.220446049250313e-16
65.0,2.220446049250313e-16,0.4882480070929255,1.013204742487958,2.220446049250313e-16,2.220446049250313e-16,2.220446049250313e-16,0.02543462013956127,0.27028062719579005,0.32064194004171387,0.2207428143795545,2.220446049250313e-16,0.0006158880384208295,2.220446049250313e-16,2.220446049250313e-16
66.0,2.220446049250313e-16,2.220446049250313e-16,0.13317965873677948,2.220446049250313e-16,2.220446049250313e-16,2.220446049250313e-16,0.5555602597522991,2.220446049250313e-16,0.7590988380619854,2.220446049250313e-16,0.48487867570360776,0.48700514507144804,2.220446049250313e-16,2.220446049250313e-16
67.0,0.036972740056399785,5.551115123125783e-16,2.220446049250313e-16,2.220446049250313e-16,2.220446049250313e-16,0.32644533177575963,0.9444208431201724,2.220446049250313e-16,0.47370403654457593,0.02021451889331317,2.220446049250313e-16,2.220446049250313e-16,0.243408797505961,0.4714045207910317
68.0,2.220446049250313e-16,2.220446049250313e-16,0.07156858126393896,0.03518838099690358,2.220446049250313e-16,2.220446049250313e-16,0.08888944010304424,0.004737850413985106,1.1741203921631225,0.13672382609723735,2.220446049250313e-16,2.220446049250313e-16,2.220446049250313e-16,2.220446049250313e-16
69.0,2.220446049250313e-16,2.220446049250313e-16,0.07156858126393896,0.03518838099690358,2.220446049250313e-16,2.220446049250313e-16,0.08888944010304424,0.004737850413985106,1.1741203921631225,0.13672382609723735,2.220446049250313e-16,2.220446049250313e-16,2.220446049250313e-16,2.220446049250313e-16
