4 0.23788013987978024 0.3671017215717239 0.23532785155795993 0.23532785175466106 0.02131977600142305 0.23532785173863466 0.1404676592893111 0.23532785173722323 0.28392514996669954 0.4828300576010364 0.31266861434986126 0.2693182911573924 0.4804392964588494 0.07401533429587026 0.48670049494160483 0.312668613857471 0.4472499604409622 0.18317671439520536 0.4804392968922271 0.2180989294910417
19 0.14134047346682432 0.24146760953630206 0.30149672735409117 0.30149672748303846 0.022217551280345752 0.3014967276194393 0.2197942956439043 0.30149672762955215 0.4627152413144784 0.32963304879686633 0.3174943348217315 0.45127009092513465 0.42450690522429946 0.03943159469643458 0.44981090437461063 0.31749433436657865 0.2063271536235264 0.22285082194565486 0.42450690571801597 0.35322564283129143
69 0.34346118103004786 0.4729272617500269 0.2735619363756997 0.2735619365138694 0.05385993867441276 0.27356193685843927 0.22152171648187452 0.2735619367744704 0.29975900475432005 0.3982936233897724 0.3023190699098365 0.30302091492366046 0.39740220124340514 0.06707516297736772 0.40431619552677994 0.30231906938653585 0.3152491524169117 0.24622590298249947 0.3974022017626317 0.3743146178206514
61 0.08009567494839079 0.36206039044019034 0.17986266116820873 0.17986266143364527 -0.08292479954393724 0.17986266154826658 0.2098222737438674 0.17986266146919086 0.424195949354973 0.3992448035300585 0.1446963198208938 0.4343896394908183 0.4174570421353542 -0.05251339911217223 0.622265017210907 0.14469631940075445 0.3088821940817535 0.23160433128134014 0.4174570429674831 0.471275471138133
21 0.12203088637074305 0.2571411291808745 0.3155545648761981 0.3155545649560026 0.05223458538040046 0.3155545648985596 0.27827361828985897 0.3155545650891276 0.4651281163878251 0.3101778545073718 0.28728533079088453 0.4722055974053803 0.36279653955721 0.03739079329249161 0.3937154575666458 0.2872853301430224 0.2196173705431003 0.2540452239668354 0.36279654005901046 0.45552369718246755
58 0.25079665283368247 0.09298532028121895 0.2679587709564226 0.2679587711409666 1.009582052101202 0.267958771309518 0.36722752636934985 0.26795877131661383 0.054409227853788766 0.0421685513457098 0.1557711735220952 0.05536781503013768 0.022128108003127187 0.5663620201400009 -0.05164109132846778 0.155771173260227 0.1147480625030522 0.28992878696431496 0.022128108256830863 0.09400603279043131
57 0.054260464564114624 0.26475240809264516 0.18596175695767414 0.1859617571662293 -0.07159045393456265 0.18596175714387458 0.1901116862462899 0.1859617571132826 0.5225642566628081 0.3475935109144823 0.16875818416390942 0.5340022735892729 0.40217724843982033 -0.054775550910234415 0.5956623127792222 0.16875818360074263 0.22791140776910568 0.17609248379643472 0.40217724899365365 0.4968425953186922
41 0.5909894954028113 0.6601969058508658 0.1815754194805178 0.18157541976928593 0.09904326355861956 0.18157541979394728 0.19930718904945227 0.1815754196931247 0.1434076994116637 0.4187659499908581 0.2084963540762894 0.14006677904611534 0.2895664773216021 0.09247089891753972 0.305702818490762 0.20849635350307585 0.6045025751611857 0.22299141719724022 0.2895664775788689 0.21475113413547472
16 0.15567851395083024 0.3136197859665216 0.2913129237226741 0.2913129237394124 0.0463227851079891 0.2913129241796864 0.2356113661532984 0.2913129239936789 0.3710059292946913 0.3913073812515179 0.30398542785579186 0.3744374397518197 0.4176774103048082 0.0554986627774249 0.4322886435322312 0.3039854273735234 0.30656090195252644 0.23981709389627662 0.41767741091810795 0.4173208065657056
34 0.3142542117956883 0.09905506867412688 0.25686032838528317 0.25686032853376606 0.9137870135695965 0.2568603286981495 0.31743800762396573 0.2568603286836191 0.0335251170124382 0.058445737614522535 0.21008501789612471 0.03963800038940577 0.027659011632749336 0.7020751513151446 -0.02917961470029769 0.2100850175616001 0.09913037823568897 0.29107109092037686 0.027659011682439977 0.08675952617575285
35 0.34376272740721764 0.2866788885954036 0.34184427441927046 0.34184427444124393 0.20273058870388486 0.3418442745761287 0.23468287993669446 0.3418442747094872 0.20375376620690278 0.35309603885665225 0.446086563560475 0.20215308114711908 0.3503643031749667 0.32669232298060136 0.20584162824972987 0.4460865629821242 0.2964184571353583 0.2894532200517089 0.3503643032762461 0.2539378238776124
30 0.22637084890960082 0.230368484261169 0.4143796276603727 0.4143796284012908 0.2568603285867533 0.4143796286384098 0.33003687390228637 0.4143796286612972 0.32277259162355976 0.23376536924376787 0.3912671165735356 0.3244359968683199 0.26781586390352613 0.23422056915434242 0.20320689457509594 0.3912671161482812 0.1801031834368496 0.30996749303638843 0.26781586420748105 0.30912151407246696
28 0.2457244155021477 0.24065586484887122 0.3300368739309786 0.33003687387655994 0.31743800762396346 0.3300368740020619 0.6169195239365834 0.3300368741254359 0.2729095092826153 0.1883430423191697 0.2769681510928264 0.2826540651120069 0.1830509644637026 0.23192398936240713 0.1497370388327778 0.2769681506979717 0.19794939639448642 0.5840878195992315 0.18305096493743292 0.3127520054127562
64 0.22425823593938188 0.3872606932218332 0.3091215138301777 0.30912151418579015 0.08675952617500027 0.30912151409575017 0.3127520054122249 0.3091215142412693 0.3742389260514756 0.3239660096842272 0.2662471845445862 0.395189135299006 0.3184910889385719 0.05123747244120924 0.3404498188180738 0.26624718404247183 0.2731109163923975 0.2880626958723602 0.3184910895761277 0.5387387137425321
67 0.45715966877189745 0.5930161246548115 0.23036848395929227 0.23036848411639135 0.0990550686736302 0.23036848434953466 0.2406558648454465 0.2303684842964456 0.17418540480786257 0.4193769613961898 0.2449454697420537 0.18290323221471808 0.32876698164722934 0.08677540727672023 0.3338854540487407 0.24494546909133436 0.49735423577780424 0.25912632602573443 0.32876698198023474 0.38726069323299217
26 0.2302228325310726 0.5072755123061562 0.16309525042882886 0.1630952507550087 -0.01620808334851909 0.1630952508262805 0.049040399337419334 0.16309525087649832 0.24485626649658893 0.49558152845500464 0.1409662790580088 0.23296791543632225 0.4008113938386308 -0.016221712853841264 0.5979575087053756 0.14096627869022346 0.62896202288297 0.2770404590232228 0.4008113949293695 0.14001527790000418
8 0.1896139862122046 0.32876698181328873 0.26781586398705076 0.26781586409168984 0.027659011717566483 0.2678158640993598 0.18305096468601922 0.26781586418348746 0.33675045561077416 0.4324438533568013 0.3187519503196299 0.32808965127577766 0.46280234573736473 0.06319799699280379 0.4716103966605548 0.318751949661865 0.3505903945605698 0.2107017373213046 0.4628023464039432 0.3184910892590814
1 0.1961756424775324 0.2249538539187007 0.42274564212275484 0.4227456426460072 0.3110907035196248 0.4227456428781955 0.37890648534234855 0.42274564282051136 0.3454104776841313 0.1987853775613502 0.34706232445627866 0.3542450467882985 0.21688390087517087 0.2035729066112478 0.1748688755249436 0.3470623237716898 0.1843306530157424 0.3233279262413386 0.21688390145334555 0.35474741120029685
7 0.2726860248654474 0.24494546953191526 0.39126711599941827 0.39126711639432227 0.21008501775351532 0.3912671165210199 0.27696815082942683 0.39126711653332236 0.28181562460146503 0.28053229754551184 0.4298430264027318 0.2769903401434935 0.3187519498942236 0.27419979384801907 0.22121362532828842 0.4298430258275307 0.20547648357617368 0.2960241175347189 0.3187519502076038 0.26624718440506795
17 0.2726860248654474 0.24494546953191526 0.39126711599941827 0.39126711639432227 0.21008501775351532 0.3912671165210199 0.27696815082942683 0.39126711653332236 0.28181562460146503 0.28053229754551184 0.4298430264027318 0.2769903401434935 0.3187519498942236 0.27419979384801907 0.22121362532828842 0.4298430258275307 0.20547648357617368 0.2960241175347189 0.3187519502076038 0.26624718440506795
11 0.22637084890960082 0.230368484261169 0.4143796276603727 0.4143796284012908 0.2568603285867533 0.4143796286384098 0.33003687390228637 0.4143796286612972 0.32277259162355976 0.23376536924376787 0.3912671165735356 0.3244359968683199 0.26781586390352613 0.23422056915434242 0.20320689457509594 0.3912671161482812 0.1801031834368496 0.30996749303638843 0.26781586420748105 0.30912151407246696
0 0.1896139862122046 0.32876698181328873 0.26781586398705076 0.26781586409168984 0.027659011717566483 0.2678158640993598 0.18305096468601922 0.26781586418348746 0.33675045561077416 0.4324438533568013 0.3187519503196299 0.32808965127577766 0.46280234573736473 0.06319799699280379 0.4716103966605548 0.318751949661865 0.3505903945605698 0.2107017373213046 0.4628023464039432 0.3184910892590814
10 0.10897397211473282 0.33388545405037523 0.20320689424228583 0.20320689455581928 -0.029179614700314542 0.20320689471338896 0.14973703883275727 0.2032068946393824 0.38743357375420856 0.4360229013169743 0.2212136255396533 0.3784845804289286 0.471610396313452 -0.021795424893531673 0.6226704320267005 0.22121362495139268 0.3631091969540394 0.1614853303407949 0.4716103970914003 0.3404498188203232
39 0.4118477038965211 0.08677540727814072 0.2342205690335271 0.23422056908757793 0.7020751513151617 0.2342205692655054 0.23192398936242858 0.23422056936486943 0.016516374869027343 0.08319618949025621 0.2741997940204645 0.017608012014416082 0.06319799706856881 0.8982824787947523 -0.021795424893500684 0.27419979366649955 0.09896780504729591 0.2665451537645655 0.06319799696673173 0.05123747244059642
49 0.3142542117956883 0.09905506867412688 0.25686032838528317 0.25686032853376606 0.9137870135695965 0.2568603286981495 0.31743800762396573 0.2568603286836191 0.0335251170124382 0.058445737614522535 0.21008501789612471 0.03963800038940577 0.027659011632749336 0.7020751513151446 -0.02917961470029769 0.2100850175616001 0.09913037823568897 0.29107109092037686 0.027659011682439977 0.08675952617575285
24 0.4118477038965211 0.08677540727814072 0.2342205690335271 0.23422056908757793 0.7020751513151617 0.2342205692655054 0.23192398936242858 0.23422056936486943 0.016516374869027343 0.08319618949025621 0.2741997940204645 0.017608012014416082 0.06319799706856881 0.8982824787947523 -0.021795424893500684 0.27419979366649955 0.09896780504729591 0.2665451537645655 0.06319799696673173 0.05123747244059642
32 0.3142542117956883 0.09905506867412688 0.25686032838528317 0.25686032853376606 0.9137870135695965 0.2568603286981495 0.31743800762396573 0.2568603286836191 0.0335251170124382 0.058445737614522535 0.21008501789612471 0.03963800038940577 0.027659011632749336 0.7020751513151446 -0.02917961470029769 0.2100850175616001 0.09913037823568897 0.29107109092037686 0.027659011682439977 0.08675952617575285
37 0.2392176812221552 0.4193769613670801 0.23376536890009936 0.2337653693711994 0.05844573763413905 0.23376536934232436 0.18834304228069504 0.23376536933295483 0.22275989958442968 0.5004435579510444 0.2805322975166975 0.2261582595752038 0.43244385290666687 0.08319618951735694 0.436022901250708 0.2805322971609746 0.5282373709800198 0.2139443806136315 0.4324438534689045 0.32396600971895084
5 0.2726860248654474 0.24494546953191526 0.39126711599941827 0.39126711639432227 0.21008501775351532 0.3912671165210199 0.27696815082942683 0.39126711653332236 0.28181562460146503 0.28053229754551184 0.4298430264027318 0.2769903401434935 0.3187519498942236 0.27419979384801907 0.22121362532828842 0.4298430258275307 0.20547648357617368 0.2960241175347189 0.3187519502076038 0.26624718440506795
51 0.05450196675576415 0.30778193207247584 0.17024630857393755 0.1702463087946766 -0.05989163573129308 0.1702463087854209 0.1494346597623489 0.17024630891238124 0.43783393030643475 0.4083050248216 0.1630318611505549 0.4369403048791189 0.44814655097433037 -0.052227454976518324 0.6794688056541133 0.16303186059405347 0.3239981104628084 0.14644101748238067 0.4481465517173656 0.40668769357805734
2 0.04743793788183472 0.259951441451713 0.1790168192981164 0.17901681961109775 -0.06642852514740286 0.1790168196347188 0.17060255372667607 0.1790168196055652 0.5034321555956467 0.3663889361896314 0.17166334923611862 0.5090913643304568 0.4250115580339458 -0.054393720537408694 0.6320210301728044 0.17166334892861065 0.24881696057858074 0.16288646462974848 0.42501155842117827 0.45862561449785505
29 0.2910322738103526 0.25912632602764263 0.30996749272973073 0.3099674930968805 0.29107109092039923 0.3099674931575567 0.5840878195992578 0.3099674930848969 0.23504718525129276 0.21394438059193255 0.2960241177991251 0.24113808818913568 0.21070173727603714 0.2665451537645647 0.16148533034082752 0.2960241171544827 0.2060305715389313 0.6262450920176695 0.21070173757317615 0.28806269586952443
36 0.34376272740721764 0.2866788885954036 0.34184427441927046 0.34184427444124393 0.20273058870388486 0.3418442745761287 0.23468287993669446 0.3418442747094872 0.20375376620690278 0.35309603885665225 0.446086563560475 0.20215308114711908 0.3503643031749667 0.32669232298060136 0.20584162824972987 0.4460865629821242 0.2964184571353583 0.2894532200517089 0.3503643032762461 0.2539378238776124
48 0.3142542117956883 0.09905506867412688 0.25686032838528317 0.25686032853376606 0.9137870135695965 0.2568603286981495 0.31743800762396573 0.2568603286836191 0.0335251170124382 0.058445737614522535 0.21008501789612471 0.03963800038940577 0.027659011632749336 0.7020751513151446 -0.02917961470029769 0.2100850175616001 0.09913037823568897 0.29107109092037686 0.027659011682439977 0.08675952617575285
12 0.1896139862122046 0.32876698181328873 0.26781586398705076 0.26781586409168984 0.027659011717566483 0.2678158640993598 0.18305096468601922 0.26781586418348746 0.33675045561077416 0.4324438533568013 0.3187519503196299 0.32808965127577766 0.46280234573736473 0.06319799699280379 0.4716103966605548 0.318751949661865 0.3505903945605698 0.2107017373213046 0.4628023464039432 0.3184910892590814
13 0.22637084890960082 0.230368484261169 0.4143796276603727 0.4143796284012908 0.2568603285867533 0.4143796286384098 0.33003687390228637 0.4143796286612972 0.32277259162355976 0.23376536924376787 0.3912671165735356 0.3244359968683199 0.26781586390352613 0.23422056915434242 0.20320689457509594 0.3912671161482812 0.1801031834368496 0.30996749303638843 0.26781586420748105 0.30912151407246696
14 0.10897397211473282 0.33388545405037523 0.20320689424228583 0.20320689455581928 -0.029179614700314542 0.20320689471338896 0.14973703883275727 0.2032068946393824 0.38743357375420856 0.4360229013169743 0.2212136255396533 0.3784845804289286 0.471610396313452 -0.021795424893531673 0.6226704320267005 0.22121362495139268 0.3631091969540394 0.1614853303407949 0.4716103970914003 0.3404498188203232
22 0.31737756136877965 0.4973542358118346 0.18010318303192596 0.18010318346176282 0.09913037823819369 0.18010318360785804 0.19794939641960638 0.18010318354645544 0.12667526540417764 0.5282373710453407 0.205476483803289 0.13592269302476034 0.35059039440036543 0.09896780504843605 0.36310919697036187 0.20547648327908938 0.7554104840115825 0.20603057153894866 0.3505903947761127 0.2731109164333638
23 0.4118477038965211 0.08677540727814072 0.2342205690335271 0.23422056908757793 0.7020751513151617 0.2342205692655054 0.23192398936242858 0.23422056936486943 0.016516374869027343 0.08319618949025621 0.2741997940204645 0.017608012014416082 0.06319799706856881 0.8982824787947523 -0.021795424893500684 0.27419979366649955 0.09896780504729591 0.2665451537645655 0.06319799696673173 0.05123747244059642
43 0.8406624703291092 0.45715966875207786 0.22637084850045416 0.22637084895724682 0.31425421179571267 0.22637084901270116 0.2457244155021823 0.22637084900818596 0.11317096334625416 0.23921768163190318 0.27268602499388156 0.11095702046856133 0.18961398633960705 0.41184770389649555 0.10897397211479205 0.27268602460884533 0.31737756125676814 0.2910322738103139 0.18961398579654012 0.224258235996001
55 0.15465964280121733 0.31263667265429934 0.31790204371235686 0.31790204435709785 0.07863424795005096 0.31790204456016496 0.3160303629234155 0.3179020443303344 0.43066290070323 0.3046607791461274 0.2653687388308056 0.44994894930125506 0.31860576057015655 0.04182974699139105 0.348698081229695 0.26536873823127577 0.24768702877951823 0.2800213890245053 0.3186057610493836 0.5294612651686412
46 0.22744865536365377 0.5320300498454935 0.13937597912783667 0.13937597937093218 0.0003295607078123351 0.1393759796851838 0.11790330315394325 0.13937597948694455 0.22287960569947043 0.5066905857743734 0.13496863373406612 0.2127470683355812 0.36195457842038403 -0.0066137374862322625 0.5916252703864122 0.134968633264239 0.7388964118701198 0.12366638631927165 0.36195457932807473 0.09912269886904705
18 0.15892878534223354 0.28363386656053774 0.2890677854303155 0.2890677856808554 0.026304805113461345 0.28906778580135684 0.20723070819406225 0.2890677857371374 0.4021655852255729 0.378664154413772 0.31970073330437737 0.39369936918150195 0.44303631183839864 0.05073646757963463 0.459485085035439 0.31970073274748123 0.2684348878477785 0.2212907588937526 0.44303631234005825 0.3529677648242635
15 0.22637084890960082 0.230368484261169 0.4143796276603727 0.4143796284012908 0.2568603285867533 0.4143796286384098 0.33003687390228637 0.4143796286612972 0.32277259162355976 0.23376536924376787 0.3912671165735356 0.3244359968683199 0.26781586390352613 0.23422056915434242 0.20320689457509594 0.3912671161482812 0.1801031834368496 0.30996749303638843 0.26781586420748105 0.30912151407246696
66 0.45715966877189745 0.5930161246548115 0.23036848395929227 0.23036848411639135 0.0990550686736302 0.23036848434953466 0.2406558648454465 0.2303684842964456 0.17418540480786257 0.4193769613961898 0.2449454697420537 0.18290323221471808 0.32876698164722934 0.08677540727672023 0.3338854540487407 0.24494546909133436 0.49735423577780424 0.25912632602573443 0.32876698198023474 0.38726069323299217
54 0.25079665283368247 0.09298532028121895 0.2679587709564226 0.2679587711409666 1.009582052101202 0.267958771309518 0.36722752636934985 0.26795877131661383 0.054409227853788766 0.0421685513457098 0.1557711735220952 0.05536781503013768 0.022128108003127187 0.5663620201400009 -0.05164109132846778 0.155771173260227 0.1147480625030522 0.28992878696431496 0.022128108256830863 0.09400603279043131
63 0.10440721289822218 0.27557931544714204 0.23941697493458106 0.2394169749860564 -0.03569247777442346 0.23941697506257847 0.22740822446033349 0.2394169751626273 0.5291909288321411 0.3165596119333622 0.22010974276224363 0.5375598717533298 0.3847863625257103 -0.03301005748765188 0.5023665924225185 0.2201097422001458 0.1916778250866735 0.2105396711869244 0.38478636319863385 0.48377764826248437
31 0.22744865536365377 0.5320300498454935 0.13937597912783667 0.13937597937093218 0.0003295607078123351 0.1393759796851838 0.11790330315394325 0.13937597948694455 0.22287960569947043 0.5066905857743734 0.13496863373406612 0.2127470683355812 0.36195457842038403 -0.0066137374862322625 0.5916252703864122 0.134968633264239 0.7388964118701198 0.12366638631927165 0.36195457932807473 0.09912269886904705
56 0.394793413292333 0.35749478847034444 0.3445697999821773 0.3445698003649205 0.3918785973950509 0.34456980051316405 0.36560026375619115 0.344569800243898 0.19403774188753228 0.2499401364738161 0.3358308512332961 0.2185612513315187 0.19147582329967863 0.29376598142844174 0.1289163274479122 0.33583085084165615 0.2799982890549176 0.3600341774113493 0.19147582332142526 0.4429511281869955
6 0.23788013987978024 0.3671017215717239 0.23532785155795993 0.23532785175466106 0.02131977600142305 0.23532785173863466 0.1404676592893111 0.23532785173722323 0.28392514996669954 0.4828300576010364 0.31266861434986126 0.2693182911573924 0.4804392964588494 0.07401533429587026 0.48670049494160483 0.312668613857471 0.4472499604409622 0.18317671439520536 0.4804392968922271 0.2180989294910417
3 0.1961756424775324 0.2249538539187007 0.42274564212275484 0.4227456426460072 0.3110907035196248 0.4227456428781955 0.37890648534234855 0.42274564282051136 0.3454104776841313 0.1987853775613502 0.34706232445627866 0.3542450467882985 0.21688390087517087 0.2035729066112478 0.1748688755249436 0.3470623237716898 0.1843306530157424 0.3233279262413386 0.21688390145334555 0.35474741120029685
50 0.11095702158079822 0.1829032324281727 0.3244359967909633 0.32443599705128845 0.03963800045065488 0.32443599723521505 0.2826540652839975 0.3244359972618297 0.5740486619014498 0.22615825975908757 0.2769903404511148 0.570933972723451 0.32808965126638345 0.017608012098563407 0.378484580510449 0.2769903398809448 0.13592269326041514 0.2411380882208747 0.3280896517025389 0.39518913543375583
40 0.34346118103004786 0.4729272617500269 0.2735619363756997 0.2735619365138694 0.05385993867441276 0.27356193685843927 0.22152171648187452 0.2735619367744704 0.29975900475432005 0.3982936233897724 0.3023190699098365 0.30302091492366046 0.39740220124340514 0.06707516297736772 0.40431619552677994 0.30231906938653585 0.3152491524169117 0.24622590298249947 0.3974022017626317 0.3743146178206514
60 0.1483151681716554 0.4036810943120258 0.21730207789818784 0.21730207811993885 -0.05223292314264459 0.21730207838038978 0.31191361908504306 0.21730207825407502 0.3607464067787552 0.39363385161627873 0.1811152416259296 0.3757604468702609 0.38839617907911267 -0.018262173694805452 0.5044811299486573 0.18111524125649212 0.3251811299090554 0.33815406661921343 0.3883961799461157 0.5004326972605235
33 0.17379470302859584 0.19061154203866534 0.4390103782287416 0.43901037859668074 0.2885212510722586 0.43901037861991593 0.38214532006543606 0.43901037867763415 0.3934603686844199 0.16762847368283296 0.3337088178765768 0.3949678587658389 0.21241103586323623 0.17898545574290825 0.18309348129132083 0.33370881735858676 0.15168357951025802 0.30762091161440297 0.21241103639680478 0.31332758038009295
45 0.1949359857117787 0.20247152951825953 0.4318820867564146 0.4318820872285103 0.2629753810510588 0.43188208732744965 0.35373614231722506 0.4318820873543012 0.36884286112607834 0.19444943731627562 0.3644862399069321 0.3680647675313998 0.24330003252812415 0.2025053655532981 0.1990746849036162 0.36448623915058337 0.15344473319196333 0.305105198490532 0.24330003316171117 0.2998807591864697
38 0.11755547316131158 0.21608512982215639 0.31910986358771576 0.3191098640550507 0.039214136020797194 0.3191098640359208 0.26922099608536154 0.319109864070201 0.5202283981695364 0.27274131194893614 0.29056789148736567 0.5188592973295169 0.3604367286358002 0.027746735749776166 0.39933758382147433 0.2905678909026874 0.16916944300550796 0.24235677726047855 0.36043672895130713 0.40941576432897875
53 0.1131709624141 0.17418540470516414 0.3227725916343735 0.3227725915920653 0.03352511707615776 0.32277259177451517 0.27290950942762127 0.32277259174111295 0.5813758249403171 0.222759899427229 0.2818156247416253 0.5740486616030113 0.3367504552298774 0.01651637493157065 0.3874335738876068 0.28181562436417396 0.12667526527088427 0.23504718536843255 0.3367504557089794 0.37423892596294
42 0.5909894954028113 0.6601969058508658 0.1815754194805178 0.18157541976928593 0.09904326355861956 0.18157541979394728 0.19930718904945227 0.1815754196931247 0.1434076994116637 0.4187659499908581 0.2084963540762894 0.14006677904611534 0.2895664773216021 0.09247089891753972 0.305702818490762 0.20849635350307585 0.6045025751611857 0.22299141719724022 0.2895664775788689 0.21475113413547472
62 0.22425823593938188 0.3872606932218332 0.3091215138301777 0.30912151418579015 0.08675952617500027 0.30912151409575017 0.3127520054122249 0.3091215142412693 0.3742389260514756 0.3239660096842272 0.2662471845445862 0.395189135299006 0.3184910889385719 0.05123747244120924 0.3404498188180738 0.26624718404247183 0.2731109163923975 0.2880626958723602 0.3184910895761277 0.5387387137425321
47 0.1949359857117787 0.20247152951825953 0.4318820867564146 0.4318820872285103 0.2629753810510588 0.43188208732744965 0.35373614231722506 0.4318820873543012 0.36884286112607834 0.19444943731627562 0.3644862399069321 0.3680647675313998 0.24330003252812415 0.2025053655532981 0.1990746849036162 0.36448623915058337 0.15344473319196333 0.305105198490532 0.24330003316171117 0.2998807591864697
9 0.22637084890960082 0.230368484261169 0.4143796276603727 0.4143796284012908 0.2568603285867533 0.4143796286384098 0.33003687390228637 0.4143796286612972 0.32277259162355976 0.23376536924376787 0.3912671165735356 0.3244359968683199 0.26781586390352613 0.23422056915434242 0.20320689457509594 0.3912671161482812 0.1801031834368496 0.30996749303638843 0.26781586420748105 0.30912151407246696
52 0.17379470302859584 0.19061154203866534 0.4390103782287416 0.43901037859668074 0.2885212510722586 0.43901037861991593 0.38214532006543606 0.43901037867763415 0.3934603686844199 0.16762847368283296 0.3337088178765768 0.3949678587658389 0.21241103586323623 0.17898545574290825 0.18309348129132083 0.33370881735858676 0.15168357951025802 0.30762091161440297 0.21241103639680478 0.31332758038009295
65 0.34346118103004786 0.4729272617500269 0.2735619363756997 0.2735619365138694 0.05385993867441276 0.27356193685843927 0.22152171648187452 0.2735619367744704 0.29975900475432005 0.3982936233897724 0.3023190699098365 0.30302091492366046 0.39740220124340514 0.06707516297736772 0.40431619552677994 0.30231906938653585 0.3152491524169117 0.24622590298249947 0.3974022017626317 0.3743146178206514
20 0.2726860248654474 0.24494546953191526 0.39126711599941827 0.39126711639432227 0.21008501775351532 0.3912671165210199 0.27696815082942683 0.39126711653332236 0.28181562460146503 0.28053229754551184 0.4298430264027318 0.2769903401434935 0.3187519498942236 0.27419979384801907 0.22121362532828842 0.4298430258275307 0.20547648357617368 0.2960241175347189 0.3187519502076038 0.26624718440506795
59 0.09018269599868853 0.3010979341567534 0.23910667678229788 0.2391066771339559 -0.031576747247008465 0.23910667730423066 0.23598083274549256 0.239106677168027 0.4758984555183043 0.35223188249731435 0.20698646588158806 0.48994032344226907 0.38788651149101944 -0.024686294720407495 0.5088339859703633 0.20698646531559178 0.25521800959467195 0.2144913753122811 0.38788651227032367 0.5175965882591788
27 0.3142542117956883 0.09905506867412688 0.25686032838528317 0.25686032853376606 0.9137870135695965 0.2568603286981495 0.31743800762396573 0.2568603286836191 0.0335251170124382 0.058445737614522535 0.21008501789612471 0.03963800038940577 0.027659011632749336 0.7020751513151446 -0.02917961470029769 0.2100850175616001 0.09913037823568897 0.29107109092037686 0.027659011682439977 0.08675952617575285
68 0.8406624703291092 0.45715966875207786 0.22637084850045416 0.22637084895724682 0.31425421179571267 0.22637084901270116 0.2457244155021823 0.22637084900818596 0.11317096334625416 0.23921768163190318 0.27268602499388156 0.11095702046856133 0.18961398633960705 0.41184770389649555 0.10897397211479205 0.27268602460884533 0.31737756125676814 0.2910322738103139 0.18961398579654012 0.224258235996001
44 0.8406624703291092 0.45715966875207786 0.22637084850045416 0.22637084895724682 0.31425421179571267 0.22637084901270116 0.2457244155021823 0.22637084900818596 0.11317096334625416 0.23921768163190318 0.27268602499388156 0.11095702046856133 0.18961398633960705 0.41184770389649555 0.10897397211479205 0.27268602460884533 0.31737756125676814 0.2910322738103139 0.18961398579654012 0.224258235996001
25 0.17379470302859584 0.19061154203866534 0.4390103782287416 0.43901037859668074 0.2885212510722586 0.43901037861991593 0.38214532006543606 0.43901037867763415 0.3934603686844199 0.16762847368283296 0.3337088178765768 0.3949678587658389 0.21241103586323623 0.17898545574290825 0.18309348129132083 0.33370881735858676 0.15168357951025802 0.30762091161440297 0.21241103639680478 0.31332758038009295
