69 0.600576322684514 0.2701746770824466 0.40348592390191734 0.16487811075805422 0.40348592378038317 0.23530451498077076 0.11795978151793311 0.23965311676741674 0.23965311667823866 0.22040985639497812 0.6005763247534849 0.29222267290167925 0.2701746753466588 0.17895523993146262 0.16589262328271606 0.2701746754031121 0.29222267218429177 0.2922226721274604 0.2922226724409141 0.270174674706646
25 0.27017467515543103 0.4169122884632088 0.257561465847175 0.3032274059718283 0.2575614657253027 0.2314659476090467 0.24916468879370912 0.37938206053695467 0.3793820606133522 0.3436990235057853 0.2701746761376853 0.225199528853409 0.41691228724084795 0.3303440276722922 0.3169994682428463 0.4169122864259407 0.2251995283877477 0.22519952850416303 0.22519952850416303 0.41691228590207174
47 0.4034859233144951 0.25756146703527544 0.5993572997834589 0.22540543461193846 0.5993572996699144 0.4943415669118929 0.26444199863101203 0.20061409564661373 0.20061409561321097 0.19079494787301102 0.40348592441206915 0.08849721780872412 0.257561465651656 0.3419618304094786 0.24559683771596572 0.25756146545463465 0.08849721733753528 0.08849721736906357 0.08849721746888797 0.2575614649943455
45 0.28079861111935617 0.3175346620584567 0.4043121644666914 0.43063412510345894 0.4043121645049222 0.24093241005810395 0.4473365766624783 0.3219121405016948 0.32191214046383704 0.3156756473095875 0.28079861176128224 0.06502367834978376 0.31753466039437467 0.401879916197933 0.42667552957857946 0.3175346601274128 0.06502367795291206 0.06502367778241228 0.06502367808743886 0.3175346592924306
34 0.292222671939929 0.2251995295005207 0.08849721752616613 0.048630004007566306 0.08849721738993785 0.06823160993207451 -0.013542987654077361 0.21231568641368112 0.21231568658727065 0.21478987724295512 0.2922226731559862 0.6046694851474809 0.2251995284877736 0.05012020972332179 0.046709528958339755 0.22519952829034004 0.6046694844783902 0.6046694844766439 0.6046694845001935 0.22519952755411043
30 0.16487811019139556 0.30322740698578254 0.22540543475376898 0.5620039981990828 0.225405434596744 0.20246514856367043 0.5388885096326216 0.36240732700541795 0.3624073270135885 0.4137168830199461 0.16487811122521018 0.048630004277823546 0.3032274059798486 0.36023490497743565 0.5058831936718036 0.3032274057126812 0.04863000397125051 0.04863000382621098 0.048630003870784914 0.3032274050053431
56 0.27017467515543103 0.4169122884632088 0.257561465847175 0.3032274059718283 0.2575614657253027 0.2314659476090467 0.24916468879370912 0.37938206053695467 0.3793820606133522 0.3436990235057853 0.2701746761376853 0.225199528853409 0.41691228724084795 0.3303440276722922 0.3169994682428463 0.4169122864259407 0.2251995283877477 0.22519952850416303 0.22519952850416303 0.41691228590207174
57 0.23530451466452734 0.2314659488612628 0.49434156700291654 0.20246514856369996 0.49434156693991327 0.854860059446803 0.2874570203107984 0.1589855640510266 0.15898556408709813 0.12058218025297242 0.2353045152157715 0.06823161022482511 0.23146594740362492 0.4321465123809402 0.24765977719647383 0.23146594727598777 0.06823160977359731 0.06823160969726165 0.0682316097471506 0.23146594698089032
61 0.27017467515543103 0.4169122884632088 0.257561465847175 0.3032274059718283 0.2575614657253027 0.2314659476090467 0.24916468879370912 0.37938206053695467 0.3793820606133522 0.3436990235057853 0.2701746761376853 0.225199528853409 0.41691228724084795 0.3303440276722922 0.3169994682428463 0.4169122864259407 0.2251995283877477 0.22519952850416303 0.22519952850416303 0.41691228590207174
22 0.4034859233144951 0.25756146703527544 0.5993572997834589 0.22540543461193846 0.5993572996699144 0.4943415669118929 0.26444199863101203 0.20061409564661373 0.20061409561321097 0.19079494787301102 0.40348592441206915 0.08849721780872412 0.257561465651656 0.3419618304094786 0.24559683771596572 0.25756146545463465 0.08849721733753528 0.08849721736906357 0.08849721746888797 0.2575614649943455
21 0.4034859233144951 0.25756146703527544 0.5993572997834589 0.22540543461193846 0.5993572996699144 0.4943415669118929 0.26444199863101203 0.20061409564661373 0.20061409561321097 0.19079494787301102 0.40348592441206915 0.08849721780872412 0.257561465651656 0.3419618304094786 0.24559683771596572 0.25756146545463465 0.08849721733753528 0.08849721736906357 0.08849721746888797 0.2575614649943455
3 0.22040985596744964 0.34369902534091584 0.19079494789526827 0.41371688302001214 0.1907949478342781 0.1205821802529902 0.27725166776074667 0.45624841568288754 0.4562484157227596 0.5694073570835174 0.22040985679631467 0.2147898774969287 0.34369902344537073 0.21310002211725182 0.35277035797941275 0.34369902314718764 0.21478987713735798 0.21478987703295407 0.2147898773432031 0.3436990224953102
38 0.600576322684514 0.2701746770824466 0.40348592390191734 0.16487811075805422 0.40348592378038317 0.23530451498077076 0.11795978151793311 0.23965311676741674 0.23965311667823866 0.22040985639497812 0.6005763247534849 0.29222267290167925 0.2701746753466588 0.17895523993146262 0.16589262328271606 0.2701746754031121 0.29222267218429177 0.2922226721274604 0.2922226724409141 0.270174674706646
62 0.23530451466452734 0.2314659488612628 0.49434156700291654 0.20246514856369996 0.49434156693991327 0.854860059446803 0.2874570203107984 0.1589855640510266 0.15898556408709813 0.12058218025297242 0.2353045152157715 0.06823161022482511 0.23146594740362492 0.4321465123809402 0.24765977719647383 0.23146594727598777 0.06823160977359731 0.06823160969726165 0.0682316097471506 0.23146594698089032
12 0.17895523943942862 0.3303440287485499 0.3419618304329895 0.36023490497740984 0.34196183041584227 0.4321465123809185 0.4811596723806631 0.28595096323363084 0.2859509631721456 0.2131000221172399 0.17895524046634373 0.050120209918135365 0.330344027485337 0.5569161565446835 0.43402747875161707 0.3303440273441562 0.050120209573384 0.050120209736755184 0.05012020961670784 0.33034402674600943
16 0.17895523943942862 0.3303440287485499 0.3419618304329895 0.36023490497740984 0.34196183041584227 0.4321465123809185 0.4811596723806631 0.28595096323363084 0.2859509631721456 0.2131000221172399 0.17895524046634373 0.050120209918135365 0.330344027485337 0.5569161565446835 0.43402747875161707 0.3303440273441562 0.050120209573384 0.050120209736755184 0.05012020961670784 0.33034402674600943
0 0.16589262265683286 0.31699946985395877 0.24559683776659302 0.5058831936719697 0.2455968377401656 0.24765977719657076 0.535181840424445 0.3505874976910639 0.35058749767283176 0.3527703579794653 0.16589262355119028 0.04670952929746733 0.3169994680318623 0.4340274787517972 0.5013174161825359 0.31699946764459286 0.04670952876707235 0.0467095287061436 0.046709528944467865 0.31699946713084837
17 0.23965311631169126 0.37938206204261987 0.20061409577767308 0.3624073269843388 0.20061409568165872 0.15898556408494446 0.2743912857954628 0.44936495201548543 0.44936495217038575 0.45624841571122005 0.2396531172255589 0.2123156868957667 0.37938206064931773 0.28595096320127245 0.35058749770327263 0.37938206015767556 0.21231568608949353 0.21231568629993194 0.212315686433086 0.37938205950332154
7 0.23965311631169126 0.37938206204261987 0.20061409577767308 0.3624073269843388 0.20061409568165872 0.15898556408494446 0.2743912857954628 0.44936495201548543 0.44936495217038575 0.45624841571122005 0.2396531172255589 0.2123156868957667 0.37938206064931773 0.28595096320127245 0.35058749770327263 0.37938206015767556 0.21231568608949353 0.21231568629993194 0.212315686433086 0.37938205950332154
41 0.16487811019139556 0.30322740698578254 0.22540543475376898 0.5620039981990828 0.225405434596744 0.20246514856367043 0.5388885096326216 0.36240732700541795 0.3624073270135885 0.4137168830199461 0.16487811122521018 0.048630004277823546 0.3032274059798486 0.36023490497743565 0.5058831936718036 0.3032274057126812 0.04863000397125051 0.04863000382621098 0.048630003870784914 0.3032274050053431
66 0.4034859233144951 0.25756146703527544 0.5993572997834589 0.22540543461193846 0.5993572996699144 0.4943415669118929 0.26444199863101203 0.20061409564661373 0.20061409561321097 0.19079494787301102 0.40348592441206915 0.08849721780872412 0.257561465651656 0.3419618304094786 0.24559683771596572 0.25756146545463465 0.08849721733753528 0.08849721736906357 0.08849721746888797 0.2575614649943455
23 0.600576322684514 0.2701746770824466 0.40348592390191734 0.16487811075805422 0.40348592378038317 0.23530451498077076 0.11795978151793311 0.23965311676741674 0.23965311667823866 0.22040985639497812 0.6005763247534849 0.29222267290167925 0.2701746753466588 0.17895523993146262 0.16589262328271606 0.2701746754031121 0.29222267218429177 0.2922226721274604 0.2922226724409141 0.270174674706646
35 0.28079861111935617 0.3175346620584567 0.4043121644666914 0.43063412510345894 0.4043121645049222 0.24093241005810395 0.4473365766624783 0.3219121405016948 0.32191214046383704 0.3156756473095875 0.28079861176128224 0.06502367834978376 0.31753466039437467 0.401879916197933 0.42667552957857946 0.3175346601274128 0.06502367795291206 0.06502367778241228 0.06502367808743886 0.3175346592924306
28 0.292222671939929 0.2251995295005207 0.08849721752616613 0.048630004007566306 0.08849721738993785 0.06823160993207451 -0.013542987654077361 0.21231568641368112 0.21231568658727065 0.21478987724295512 0.2922226731559862 0.6046694851474809 0.2251995284877736 0.05012020972332179 0.046709528958339755 0.22519952829034004 0.6046694844783902 0.6046694844766439 0.6046694845001935 0.22519952755411043
31 0.23965311631169126 0.37938206204261987 0.20061409577767308 0.3624073269843388 0.20061409568165872 0.15898556408494446 0.2743912857954628 0.44936495201548543 0.44936495217038575 0.45624841571122005 0.2396531172255589 0.2123156868957667 0.37938206064931773 0.28595096320127245 0.35058749770327263 0.37938206015767556 0.21231568608949353 0.21231568629993194 0.212315686433086 0.37938205950332154
2 0.17895523943942862 0.3303440287485499 0.3419618304329895 0.36023490497740984 0.34196183041584227 0.4321465123809185 0.4811596723806631 0.28595096323363084 0.2859509631721456 0.2131000221172399 0.17895524046634373 0.050120209918135365 0.330344027485337 0.5569161565446835 0.43402747875161707 0.3303440273441562 0.050120209573384 0.050120209736755184 0.05012020961670784 0.33034402674600943
6 0.16874050981476746 0.33194848394572235 0.3018284522726572 0.4490974767726096 0.3018284521699077 0.3156783243759864 0.5140541775716945 0.31524976466435034 0.31524976468610694 0.29782939048454765 0.1687405110472615 0.05046995047582838 0.3319484830491072 0.49242592879946223 0.46299123985473595 0.33194848276157396 0.05046995059225356 0.05046995031476922 0.05046995057378609 0.33194848238668956
5 0.22040985596744964 0.34369902534091584 0.19079494789526827 0.41371688302001214 0.1907949478342781 0.1205821802529902 0.27725166776074667 0.45624841568288754 0.4562484157227596 0.5694073570835174 0.22040985679631467 0.2147898774969287 0.34369902344537073 0.21310002211725182 0.35277035797941275 0.34369902314718764 0.21478987713735798 0.21478987703295407 0.2147898773432031 0.3436990224953102
32 0.23530451466452734 0.2314659488612628 0.49434156700291654 0.20246514856369996 0.49434156693991327 0.854860059446803 0.2874570203107984 0.1589855640510266 0.15898556408709813 0.12058218025297242 0.2353045152157715 0.06823161022482511 0.23146594740362492 0.4321465123809402 0.24765977719647383 0.23146594727598777 0.06823160977359731 0.06823160969726165 0.0682316097471506 0.23146594698089032
36 0.4034859233144951 0.25756146703527544 0.5993572997834589 0.22540543461193846 0.5993572996699144 0.4943415669118929 0.26444199863101203 0.20061409564661373 0.20061409561321097 0.19079494787301102 0.40348592441206915 0.08849721780872412 0.257561465651656 0.3419618304094786 0.24559683771596572 0.25756146545463465 0.08849721733753528 0.08849721736906357 0.08849721746888797 0.2575614649943455
50 0.27017467515543103 0.4169122884632088 0.257561465847175 0.3032274059718283 0.2575614657253027 0.2314659476090467 0.24916468879370912 0.37938206053695467 0.3793820606133522 0.3436990235057853 0.2701746761376853 0.225199528853409 0.41691228724084795 0.3303440276722922 0.3169994682428463 0.4169122864259407 0.2251995283877477 0.22519952850416303 0.22519952850416303 0.41691228590207174
18 0.16589262265683286 0.31699946985395877 0.24559683776659302 0.5058831936719697 0.2455968377401656 0.24765977719657076 0.535181840424445 0.3505874976910639 0.35058749767283176 0.3527703579794653 0.16589262355119028 0.04670952929746733 0.3169994680318623 0.4340274787517972 0.5013174161825359 0.31699946764459286 0.04670952876707235 0.0467095287061436 0.046709528944467865 0.31699946713084837
20 0.28079861111935617 0.3175346620584567 0.4043121644666914 0.43063412510345894 0.4043121645049222 0.24093241005810395 0.4473365766624783 0.3219121405016948 0.32191214046383704 0.3156756473095875 0.28079861176128224 0.06502367834978376 0.31753466039437467 0.401879916197933 0.42667552957857946 0.3175346601274128 0.06502367795291206 0.06502367778241228 0.06502367808743886 0.3175346592924306
42 0.20363491500777203 0.3099245052147401 0.5453720390772459 0.3227704180179464 0.545372039099216 0.6028272129591988 0.3515419164492053 0.12365348695240612 0.12365348694265021 0.23766869116688386 0.20363491598165478 0.08541034383826397 0.3099245088369795 0.43100091515121275 0.20707988155813947 0.3099245083489198 0.0854103463938735 0.08541034578511753 0.0854103457685266 0.30992450948934136
46 0.4034859233144951 0.25756146703527544 0.5993572997834589 0.22540543461193846 0.5993572996699144 0.4943415669118929 0.26444199863101203 0.20061409564661373 0.20061409561321097 0.19079494787301102 0.40348592441206915 0.08849721780872412 0.257561465651656 0.3419618304094786 0.24559683771596572 0.25756146545463465 0.08849721733753528 0.08849721736906357 0.08849721746888797 0.2575614649943455
39 0.600576322684514 0.2701746770824466 0.40348592390191734 0.16487811075805422 0.40348592378038317 0.23530451498077076 0.11795978151793311 0.23965311676741674 0.23965311667823866 0.22040985639497812 0.6005763247534849 0.29222267290167925 0.2701746753466588 0.17895523993146262 0.16589262328271606 0.2701746754031121 0.29222267218429177 0.2922226721274604 0.2922226724409141 0.270174674706646
58 0.292222671939929 0.2251995295005207 0.08849721752616613 0.048630004007566306 0.08849721738993785 0.06823160993207451 -0.013542987654077361 0.21231568641368112 0.21231568658727065 0.21478987724295512 0.2922226731559862 0.6046694851474809 0.2251995284877736 0.05012020972332179 0.046709528958339755 0.22519952829034004 0.6046694844783902 0.6046694844766439 0.6046694845001935 0.22519952755411043
60 0.27017467515543103 0.4169122884632088 0.257561465847175 0.3032274059718283 0.2575614657253027 0.2314659476090467 0.24916468879370912 0.37938206053695467 0.3793820606133522 0.3436990235057853 0.2701746761376853 0.225199528853409 0.41691228724084795 0.3303440276722922 0.3169994682428463 0.4169122864259407 0.2251995283877477 0.22519952850416303 0.22519952850416303 0.41691228590207174
44 0.292222671939929 0.2251995295005207 0.08849721752616613 0.048630004007566306 0.08849721738993785 0.06823160993207451 -0.013542987654077361 0.21231568641368112 0.21231568658727065 0.21478987724295512 0.2922226731559862 0.6046694851474809 0.2251995284877736 0.05012020972332179 0.046709528958339755 0.22519952829034004 0.6046694844783902 0.6046694844766439 0.6046694845001935 0.22519952755411043
33 0.292222671939929 0.2251995295005207 0.08849721752616613 0.048630004007566306 0.08849721738993785 0.06823160993207451 -0.013542987654077361 0.21231568641368112 0.21231568658727065 0.21478987724295512 0.2922226731559862 0.6046694851474809 0.2251995284877736 0.05012020972332179 0.046709528958339755 0.22519952829034004 0.6046694844783902 0.6046694844766439 0.6046694845001935 0.22519952755411043
27 0.23530451466452734 0.2314659488612628 0.49434156700291654 0.20246514856369996 0.49434156693991327 0.854860059446803 0.2874570203107984 0.1589855640510266 0.15898556408709813 0.12058218025297242 0.2353045152157715 0.06823161022482511 0.23146594740362492 0.4321465123809402 0.24765977719647383 0.23146594727598777 0.06823160977359731 0.06823160969726165 0.0682316097471506 0.23146594698089032
40 0.23965311631169126 0.37938206204261987 0.20061409577767308 0.3624073269843388 0.20061409568165872 0.15898556408494446 0.2743912857954628 0.44936495201548543 0.44936495217038575 0.45624841571122005 0.2396531172255589 0.2123156868957667 0.37938206064931773 0.28595096320127245 0.35058749770327263 0.37938206015767556 0.21231568608949353 0.21231568629993194 0.212315686433086 0.37938205950332154
51 0.27017467515543103 0.4169122884632088 0.257561465847175 0.3032274059718283 0.2575614657253027 0.2314659476090467 0.24916468879370912 0.37938206053695467 0.3793820606133522 0.3436990235057853 0.2701746761376853 0.225199528853409 0.41691228724084795 0.3303440276722922 0.3169994682428463 0.4169122864259407 0.2251995283877477 0.22519952850416303 0.22519952850416303 0.41691228590207174
19 0.16710188403120066 0.2964027106437068 0.1907146499218512 0.5390779866843366 0.1907146498038127 0.21145470886373538 0.5472191380413607 0.3820950619728062 0.3820950620004538 0.38627083595805606 0.16710188514930294 0.041858683792363655 0.2964027078858168 0.38601002627348563 0.5366657992559895 0.29640270759362164 0.041858682716779734 0.04185868296932438 0.04185868286753337 0.2964027066441898
52 0.23530451466452734 0.2314659488612628 0.49434156700291654 0.20246514856369996 0.49434156693991327 0.854860059446803 0.2874570203107984 0.1589855640510266 0.15898556408709813 0.12058218025297242 0.2353045152157715 0.06823161022482511 0.23146594740362492 0.4321465123809402 0.24765977719647383 0.23146594727598777 0.06823160977359731 0.06823160969726165 0.0682316097471506 0.23146594698089032
9 0.23965311631169126 0.37938206204261987 0.20061409577767308 0.3624073269843388 0.20061409568165872 0.15898556408494446 0.2743912857954628 0.44936495201548543 0.44936495217038575 0.45624841571122005 0.2396531172255589 0.2123156868957667 0.37938206064931773 0.28595096320127245 0.35058749770327263 0.37938206015767556 0.21231568608949353 0.21231568629993194 0.212315686433086 0.37938205950332154
48 0.600576322684514 0.2701746770824466 0.40348592390191734 0.16487811075805422 0.40348592378038317 0.23530451498077076 0.11795978151793311 0.23965311676741674 0.23965311667823866 0.22040985639497812 0.6005763247534849 0.29222267290167925 0.2701746753466588 0.17895523993146262 0.16589262328271606 0.2701746754031121 0.29222267218429177 0.2922226721274604 0.2922226724409141 0.270174674706646
54 0.292222671939929 0.2251995295005207 0.08849721752616613 0.048630004007566306 0.08849721738993785 0.06823160993207451 -0.013542987654077361 0.21231568641368112 0.21231568658727065 0.21478987724295512 0.2922226731559862 0.6046694851474809 0.2251995284877736 0.05012020972332179 0.046709528958339755 0.22519952829034004 0.6046694844783902 0.6046694844766439 0.6046694845001935 0.22519952755411043
4 0.11795978098652468 0.2491646900005594 0.2644419986800864 0.5388885096326714 0.264441998583816 0.28745702031079795 0.681784262271382 0.2743912858316769 0.27439128576168487 0.27725166776071974 0.11795978198670462 -0.013542987491468445 0.2491646885429243 0.48115967238067253 0.5351818404243674 0.2491646884998794 -0.013542987774877537 -0.013542987765116494 -0.013542987672757738 0.24916468775577147
15 0.23965311631169126 0.37938206204261987 0.20061409577767308 0.3624073269843388 0.20061409568165872 0.15898556408494446 0.2743912857954628 0.44936495201548543 0.44936495217038575 0.45624841571122005 0.2396531172255589 0.2123156868957667 0.37938206064931773 0.28595096320127245 0.35058749770327263 0.37938206015767556 0.21231568608949353 0.21231568629993194 0.212315686433086 0.37938205950332154
53 0.292222671939929 0.2251995295005207 0.08849721752616613 0.048630004007566306 0.08849721738993785 0.06823160993207451 -0.013542987654077361 0.21231568641368112 0.21231568658727065 0.21478987724295512 0.2922226731559862 0.6046694851474809 0.2251995284877736 0.05012020972332179 0.046709528958339755 0.22519952829034004 0.6046694844783902 0.6046694844766439 0.6046694845001935 0.22519952755411043
63 0.292222671939929 0.2251995295005207 0.08849721752616613 0.048630004007566306 0.08849721738993785 0.06823160993207451 -0.013542987654077361 0.21231568641368112 0.21231568658727065 0.21478987724295512 0.2922226731559862 0.6046694851474809 0.2251995284877736 0.05012020972332179 0.046709528958339755 0.22519952829034004 0.6046694844783902 0.6046694844766439 0.6046694845001935 0.22519952755411043
65 0.28079861111935617 0.3175346620584567 0.4043121644666914 0.43063412510345894 0.4043121645049222 0.24093241005810395 0.4473365766624783 0.3219121405016948 0.32191214046383704 0.3156756473095875 0.28079861176128224 0.06502367834978376 0.31753466039437467 0.401879916197933 0.42667552957857946 0.3175346601274128 0.06502367795291206 0.06502367778241228 0.06502367808743886 0.3175346592924306
37 0.4034859233144951 0.25756146703527544 0.5993572997834589 0.22540543461193846 0.5993572996699144 0.4943415669118929 0.26444199863101203 0.20061409564661373 0.20061409561321097 0.19079494787301102 0.40348592441206915 0.08849721780872412 0.257561465651656 0.3419618304094786 0.24559683771596572 0.25756146545463465 0.08849721733753528 0.08849721736906357 0.08849721746888797 0.2575614649943455
10 0.16874050981476746 0.33194848394572235 0.3018284522726572 0.4490974767726096 0.3018284521699077 0.3156783243759864 0.5140541775716945 0.31524976466435034 0.31524976468610694 0.29782939048454765 0.1687405110472615 0.05046995047582838 0.3319484830491072 0.49242592879946223 0.46299123985473595 0.33194848276157396 0.05046995059225356 0.05046995031476922 0.05046995057378609 0.33194848238668956
49 0.600576322684514 0.2701746770824466 0.40348592390191734 0.16487811075805422 0.40348592378038317 0.23530451498077076 0.11795978151793311 0.23965311676741674 0.23965311667823866 0.22040985639497812 0.6005763247534849 0.29222267290167925 0.2701746753466588 0.17895523993146262 0.16589262328271606 0.2701746754031121 0.29222267218429177 0.2922226721274604 0.2922226724409141 0.270174674706646
68 0.600576322684514 0.2701746770824466 0.40348592390191734 0.16487811075805422 0.40348592378038317 0.23530451498077076 0.11795978151793311 0.23965311676741674 0.23965311667823866 0.22040985639497812 0.6005763247534849 0.29222267290167925 0.2701746753466588 0.17895523993146262 0.16589262328271606 0.2701746754031121 0.29222267218429177 0.2922226721274604 0.2922226724409141 0.270174674706646
14 0.17895523943942862 0.3303440287485499 0.3419618304329895 0.36023490497740984 0.34196183041584227 0.4321465123809185 0.4811596723806631 0.28595096323363084 0.2859509631721456 0.2131000221172399 0.17895524046634373 0.050120209918135365 0.330344027485337 0.5569161565446835 0.43402747875161707 0.3303440273441562 0.050120209573384 0.050120209736755184 0.05012020961670784 0.33034402674600943
59 0.292222671939929 0.2251995295005207 0.08849721752616613 0.048630004007566306 0.08849721738993785 0.06823160993207451 -0.013542987654077361 0.21231568641368112 0.21231568658727065 0.21478987724295512 0.2922226731559862 0.6046694851474809 0.2251995284877736 0.05012020972332179 0.046709528958339755 0.22519952829034004 0.6046694844783902 0.6046694844766439 0.6046694845001935 0.22519952755411043
64 0.292222671939929 0.2251995295005207 0.08849721752616613 0.048630004007566306 0.08849721738993785 0.06823160993207451 -0.013542987654077361 0.21231568641368112 0.21231568658727065 0.21478987724295512 0.2922226731559862 0.6046694851474809 0.2251995284877736 0.05012020972332179 0.046709528958339755 0.22519952829034004 0.6046694844783902 0.6046694844766439 0.6046694845001935 0.22519952755411043
8 0.17895523943942862 0.3303440287485499 0.3419618304329895 0.36023490497740984 0.34196183041584227 0.4321465123809185 0.4811596723806631 0.28595096323363084 0.2859509631721456 0.2131000221172399 0.17895524046634373 0.050120209918135365 0.330344027485337 0.5569161565446835 0.43402747875161707 0.3303440273441562 0.050120209573384 0.050120209736755184 0.05012020961670784 0.33034402674600943
24 0.600576322684514 0.2701746770824466 0.40348592390191734 0.16487811075805422 0.40348592378038317 0.23530451498077076 0.11795978151793311 0.23965311676741674 0.23965311667823866 0.22040985639497812 0.6005763247534849 0.29222267290167925 0.2701746753466588 0.17895523993146262 0.16589262328271606 0.2701746754031121 0.29222267218429177 0.2922226721274604 0.2922226724409141 0.270174674706646
26 0.27017467515543103 0.4169122884632088 0.257561465847175 0.3032274059718283 0.2575614657253027 0.2314659476090467 0.24916468879370912 0.37938206053695467 0.3793820606133522 0.3436990235057853 0.2701746761376853 0.225199528853409 0.41691228724084795 0.3303440276722922 0.3169994682428463 0.4169122864259407 0.2251995283877477 0.22519952850416303 0.22519952850416303 0.41691228590207174
55 0.27017467515543103 0.4169122884632088 0.257561465847175 0.3032274059718283 0.2575614657253027 0.2314659476090467 0.24916468879370912 0.37938206053695467 0.3793820606133522 0.3436990235057853 0.2701746761376853 0.225199528853409 0.41691228724084795 0.3303440276722922 0.3169994682428463 0.4169122864259407 0.2251995283877477 0.22519952850416303 0.22519952850416303 0.41691228590207174
43 0.292222671939929 0.2251995295005207 0.08849721752616613 0.048630004007566306 0.08849721738993785 0.06823160993207451 -0.013542987654077361 0.21231568641368112 0.21231568658727065 0.21478987724295512 0.2922226731559862 0.6046694851474809 0.2251995284877736 0.05012020972332179 0.046709528958339755 0.22519952829034004 0.6046694844783902 0.6046694844766439 0.6046694845001935 0.22519952755411043
1 0.23965311631169126 0.37938206204261987 0.20061409577767308 0.3624073269843388 0.20061409568165872 0.15898556408494446 0.2743912857954628 0.44936495201548543 0.44936495217038575 0.45624841571122005 0.2396531172255589 0.2123156868957667 0.37938206064931773 0.28595096320127245 0.35058749770327263 0.37938206015767556 0.21231568608949353 0.21231568629993194 0.212315686433086 0.37938205950332154
11 0.23965311631169126 0.37938206204261987 0.20061409577767308 0.3624073269843388 0.20061409568165872 0.15898556408494446 0.2743912857954628 0.44936495201548543 0.44936495217038575 0.45624841571122005 0.2396531172255589 0.2123156868957667 0.37938206064931773 0.28595096320127245 0.35058749770327263 0.37938206015767556 0.21231568608949353 0.21231568629993194 0.212315686433086 0.37938205950332154
29 0.292222671939929 0.2251995295005207 0.08849721752616613 0.048630004007566306 0.08849721738993785 0.06823160993207451 -0.013542987654077361 0.21231568641368112 0.21231568658727065 0.21478987724295512 0.2922226731559862 0.6046694851474809 0.2251995284877736 0.05012020972332179 0.046709528958339755 0.22519952829034004 0.6046694844783902 0.6046694844766439 0.6046694845001935 0.22519952755411043
67 0.4034859233144951 0.25756146703527544 0.5993572997834589 0.22540543461193846 0.5993572996699144 0.4943415669118929 0.26444199863101203 0.20061409564661373 0.20061409561321097 0.19079494787301102 0.40348592441206915 0.08849721780872412 0.257561465651656 0.3419618304094786 0.24559683771596572 0.25756146545463465 0.08849721733753528 0.08849721736906357 0.08849721746888797 0.2575614649943455
13 0.23965311631169126 0.37938206204261987 0.20061409577767308 0.3624073269843388 0.20061409568165872 0.15898556408494446 0.2743912857954628 0.44936495201548543 0.44936495217038575 0.45624841571122005 0.2396531172255589 0.2123156868957667 0.37938206064931773 0.28595096320127245 0.35058749770327263 0.37938206015767556 0.21231568608949353 0.21231568629993194 0.212315686433086 0.37938205950332154
