24 0.24732290726867567 0.038857782470504955 0.24732290696505657 0.03885778204280384 0.4878960994893138 0.24732290699052945 1.1007992257454997 0.03254466178637778 0.24732290709588636 0.48789609973451625 0.0325446618361389 0.17201912824101093 0.03885778225846087 0.03254466180043149 0.15044570998551837 0.038857782276793706 0.03885778205726612 0.03885778112288591 0.038857781006854435 0.038857781259027356
31 0.21575353621755353 0.3530371655985563 0.21575353616719575 0.3530371653931215 0.07206141580055445 0.21575353650680046 0.0325446618094632 0.5014570627807009 0.21575353651662435 0.07206141627787346 0.501457063099099 0.17761110768485183 0.35303716537693963 0.5014570628823025 0.13911007999337568 0.35303716553403375 0.35303716500819576 0.3530371642303808 0.3530371634638193 0.3530371639665916
13 0.4341239335501373 0.17769394359780133 0.4341239337417203 0.1776939432816007 0.3738539117795653 0.4341239340836634 0.1720191282410196 0.17761110766195112 0.4341239338220036 0.37385391207984225 0.1776111076829043 0.5414222564329303 0.17769394333408597 0.1776111076238572 0.5446515303616573 0.17769394342792952 0.17769394288885212 0.1776939418989863 0.17769394128599533 0.1776939416861219
56 0.17179130321892444 0.42255162098445 0.17179130302974954 0.422551620809827 0.05925715703051537 0.17179130332078785 0.03885778182958637 0.3530371646354254 0.17179130343720317 0.059257157437969 0.3530371648787427 0.17769394261811988 0.42255162066430785 0.3530371647599248 0.19884268474089928 0.4225516208307454 0.42255162035871763 0.4225516200531274 0.42255161912180483 0.4225516195874661
23 0.4019508265912382 0.19884268580095005 0.4019508264940032 0.19884268541637387 0.3365458068340581 0.4019508269719469 0.1504457099855199 0.13911007986773205 0.4019508265731855 0.3365458071982501 0.13911007995336636 0.5446515303616465 0.19884268532076674 0.1391100799010572 0.6584638334738755 0.1988426855405573 0.19884268504595026 0.19884268358389898 0.19884268341739364 0.19884268382293363
50 0.17179130321892444 0.42255162098445 0.17179130302974954 0.422551620809827 0.05925715703051537 0.17179130332078785 0.03885778182958637 0.3530371646354254 0.17179130343720317 0.059257157437969 0.3530371648787427 0.17769394261811988 0.42255162066430785 0.3530371647599248 0.19884268474089928 0.4225516208307454 0.42255162035871763 0.4225516200531274 0.42255161912180483 0.4225516195874661
0 0.3958180718054746 0.05925715836320866 0.3958180718544974 0.05925715800260927 0.6475221830407151 0.39581807187848017 0.48789609956232616 0.07206141603490088 0.3958180718538643 0.6475221834428329 0.07206141596087973 0.37385391187090605 0.059257157725055534 0.07206141601120515 0.3365458069911393 0.059257157867435024 0.05925715754988292 0.05925715645845139 0.05925715623973474 0.05925715659078699
41 0.17179130321892444 0.42255162098445 0.17179130302974954 0.422551620809827 0.05925715703051537 0.17179130332078785 0.03885778182958637 0.3530371646354254 0.17179130343720317 0.059257157437969 0.3530371648787427 0.17769394261811988 0.42255162066430785 0.3530371647599248 0.19884268474089928 0.4225516208307454 0.42255162035871763 0.4225516200531274 0.42255161912180483 0.4225516195874661
62 0.21575353621755353 0.3530371655985563 0.21575353616719575 0.3530371653931215 0.07206141580055445 0.21575353650680046 0.0325446618094632 0.5014570627807009 0.21575353651662435 0.07206141627787346 0.501457063099099 0.17761110768485183 0.35303716537693963 0.5014570628823025 0.13911007999337568 0.35303716553403375 0.35303716500819576 0.3530371642303808 0.3530371634638193 0.3530371639665916
26 0.17179130321892444 0.42255162098445 0.17179130302974954 0.422551620809827 0.05925715703051537 0.17179130332078785 0.03885778182958637 0.3530371646354254 0.17179130343720317 0.059257157437969 0.3530371648787427 0.17769394261811988 0.42255162066430785 0.3530371647599248 0.19884268474089928 0.4225516208307454 0.42255162035871763 0.4225516200531274 0.42255161912180483 0.4225516195874661
6 0.3958180718054746 0.05925715836320866 0.3958180718544974 0.05925715800260927 0.6475221830407151 0.39581807187848017 0.48789609956232616 0.07206141603490088 0.3958180718538643 0.6475221834428329 0.07206141596087973 0.37385391187090605 0.059257157725055534 0.07206141601120515 0.3365458069911393 0.059257157867435024 0.05925715754988292 0.05925715645845139 0.05925715623973474 0.05925715659078699
2 0.3958180719637312 0.05925715796183795 0.3958180716726929 0.05925715767079964 0.6475221832515672 0.39581807190552354 0.4878960995623265 0.07206141611095518 0.3958180717891082 0.647522183629917 0.07206141605274752 0.37385391187090633 0.05925715767079964 0.07206141599453986 0.33654580699113934 0.059257157845422626 0.05925715796183795 0.05925715631019557 0.05925715621560812 0.059257156564854085
53 0.4019508265912382 0.19884268580095005 0.4019508264940032 0.19884268541637387 0.3365458068340581 0.4019508269719469 0.1504457099855199 0.13911007986773205 0.4019508265731855 0.3365458071982501 0.13911007995336636 0.5446515303616465 0.19884268532076674 0.1391100799010572 0.6584638334738755 0.1988426855405573 0.19884268504595026 0.19884268358389898 0.19884268341739364 0.19884268382293363
51 0.17179130321892444 0.42255162098445 0.17179130302974954 0.422551620809827 0.05925715703051537 0.17179130332078785 0.03885778182958637 0.3530371646354254 0.17179130343720317 0.059257157437969 0.3530371648787427 0.17769394261811988 0.42255162066430785 0.3530371647599248 0.19884268474089928 0.4225516208307454 0.42255162035871763 0.4225516200531274 0.42255161912180483 0.4225516195874661
17 0.4341239335501373 0.17769394359780133 0.4341239337417203 0.1776939432816007 0.3738539117795653 0.4341239340836634 0.1720191282410196 0.17761110766195112 0.4341239338220036 0.37385391207984225 0.1776111076829043 0.5414222564329303 0.17769394333408597 0.1776111076238572 0.5446515303616573 0.17769394342792952 0.17769394288885212 0.1776939418989863 0.17769394128599533 0.1776939416861219
38 0.4019508265912382 0.19884268580095005 0.4019508264940032 0.19884268541637387 0.3365458068340581 0.4019508269719469 0.1504457099855199 0.13911007986773205 0.4019508265731855 0.3365458071982501 0.13911007995336636 0.5446515303616465 0.19884268532076674 0.1391100799010572 0.6584638334738755 0.1988426855405573 0.19884268504595026 0.19884268358389898 0.19884268341739364 0.19884268382293363
30 0.34611392563186444 0.07249496657527105 0.3461139254328502 0.07249496586908387 0.4805722370627006 0.3461139256670865 0.9679433812696466 0.0963191478707482 0.3461139255850206 0.4805722373211797 0.09631914803003433 0.14591274281307234 0.07249496593404962 0.09631914789930097 0.10383599537176871 0.0724949661131736 0.0724949657834785 0.07249496483652904 0.07249496467181306 0.07249496485975665
11 0.4341239335501373 0.17769394359780133 0.4341239337417203 0.1776939432816007 0.3738539117795653 0.4341239340836634 0.1720191282410196 0.17761110766195112 0.4341239338220036 0.37385391207984225 0.1776111076829043 0.5414222564329303 0.17769394333408597 0.1776111076238572 0.5446515303616573 0.17769394342792952 0.17769394288885212 0.1776939418989863 0.17769394128599533 0.1776939416861219
4 0.3958180718054746 0.05925715836320866 0.3958180718544974 0.05925715800260927 0.6475221830407151 0.39581807187848017 0.48789609956232616 0.07206141603490088 0.3958180718538643 0.6475221834428329 0.07206141596087973 0.37385391187090605 0.059257157725055534 0.07206141601120515 0.3365458069911393 0.059257157867435024 0.05925715754988292 0.05925715645845139 0.05925715623973474 0.05925715659078699
43 0.4742659190287791 0.1717913045456087 0.4742659187553269 0.17179130423802064 0.3958180719322624 0.47426591912731164 0.24732290725962786 0.2157535364631603 0.4742659192367265 0.3958180723191418 0.21575353663733823 0.4341239341265499 0.17179130418085628 0.21575353645910925 0.4019508269536512 0.17179130432179313 0.17179130372959628 0.17179130275758472 0.17179130188318684 0.17179130249855956
39 0.24732290726867567 0.038857782470504955 0.24732290696505657 0.03885778204280384 0.4878960994893138 0.24732290699052945 1.1007992257454997 0.03254466178637778 0.24732290709588636 0.48789609973451625 0.0325446618361389 0.17201912824101093 0.03885778225846087 0.03254466180043149 0.15044570998551837 0.038857782276793706 0.03885778205726612 0.03885778112288591 0.038857781006854435 0.038857781259027356
20 0.17179130321892444 0.42255162098445 0.17179130302974954 0.422551620809827 0.05925715703051537 0.17179130332078785 0.03885778182958637 0.3530371646354254 0.17179130343720317 0.059257157437969 0.3530371648787427 0.17769394261811988 0.42255162066430785 0.3530371647599248 0.19884268474089928 0.4225516208307454 0.42255162035871763 0.4225516200531274 0.42255161912180483 0.4225516195874661
40 0.17179130321892444 0.42255162098445 0.17179130302974954 0.422551620809827 0.05925715703051537 0.17179130332078785 0.03885778182958637 0.3530371646354254 0.17179130343720317 0.059257157437969 0.3530371648787427 0.17769394261811988 0.42255162066430785 0.3530371647599248 0.19884268474089928 0.4225516208307454 0.42255162035871763 0.4225516200531274 0.42255161912180483 0.4225516195874661
15 0.4341239335501373 0.17769394359780133 0.4341239337417203 0.1776939432816007 0.3738539117795653 0.4341239340836634 0.1720191282410196 0.17761110766195112 0.4341239338220036 0.37385391207984225 0.1776111076829043 0.5414222564329303 0.17769394333408597 0.1776111076238572 0.5446515303616573 0.17769394342792952 0.17769394288885212 0.1776939418989863 0.17769394128599533 0.1776939416861219
28 0.4742659190287791 0.1717913045456087 0.4742659187553269 0.17179130423802064 0.3958180719322624 0.47426591912731164 0.24732290725962786 0.2157535364631603 0.4742659192367265 0.3958180723191418 0.21575353663733823 0.4341239341265499 0.17179130418085628 0.21575353645910925 0.4019508269536512 0.17179130432179313 0.17179130372959628 0.17179130275758472 0.17179130188318684 0.17179130249855956
61 0.21575353621755353 0.3530371655985563 0.21575353616719575 0.3530371653931215 0.07206141580055445 0.21575353650680046 0.0325446618094632 0.5014570627807009 0.21575353651662435 0.07206141627787346 0.501457063099099 0.17761110768485183 0.35303716537693963 0.5014570628823025 0.13911007999337568 0.35303716553403375 0.35303716500819576 0.3530371642303808 0.3530371634638193 0.3530371639665916
21 0.17179130321892444 0.42255162098445 0.17179130302974954 0.422551620809827 0.05925715703051537 0.17179130332078785 0.03885778182958637 0.3530371646354254 0.17179130343720317 0.059257157437969 0.3530371648787427 0.17769394261811988 0.42255162066430785 0.3530371647599248 0.19884268474089928 0.4225516208307454 0.42255162035871763 0.4225516200531274 0.42255161912180483 0.4225516195874661
42 0.17179130321892444 0.42255162098445 0.17179130302974954 0.422551620809827 0.05925715703051537 0.17179130332078785 0.03885778182958637 0.3530371646354254 0.17179130343720317 0.059257157437969 0.3530371648787427 0.17769394261811988 0.42255162066430785 0.3530371647599248 0.19884268474089928 0.4225516208307454 0.42255162035871763 0.4225516200531274 0.42255161912180483 0.4225516195874661
45 0.34611392563186444 0.07249496657527105 0.3461139254328502 0.07249496586908387 0.4805722370627006 0.3461139256670865 0.9679433812696466 0.0963191478707482 0.3461139255850206 0.4805722373211797 0.09631914803003433 0.14591274281307234 0.07249496593404962 0.09631914789930097 0.10383599537176871 0.0724949661131736 0.0724949657834785 0.07249496483652904 0.07249496467181306 0.07249496485975665
46 0.21575353621755353 0.3530371655985563 0.21575353616719575 0.3530371653931215 0.07206141580055445 0.21575353650680046 0.0325446618094632 0.5014570627807009 0.21575353651662435 0.07206141627787346 0.501457063099099 0.17761110768485183 0.35303716537693963 0.5014570628823025 0.13911007999337568 0.35303716553403375 0.35303716500819576 0.3530371642303808 0.3530371634638193 0.3530371639665916
48 0.4019508265912382 0.19884268580095005 0.4019508264940032 0.19884268541637387 0.3365458068340581 0.4019508269719469 0.1504457099855199 0.13911007986773205 0.4019508265731855 0.3365458071982501 0.13911007995336636 0.5446515303616465 0.19884268532076674 0.1391100799010572 0.6584638334738755 0.1988426855405573 0.19884268504595026 0.19884268358389898 0.19884268341739364 0.19884268382293363
55 0.17179130321892444 0.42255162098445 0.17179130302974954 0.422551620809827 0.05925715703051537 0.17179130332078785 0.03885778182958637 0.3530371646354254 0.17179130343720317 0.059257157437969 0.3530371648787427 0.17769394261811988 0.42255162066430785 0.3530371647599248 0.19884268474089928 0.4225516208307454 0.42255162035871763 0.4225516200531274 0.42255161912180483 0.4225516195874661
34 0.24732290726867567 0.038857782470504955 0.24732290696505657 0.03885778204280384 0.4878960994893138 0.24732290699052945 1.1007992257454997 0.03254466178637778 0.24732290709588636 0.48789609973451625 0.0325446618361389 0.17201912824101093 0.03885778225846087 0.03254466180043149 0.15044570998551837 0.038857782276793706 0.03885778205726612 0.03885778112288591 0.038857781006854435 0.038857781259027356
3 0.4341239335501373 0.17769394359780133 0.4341239337417203 0.1776939432816007 0.3738539117795653 0.4341239340836634 0.1720191282410196 0.17761110766195112 0.4341239338220036 0.37385391207984225 0.1776111076829043 0.5414222564329303 0.17769394333408597 0.1776111076238572 0.5446515303616573 0.17769394342792952 0.17769394288885212 0.1776939418989863 0.17769394128599533 0.1776939416861219
59 0.4742659190287791 0.1717913045456087 0.4742659187553269 0.17179130423802064 0.3958180719322624 0.47426591912731164 0.24732290725962786 0.2157535364631603 0.4742659192367265 0.3958180723191418 0.21575353663733823 0.4341239341265499 0.17179130418085628 0.21575353645910925 0.4019508269536512 0.17179130432179313 0.17179130372959628 0.17179130275758472 0.17179130188318684 0.17179130249855956
44 0.4742659190287791 0.1717913045456087 0.4742659187553269 0.17179130423802064 0.3958180719322624 0.47426591912731164 0.24732290725962786 0.2157535364631603 0.4742659192367265 0.3958180723191418 0.21575353663733823 0.4341239341265499 0.17179130418085628 0.21575353645910925 0.4019508269536512 0.17179130432179313 0.17179130372959628 0.17179130275758472 0.17179130188318684 0.17179130249855956
52 0.17179130321892444 0.42255162098445 0.17179130302974954 0.422551620809827 0.05925715703051537 0.17179130332078785 0.03885778182958637 0.3530371646354254 0.17179130343720317 0.059257157437969 0.3530371648787427 0.17769394261811988 0.42255162066430785 0.3530371647599248 0.19884268474089928 0.4225516208307454 0.42255162035871763 0.4225516200531274 0.42255161912180483 0.4225516195874661
25 0.17179130321892444 0.42255162098445 0.17179130302974954 0.422551620809827 0.05925715703051537 0.17179130332078785 0.03885778182958637 0.3530371646354254 0.17179130343720317 0.059257157437969 0.3530371648787427 0.17769394261811988 0.42255162066430785 0.3530371647599248 0.19884268474089928 0.4225516208307454 0.42255162035871763 0.4225516200531274 0.42255161912180483 0.4225516195874661
32 0.21575353621755353 0.3530371655985563 0.21575353616719575 0.3530371653931215 0.07206141580055445 0.21575353650680046 0.0325446618094632 0.5014570627807009 0.21575353651662435 0.07206141627787346 0.501457063099099 0.17761110768485183 0.35303716537693963 0.5014570628823025 0.13911007999337568 0.35303716553403375 0.35303716500819576 0.3530371642303808 0.3530371634638193 0.3530371639665916
22 0.17179130321892444 0.42255162098445 0.17179130302974954 0.422551620809827 0.05925715703051537 0.17179130332078785 0.03885778182958637 0.3530371646354254 0.17179130343720317 0.059257157437969 0.3530371648787427 0.17769394261811988 0.42255162066430785 0.3530371647599248 0.19884268474089928 0.4225516208307454 0.42255162035871763 0.4225516200531274 0.42255161912180483 0.4225516195874661
49 0.24732290726867567 0.038857782470504955 0.24732290696505657 0.03885778204280384 0.4878960994893138 0.24732290699052945 1.1007992257454997 0.03254466178637778 0.24732290709588636 0.48789609973451625 0.0325446618361389 0.17201912824101093 0.03885778225846087 0.03254466180043149 0.15044570998551837 0.038857782276793706 0.03885778205726612 0.03885778112288591 0.038857781006854435 0.038857781259027356
54 0.24732290726867567 0.038857782470504955 0.24732290696505657 0.03885778204280384 0.4878960994893138 0.24732290699052945 1.1007992257454997 0.03254466178637778 0.24732290709588636 0.48789609973451625 0.0325446618361389 0.17201912824101093 0.03885778225846087 0.03254466180043149 0.15044570998551837 0.038857782276793706 0.03885778205726612 0.03885778112288591 0.038857781006854435 0.038857781259027356
58 0.4742659190287791 0.1717913045456087 0.4742659187553269 0.17179130423802064 0.3958180719322624 0.47426591912731164 0.24732290725962786 0.2157535364631603 0.4742659192367265 0.3958180723191418 0.21575353663733823 0.4341239341265499 0.17179130418085628 0.21575353645910925 0.4019508269536512 0.17179130432179313 0.17179130372959628 0.17179130275758472 0.17179130188318684 0.17179130249855956
1 0.4341239335501373 0.17769394359780133 0.4341239337417203 0.1776939432816007 0.3738539117795653 0.4341239340836634 0.1720191282410196 0.17761110766195112 0.4341239338220036 0.37385391207984225 0.1776111076829043 0.5414222564329303 0.17769394333408597 0.1776111076238572 0.5446515303616573 0.17769394342792952 0.17769394288885212 0.1776939418989863 0.17769394128599533 0.1776939416861219
29 0.4742659190287791 0.1717913045456087 0.4742659187553269 0.17179130423802064 0.3958180719322624 0.47426591912731164 0.24732290725962786 0.2157535364631603 0.4742659192367265 0.3958180723191418 0.21575353663733823 0.4341239341265499 0.17179130418085628 0.21575353645910925 0.4019508269536512 0.17179130432179313 0.17179130372959628 0.17179130275758472 0.17179130188318684 0.17179130249855956
35 0.17179130321892444 0.42255162098445 0.17179130302974954 0.422551620809827 0.05925715703051537 0.17179130332078785 0.03885778182958637 0.3530371646354254 0.17179130343720317 0.059257157437969 0.3530371648787427 0.17769394261811988 0.42255162066430785 0.3530371647599248 0.19884268474089928 0.4225516208307454 0.42255162035871763 0.4225516200531274 0.42255161912180483 0.4225516195874661
60 0.34611392563186444 0.07249496657527105 0.3461139254328502 0.07249496586908387 0.4805722370627006 0.3461139256670865 0.9679433812696466 0.0963191478707482 0.3461139255850206 0.4805722373211797 0.09631914803003433 0.14591274281307234 0.07249496593404962 0.09631914789930097 0.10383599537176871 0.0724949661131736 0.0724949657834785 0.07249496483652904 0.07249496467181306 0.07249496485975665
57 0.17179130321892444 0.42255162098445 0.17179130302974954 0.422551620809827 0.05925715703051537 0.17179130332078785 0.03885778182958637 0.3530371646354254 0.17179130343720317 0.059257157437969 0.3530371648787427 0.17769394261811988 0.42255162066430785 0.3530371647599248 0.19884268474089928 0.4225516208307454 0.42255162035871763 0.4225516200531274 0.42255161912180483 0.4225516195874661
7 0.4341239335501373 0.17769394359780133 0.4341239337417203 0.1776939432816007 0.3738539117795653 0.4341239340836634 0.1720191282410196 0.17761110766195112 0.4341239338220036 0.37385391207984225 0.1776111076829043 0.5414222564329303 0.17769394333408597 0.1776111076238572 0.5446515303616573 0.17769394342792952 0.17769394288885212 0.1776939418989863 0.17769394128599533 0.1776939416861219
19 0.24732290726867567 0.038857782470504955 0.24732290696505657 0.03885778204280384 0.4878960994893138 0.24732290699052945 1.1007992257454997 0.03254466178637778 0.24732290709588636 0.48789609973451625 0.0325446618361389 0.17201912824101093 0.03885778225846087 0.03254466180043149 0.15044570998551837 0.038857782276793706 0.03885778205726612 0.03885778112288591 0.038857781006854435 0.038857781259027356
33 0.4019508265912382 0.19884268580095005 0.4019508264940032 0.19884268541637387 0.3365458068340581 0.4019508269719469 0.1504457099855199 0.13911007986773205 0.4019508265731855 0.3365458071982501 0.13911007995336636 0.5446515303616465 0.19884268532076674 0.1391100799010572 0.6584638334738755 0.1988426855405573 0.19884268504595026 0.19884268358389898 0.19884268341739364 0.19884268382293363
37 0.17179130321892444 0.42255162098445 0.17179130302974954 0.422551620809827 0.05925715703051537 0.17179130332078785 0.03885778182958637 0.3530371646354254 0.17179130343720317 0.059257157437969 0.3530371648787427 0.17769394261811988 0.42255162066430785 0.3530371647599248 0.19884268474089928 0.4225516208307454 0.42255162035871763 0.4225516200531274 0.42255161912180483 0.4225516195874661
36 0.17179130321892444 0.42255162098445 0.17179130302974954 0.422551620809827 0.05925715703051537 0.17179130332078785 0.03885778182958637 0.3530371646354254 0.17179130343720317 0.059257157437969 0.3530371648787427 0.17769394261811988 0.42255162066430785 0.3530371647599248 0.19884268474089928 0.4225516208307454 0.42255162035871763 0.4225516200531274 0.42255161912180483 0.4225516195874661
47 0.21575353621755353 0.3530371655985563 0.21575353616719575 0.3530371653931215 0.07206141580055445 0.21575353650680046 0.0325446618094632 0.5014570627807009 0.21575353651662435 0.07206141627787346 0.501457063099099 0.17761110768485183 0.35303716537693963 0.5014570628823025 0.13911007999337568 0.35303716553403375 0.35303716500819576 0.3530371642303808 0.3530371634638193 0.3530371639665916
12 0.3958180718054746 0.05925715836320866 0.3958180718544974 0.05925715800260927 0.6475221830407151 0.39581807187848017 0.48789609956232616 0.07206141603490088 0.3958180718538643 0.6475221834428329 0.07206141596087973 0.37385391187090605 0.059257157725055534 0.07206141601120515 0.3365458069911393 0.059257157867435024 0.05925715754988292 0.05925715645845139 0.05925715623973474 0.05925715659078699
8 0.3958180718054746 0.05925715836320866 0.3958180718544974 0.05925715800260927 0.6475221830407151 0.39581807187848017 0.48789609956232616 0.07206141603490088 0.3958180718538643 0.6475221834428329 0.07206141596087973 0.37385391187090605 0.059257157725055534 0.07206141601120515 0.3365458069911393 0.059257157867435024 0.05925715754988292 0.05925715645845139 0.05925715623973474 0.05925715659078699
16 0.3958180718054746 0.05925715836320866 0.3958180718544974 0.05925715800260927 0.6475221830407151 0.39581807187848017 0.48789609956232616 0.07206141603490088 0.3958180718538643 0.6475221834428329 0.07206141596087973 0.37385391187090605 0.059257157725055534 0.07206141601120515 0.3365458069911393 0.059257157867435024 0.05925715754988292 0.05925715645845139 0.05925715623973474 0.05925715659078699
18 0.4019508265912382 0.19884268580095005 0.4019508264940032 0.19884268541637387 0.3365458068340581 0.4019508269719469 0.1504457099855199 0.13911007986773205 0.4019508265731855 0.3365458071982501 0.13911007995336636 0.5446515303616465 0.19884268532076674 0.1391100799010572 0.6584638334738755 0.1988426855405573 0.19884268504595026 0.19884268358389898 0.19884268341739364 0.19884268382293363
5 0.4341239335501373 0.17769394359780133 0.4341239337417203 0.1776939432816007 0.3738539117795653 0.4341239340836634 0.1720191282410196 0.17761110766195112 0.4341239338220036 0.37385391207984225 0.1776111076829043 0.5414222564329303 0.17769394333408597 0.1776111076238572 0.5446515303616573 0.17769394342792952 0.17769394288885212 0.1776939418989863 0.17769394128599533 0.1776939416861219
27 0.17179130321892444 0.42255162098445 0.17179130302974954 0.422551620809827 0.05925715703051537 0.17179130332078785 0.03885778182958637 0.3530371646354254 0.17179130343720317 0.059257157437969 0.3530371648787427 0.17769394261811988 0.42255162066430785 0.3530371647599248 0.19884268474089928 0.4225516208307454 0.42255162035871763 0.4225516200531274 0.42255161912180483 0.4225516195874661
14 0.3958180718054746 0.05925715836320866 0.3958180718544974 0.05925715800260927 0.6475221830407151 0.39581807187848017 0.48789609956232616 0.07206141603490088 0.3958180718538643 0.6475221834428329 0.07206141596087973 0.37385391187090605 0.059257157725055534 0.07206141601120515 0.3365458069911393 0.059257157867435024 0.05925715754988292 0.05925715645845139 0.05925715623973474 0.05925715659078699
9 0.4341239335501373 0.17769394359780133 0.4341239337417203 0.1776939432816007 0.3738539117795653 0.4341239340836634 0.1720191282410196 0.17761110766195112 0.4341239338220036 0.37385391207984225 0.1776111076829043 0.5414222564329303 0.17769394333408597 0.1776111076238572 0.5446515303616573 0.17769394342792952 0.17769394288885212 0.1776939418989863 0.17769394128599533 0.1776939416861219
10 0.3958180718054746 0.05925715836320866 0.3958180718544974 0.05925715800260927 0.6475221830407151 0.39581807187848017 0.48789609956232616 0.07206141603490088 0.3958180718538643 0.6475221834428329 0.07206141596087973 0.37385391187090605 0.059257157725055534 0.07206141601120515 0.3365458069911393 0.059257157867435024 0.05925715754988292 0.05925715645845139 0.05925715623973474 0.05925715659078699
