id,x_0,x_1,x_2,x_3,x_4,x_5,x_6,x_7,x_8,x_9,x_10,x_11,x_12,x_13,x_14,x_15,x_16,x_17,x_18,x_19,x_20
0.0,0.004018450925779395,2.220446049250313e-16,2.220446049250313e-16,2.220446049250313e-16,2.220446049250313e-16,0.5455561393293182,2.220446049250313e-16,2.220446049250313e-16,2.220446049250313e-16,0.7776888639620166,2.220446049250313e-16,2.220446049250313e-16,0.6780650480037754,0.5917549764646165,2.220446049250313e-16,2.220446049250313e-16,0.023507952872714812,2.220446049250313e-16,0.02934012767135092,1.1061841994754513,0.6098567295320229
1.0,0.42410678630196885,2.220446049250313e-16,2.220446049250313e-16,2.220446049250313e-16,2.220446049250313e-16,2.220446049250313e-16,0.38444783853381703,1.0264362872018047,0.0018076285877739293,0.7756405682377308,2.220446049250313e-16,2.220446049250313e-16,0.31756281906153744,2.220446049250313e-16,2.220446049250313e-16,0.7179088595541889,0.8677035513624861,0.4386933061202302,0.03800367324342272,2.220446049250313e-16,0.024773698336123952
2.0,0.0003387214664281368,2.220446049250313e-16,0.40693883705445644,2.220446049250313e-16,2.220446049250313e-16,0.20040690475533424,2.220446049250313e-16,2.220446049250313e-16,0.20531230937094838,0.3083192251564495,2.220446049250313e-16,0.04016129602965741,2.220446049250313e-16,0.0938254408215252,2.220446049250313e-16,0.707746870283087,2.220446049250313e-16,2.220446049250313e-16,2.220446049250313e-16,0.6772557903621522,1.4559112430700483
3.0,0.7638759696981137,2.220446049250313e-16,0.7943446313591652,2.220446049250313e-16,2.220446049250313e-16,2.220446049250313e-16,0.7653811683055921,0.9232769967370424,2.220446049250313e-16,0.01853954510603949,2.220446049250313e-16,2.220446049250313e-16,0.5632922839914616,2.220446049250313e-16,2.220446049250313e-16,0.4711438669969027,0.6134598950740756,0.08660984331951715,0.021099454370353782,2.220446049250313e-16,2.220446049250313e-16
4.0,0.0017329597438992322,2.220446049250313e-16,0.4274502414726331,2.220446049250313e-16,2.220446049250313e-16,0.430999686076488,2.220446049250313e-16,2.220446049250313e-16,0.07225894613230524,0.3035594347451943,2.220446049250313e-16,2.220446049250313e-16,0.4566387718505403,0.2319654118162688,2.220446049250313e-16,2.220446049250313e-16,2.220446049250313e-16,2.220446049250313e-16,2.220446049250313e-16,0.9054734756903475,1.2334023466333341
5.0,0.19440067129727923,2.220446049250313e-16,0.5189659323351873,0.7105745317313625,2.220446049250313e-16,0.6303966596591027,0.7822965654801862,0.5962540226668901,2.220446049250313e-16,2.220446049250313e-16,0.07221540561409849,0.06488429276730263,0.06156541783751939,2.220446049250313e-16,0.11843771180728391,0.7441292810861385,0.47636399227770115,0.7275651940435981,0.0038895845001704335,2.220446049250313e-16,0.015495113874888944
6.0,2.220446049250313e-16,2.220446049250313e-16,0.3032484278041214,6.661338147750939e-16,0.4326134405850576,2.220446049250313e-16,2.220446049250313e-16,0.02857395753851662,2.220446049250313e-16,2.220446049250313e-16,0.043617109714585475,0.045466840693841964,2.220446049250313e-16,1.0392656627277443,2.220446049250313e-16,0.7071645847972029,2.220446049250313e-16,2.220446049250313e-16,2.220446049250313e-16,0.8781305884399025,0.708833134744478
7.0,2.220446049250313e-16,0.619741453264935,2.220446049250313e-16,2.220446049250313e-16,0.013797108046500695,2.220446049250313e-16,0.8140353921736179,2.220446049250313e-16,2.220446049250313e-16,2.220446049250313e-16,0.7758342665191575,1.2477266504871052,0.012234509134089633,2.220446049250313e-16,0.4151125086199466,2.220446049250313e-16,0.013575101742519103,0.08592124517913867,0.0582175709756878,2.220446049250313e-16,0.5697525303403436
8.0,0.060936573642853806,2.220446049250313e-16,0.16167743380097843,2.220446049250313e-16,0.38064293164776575,0.03675442154981832,0.013121107316619234,0.3943178285820964,2.220446049250313e-16,2.220446049250313e-16,0.6748275546265923,0.05603768803573323,2.220446049250313e-16,1.0801679302622054,0.0035342379679370265,0.011803644413665023,0.0014725780322266291,2.220446049250313e-16,2.220446049250313e-16,0.781103442713153,0.18224107442877524
9.0,2.220446049250313e-16,2.220446049250313e-16,2.220446049250313e-16,0.5795881684914058,0.6117606399494009,0.8453958651642408,0.021302378223231153,2.220446049250313e-16,0.9481134327848996,2.220446049250313e-16,0.013272831412890693,2.220446049250313e-16,2.220446049250313e-16,0.057816870368986195,1.1096963152074528,2.220446049250313e-16,0.01589894250938298,2.220446049250313e-16,0.7366862370238494,0.00504202466074479,2.220446049250313e-16
10.0,0.6379735917275651,0.6047222925356793,2.220446049250313e-16,2.220446049250313e-16,2.220446049250313e-16,2.220446049250313e-16,2.220446049250313e-16,0.3595438017710124,0.15193516301759483,2.220446049250313e-16,1.172435509151888,2.220446049250313e-16,2.220446049250313e-16,1.0213958033743582,0.041180365391188814,2.220446049250313e-16,2.220446049250313e-16,0.36457145985721173,2.220446049250313e-16,0.015245717079876644,2.220446049250313e-16
11.0,2.220446049250313e-16,2.220446049250313e-16,2.220446049250313e-16,0.5039691240053539,2.220446049250313e-16,2.220446049250313e-16,0.025588718744396832,0.060748534305674826,1.004128568716155,2.220446049250313e-16,0.8572265361643744,0.3195137019499667,2.220446049250313e-16,0.05068869563093381,0.8383920923412298,2.220446049250313e-16,0.025206119716180614,0.07475859893741595,0.3094951819257394,2.220446049250313e-16,0.1483175337227051
12.0,2.220446049250313e-16,0.640692531826082,0.4925538962631345,4.440892098500626e-16,0.35595938606792704,2.220446049250313e-16,0.01494813765007222,0.01853979533730423,2.220446049250313e-16,2.220446049250313e-16,2.220446049250313e-16,0.17533007181159427,2.220446049250313e-16,0.7821150207870765,2.220446049250313e-16,0.689138038393078,2.220446049250313e-16,2.220446049250313e-16,2.220446049250313e-16,0.4763495211744512,1.0929909277222585
13.0,0.07614745171719572,2.220446049250313e-16,0.41422765612533086,0.10284548213986446,2.220446049250313e-16,0.24974909919436206,0.7658902028129736,1.0815063514737735,2.220446049250313e-16,0.3262171446464206,2.220446049250313e-16,2.220446049250313e-16,0.10641402065338984,2.220446049250313e-16,0.01455640797474182,0.7457594025533529,0.6366160322366803,0.8440896559796794,2.220446049250313e-16,2.220446049250313e-16,0.021849270797797558
14.0,2.220446049250313e-16,2.220446049250313e-16,2.220446049250313e-16,2.220446049250313e-16,2.220446049250313e-16,0.5683711051138448,2.220446049250313e-16,2.220446049250313e-16,0.7963828483259949,0.7819096042802426,2.220446049250313e-16,2.220446049250313e-16,0.5286320098002191,2.220446049250313e-16,2.220446049250313e-16,2.220446049250313e-16,0.0099136637408659,2.220446049250313e-16,0.13988031140603582,1.135800642656743,0.6563289495567795
15.0,0.061116971718833395,2.220446049250313e-16,0.11827920268606062,2.220446049250313e-16,2.220446049250313e-16,2.220446049250313e-16,2.220446049250313e-16,1.1424082622708802,0.002259632639461786,0.6329380169575819,2.220446049250313e-16,0.015088891859509781,0.2867826499316754,0.0004101415519821739,2.220446049250313e-16,0.7176006358003717,1.0633687651024217,0.831374203908122,0.04490726249582514,2.220446049250313e-16,2.220446049250313e-16
16.0,2.220446049250313e-16,2.220446049250313e-16,0.19258756662598342,2.220446049250313e-16,2.220446049250313e-16,0.5990444484309149,2.220446049250313e-16,2.220446049250313e-16,2.220446049250313e-16,0.6780093779961842,2.220446049250313e-16,0.03525853902667056,0.5151592120959324,0.8346371933739263,2.220446049250313e-16,2.220446049250313e-16,2.220446049250313e-16,2.220446049250313e-16,2.220446049250313e-16,1.1936377822149595,0.4417664703087095
17.0,0.061116971718833395,2.220446049250313e-16,0.11827920268606062,2.220446049250313e-16,2.220446049250313e-16,2.220446049250313e-16,2.220446049250313e-16,1.1424082622708802,0.002259632639461786,0.6329380169575819,2.220446049250313e-16,0.015088891859509781,0.2867826499316754,0.0004101415519821739,2.220446049250313e-16,0.7176006358003717,1.0633687651024217,0.831374203908122,0.04490726249582514,2.220446049250313e-16,2.220446049250313e-16
18.0,2.220446049250313e-16,2.220446049250313e-16,0.005253022181734763,2.220446049250313e-16,2.220446049250313e-16,0.588355665665121,2.220446049250313e-16,2.220446049250313e-16,0.7641989736748317,0.6988628672018459,2.220446049250313e-16,2.220446049250313e-16,0.2561138200443461,2.220446049250313e-16,2.220446049250313e-16,0.24073688420595044,0.008500285324564543,2.220446049250313e-16,0.16926046606392553,1.0222636826453002,0.8523206650706038
19.0,0.7740594884916927,2.220446049250313e-16,2.220446049250313e-16,2.220446049250313e-16,2.220446049250313e-16,2.220446049250313e-16,2.220446049250313e-16,0.8840027934392036,2.220446049250313e-16,0.7483972005864297,2.220446049250313e-16,2.220446049250313e-16,0.6587971465779933,2.220446049250313e-16,2.220446049250313e-16,0.24530179198001578,1.0522780210052416,0.07449946834079511,0.05247790163311395,0.025037304819278676,0.013982297891858715
20.0,2.220446049250313e-16,2.220446049250313e-16,0.22814860839802406,0.5897012987213474,0.43101439284598786,0.7620298574790393,2.220446049250313e-16,2.220446049250313e-16,2.220446049250313e-16,0.5621799128050741,0.0789269692675121,0.1757996422576081,2.220446049250313e-16,2.220446049250313e-16,0.8316877565038308,0.028475005353723916,1.00103441960676,2.220446049250313e-16,2.220446049250313e-16,0.000392516361205616,2.220446049250313e-16
21.0,2.220446049250313e-16,2.220446049250313e-16,0.209236804831887,2.220446049250313e-16,2.220446049250313e-16,0.39383321140068395,2.220446049250313e-16,2.220446049250313e-16,2.220446049250313e-16,0.6883617898296701,0.12948092326821156,2.220446049250313e-16,0.5087999476476885,1.0159741953140575,2.220446049250313e-16,2.220446049250313e-16,2.220446049250313e-16,2.220446049250313e-16,2.220446049250313e-16,1.2776714539550924,0.19427100536739883
22.0,2.220446049250313e-16,2.220446049250313e-16,2.220446049250313e-16,0.5804680967092491,2.220446049250313e-16,2.220446049250313e-16,2.220446049250313e-16,2.220446049250313e-16,2.220446049250313e-16,0.6088980844143046,0.043662031740052364,0.018542763088026378,0.9194952165986271,2.220446049250313e-16,0.983855040063099,4.515589321583917e-05,1.0494237103079038,2.220446049250313e-16,2.220446049250313e-16,0.005385244822488289,2.220446049250313e-16
23.0,2.220446049250313e-16,2.220446049250313e-16,2.220446049250313e-16,0.5804680967092491,2.220446049250313e-16,2.220446049250313e-16,2.220446049250313e-16,2.220446049250313e-16,2.220446049250313e-16,0.6088980844143046,0.043662031740052364,0.018542763088026378,0.9194952165986271,2.220446049250313e-16,0.983855040063099,4.515589321583917e-05,1.0494237103079038,2.220446049250313e-16,2.220446049250313e-16,0.005385244822488289,2.220446049250313e-16
24.0,2.220446049250313e-16,2.220446049250313e-16,2.220446049250313e-16,0.5694493974489905,0.4450520934738116,0.14498835377124702,0.006511328133810419,2.220446049250313e-16,2.220446049250313e-16,0.034167970078614024,0.3611253028903825,0.3026763744268259,2.220446049250313e-16,2.220446049250313e-16,1.0462564037882356,2.220446049250313e-16,1.0316005708416192,2.220446049250313e-16,2.220446049250313e-16,2.220446049250313e-16,0.058557940285522865
25.0,2.220446049250313e-16,0.02138247964608163,2.220446049250313e-16,2.220446049250313e-16,2.220446049250313e-16,0.0029741590811229734,0.8238496155632017,0.4900670387253421,0.015321593530014124,2.220446049250313e-16,1.1565353987425773,0.912469182191333,2.220446049250313e-16,0.1922359995242539,2.220446049250313e-16,2.220446049250313e-16,2.220446049250313e-16,0.8333054397403394,0.2304181297757719,0.02654398412796847,2.220446049250313e-16
26.0,2.220446049250313e-16,0.5980595600224382,0.6065867086634777,2.220446049250313e-16,0.10698493250626005,2.220446049250313e-16,2.220446049250313e-16,2.220446049250313e-16,0.17648672104727475,0.047388883818975144,2.220446049250313e-16,2.220446049250313e-16,2.220446049250313e-16,0.08938463713020557,2.220446049250313e-16,0.6977892518464457,2.220446049250313e-16,2.220446049250313e-16,2.220446049250313e-16,0.32875107107667045,1.6491795877535866
27.0,2.220446049250313e-16,0.5980595600224382,0.6065867086634777,2.220446049250313e-16,0.10698493250626005,2.220446049250313e-16,2.220446049250313e-16,2.220446049250313e-16,0.17648672104727475,0.047388883818975144,2.220446049250313e-16,2.220446049250313e-16,2.220446049250313e-16,0.08938463713020557,2.220446049250313e-16,0.6977892518464457,2.220446049250313e-16,2.220446049250313e-16,2.220446049250313e-16,0.32875107107667045,1.6491795877535866
28.0,0.8956579973485413,2.220446049250313e-16,0.8761490800828855,2.220446049250313e-16,2.220446049250313e-16,0.11900447061838572,0.6051200947268933,0.8336745118671889,0.23552986251053393,2.220446049250313e-16,2.220446049250313e-16,2.220446049250313e-16,0.9140556386179701,2.220446049250313e-16,2.220446049250313e-16,0.01921681667017911,0.008952614999791168,2.220446049250313e-16,0.8825794376482277,0.011112894352598856,2.220446049250313e-16
29.0,0.8956579973485413,2.220446049250313e-16,0.8761490800828855,2.220446049250313e-16,2.220446049250313e-16,0.11900447061838572,0.6051200947268933,0.8336745118671889,0.23552986251053393,2.220446049250313e-16,2.220446049250313e-16,2.220446049250313e-16,0.9140556386179701,2.220446049250313e-16,2.220446049250313e-16,0.01921681667017911,0.008952614999791168,2.220446049250313e-16,0.8825794376482277,0.011112894352598856,2.220446049250313e-16
30.0,2.220446049250313e-16,0.013155291041393562,2.220446049250313e-16,0.6191162471317793,0.23346062813281937,2.220446049250313e-16,0.7967168300927119,0.05069345154567368,2.220446049250313e-16,2.220446049250313e-16,0.7244006940741775,1.232279160251823,0.013058974831871666,2.220446049250313e-16,0.03589386713331026,2.220446049250313e-16,0.008463179236541772,0.8590748061681822,0.8058954390451042,2.220446049250313e-16,0.060315062179998546
31.0,2.220446049250313e-16,2.220446049250313e-16,0.30918053022015823,2.220446049250313e-16,0.675100266747393,2.220446049250313e-16,0.008981926168070054,0.02828441037763269,2.220446049250313e-16,2.220446049250313e-16,2.220446049250313e-16,0.11553290753589529,2.220446049250313e-16,1.0546352264471917,2.220446049250313e-16,0.46923161573910366,0.0001797712442075365,2.220446049250313e-16,2.220446049250313e-16,0.8882929785498488,0.679972930206781
32.0,0.8401971286998979,0.6017911774278303,2.220446049250313e-16,8.881784197001252e-16,0.04580241635158297,2.220446049250313e-16,0.008893831332561839,0.308038809411124,2.220446049250313e-16,2.220446049250313e-16,1.1343778653640577,0.14098247948170753,2.220446049250313e-16,1.0449933264468865,2.220446049250313e-16,2.220446049250313e-16,2.220446049250313e-16,2.220446049250313e-16,2.220446049250313e-16,0.07313975828587654,0.03650523634765925
33.0,2.220446049250313e-16,0.6163016468191925,2.220446049250313e-16,2.220446049250313e-16,0.049682687651514845,2.220446049250313e-16,0.8011588868665356,0.00463003533244162,2.220446049250313e-16,2.220446049250313e-16,0.7635130795733165,1.2978225718889391,0.00276244086452181,2.220446049250313e-16,0.09771301215458314,2.220446049250313e-16,0.034721279866720384,0.6572292219574721,0.4635897473283132,2.220446049250313e-16,0.36767472173661053
34.0,2.220446049250313e-16,0.0338686299859087,0.06256667494605228,0.6134100888684865,0.18039414095898132,0.9335946533579962,0.42197292915386814,2.220446049250313e-16,0.5337082346958029,2.220446049250313e-16,2.220446049250313e-16,0.2885546472118938,2.220446049250313e-16,2.220446049250313e-16,0.8650407006307153,0.27254243319119775,2.220446049250313e-16,0.4084714884927078,0.778324928694407,0.0014987787604158027,0.01060464631744821
35.0,2.220446049250313e-16,0.031425733845629585,2.220446049250313e-16,0.4671316844819821,2.220446049250313e-16,2.220446049250313e-16,0.8083554847703052,0.030507156230039797,0.14161733391364728,2.220446049250313e-16,0.8146212343200834,0.24794503268816548,2.220446049250313e-16,2.220446049250313e-16,1.1018858581775417,2.220446049250313e-16,2.220446049250313e-16,2.220446049250313e-16,0.8417036354902049,2.220446049250313e-16,0.04761722142408984
36.0,2.220446049250313e-16,2.220446049250313e-16,2.220446049250313e-16,2.220446049250313e-16,0.16938932951977223,2.220446049250313e-16,2.220446049250313e-16,2.220446049250313e-16,2.220446049250313e-16,0.622116227012551,0.3631534587384585,2.220446049250313e-16,2.220446049250313e-16,1.0821683303687895,2.220446049250313e-16,0.7089403799112296,2.220446049250313e-16,2.220446049250313e-16,2.220446049250313e-16,1.2128211752323208,0.21007957665621504
37.0,2.220446049250313e-16,2.220446049250313e-16,0.43967015597489184,0.5911224524589465,0.8486221689083738,0.6721678808567966,0.39318363588940786,2.220446049250313e-16,2.220446049250313e-16,2.220446049250313e-16,0.06887085330310512,0.2643984074656377,2.220446049250313e-16,2.220446049250313e-16,0.9080479395236403,2.220446049250313e-16,0.6632635857847602,2.220446049250313e-16,0.0006350855772903117,2.220446049250313e-16,2.220446049250313e-16
38.0,2.220446049250313e-16,2.220446049250313e-16,2.220446049250313e-16,0.5538669661768101,0.053649860116731674,0.014453064932790912,2.220446049250313e-16,0.008834027632872107,0.14282669096386083,0.09706941397702787,0.020939267890900542,2.220446049250313e-16,0.5558897680418307,2.220446049250313e-16,1.158502105900147,0.23914006789794096,1.0934386182536366,2.220446049250313e-16,2.220446049250313e-16,2.220446049250313e-16,2.220446049250313e-16
39.0,2.220446049250313e-16,2.220446049250313e-16,2.220446049250313e-16,0.5538669661768101,0.053649860116731674,0.014453064932790912,2.220446049250313e-16,0.008834027632872107,0.14282669096386083,0.09706941397702787,0.020939267890900542,2.220446049250313e-16,0.5558897680418307,2.220446049250313e-16,1.158502105900147,0.23914006789794096,1.0934386182536366,2.220446049250313e-16,2.220446049250313e-16,2.220446049250313e-16,2.220446049250313e-16
40.0,2.220446049250313e-16,2.220446049250313e-16,0.20239795094421686,2.220446049250313e-16,0.6116726439662757,0.3995440044596026,2.220446049250313e-16,0.34654852007734704,0.2232247221059407,2.220446049250313e-16,0.14466003664266616,2.220446049250313e-16,2.220446049250313e-16,2.220446049250313e-16,1.116332508965969,2.220446049250313e-16,0.8388700566039464,2.220446049250313e-16,0.20999068656479628,2.220446049250313e-16,2.220446049250313e-16
41.0,0.13711264178142404,0.037581992195306,0.057760870604133284,2.220446049250313e-16,0.4973032217271623,2.220446049250313e-16,0.7910524664599115,2.220446049250313e-16,2.220446049250313e-16,0.6229035464185819,0.3305496756581228,0.03930429656527354,2.220446049250313e-16,0.48620188961676153,2.220446049250313e-16,0.2563364244841311,2.220446049250313e-16,2.220446049250313e-16,0.012341215128653929,1.1644968271644602,0.21152123172820106
42.0,0.0024874037117680503,0.6014493719971473,2.220446049250313e-16,2.220446049250313e-16,0.003669263717568484,2.220446049250313e-16,0.008759689216638753,2.220446049250313e-16,2.220446049250313e-16,0.08328357558355824,0.00574781128919437,0.17681981448924436,0.9119560754202789,0.00823146217170326,1.041808896732832,3.453722205642985e-05,1.086537756440509,2.220446049250313e-16,2.220446049250313e-16,0.013553873934085749,2.220446049250313e-16
43.0,0.004716265983808856,0.0009555893872678495,0.514398282492413,2.220446049250313e-16,0.6989717384273142,0.21797145466239246,2.220446049250313e-16,0.02113184060433259,2.220446049250313e-16,2.220446049250313e-16,0.20750477348983265,2.220446049250313e-16,0.03262254247288546,2.220446049250313e-16,0.5746352541057598,0.025011393097669258,0.788819499486633,0.16068134541129983,0.3393580548750488,0.5099269678616648,0.0012035758284833428
44.0,0.39015119529370534,2.220446049250313e-16,0.8452122338473971,2.220446049250313e-16,0.35555849869821776,0.2553939990395808,2.220446049250313e-16,0.11018590132597378,0.03646097270084685,2.220446049250313e-16,0.44490101261139753,0.2972151980163747,2.220446049250313e-16,0.11441107127779852,0.07182176273619999,2.220446049250313e-16,0.4535358482815266,0.34691315541664286,2.220446049250313e-16,0.5329665538061025,0.13280623246846554
45.0,2.220446049250313e-16,2.220446049250313e-16,2.220446049250313e-16,0.5904496986508411,0.6094700985077863,0.8970537793005605,2.220446049250313e-16,2.220446049250313e-16,1.0584668047061603,2.220446049250313e-16,2.220446049250313e-16,2.220446049250313e-16,2.220446049250313e-16,0.056830039658233286,1.0305079888464237,2.220446049250313e-16,2.220446049250313e-16,0.15939149187924478,0.5934975969479124,0.004045179094754243,2.220446049250313e-16
46.0,1.0036436673760019,0.6493013828468851,0.33746691999620637,2.220446049250313e-16,2.220446049250313e-16,0.005922391766305761,0.022136405467521488,0.30231877256553163,0.6927946748015409,2.220446049250313e-16,1.132586144830472,0.09226857925283852,2.220446049250313e-16,0.16366510662716208,2.220446049250313e-16,2.220446049250313e-16,2.220446049250313e-16,2.220446049250313e-16,2.220446049250313e-16,2.220446049250313e-16,0.16364470894322608
47.0,2.220446049250313e-16,2.220446049250313e-16,2.220446049250313e-16,2.220446049250313e-16,2.220446049250313e-16,0.5683711051138448,2.220446049250313e-16,2.220446049250313e-16,0.7963828483259949,0.7819096042802426,2.220446049250313e-16,2.220446049250313e-16,0.5286320098002191,2.220446049250313e-16,2.220446049250313e-16,2.220446049250313e-16,0.0099136637408659,2.220446049250313e-16,0.13988031140603582,1.135800642656743,0.6563289495567795
48.0,0.8873205003963256,0.6045768851587447,0.008754967986825062,0.09567482499810426,2.220446049250313e-16,0.00870718021970856,2.220446049250313e-16,0.4253928728267187,2.220446049250313e-16,0.7385021004456138,2.220446049250313e-16,2.220446049250313e-16,0.869986210599927,2.220446049250313e-16,2.220446049250313e-16,2.220446049250313e-16,1.0697838050645476,0.09570345174480835,2.220446049250313e-16,0.023699861585618893,0.019666797750811774
49.0,0.8873205003963256,0.6045768851587447,0.008754967986825062,0.09567482499810426,2.220446049250313e-16,0.00870718021970856,2.220446049250313e-16,0.4253928728267187,2.220446049250313e-16,0.7385021004456138,2.220446049250313e-16,2.220446049250313e-16,0.869986210599927,2.220446049250313e-16,2.220446049250313e-16,2.220446049250313e-16,1.0697838050645476,0.09570345174480835,2.220446049250313e-16,0.023699861585618893,0.019666797750811774
50.0,0.07961315193058638,0.021681320142288574,2.220446049250313e-16,0.5957703027575296,0.3449521631572724,2.220446049250313e-16,0.029555781834816417,0.03535112777929083,1.0657382048368895,2.220446049250313e-16,0.41134544686981805,1.1141524941427556,2.220446049250313e-16,2.220446049250313e-16,0.20122281317650462,2.220446049250313e-16,2.220446049250313e-16,0.6716845188394525,0.2866742118659496,2.220446049250313e-16,0.2577212498358132
51.0,0.9058634083193687,2.220446049250313e-16,2.220446049250313e-16,2.220446049250313e-16,0.0075943039214061425,2.220446049250313e-16,2.220446049250313e-16,0.6471165152216164,0.05631237208083813,2.220446049250313e-16,1.1803857261967423,0.02413979554450086,2.220446049250313e-16,1.0251972685697088,0.005549883431440261,2.220446049250313e-16,2.220446049250313e-16,2.220446049250313e-16,2.220446049250313e-16,0.014832036175915655,2.220446049250313e-16
52.0,0.5726232752485733,2.220446049250313e-16,2.220446049250313e-16,2.220446049250313e-16,0.8145090084408226,0.018082535400787973,2.220446049250313e-16,0.7716140911041334,0.0451023760190685,2.220446049250313e-16,0.5051327447556984,0.10869740561211348,2.220446049250313e-16,0.8647038510466438,0.033739588864630965,2.220446049250313e-16,2.220446049250313e-16,0.2829237350833272,2.220446049250313e-16,2.220446049250313e-16,0.39730172902832833
53.0,2.220446049250313e-16,2.220446049250313e-16,2.220446049250313e-16,0.6482277970388163,0.3968462377345998,0.9520502947930929,2.220446049250313e-16,0.007153941291552567,1.0949005351564232,2.220446049250313e-16,2.220446049250313e-16,0.1684502984137171,2.220446049250313e-16,0.05692218297169806,0.6161607478700807,0.24175598392176348,0.012316626423787518,0.7224239096176104,0.5792187941555635,0.002379306451243465,2.220446049250313e-16
54.0,0.5384217291644074,2.220446049250313e-16,2.220446049250313e-16,2.220446049250313e-16,2.220446049250313e-16,2.220446049250313e-16,2.220446049250313e-16,0.7761275245545625,0.15495888972033559,2.220446049250313e-16,1.1719060750527959,0.03727597407986882,2.220446049250313e-16,1.0214217196166082,0.039430787150631336,2.220446049250313e-16,2.220446049250313e-16,0.25359796411773006,2.220446049250313e-16,0.015264010882056677,2.220446049250313e-16
55.0,0.9924615238294138,0.596085841873969,0.8216418579787638,2.220446049250313e-16,2.220446049250313e-16,2.220446049250313e-16,0.7846784906670132,0.4492853555353704,0.04308869198547137,0.03585382647189659,2.220446049250313e-16,2.220446049250313e-16,1.0143843278647404,0.00220842711688113,2.220446049250313e-16,2.220446049250313e-16,0.14266677967301625,2.220446049250313e-16,0.8067826620756221,0.008006033639528816,2.220446049250313e-16
56.0,0.09345248616090783,0.6240684437272793,2.220446049250313e-16,2.220446049250313e-16,0.6102950217432977,2.220446049250313e-16,0.0017159054455082334,2.220446049250313e-16,1.0451216227218654,2.220446049250313e-16,0.1405192345179786,1.218770930805161,2.220446049250313e-16,2.220446049250313e-16,0.14906104470407075,2.220446049250313e-16,2.220446049250313e-16,0.6811284641336752,0.047665247797293135,2.220446049250313e-16,0.5427565214114519
57.0,0.20229092409639593,2.220446049250313e-16,2.220446049250313e-16,2.220446049250313e-16,2.220446049250313e-16,0.00413883789400149,2.220446049250313e-16,0.8367868694421022,0.5713537128581757,2.220446049250313e-16,1.1877255329822602,0.011221982343169092,2.220446049250313e-16,0.7876708534965708,0.00749264845161071,2.220446049250313e-16,2.220446049250313e-16,0.695613809185965,2.220446049250313e-16,0.022320160670148553,2.220446049250313e-16
58.0,2.220446049250313e-16,2.220446049250313e-16,2.220446049250313e-16,0.5904496986508411,0.6094700985077863,0.8970537793005605,2.220446049250313e-16,2.220446049250313e-16,1.0584668047061603,2.220446049250313e-16,2.220446049250313e-16,2.220446049250313e-16,2.220446049250313e-16,0.056830039658233286,1.0305079888464237,2.220446049250313e-16,2.220446049250313e-16,0.15939149187924478,0.5934975969479124,0.004045179094754243,2.220446049250313e-16
59.0,1.0221846616792092,0.6452278966579497,0.029657515895797355,2.220446049250313e-16,0.02602322481058194,0.12856926927847775,0.01800781484122581,0.34185484363382074,2.220446049250313e-16,2.220446049250313e-16,0.14276688306446866,0.1842991337737469,0.965096468769454,0.6183193637841906,2.220446049250313e-16,0.02192097283834833,0.022505326312731822,2.220446049250313e-16,0.648259468425609,2.220446049250313e-16,0.16387672488992394
60.0,2.220446049250313e-16,0.03338452430596082,2.220446049250313e-16,0.5869579255373536,0.65704003137555,0.8664661249437521,0.8290811946730273,2.220446049250313e-16,0.13274772106781305,2.220446049250313e-16,2.220446049250313e-16,0.16214542363774076,2.220446049250313e-16,2.220446049250313e-16,1.0588984142529005,2.220446049250313e-16,2.220446049250313e-16,0.1696405627300504,0.7754003646475023,0.006841635265955836,2.220446049250313e-16
61.0,0.3087167115019204,0.5942982129050938,2.220446049250313e-16,2.220446049250313e-16,2.220446049250313e-16,0.023836234369054868,2.220446049250313e-16,0.025445935254022573,0.6337443442357573,2.220446049250313e-16,1.0714722027116164,0.5598775541566832,2.220446049250313e-16,0.7979917593818078,0.05703365033619705,2.220446049250313e-16,2.220446049250313e-16,0.5114002164927294,2.220446049250313e-16,0.025596392581167506,2.220446049250313e-16
62.0,2.220446049250313e-16,2.220446049250313e-16,2.220446049250313e-16,2.220446049250313e-16,0.02427502863392236,2.220446049250313e-16,0.36849917412109146,0.008184878930105012,0.25660492312429556,2.220446049250313e-16,0.8725806689555302,0.3342590628759682,2.220446049250313e-16,0.18451931771089927,0.46333825652862404,2.220446049250313e-16,0.20474804578705635,0.24767226377582563,2.220446049250313e-16,0.4102931075157495,0.31607756435399675
63.0,0.3883364840631193,0.038722691196424686,0.09556460829508545,2.220446049250313e-16,0.016511687507348886,0.3327065110649609,0.021518022596135288,0.18112463902809292,2.220446049250313e-16,2.220446049250313e-16,0.07632495509299046,0.20838146732836804,0.3778663424564834,0.09291779760265644,0.12467917796118826,0.5135016634430364,0.5115233293816922,0.3954048906539218,0.6456597462698781,0.5367573498481156,2.220446049250313e-16
64.0,0.5980921055575422,2.220446049250313e-16,0.3667310918595486,2.220446049250313e-16,0.8585873846312044,0.26795161738132545,0.38549216675356285,2.220446049250313e-16,0.05643566544143346,2.220446049250313e-16,0.22981506030893345,0.29249742763660236,2.220446049250313e-16,0.6063762202377119,0.001909589709795239,2.220446049250313e-16,0.19440852050656146,0.16010814356869701,2.220446049250313e-16,0.7516853415397611,2.220446049250313e-16
65.0,0.9117506211058148,2.220446049250313e-16,0.7945062084727706,2.220446049250313e-16,1.014959742462419,2.220446049250313e-16,0.7882895853023479,0.7621666313143974,2.220446049250313e-16,2.220446049250313e-16,0.09698655604629415,0.10317204132971115,2.220446049250313e-16,2.220446049250313e-16,0.01092033053310907,2.220446049250313e-16,0.07435211883812982,2.220446049250313e-16,0.5422843712929246,2.220446049250313e-16,0.22889642679912908
66.0,2.220446049250313e-16,0.6417199346967105,0.3863724743052809,2.220446049250313e-16,0.32553148394663556,2.220446049250313e-16,0.0169832336583448,2.220446049250313e-16,0.4331348298300054,0.052009464443562546,2.220446049250313e-16,0.10887387052534657,2.220446049250313e-16,2.220446049250313e-16,2.220446049250313e-16,0.4590380812408383,2.220446049250313e-16,2.220446049250313e-16,2.220446049250313e-16,0.36735087864184623,1.5359078901154823
67.0,2.220446049250313e-16,0.6417199346967105,0.3863724743052809,2.220446049250313e-16,0.32553148394663556,2.220446049250313e-16,0.0169832336583448,2.220446049250313e-16,0.4331348298300054,0.052009464443562546,2.220446049250313e-16,0.10887387052534657,2.220446049250313e-16,2.220446049250313e-16,2.220446049250313e-16,0.4590380812408383,2.220446049250313e-16,2.220446049250313e-16,2.220446049250313e-16,0.36735087864184623,1.5359078901154823
68.0,0.7064822165465584,2.220446049250313e-16,0.8637066654901321,2.220446049250313e-16,2.220446049250313e-16,0.12116807359137181,0.7854423185438452,0.9422308192924103,0.03408572715285838,2.220446049250313e-16,0.003494709299847202,2.220446049250313e-16,0.5502675997574146,0.0012277454323403193,2.220446049250313e-16,0.491272913068396,0.03036228934312977,0.11268543902422441,0.8889984288995157,2.220446049250313e-16,0.024776701745309757
69.0,0.05496746291047764,2.220446049250313e-16,0.18616420965055197,2.220446049250313e-16,0.6634621805392105,2.220446049250313e-16,0.004552023626630254,0.33871568084086473,0.7116549798951868,2.220446049250313e-16,0.2452331512010682,1.190404235321601,2.220446049250313e-16,2.220446049250313e-16,0.05713129943560637,2.220446049250313e-16,5.325533985135391e-06,0.6575361842947248,0.65580090929671,2.220446049250313e-16,0.25239852807384494
