1 0.35982628315737303 0.2005421355864728 0.4471263052512938 0.19337103517017054 0.42534950942592686 0.35982628315402665 0.2718464061661714 0.25794363483007116 0.21693571300920877 0.3337636826119575 0.4253495098517924 0.3337636823355318 0.3167092415991027 0.3370158885240831 0.31309188062757254 0.21693571300787545 0.42534950999622917 0.20887099745803442 0.2534420760680442 0.20887099732078448
35 0.34615029592599295 0.16827334160884108 0.5104642120534 0.16477145710690708 0.44712630511416346 0.34615029622158217 0.2775971086615839 0.23819716639101454 0.20129305536030168 0.2894913285056389 0.4471263052139088 0.28949132837400565 0.3078720596283192 0.3598720854169442 0.30418957522923784 0.2012930553315189 0.4471263053882538 0.21347585806955996 0.2326806570375359 0.21347585827655824
13 0.2745706069041471 0.3079844487126549 0.27759710866159876 0.05318162028630928 0.27184640592523157 0.27457060690761403 0.7701024012071102 0.3856145605169884 0.26096335903703183 0.23504680087821148 0.2718464062059467 0.23504680074137982 0.2842504957059092 0.3610993946014923 0.347379739810379 0.2609633589272892 0.27184640629693896 0.07446641344808033 0.34838105502227157 0.07446641360803803
69 0.22262796720674002 0.07256892970116255 0.16477145710695112 0.8074871167235212 0.1933710350904308 0.22262796728408396 0.05318162028630945 0.07057368634787342 0.3167288722208947 0.2814728111713429 0.19337103524698243 0.28147281105093175 0.24176783539973065 0.02970864698162167 0.04032389684512847 0.3167288721941337 0.19337103529381267 0.5810912979145665 0.03245774433180991 0.5810912977949015
28 0.22262796720674002 0.07256892970116255 0.16477145710695112 0.8074871167235212 0.1933710350904308 0.22262796728408396 0.05318162028630945 0.07057368634787342 0.3167288722208947 0.2814728111713429 0.19337103524698243 0.28147281105093175 0.24176783539973065 0.02970864698162167 0.04032389684512847 0.3167288721941337 0.19337103529381267 0.5810912979145665 0.03245774433180991 0.5810912977949015
61 0.25751193427608715 0.6371382842950222 0.16827334160890772 0.07256892970116743 0.20054213529442957 0.25751193434371644 0.3079844487126721 0.44580558362869716 0.3717084845401632 0.3195663292595643 0.2005421355053735 0.31956632907153354 0.2845453323870565 0.3106381337385324 0.38472310687447764 0.37170848436514287 0.20054213572876553 0.06177512022968345 0.44711675764029835 0.061775120485975665
11 0.25598910695692145 0.21197999083675925 0.40855510434439274 0.02332530606080687 0.3616889225207977 0.2559891035316308 0.5349765437783915 0.3488898328992535 0.11698008035790095 0.28252551674214005 0.36168892276531384 0.2825255165368933 0.19342263540056348 0.5574086200515596 0.4420310909874096 0.11698008018600058 0.3616889231906775 0.03712978722505772 0.35008302121131507 0.037129787484134306
22 0.17438750402134673 0.788901075920983 0.14908757293460193 0.09346051242220735 0.14171283353766048 0.1743875003582325 0.25826759696913215 0.48597650401654885 0.4235667032109955 0.33788487645235843 0.1417128337072019 0.3378848764660528 0.21109736170463425 0.24790726501011 0.266626894198793 0.42356670315311834 0.14171283398913873 0.06751580454267549 0.3860722860532367 0.0675158046901753
16 0.2765008234953499 0.4555444533314334 0.24921400756079623 0.044257848748834275 0.2840342383593006 0.2765008221095084 0.3245831543304262 0.43109771503143324 0.20250830690578178 0.36183024405583675 0.28403423849105447 0.3618302438168107 0.22662168458835913 0.4338555602851741 0.4716190637224591 0.20250830674338155 0.28403423892312435 0.03863024651530413 0.48305211550953286 0.03863024685134156
31 0.3547663013292439 0.3195663290752637 0.2894913281722263 0.2814728111086635 0.3337636818162948 0.3547663014815382 0.23504680065395483 0.32664834695237793 0.25132699512053785 0.4840482306991005 0.3337636821879918 0.4840482308303274 0.2757823904259788 0.26177692525345436 0.2982717943465894 0.251326995047013 0.3337636824613241 0.17516362087676626 0.3116674035938697 0.17516362096963065
20 0.29831730788893557 0.31063813373853394 0.3598720854169993 0.029708646981644757 0.3370158882814211 0.298317307936279 0.3610993946015304 0.36164901309527214 0.2162953700965507 0.26177692537675107 0.33701588821700895 0.26177692532529245 0.28104964739484034 0.5343337031607168 0.48391725742039193 0.21629536999422505 0.3370158886597059 0.039888608878194814 0.400903817220449 0.03988860894946387
43 0.3887960006575371 0.2575119343483839 0.34615029610414455 0.22262796724727119 0.35982628274271006 0.3887960017777958 0.27457060697081404 0.2698748885481201 0.2799552723533222 0.3547663013669685 0.3598262833539628 0.3547663016078112 0.3651518479477218 0.2983173079956328 0.29347946826081683 0.279955272148212 0.35982628347681606 0.23409964826679908 0.3143256653528252 0.23409964844235856
4 0.1725145196677684 0.43340971601432365 0.22190311024734174 -0.03923440329935422 0.2633122118924116 0.17251451352142252 0.3372456220859108 0.46875457651649816 0.04615225770687149 0.316329529401484 0.2633122123311182 0.3163295292417062 0.06434100686167926 0.5533341762435554 0.528014284239489 0.046152257468483324 0.2633122128301362 -0.021514116593772552 0.6008296308401275 -0.02151411624299117
51 0.2913081273039745 0.49781589472836946 0.23188878503283258 0.054325700142493986 0.26221950432432484 0.2913081279404491 0.335683400417236 0.41584836752250726 0.3016663629457635 0.30768864394949696 0.26221950458892695 0.3076886435848167 0.2997312527160041 0.40006650938582494 0.4580973342601772 0.30166636284630555 0.26221950468858923 0.05110444665664904 0.44441901950813756 0.05110444672532757
52 0.2913081273039745 0.49781589472836946 0.23188878503283258 0.054325700142493986 0.26221950432432484 0.2913081279404491 0.335683400417236 0.41584836752250726 0.3016663629457635 0.30768864394949696 0.26221950458892695 0.3076886435848167 0.2997312527160041 0.40006650938582494 0.4580973342601772 0.30166636284630555 0.26221950468858923 0.05110444665664904 0.44441901950813756 0.05110444672532757
14 0.26987488845948276 0.4458055836286723 0.2381971663910774 0.07057368634786952 0.25794363462442516 0.2698748886471873 0.38561456051698156 0.6225080677266686 0.2609163318761513 0.3266483472243975 0.25794363489026667 0.3266483468538691 0.2507685824128081 0.36164901309521946 0.3924733921892625 0.26091633170703693 0.2579436349065727 0.046958549183886714 0.3954502257915284 0.046958548982775
7 0.34615029592599295 0.16827334160884108 0.5104642120534 0.16477145710690708 0.44712630511416346 0.34615029622158217 0.2775971086615839 0.23819716639101454 0.20129305536030168 0.2894913285056389 0.4471263052139088 0.28949132837400565 0.3078720596283192 0.3598720854169442 0.30418957522923784 0.2012930553315189 0.4471263053882538 0.21347585806955996 0.2326806570375359 0.21347585827655824
67 0.3143256652026462 0.44711675764025804 0.23268065703756063 0.032457744331800355 0.2534420756909023 0.3143256654254895 0.34838105502225475 0.3954502257915252 0.21555126188516027 0.31166740391958814 0.2534420761291448 0.31166740352525535 0.2757558095233181 0.4009038172204108 0.4129709104850041 0.215551261706744 0.2534420762970164 0.055876718123382435 0.6132620210042664 0.05587671814442698
23 0.2799552722558338 0.37170848449776284 0.20129305541274964 0.31672887225820445 0.2169357128852478 0.2799552722362296 0.26096335900729334 0.2609163318275723 0.5718745281206672 0.25132699523483826 0.21693571331751002 0.25132699495551863 0.4023798617684488 0.21629537008980887 0.2370411199741132 0.5718745279739634 0.21693571337940662 0.31235296974588617 0.215551261819698 0.3123529696019585
12 0.18247261787951516 0.23690894062231846 0.30886535252008535 -0.029752121423651013 0.2893828548242251 0.1824726125797994 0.6056609977512323 0.49310573273317526 0.06446965165985508 0.25124954545217715 0.2893828551697985 0.2512495453502161 0.11045600105777797 0.5975138837968129 0.4841277201590145 0.06446965165078179 0.28938285553962345 -0.027190152147155984 0.4175864599537752 -0.02719015185932659
39 0.2340996481361799 0.061775120369107483 0.21347585812971026 0.5810912978292766 0.20887099724495783 0.23409964836901054 0.07446641352007918 0.04695854903803348 0.31235296966769965 0.17516362132300856 0.2088709973031655 0.17516362101241612 0.28583681295197805 0.03988860885062451 0.04044027443478093 0.31235296956583625 0.20887099753599614 0.7141999443992972 0.055876718044943985 0.7141999442828819
41 0.3887960006575371 0.2575119343483839 0.34615029610414455 0.22262796724727119 0.35982628274271006 0.3887960017777958 0.27457060697081404 0.2698748885481201 0.2799552723533222 0.3547663013669685 0.3598262833539628 0.3547663016078112 0.3651518479477218 0.2983173079956328 0.29347946826081683 0.279955272148212 0.35982628347681606 0.23409964826679908 0.3143256653528252 0.23409964844235856
34 0.22262796720674002 0.07256892970116255 0.16477145710695112 0.8074871167235212 0.1933710350904308 0.22262796728408396 0.05318162028630945 0.07057368634787342 0.3167288722208947 0.2814728111713429 0.19337103524698243 0.28147281105093175 0.24176783539973065 0.02970864698162167 0.04032389684512847 0.3167288721941337 0.19337103529381267 0.5810912979145665 0.03245774433180991 0.5810912977949015
9 0.35982628315737303 0.2005421355864728 0.4471263052512938 0.19337103517017054 0.42534950942592686 0.35982628315402665 0.2718464061661714 0.25794363483007116 0.21693571300920877 0.3337636826119575 0.4253495098517924 0.3337636823355318 0.3167092415991027 0.3370158885240831 0.31309188062757254 0.21693571300787545 0.42534950999622917 0.20887099745803442 0.2534420760680442 0.20887099732078448
40 0.3887960006575371 0.2575119343483839 0.34615029610414455 0.22262796724727119 0.35982628274271006 0.3887960017777958 0.27457060697081404 0.2698748885481201 0.2799552723533222 0.3547663013669685 0.3598262833539628 0.3547663016078112 0.3651518479477218 0.2983173079956328 0.29347946826081683 0.279955272148212 0.35982628347681606 0.23409964826679908 0.3143256653528252 0.23409964844235856
45 0.26315196587071543 0.4789003373812042 0.24915572641644046 0.05515691678391795 0.28823447132732977 0.26315196467878893 0.31754859921518425 0.4400159377227452 0.2458206024955367 0.3590264545694237 0.288234471490656 0.359026454496971 0.23438212946584977 0.433122387918362 0.4914910082455326 0.24582060231446984 0.2882344716880819 0.036247403596311234 0.3973754522664358 0.03624740371218828
2 0.21888580765187488 0.5175396696925241 0.21638804880087426 0.04583240365625997 0.2585130218354782 0.21888580267248364 0.2806101492604146 0.4790811390271062 0.1183196669805365 0.4527316692631314 0.2585130222116602 0.45273166926016223 0.09292184043001549 0.400198813103131 0.4167507914195672 0.11831966688538138 0.2585130226985929 0.029936002435621462 0.5433410472143739 0.029936002509575517
27 0.0929958803907578 0.8543657380133227 0.2242006427603204 0.06839387201762841 0.0927189223030102 0.09299586317062186 0.2145143141221148 0.5211292287045072 0.22829623042324426 0.3954809603445237 0.0927189221904502 0.39548096036754143 0.06014904557949369 0.26925710743960746 0.04815209643399798 0.22829623019105125 0.09271892293960537 0.06977780255036892 0.5882569619249246 0.06977780292409252
59 0.2340996481361799 0.061775120369107483 0.21347585812971026 0.5810912978292766 0.20887099724495783 0.23409964836901054 0.07446641352007918 0.04695854903803348 0.31235296966769965 0.17516362132300856 0.2088709973031655 0.17516362101241612 0.28583681295197805 0.03988860885062451 0.04044027443478093 0.31235296956583625 0.20887099753599614 0.7141999443992972 0.055876718044943985 0.7141999442828819
64 0.30472078908661887 0.2619894425069142 0.40277282379467144 0.02166201316099331 0.34688692531990073 0.3047207893388872 0.37470122461888045 0.331214862716366 0.21686001506146302 0.21727837227267094 0.3468869257972177 0.2172783718393784 0.29777086561152527 0.5653798045173742 0.46060290594960823 0.21686001493082244 0.34688692579183983 0.043829550389464636 0.39882317507999393 0.04382955047081919
29 0.22262796720674002 0.07256892970116255 0.16477145710695112 0.8074871167235212 0.1933710350904308 0.22262796728408396 0.05318162028630945 0.07057368634787342 0.3167288722208947 0.2814728111713429 0.19337103524698243 0.28147281105093175 0.24176783539973065 0.02970864698162167 0.04032389684512847 0.3167288721941337 0.19337103529381267 0.5810912979145665 0.03245774433180991 0.5810912977949015
48 0.1590370325965466 0.46625684752373336 0.18865152551181455 0.4117307882494933 0.18971908326575704 0.159037025838449 0.1970791458641771 0.3350256074195513 0.5867277707687221 0.375465906852132 0.1897190835764017 0.37546590678362196 0.28497395185941776 0.18033837460678134 0.24403847911847848 0.5867277704859603 0.18971908353249115 0.23938334980505113 0.09747375698128408 0.23938334973931463
0 0.18643063498196857 0.23938825160590327 0.331512539035067 -0.038108371444994404 0.3050654936418225 0.1864306286462142 0.4939821031157559 0.39583265774090287 0.05264660666004437 0.25278705775727245 0.30506549375343345 0.25278705746283037 0.11043667432580703 0.6663299294205661 0.5228510281034889 0.0526466065144677 0.3050654944940954 -0.03267686068500445 0.46236419328751877 -0.03267686049511057
46 0.17438750402134673 0.788901075920983 0.14908757293460193 0.09346051242220735 0.14171283353766048 0.1743875003582325 0.25826759696913215 0.48597650401654885 0.4235667032109955 0.33788487645235843 0.1417128337072019 0.3378848764660528 0.21109736170463425 0.24790726501011 0.266626894198793 0.42356670315311834 0.14171283398913873 0.06751580454267549 0.3860722860532367 0.0675158046901753
49 0.1590370325965466 0.46625684752373336 0.18865152551181455 0.4117307882494933 0.18971908326575704 0.159037025838449 0.1970791458641771 0.3350256074195513 0.5867277707687221 0.375465906852132 0.1897190835764017 0.37546590678362196 0.28497395185941776 0.18033837460678134 0.24403847911847848 0.5867277704859603 0.18971908353249115 0.23938334980505113 0.09747375698128408 0.23938334973931463
47 0.17438750402134673 0.788901075920983 0.14908757293460193 0.09346051242220735 0.14171283353766048 0.1743875003582325 0.25826759696913215 0.48597650401654885 0.4235667032109955 0.33788487645235843 0.1417128337072019 0.3378848764660528 0.21109736170463425 0.24790726501011 0.266626894198793 0.42356670315311834 0.14171283398913873 0.06751580454267549 0.3860722860532367 0.0675158046901753
60 0.33267867965771514 0.42937291210322964 0.26600651106941836 0.04597424664705672 0.25375603981510936 0.33267868527239747 0.37780911100047976 0.3327844872271435 0.3984151209294481 0.17203490729856896 0.25375604032288357 0.17203490713505667 0.39629599806745874 0.40325253378083525 0.4047643259776015 0.39841512083007463 0.25375603996345886 0.07303798991438712 0.45105240013762654 0.07303798990959265
55 0.3035964053253517 0.36507552825788925 0.26986398838183717 0.057735553440525104 0.25769604003283025 0.3035964073788767 0.6308349026317029 0.40523845562723837 0.34244366062278775 0.19534933067352608 0.2576960402149333 0.1953493305572105 0.359291487008411 0.36166938447609287 0.3569471021831822 0.342443660644372 0.2576960402931883 0.07760253482694451 0.3652387031242702 0.07760253478985525
50 0.2934794681551139 0.38472310687440087 0.30418957522924694 0.04032389684508808 0.3130918803553756 0.2934794681804047 0.3473797398103457 0.39247339218921495 0.23704112001694508 0.29827179446900876 0.3130918804608096 0.2982717945404132 0.2775075857688327 0.4839172574203436 0.49139750442856495 0.23704111992251625 0.3130918807882497 0.04044027433707163 0.41297091048494977 0.04044027451065117
57 0.2357156363455204 0.3612804003219791 0.26438065436100033 -0.03059700188005685 0.2608763275699369 0.23571563389731198 0.4960019789729247 0.4399951478675238 0.13325519608268965 0.2137035180926829 0.26087632777617165 0.21370351801009838 0.21230753667565763 0.5447550726888566 0.5091311103117505 0.1332551960257922 0.2608763279247902 -0.03025904804564687 0.5595272433252488 -0.03025904786500342
33 0.3547663013292439 0.3195663290752637 0.2894913281722263 0.2814728111086635 0.3337636818162948 0.3547663014815382 0.23504680065395483 0.32664834695237793 0.25132699512053785 0.4840482306991005 0.3337636821879918 0.4840482308303274 0.2757823904259788 0.26177692525345436 0.2982717943465894 0.251326995047013 0.3337636824613241 0.17516362087676626 0.3116674035938697 0.17516362096963065
68 0.35982628315737303 0.2005421355864728 0.4471263052512938 0.19337103517017054 0.42534950942592686 0.35982628315402665 0.2718464061661714 0.25794363483007116 0.21693571300920877 0.3337636826119575 0.4253495098517924 0.3337636823355318 0.3167092415991027 0.3370158885240831 0.31309188062757254 0.21693571300787545 0.42534950999622917 0.20887099745803442 0.2534420760680442 0.20887099732078448
17 0.2961389945366851 0.24445520826329514 0.4081512958771132 0.017522328730424867 0.35497253202048923 0.296138993999044 0.368526388996808 0.33778502394767007 0.17391740400967598 0.2418420648843321 0.3549725321865976 0.24184206459861632 0.2607141056195635 0.5774452010054784 0.4633699673989521 0.17391740398117092 0.3549725323862932 0.03845057647806904 0.41647268752312566 0.03845057643183922
21 0.25453158294899575 0.4355875871193653 0.24598461018919565 -0.031678456165667536 0.247288408940392 0.25453158302233314 0.39144161948221123 0.4066775629571458 0.18391372183397517 0.1919125851273044 0.24728840898388396 0.19191258491430677 0.24703840226049725 0.526282247239675 0.5156589461394958 0.18391372172663153 0.24728840931117319 -0.03304881182375657 0.6078163305803463 -0.033048811949565
19 0.19553703849296258 0.24212191274192996 0.3413172798092104 -0.037448499290651686 0.3067202087834771 0.19553703322432775 0.4719786967185842 0.4041195647203254 0.07176258378063685 0.2384075620920276 0.3067202091834489 0.23840756184268982 0.12983165560286916 0.6749450701519255 0.5268400596699481 0.07176258359926001 0.30672020954968554 -0.035966077775893675 0.44712326711531664 -0.0359660776916409
62 0.17191145727531393 0.43749133849532346 0.21804398213291437 -0.059823413480137755 0.2366709643974401 0.17191145380474002 0.3786410597148707 0.45032134621831205 0.08538830088926105 0.19608580559436764 0.2366709646129953 0.19608580533134717 0.12592036995821104 0.6073738875386568 0.57672679682849 0.08538830071827855 0.23667096507317403 -0.06551215206643027 0.6023867397063222 -0.06551215209059813
37 0.2340996481361799 0.061775120369107483 0.21347585812971026 0.5810912978292766 0.20887099724495783 0.23409964836901054 0.07446641352007918 0.04695854903803348 0.31235296966769965 0.17516362132300856 0.2088709973031655 0.17516362101241612 0.28583681295197805 0.03988860885062451 0.04044027443478093 0.31235296956583625 0.20887099753599614 0.7141999443992972 0.055876718044943985 0.7141999442828819
66 0.20411577873819026 0.26739565491943934 0.3323267756824864 -0.040480134970296226 0.3054245417175558 0.20411577423712202 0.37616841767386944 0.39797020297495594 0.07645730781507647 0.23914423020933329 0.3054245421444043 0.2391442301516581 0.13183290992477512 0.6805382210691797 0.5434386655724996 0.07645730772154563 0.30542454249896944 -0.038057476180583805 0.496498608137945 -0.038057475836759835
36 0.032264868692661666 0.9527140053304826 0.16911769123905956 -0.0028922491002572608 0.11725635315471322 0.03226484913526034 0.23347628524746006 0.5489636639228809 0.17175944314080646 0.24246594450976144 0.11725635315078708 0.24246594450627643 -0.011205933712308077 0.31398790744603805 0.044051682350750715 0.17175944291190243 0.11725635494668342 0.024304441973484248 0.6044065885060277 0.024304442636210774
30 0.3887960006575371 0.2575119343483839 0.34615029610414455 0.22262796724727119 0.35982628274271006 0.3887960017777958 0.27457060697081404 0.2698748885481201 0.2799552723533222 0.3547663013669685 0.3598262833539628 0.3547663016078112 0.3651518479477218 0.2983173079956328 0.29347946826081683 0.279955272148212 0.35982628347681606 0.23409964826679908 0.3143256653528252 0.23409964844235856
15 0.35473178280469253 0.2434225443945201 0.3815559017834291 0.23595374885990814 0.4034752838389322 0.3547317829719094 0.25194632960235797 0.29327315607347376 0.21387993215405163 0.41543008610076676 0.4034752839870756 0.4154300857581556 0.28180575231943483 0.30726403662103846 0.32340359259419876 0.2138799320143268 0.4034752841525635 0.18045978576068877 0.26410890682225097 0.18045978568072743
24 0.2799552722558338 0.37170848449776284 0.20129305541274964 0.31672887225820445 0.2169357128852478 0.2799552722362296 0.26096335900729334 0.2609163318275723 0.5718745281206672 0.25132699523483826 0.21693571331751002 0.25132699495551863 0.4023798617684488 0.21629537008980887 0.2370411199741132 0.5718745279739634 0.21693571337940662 0.31235296974588617 0.215551261819698 0.3123529696019585
18 0.30283146059649757 0.3669583351394746 0.30387540714000655 0.03212285356703167 0.30950950099772423 0.30283146035661823 0.3523340757883444 0.38541452188851216 0.2045317488674171 0.30027562886761217 0.3095095012547764 0.30027562856087253 0.2699544493730422 0.48381297137820595 0.47505648273366796 0.20453174875998914 0.30950950138498545 0.042297915697297676 0.47778375188839356 0.04229791598013984
58 0.22138638491689883 0.3596387457483039 0.2770792374665826 -0.030091305660616484 0.2708770323312373 0.22138638278651265 0.49493624519208845 0.48049983898649523 0.13183538645913753 0.22995672756164756 0.2708770327067361 0.22995672746353588 0.19012875655485054 0.5647176505814271 0.5213176840040777 0.13183538643840176 0.27087703269153957 -0.03263541338172469 0.47735034188956854 -0.0326354131484711
5 0.34615029592599295 0.16827334160884108 0.5104642120534 0.16477145710690708 0.44712630511416346 0.34615029622158217 0.2775971086615839 0.23819716639101454 0.20129305536030168 0.2894913285056389 0.4471263052139088 0.28949132837400565 0.3078720596283192 0.3598720854169442 0.30418957522923784 0.2012930553315189 0.4471263053882538 0.21347585806955996 0.2326806570375359 0.21347585827655824
44 0.34615029592599295 0.16827334160884108 0.5104642120534 0.16477145710690708 0.44712630511416346 0.34615029622158217 0.2775971086615839 0.23819716639101454 0.20129305536030168 0.2894913285056389 0.4471263052139088 0.28949132837400565 0.3078720596283192 0.3598720854169442 0.30418957522923784 0.2012930553315189 0.4471263053882538 0.21347585806955996 0.2326806570375359 0.21347585827655824
8 0.1516042412821922 0.5311052053567283 0.18214472055303668 -0.03598778249881029 0.2387768628595209 0.15160423377066143 0.3161479822496472 0.49986146003236187 0.04885133788083559 0.3364186683365663 0.23877686305462326 0.33641866795880354 0.037959594529538676 0.49415731226422255 0.48921952284353915 0.04885133773314348 0.2387768638501305 -0.013081910241267229 0.6272705934827056 -0.013081909731987893
10 0.2610906001967531 0.31867247981835806 0.32508611669438475 0.026306847449731833 0.3375673700257731 0.261090598246926 0.327047639052096 0.40513999854143584 0.10369961400083996 0.367635618888828 0.33756737007308585 0.3676356184949345 0.14801143165506728 0.5219517939061401 0.4865044936532477 0.10369961392990068 0.33756737057970165 0.024352981577463722 0.4670191542298128 0.024352981819747856
54 0.2934794681551139 0.38472310687440087 0.30418957522924694 0.04032389684508808 0.3130918803553756 0.2934794681804047 0.3473797398103457 0.39247339218921495 0.23704112001694508 0.29827179446900876 0.3130918804608096 0.2982717945404132 0.2775075857688327 0.4839172574203436 0.49139750442856495 0.23704111992251625 0.3130918807882497 0.04044027433707163 0.41297091048494977 0.04044027451065117
32 0.18247550378627855 0.6897180060517818 0.17761700482046092 0.05813656762703963 0.17494503845563994 0.18247549461275847 0.25471000877387145 0.5074483319528663 0.17541911673936186 0.4442244935593884 0.1749450386825324 0.4442244931615341 0.09789783938566315 0.31128282502932303 0.2770122609554952 0.17541911664911802 0.17494503915619497 0.04920472725571668 0.6023838733438324 0.04920472745483387
42 0.19478825368328143 0.36498023799084917 0.2598942501704117 -0.039863424373402234 0.277776847769058 0.19478824824383936 0.35871077295869885 0.43691659706594416 0.05888509272114862 0.28132751111522203 0.2777768480680763 0.28132751125723915 0.10586623031761296 0.5959501538189238 0.5395933613747705 0.05888509264183854 0.27777684839188616 -0.028163597176458957 0.5859009730104477 -0.028163597020656832
26 0.3547663013292439 0.3195663290752637 0.2894913281722263 0.2814728111086635 0.3337636818162948 0.3547663014815382 0.23504680065395483 0.32664834695237793 0.25132699512053785 0.4840482306991005 0.3337636821879918 0.4840482308303274 0.2757823904259788 0.26177692525345436 0.2982717943465894 0.251326995047013 0.3337636824613241 0.17516362087676626 0.3116674035938697 0.17516362096963065
6 0.1516042412821922 0.5311052053567283 0.18214472055303668 -0.03598778249881029 0.2387768628595209 0.15160423377066143 0.3161479822496472 0.49986146003236187 0.04885133788083559 0.3364186683365663 0.23877686305462326 0.33641866795880354 0.037959594529538676 0.49415731226422255 0.48921952284353915 0.04885133773314348 0.2387768638501305 -0.013081910241267229 0.6272705934827056 -0.013081909731987893
56 0.1909337086073826 0.2468861359920624 0.3187373653898853 -0.028383942679372453 0.2847375597913191 0.19093370267002194 0.6859853216498059 0.4025840943731724 0.09673533546460462 0.22318082306236872 0.2847375601590806 0.223180822918017 0.15407805288502774 0.5952430618675734 0.47225446053897396 0.09673533546340629 0.2847375603479362 -0.02725793738953189 0.4027206896447379 -0.02725793725231166
3 0.35982628315737303 0.2005421355864728 0.4471263052512938 0.19337103517017054 0.42534950942592686 0.35982628315402665 0.2718464061661714 0.25794363483007116 0.21693571300920877 0.3337636826119575 0.4253495098517924 0.3337636823355318 0.3167092415991027 0.3370158885240831 0.31309188062757254 0.21693571300787545 0.42534950999622917 0.20887099745803442 0.2534420760680442 0.20887099732078448
38 0.2340996481361799 0.061775120369107483 0.21347585812971026 0.5810912978292766 0.20887099724495783 0.23409964836901054 0.07446641352007918 0.04695854903803348 0.31235296966769965 0.17516362132300856 0.2088709973031655 0.17516362101241612 0.28583681295197805 0.03988860885062451 0.04044027443478093 0.31235296956583625 0.20887099753599614 0.7141999443992972 0.055876718044943985 0.7141999442828819
53 0.2934794681551139 0.38472310687440087 0.30418957522924694 0.04032389684508808 0.3130918803553756 0.2934794681804047 0.3473797398103457 0.39247339218921495 0.23704112001694508 0.29827179446900876 0.3130918804608096 0.2982717945404132 0.2775075857688327 0.4839172574203436 0.49139750442856495 0.23704111992251625 0.3130918807882497 0.04044027433707163 0.41297091048494977 0.04044027451065117
63 0.334141731476406 0.2979029993294592 0.25428517315876364 0.23286243042413932 0.226687299644835 0.3341417379788413 0.2997960225260657 0.19868551332431628 0.5514817711465819 0.14296966622230264 0.22668729966342754 0.142969665935967 0.4377270368704073 0.24657510282501782 0.19752458072554108 0.5514817710475933 0.2266873001118751 0.35901981510235464 0.2952896317056583 0.3590198149913529
65 0.36515184786428256 0.28454533238699087 0.3078720596283965 0.24176783539969807 0.31670924160067354 0.36515184781941085 0.2842504957058557 0.25076858241273386 0.4023798619119775 0.2757823906393827 0.31670924182480864 0.2757823904774578 0.4279613331977315 0.2810496473947924 0.2775075857687754 0.402379861685253 0.31670924179634175 0.2858368128891086 0.27575580952335826 0.28583681264468497
25 0.3547663013292439 0.3195663290752637 0.2894913281722263 0.2814728111086635 0.3337636818162948 0.3547663014815382 0.23504680065395483 0.32664834695237793 0.25132699512053785 0.4840482306991005 0.3337636821879918 0.4840482308303274 0.2757823904259788 0.26177692525345436 0.2982717943465894 0.251326995047013 0.3337636824613241 0.17516362087676626 0.3116674035938697 0.17516362096963065
