id,x_0,x_1,x_2,x_3,x_4,x_5,x_6,x_7,x_8,x_9,x_10
0.0,2.220446049250313e-16,0.3409549051387114,2.220446049250313e-16,1.1519171143165852,0.11833166647684268,0.04457613812342578,2.220446049250313e-16,2.220446049250313e-16,0.307284785878352,0.6156307643458843,2.220446049250313e-16
1.0,2.220446049250313e-16,2.220446049250313e-16,1.047065421988206,2.220446049250313e-16,2.220446049250313e-16,0.0035023086761685196,0.7618800733175558,2.220446049250313e-16,0.13411205119597885,0.2643365166555025,2.220446049250313e-16
2.0,2.220446049250313e-16,2.220446049250313e-16,0.07100874893376599,0.28255630219755545,2.220446049250313e-16,0.6514192492257745,2.220446049250313e-16,2.220446049250313e-16,0.698077705696913,0.30994928519386006,0.7054204120700235
3.0,2.220446049250313e-16,2.220446049250313e-16,0.8211629185619954,2.220446049250313e-16,0.1313749224462759,0.497093362424228,0.7272087635330508,0.0738551469373622,2.220446049250313e-16,2.220446049250313e-16,2.220446049250313e-16
4.0,2.220446049250313e-16,2.220446049250313e-16,0.10000878122674677,0.9521287634493659,2.220446049250313e-16,0.7747758423708958,2.220446049250313e-16,2.220446049250313e-16,0.4831084550705957,2.220446049250313e-16,2.220446049250313e-16
5.0,2.220446049250313e-16,0.27467735147938466,0.7123401994850983,2.220446049250313e-16,0.16701063325116794,2.220446049250313e-16,0.4206677453866632,0.34011800919263696,0.1111498246415318,2.220446049250313e-16,2.220446049250313e-16
6.0,2.220446049250313e-16,0.3409549051387114,2.220446049250313e-16,1.1519171143165852,0.11833166647684268,0.04457613812342578,2.220446049250313e-16,2.220446049250313e-16,0.307284785878352,0.6156307643458843,2.220446049250313e-16
7.0,2.220446049250313e-16,2.220446049250313e-16,2.220446049250313e-16,0.006561065871654702,1.1027695053370548,2.220446049250313e-16,0.6748885932514835,0.11282573579558333,0.1135144619955059,2.220446049250313e-16,0.3313544043901412
8.0,0.682147418599478,2.220446049250313e-16,0.12250311665361002,0.667220594775357,0.8691246018489985,2.220446049250313e-16,2.220446049250313e-16,2.220446049250313e-16,2.220446049250313e-16,2.220446049250313e-16,0.047112125005142245
9.0,2.220446049250313e-16,2.220446049250313e-16,0.581763842568178,2.220446049250313e-16,0.39275141406315084,2.220446049250313e-16,2.220446049250313e-16,2.220446049250313e-16,0.2147958138026919,0.34801574064577595,0.8574215534072631
10.0,0.5943056856891903,0.2994955023273397,0.0036547263778635387,0.561579728413791,0.2668938895202676,2.220446049250313e-16,2.220446049250313e-16,2.220446049250313e-16,0.6771205822858818,0.3116000058562868,0.02040653219377193
11.0,2.220446049250313e-16,0.6033661601071559,1.0626001548818331,2.220446049250313e-16,2.220446049250313e-16,0.005161836789696115,0.5588368425746074,2.220446049250313e-16,2.220446049250313e-16,2.220446049250313e-16,0.19514030298007204
12.0,2.220446049250313e-16,2.220446049250313e-16,0.004544792989898041,0.8307714631498191,0.023313229775608034,0.06649508834321322,2.220446049250313e-16,2.220446049250313e-16,0.8026657781082784,0.5766113042983843,0.004352647393625559
13.0,2.220446049250313e-16,2.220446049250313e-16,1.0439950699199865,2.220446049250313e-16,0.10396789357048886,0.004183929958200736,0.7849908150714217,2.220446049250313e-16,0.10961881686964381,2.220446049250313e-16,2.220446049250313e-16
14.0,2.220446049250313e-16,2.220446049250313e-16,2.220446049250313e-16,1.045023718381955,2.220446049250313e-16,0.4885589658456071,2.220446049250313e-16,2.220446049250313e-16,0.48417391762943685,0.23676334524662973,2.220446049250313e-16
15.0,2.220446049250313e-16,2.220446049250313e-16,0.8302445035987481,2.220446049250313e-16,0.14011779969538762,2.220446049250313e-16,0.8556193485882372,0.13801729830170892,0.11039134108854665,2.220446049250313e-16,2.220446049250313e-16
16.0,2.220446049250313e-16,0.29962349077072703,2.220446049250313e-16,1.141591792692585,0.26389852892732274,0.23294239930002278,2.220446049250313e-16,2.220446049250313e-16,0.2795541788110538,2.220446049250313e-16,2.220446049250313e-16
17.0,2.220446049250313e-16,2.220446049250313e-16,0.08399492507951262,0.01804692503591232,0.5378762242186715,2.220446049250313e-16,0.7678750582194974,0.32565508617793154,0.4297871585780788,2.220446049250313e-16,2.220446049250313e-16
18.0,0.608713297068945,0.6405783959094384,2.220446049250313e-16,0.926562995530557,0.5929892482192206,2.220446049250313e-16,2.220446049250313e-16,2.220446049250313e-16,2.220446049250313e-16,2.220446049250313e-16,2.220446049250313e-16
19.0,2.220446049250313e-16,2.220446049250313e-16,0.3463916521608784,2.220446049250313e-16,0.4367822049320573,2.220446049250313e-16,0.7397977979309622,0.2287298401200118,0.40971562976925624,2.220446049250313e-16,2.220446049250313e-16
20.0,2.220446049250313e-16,0.3304320179611414,0.3004823898273899,2.220446049250313e-16,0.8141026776439623,2.220446049250313e-16,0.6852286547148385,2.220446049250313e-16,0.139347096410793,2.220446049250313e-16,0.26067866561155284
21.0,0.2810653361096292,2.220446049250313e-16,2.220446049250313e-16,0.5678561601825936,0.1484565493449869,2.220446049250313e-16,2.220446049250313e-16,2.220446049250313e-16,0.9788972011809552,0.5627301601294404,2.220446049250313e-16
22.0,0.2810653361096292,2.220446049250313e-16,2.220446049250313e-16,0.5678561601825936,0.1484565493449869,2.220446049250313e-16,2.220446049250313e-16,2.220446049250313e-16,0.9788972011809552,0.5627301601294404,2.220446049250313e-16
23.0,0.02118475361622047,0.6013421727872568,1.1203953717839088,2.220446049250313e-16,0.007043331543145787,0.0015030323313575537,0.10219355650952569,2.220446049250313e-16,2.220446049250313e-16,2.220446049250313e-16,0.5282811379052061
24.0,0.02118475361622047,0.6013421727872568,1.1203953717839088,2.220446049250313e-16,0.007043331543145787,0.0015030323313575537,0.10219355650952569,2.220446049250313e-16,2.220446049250313e-16,2.220446049250313e-16,0.5282811379052061
25.0,0.060581505039785495,2.220446049250313e-16,0.23730938927139683,0.07534097178173006,0.08105986860427986,0.8691163102123689,0.6760652619499388,0.2064567309264887,0.134553369410493,2.220446049250313e-16,0.03749315777541844
26.0,0.6639555709519692,2.220446049250313e-16,0.0705350466128638,2.220446049250313e-16,0.05946005068629292,0.5086112684816805,0.15891021375208608,0.7332361734243271,0.06961834664325275,2.220446049250313e-16,2.220446049250313e-16
27.0,2.220446049250313e-16,2.220446049250313e-16,2.220446049250313e-16,0.27542959671321676,2.220446049250313e-16,0.9135352223209461,2.220446049250313e-16,0.2107013184524295,0.3884990139270876,2.220446049250313e-16,0.73222364542098
28.0,0.624575885558633,1.1102230246251565e-16,2.220446049250313e-16,2.220446049250313e-16,2.220446049250313e-16,0.6675103203248217,2.220446049250313e-16,0.9278309705250043,2.220446049250313e-16,2.220446049250313e-16,2.220446049250313e-16
29.0,0.624575885558633,1.1102230246251565e-16,2.220446049250313e-16,2.220446049250313e-16,2.220446049250313e-16,0.6675103203248217,2.220446049250313e-16,0.9278309705250043,2.220446049250313e-16,2.220446049250313e-16,2.220446049250313e-16
30.0,2.220446049250313e-16,2.220446049250313e-16,0.10634811485557814,2.220446049250313e-16,0.15886235028163243,0.14439749538608782,0.01772609894870987,0.851292452405466,0.324113359767106,0.249370765879739,2.220446049250313e-16
31.0,2.220446049250313e-16,2.220446049250313e-16,0.2193374269720629,1.0254787521572655,0.0326305785925842,0.7837633752829155,2.220446049250313e-16,2.220446049250313e-16,0.14758341071189282,2.220446049250313e-16,2.220446049250313e-16
32.0,0.0026838516761035916,2.220446049250313e-16,2.220446049250313e-16,2.220446049250313e-16,0.008237927693365782,0.45398892584740436,0.012176307371540709,1.0900513915219372,2.220446049250313e-16,0.36493446947571506,2.220446049250313e-16
33.0,0.0026838516761035916,2.220446049250313e-16,2.220446049250313e-16,2.220446049250313e-16,0.008237927693365782,0.45398892584740436,0.012176307371540709,1.0900513915219372,2.220446049250313e-16,0.36493446947571506,2.220446049250313e-16
34.0,0.0026838516761035916,2.220446049250313e-16,2.220446049250313e-16,2.220446049250313e-16,0.008237927693365782,0.45398892584740436,0.012176307371540709,1.0900513915219372,2.220446049250313e-16,0.36493446947571506,2.220446049250313e-16
35.0,2.220446049250313e-16,0.29466075248796286,0.14171162667898202,2.220446049250313e-16,0.15142758458404598,2.220446049250313e-16,0.015462917859641134,0.7505659198002651,0.5837187881079519,2.220446049250313e-16,2.220446049250313e-16
36.0,2.220446049250313e-16,2.220446049250313e-16,0.2193374269720629,1.0254787521572655,0.0326305785925842,0.7837633752829155,2.220446049250313e-16,2.220446049250313e-16,0.14758341071189282,2.220446049250313e-16,2.220446049250313e-16
37.0,0.001636903409357893,2.220446049250313e-16,2.220446049250313e-16,2.220446049250313e-16,0.006706986436521123,0.2073534257957926,0.01157705812187473,1.111393429836229,0.013474867071082766,0.6387731629608433,2.220446049250313e-16
38.0,0.001636903409357893,2.220446049250313e-16,2.220446049250313e-16,2.220446049250313e-16,0.006706986436521123,0.2073534257957926,0.01157705812187473,1.111393429836229,0.013474867071082766,0.6387731629608433,2.220446049250313e-16
39.0,0.001636903409357988,2.220446049250313e-16,2.220446049250313e-16,2.220446049250313e-16,0.006706986436520497,0.20735342579579166,0.011577058121874775,1.1113934298362287,0.013474867071082338,0.6387731629608437,2.220446049250313e-16
40.0,0.01744354120750077,2.220446049250313e-16,0.08399582801562855,2.220446049250313e-16,1.1392542885552694,2.220446049250313e-16,2.220446049250313e-16,0.04799357425203619,0.11343376937944705,2.220446049250313e-16,0.8801793766681976
41.0,0.6611565886131228,2.220446049250313e-16,0.017873036274366982,0.6516599869514508,1.0288910649489063,2.220446049250313e-16,0.0012793909343444534,2.220446049250313e-16,2.220446049250313e-16,2.220446049250313e-16,0.058518313308196686
42.0,0.6611565886131228,2.220446049250313e-16,0.017873036274366982,0.6516599869514508,1.0288910649489063,2.220446049250313e-16,0.0012793909343444534,2.220446049250313e-16,2.220446049250313e-16,2.220446049250313e-16,0.058518313308196686
43.0,2.220446049250313e-16,2.220446049250313e-16,0.4737080614012576,2.220446049250313e-16,0.43134777304689975,2.220446049250313e-16,2.220446049250313e-16,0.06854233428403442,0.214910269537857,0.3480067253604594,0.8516578943997588
44.0,2.220446049250313e-16,2.220446049250313e-16,0.1455316228726392,0.001884131780049314,1.0749735440433674,2.220446049250313e-16,0.1743691981917215,2.220446049250313e-16,0.1263523278444591,2.220446049250313e-16,0.7984466855682005
45.0,0.02452714854715352,0.6252520792537074,0.43764493320631415,2.220446049250313e-16,0.7153244578408956,0.01613030447079747,0.007374373101892927,2.220446049250313e-16,0.012523513284478342,2.220446049250313e-16,0.7654360269803221
46.0,0.2630505952803027,2.220446049250313e-16,2.220446049250313e-16,0.2919414240525473,0.02325005530532325,2.220446049250313e-16,2.220446049250313e-16,2.220446049250313e-16,1.2713851052219372,0.5396918920789638,0.11191528984864846
47.0,0.2630505952803027,2.220446049250313e-16,2.220446049250313e-16,0.2919414240525473,0.02325005530532325,2.220446049250313e-16,2.220446049250313e-16,2.220446049250313e-16,1.2713851052219372,0.5396918920789638,0.11191528984864846
48.0,0.02118475361622047,0.6013421727872568,1.1203953717839088,2.220446049250313e-16,0.007043331543145787,0.0015030323313575537,0.10219355650952569,2.220446049250313e-16,2.220446049250313e-16,2.220446049250313e-16,0.5282811379052061
49.0,0.02118475361622047,0.6013421727872568,1.1203953717839088,2.220446049250313e-16,0.007043331543145787,0.0015030323313575537,0.10219355650952569,2.220446049250313e-16,2.220446049250313e-16,2.220446049250313e-16,0.5282811379052061
50.0,2.220446049250313e-16,0.6250689844202694,0.4428732296033247,0.004458364260267356,0.6803681719448272,0.017255092146250685,0.6406363328695994,2.220446049250313e-16,0.006568655300374992,2.220446049250313e-16,0.2629045549772398
51.0,0.2630505952803027,2.220446049250313e-16,2.220446049250313e-16,0.2919414240525473,0.02325005530532325,2.220446049250313e-16,2.220446049250313e-16,2.220446049250313e-16,1.2713851052219372,0.5396918920789638,0.11191528984864846
52.0,0.2630505952803027,2.220446049250313e-16,2.220446049250313e-16,0.2919414240525473,0.02325005530532325,2.220446049250313e-16,2.220446049250313e-16,2.220446049250313e-16,1.2713851052219372,0.5396918920789638,0.11191528984864846
53.0,0.02118475361622047,0.6013421727872568,1.1203953717839088,2.220446049250313e-16,0.007043331543145787,0.0015030323313575537,0.10219355650952569,2.220446049250313e-16,2.220446049250313e-16,2.220446049250313e-16,0.5282811379052061
54.0,0.02118475361622047,0.6013421727872568,1.1203953717839088,2.220446049250313e-16,0.007043331543145787,0.0015030323313575537,0.10219355650952569,2.220446049250313e-16,2.220446049250313e-16,2.220446049250313e-16,0.5282811379052061
55.0,2.220446049250313e-16,2.220446049250313e-16,0.5179080881157203,2.220446049250313e-16,0.41257058406993485,2.220446049250313e-16,0.2316897777025622,2.220446049250313e-16,0.3989356319074068,2.220446049250313e-16,0.6386166273699609
56.0,0.629667640363887,0.2996234907707269,2.220446049250313e-16,0.17237281466094334,0.8193346505284803,0.022559793224616004,2.220446049250313e-16,2.220446049250313e-16,0.005136034906193346,2.220446049250313e-16,0.8614049349431339
57.0,2.220446049250313e-16,2.220446049250313e-16,2.220446049250313e-16,0.2478111348101663,2.220446049250313e-16,0.6166161847653242,0.001268624511850192,2.220446049250313e-16,0.8477059020174803,0.29816358586367697,0.6941478228262838
58.0,0.6288276437245126,0.2955878422955572,0.11523845859595426,2.220446049250313e-16,2.220446049250313e-16,0.5056291226665524,0.8036049650575685,0.4391861318865502,2.220446049250313e-16,2.220446049250313e-16,2.220446049250313e-16
59.0,0.6288276437245126,0.2955878422955572,0.11523845859595426,2.220446049250313e-16,2.220446049250313e-16,0.5056291226665524,0.8036049650575685,0.4391861318865502,2.220446049250313e-16,2.220446049250313e-16,2.220446049250313e-16
60.0,2.220446049250313e-16,2.220446049250313e-16,0.08045399795439905,2.220446049250313e-16,0.9922688330152137,2.220446049250313e-16,0.7555852045216126,0.21246843170477886,0.16608364740109893,2.220446049250313e-16,2.220446049250313e-16
61.0,2.220446049250313e-16,2.220446049250313e-16,2.220446049250313e-16,1.054134671125835,0.13352791875801584,0.7348201260215013,2.220446049250313e-16,2.220446049250313e-16,0.28581816505830626,2.220446049250313e-16,2.220446049250313e-16
62.0,0.00019226005935910864,0.34095490513871196,2.220446049250313e-16,2.220446049250313e-16,0.14338148657654023,0.14573675731257335,0.03310981600139119,1.1017688734884703,2.220446049250313e-16,2.220446049250313e-16,2.220446049250313e-16
63.0,0.00019226005935910864,0.34095490513871196,2.220446049250313e-16,2.220446049250313e-16,0.14338148657654023,0.14573675731257335,0.03310981600139119,1.1017688734884703,2.220446049250313e-16,2.220446049250313e-16,2.220446049250313e-16
64.0,0.00019226005935910864,0.34095490513871196,2.220446049250313e-16,2.220446049250313e-16,0.14338148657654023,0.14573675731257335,0.03310981600139119,1.1017688734884703,2.220446049250313e-16,2.220446049250313e-16,2.220446049250313e-16
65.0,0.6751444695573647,0.32909974122139996,0.3385257226041652,2.220446049250313e-16,0.08797926701026595,0.003480193367612311,2.220446049250313e-16,0.08374179921946928,0.3449943368342344,0.24772604300340112,0.7900417556349028
66.0,0.6547954710670647,2.220446049250313e-16,0.6266149755500546,2.220446049250313e-16,2.220446049250313e-16,0.5071948719061597,2.220446049250313e-16,0.4711179202377585,2.220446049250313e-16,2.220446049250313e-16,0.0020155083589796503
67.0,2.220446049250313e-16,2.220446049250313e-16,2.220446049250313e-16,0.27542959671321676,2.220446049250313e-16,0.9135352223209461,2.220446049250313e-16,0.2107013184524295,0.3884990139270876,2.220446049250313e-16,0.73222364542098
68.0,0.624575885558633,1.1102230246251565e-16,2.220446049250313e-16,2.220446049250313e-16,2.220446049250313e-16,0.6675103203248217,2.220446049250313e-16,0.9278309705250043,2.220446049250313e-16,2.220446049250313e-16,2.220446049250313e-16
69.0,0.624575885558633,1.1102230246251565e-16,2.220446049250313e-16,2.220446049250313e-16,2.220446049250313e-16,0.6675103203248217,2.220446049250313e-16,0.9278309705250043,2.220446049250313e-16,2.220446049250313e-16,2.220446049250313e-16
