45 0.22235584880257675 0.5428590907032778 0.2819286591081011 0.13875076150929266 0.20252065572097278 0.36396351624371837 0.22235584886957763 0.4703207321567962 0.28192865953990875 0.4164145415383599 0.14400803938202564 0.28266330073981427 0.17736074813884795 0.14400803936302595 0.470320732333945 0.25284477451698145 0.36396351570748503 0.47032073217002535 0.1773607476862477 0.19241045874986812
18 0.04378175896622889 0.2819286593509866 0.530381225670973 0.34508997808709585 0.1963341146202462 0.3366686857781212 0.04378175869982394 0.3203001211078311 0.530381225791086 0.41734596315267375 0.34721980426367 0.16278846208924683 0.06325026338699453 0.3472198040096533 0.3203001214178399 0.03296021912833278 0.33666868540119466 0.3203001212407904 0.06325026340821449 0.45943800430844417
58 0.5030088577262324 0.17736074790030273 0.0632502628500435 0.004497656726593292 0.32323898405001267 0.24704617405076007 0.5030088581994799 0.2084762170261594 0.06325026349745447 0.04169708784947258 0.08108776251437054 0.26857971365865313 0.6475310541798037 0.08108776241052451 0.20847621681209452 0.40792869060070525 0.24704617390810946 0.20847621653260356 0.6475310536922081 0.07435691029362856
60 0.08104293007085218 0.41641454153827506 0.41734596299282173 0.2621430025225747 0.2479403011695562 0.31320307519495516 0.08104293018004188 0.36588376148786494 0.4173459632102017 0.6251269275418788 0.2211734830760325 0.35775309600109734 0.04169708800642939 0.22117348299949055 0.36588376156261204 0.09637418667560155 0.31320307456676877 0.3658837614694508 0.04169708788066728 0.3282340633327735
15 0.20130649229920877 0.4703207323236757 0.3203001210506585 0.13936917327867787 0.24535119703119837 0.4076814623138554 0.20130649239382334 0.46053683023107145 0.32030012146045755 0.3658837614865316 0.17307434838099986 0.2555885744585959 0.2084762167252496 0.173074348135068 0.4605368298594199 0.1936119518191391 0.40768146192598986 0.4605368294333706 0.20847621654723017 0.24644972280515043
52 0.06064777507120663 0.14400803939634732 0.34721980405270886 0.5720649421752813 0.2833417473668017 0.24136904038468432 0.06064777489432027 0.17307434799652832 0.3472198042028419 0.2211734830380798 0.6230588159995576 0.22604200975700545 0.08108776248848155 0.6230588157338115 0.17307434836392396 0.06425670286783693 0.24136904005520157 0.17307434820559206 0.08108776253831158 0.47240076528049174
57 0.06064777507120663 0.14400803939634732 0.34721980405270886 0.5720649421752813 0.2833417473668017 0.24136904038468432 0.06064777489432027 0.17307434799652832 0.3472198042028419 0.2211734830380798 0.6230588159995576 0.22604200975700545 0.08108776248848155 0.6230588157338115 0.17307434836392396 0.06425670286783693 0.24136904005520157 0.17307434820559206 0.08108776253831158 0.47240076528049174
31 0.19609550470097725 0.3639635159322995 0.3366686853408921 0.14554486592297358 0.2898331374717991 0.451531536846141 0.19609550477183368 0.4076814622854928 0.3366686854801214 0.31320307488848015 0.24136904035620355 0.29793073820321936 0.24704617402077797 0.2413690401639851 0.4076814623511638 0.15796676057750714 0.4515315364184196 0.4076814621581237 0.2470461737323314 0.31933913234820266
21 0.023603696041384584 0.13875076150930055 0.34508997799412433 0.7959104579512069 0.21681436478850033 0.14554486621911847 0.023603695876624184 0.139369173149516 0.3450899780582386 0.262143002522573 0.5720649421648568 0.19367139466513408 0.004497656580262907 0.572064942117345 0.13936917330571652 0.025279873608315708 0.14554486562591915 0.13936917321001707 0.004497656818012454 0.446000270422681
8 -0.003448110082811777 0.40045267863102696 0.6003320544277003 0.32040616349008066 0.06888957727993075 0.21713426288402612 -0.0034481092740283616 0.3096123700350343 0.6003320544378878 0.6271290800536751 0.23475895326975446 0.13170427528565137 -0.016408182613478477 0.23475895313798778 0.3096123697194525 -0.004221826763686541 0.21713426214335765 0.30961236974921774 -0.01640818248160627 0.3287986712040769
53 0.5030088577262324 0.17736074790030273 0.0632502628500435 0.004497656726593292 0.32323898405001267 0.24704617405076007 0.5030088581994799 0.2084762170261594 0.06325026349745447 0.04169708784947258 0.08108776251437054 0.26857971365865313 0.6475310541798037 0.08108776241052451 0.20847621681209452 0.40792869060070525 0.24704617390810946 0.20847621653260356 0.6475310536922081 0.07435691029362856
42 0.08861136158396146 0.13662478299193642 0.29053606322882286 0.48872994567972405 0.5318855775801069 0.2918180795995406 0.0886113607225251 0.21187128013269138 0.2905360634408029 0.3685004678300735 0.4417721449547335 0.4594561241975297 0.07784020012909769 0.441772144643865 0.2118712801377745 0.09198709861351657 0.2918180789494795 0.2118712799429418 0.07784020007962406 0.4593020853302412
63 0.0798805884304963 0.4799163000157829 0.4117744313695054 0.23260074861677468 0.19676540977950985 0.2880845284696936 0.0798805885206353 0.38566965190477154 0.41177443165028493 0.660494520603946 0.19458374789432126 0.34552639904080834 0.034473712070453404 0.19458374767000808 0.3856696516752796 0.10882988059315 0.2880845278598768 0.38566965179600504 0.034473712131115164 0.2591707913728519
59 0.5030088577262324 0.17736074790030273 0.0632502628500435 0.004497656726593292 0.32323898405001267 0.24704617405076007 0.5030088581994799 0.2084762170261594 0.06325026349745447 0.04169708784947258 0.08108776251437054 0.26857971365865313 0.6475310541798037 0.08108776241052451 0.20847621681209452 0.40792869060070525 0.24704617390810946 0.20847621653260356 0.6475310536922081 0.07435691029362856
5 0.20130649229920877 0.4703207323236757 0.3203001210506585 0.13936917327867787 0.24535119703119837 0.4076814623138554 0.20130649239382334 0.46053683023107145 0.32030012146045755 0.3658837614865316 0.17307434838099986 0.2555885744585959 0.2084762167252496 0.173074348135068 0.4605368298594199 0.1936119518191391 0.40768146192598986 0.4605368294333706 0.20847621654723017 0.24644972280515043
61 0.006423446611892101 0.43970802044234963 0.49058118731746436 0.2977511885701895 0.08333774112808298 0.2125748254463511 0.006423446755904396 0.31121626975912287 0.4905811874335496 0.733996735190667 0.22076413479326187 0.3228208043053808 -0.022157317451018364 0.2207641346277039 0.3112162695873187 0.024634441841383876 0.21257482470614492 0.31121626975526767 -0.022157317517181446 0.32658914910686365
11 0.20130649229920877 0.4703207323236757 0.3203001210506585 0.13936917327867787 0.24535119703119837 0.4076814623138554 0.20130649239382334 0.46053683023107145 0.32030012146045755 0.3658837614865316 0.17307434838099986 0.2555885744585959 0.2084762167252496 0.173074348135068 0.4605368298594199 0.1936119518191391 0.40768146192598986 0.4605368294333706 0.20847621654723017 0.24644972280515043
27 0.06064777507120663 0.14400803939634732 0.34721980405270886 0.5720649421752813 0.2833417473668017 0.24136904038468432 0.06064777489432027 0.17307434799652832 0.3472198042028419 0.2211734830380798 0.6230588159995576 0.22604200975700545 0.08108776248848155 0.6230588157338115 0.17307434836392396 0.06425670286783693 0.24136904005520157 0.17307434820559206 0.08108776253831158 0.47240076528049174
67 0.2812892707260498 0.5114076575810174 0.21864265802330263 0.1445460237105142 0.16546853800312294 0.3470597901284348 0.2812892709597703 0.39740181743532166 0.21864265834829266 0.4580404335667697 0.16767410987626963 0.48508719540902506 0.17272199408609282 0.16767410971095909 0.39740181717871037 0.345764413462491 0.3470597894058521 0.3974018172020117 0.17272199378480818 0.20270178352383067
26 0.19609550470097725 0.3639635159322995 0.3366686853408921 0.14554486592297358 0.2898331374717991 0.451531536846141 0.19609550477183368 0.4076814622854928 0.3366686854801214 0.31320307488848015 0.24136904035620355 0.29793073820321936 0.24704617402077797 0.2413690401639851 0.4076814623511638 0.15796676057750714 0.4515315364184196 0.4076814621581237 0.2470461737323314 0.31933913234820266
24 0.5915528413622443 0.22235584885586374 0.04378175852953619 0.023603695954391074 0.245583812198007 0.19609550492762431 0.5915528427338295 0.20130649231716238 0.04378175907550906 0.08104293019157988 0.060647774965282744 0.3072382413742563 0.5030088580849353 0.060647774839949944 0.2013064924934541 0.6083784339354544 0.196095504713106 0.20130649232605952 0.5030088577634334 0.055014298269098705
36 0.19609550470097725 0.3639635159322995 0.3366686853408921 0.14554486592297358 0.2898331374717991 0.451531536846141 0.19609550477183368 0.4076814622854928 0.3366686854801214 0.31320307488848015 0.24136904035620355 0.29793073820321936 0.24704617402077797 0.2413690401639851 0.4076814623511638 0.15796676057750714 0.4515315364184196 0.4076814621581237 0.2470461737323314 0.31933913234820266
55 0.19609550470097725 0.3639635159322995 0.3366686853408921 0.14554486592297358 0.2898331374717991 0.451531536846141 0.19609550477183368 0.4076814622854928 0.3366686854801214 0.31320307488848015 0.24136904035620355 0.29793073820321936 0.24704617402077797 0.2413690401639851 0.4076814623511638 0.15796676057750714 0.4515315364184196 0.4076814621581237 0.2470461737323314 0.31933913234820266
3 0.20130649229920877 0.4703207323236757 0.3203001210506585 0.13936917327867787 0.24535119703119837 0.4076814623138554 0.20130649239382334 0.46053683023107145 0.32030012146045755 0.3658837614865316 0.17307434838099986 0.2555885744585959 0.2084762167252496 0.173074348135068 0.4605368298594199 0.1936119518191391 0.40768146192598986 0.4605368294333706 0.20847621654723017 0.24644972280515043
0 0.04378175896622889 0.2819286593509866 0.530381225670973 0.34508997808709585 0.1963341146202462 0.3366686857781212 0.04378175869982394 0.3203001211078311 0.530381225791086 0.41734596315267375 0.34721980426367 0.16278846208924683 0.06325026338699453 0.3472198040096533 0.3203001214178399 0.03296021912833278 0.33666868540119466 0.3203001212407904 0.06325026340821449 0.45943800430844417
49 0.5915528413622443 0.22235584885586374 0.04378175852953619 0.023603695954391074 0.245583812198007 0.19609550492762431 0.5915528427338295 0.20130649231716238 0.04378175907550906 0.08104293019157988 0.060647774965282744 0.3072382413742563 0.5030088580849353 0.060647774839949944 0.2013064924934541 0.6083784339354544 0.196095504713106 0.20130649232605952 0.5030088577634334 0.055014298269098705
47 0.5915528413622443 0.22235584885586374 0.04378175852953619 0.023603695954391074 0.245583812198007 0.19609550492762431 0.5915528427338295 0.20130649231716238 0.04378175907550906 0.08104293019157988 0.060647774965282744 0.3072382413742563 0.5030088580849353 0.060647774839949944 0.2013064924934541 0.6083784339354544 0.196095504713106 0.20130649232605952 0.5030088577634334 0.055014298269098705
29 0.5030088577262324 0.17736074790030273 0.0632502628500435 0.004497656726593292 0.32323898405001267 0.24704617405076007 0.5030088581994799 0.2084762170261594 0.06325026349745447 0.04169708784947258 0.08108776251437054 0.26857971365865313 0.6475310541798037 0.08108776241052451 0.20847621681209452 0.40792869060070525 0.24704617390810946 0.20847621653260356 0.6475310536922081 0.07435691029362856
34 0.19609550470097725 0.3639635159322995 0.3366686853408921 0.14554486592297358 0.2898331374717991 0.451531536846141 0.19609550477183368 0.4076814622854928 0.3366686854801214 0.31320307488848015 0.24136904035620355 0.29793073820321936 0.24704617402077797 0.2413690401639851 0.4076814623511638 0.15796676057750714 0.4515315364184196 0.4076814621581237 0.2470461737323314 0.31933913234820266
16 0.04954739206115432 0.3645107658108592 0.5247393574763192 0.28377496763402776 0.1555501199196749 0.32838906974824 0.04954739185365434 0.3569442937688244 0.5247393576906351 0.5046812817669348 0.2762004131814828 0.19316158504847736 0.05237141045536295 0.27620041291075575 0.3569442936448252 0.051071996367861576 0.3283890690113608 0.35694429333033434 0.05237141043211793 0.39521395969624934
1 0.20130649229920877 0.4703207323236757 0.3203001210506585 0.13936917327867787 0.24535119703119837 0.4076814623138554 0.20130649239382334 0.46053683023107145 0.32030012146045755 0.3658837614865316 0.17307434838099986 0.2555885744585959 0.2084762167252496 0.173074348135068 0.4605368298594199 0.1936119518191391 0.40768146192598986 0.4605368294333706 0.20847621654723017 0.24644972280515043
66 -0.019149347785871944 0.3078035145357459 0.5437280650359914 0.5031391122836633 0.014505649570598389 0.16275790486750574 -0.019149347221552253 0.20199480843860876 0.5437280648681232 0.5943123113483113 0.30672904698217524 0.2530001030877986 -0.03492573140451517 0.30672904673380275 0.20199480856141494 -0.024519388322916873 0.16275790393239428 0.20199480858150043 -0.03492573187320091 0.5252675363034472
68 0.6083784335277169 0.25284477451696447 0.03296021886670519 0.025279873608328618 0.19237899232045128 0.15796676059395476 0.60837843440875 0.1936119519045044 0.03296021921865883 0.09637418667561164 0.06425670288427687 0.3137351856027594 0.4079286907065266 0.064256702803981 0.19361195195355535 0.7368513801892926 0.15796676058654474 0.19361195170772208 0.40792869051175257 0.04357103297946745
50 0.19609550470097725 0.3639635159322995 0.3366686853408921 0.14554486592297358 0.2898331374717991 0.451531536846141 0.19609550477183368 0.4076814622854928 0.3366686854801214 0.31320307488848015 0.24136904035620355 0.29793073820321936 0.24704617402077797 0.2413690401639851 0.4076814623511638 0.15796676057750714 0.4515315364184196 0.4076814621581237 0.2470461737323314 0.31933913234820266
32 0.055014298426941666 0.19241045874988671 0.45943800417846425 0.4460002704226733 0.23156083270741945 0.31933913277568227 0.05501429831406007 0.24644972269720267 0.45943800428974413 0.32823406333279137 0.47240076540434117 0.22490058047870676 0.0743569102864412 0.4724007650330293 0.24644972292477263 0.043571032979460855 0.3193391320697909 0.24644972258308684 0.07435691030321911 0.5276886545302943
35 0.19609550470097725 0.3639635159322995 0.3366686853408921 0.14554486592297358 0.2898331374717991 0.451531536846141 0.19609550477183368 0.4076814622854928 0.3366686854801214 0.31320307488848015 0.24136904035620355 0.29793073820321936 0.24704617402077797 0.2413690401639851 0.4076814623511638 0.15796676057750714 0.4515315364184196 0.4076814621581237 0.2470461737323314 0.31933913234820266
14 0.04378175896622889 0.2819286593509866 0.530381225670973 0.34508997808709585 0.1963341146202462 0.3366686857781212 0.04378175869982394 0.3203001211078311 0.530381225791086 0.41734596315267375 0.34721980426367 0.16278846208924683 0.06325026338699453 0.3472198040096533 0.3203001214178399 0.03296021912833278 0.33666868540119466 0.3203001212407904 0.06325026340821449 0.45943800430844417
4 0.04378175896622889 0.2819286593509866 0.530381225670973 0.34508997808709585 0.1963341146202462 0.3366686857781212 0.04378175869982394 0.3203001211078311 0.530381225791086 0.41734596315267375 0.34721980426367 0.16278846208924683 0.06325026338699453 0.3472198040096533 0.3203001214178399 0.03296021912833278 0.33666868540119466 0.3203001212407904 0.06325026340821449 0.45943800430844417
48 0.5915528413622443 0.22235584885586374 0.04378175852953619 0.023603695954391074 0.245583812198007 0.19609550492762431 0.5915528427338295 0.20130649231716238 0.04378175907550906 0.08104293019157988 0.060647774965282744 0.3072382413742563 0.5030088580849353 0.060647774839949944 0.2013064924934541 0.6083784339354544 0.196095504713106 0.20130649232605952 0.5030088577634334 0.055014298269098705
22 0.5915528413622443 0.22235584885586374 0.04378175852953619 0.023603695954391074 0.245583812198007 0.19609550492762431 0.5915528427338295 0.20130649231716238 0.04378175907550906 0.08104293019157988 0.060647774965282744 0.3072382413742563 0.5030088580849353 0.060647774839949944 0.2013064924934541 0.6083784339354544 0.196095504713106 0.20130649232605952 0.5030088577634334 0.055014298269098705
37 0.06064777507120663 0.14400803939634732 0.34721980405270886 0.5720649421752813 0.2833417473668017 0.24136904038468432 0.06064777489432027 0.17307434799652832 0.3472198042028419 0.2211734830380798 0.6230588159995576 0.22604200975700545 0.08108776248848155 0.6230588157338115 0.17307434836392396 0.06425670286783693 0.24136904005520157 0.17307434820559206 0.08108776253831158 0.47240076528049174
17 0.20130649229920877 0.4703207323236757 0.3203001210506585 0.13936917327867787 0.24535119703119837 0.4076814623138554 0.20130649239382334 0.46053683023107145 0.32030012146045755 0.3658837614865316 0.17307434838099986 0.2555885744585959 0.2084762167252496 0.173074348135068 0.4605368298594199 0.1936119518191391 0.40768146192598986 0.4605368294333706 0.20847621654723017 0.24644972280515043
23 0.5915528413622443 0.22235584885586374 0.04378175852953619 0.023603695954391074 0.245583812198007 0.19609550492762431 0.5915528427338295 0.20130649231716238 0.04378175907550906 0.08104293019157988 0.060647774965282744 0.3072382413742563 0.5030088580849353 0.060647774839949944 0.2013064924934541 0.6083784339354544 0.196095504713106 0.20130649232605952 0.5030088577634334 0.055014298269098705
43 0.24558381221410008 0.20252065572098235 0.1963341144119126 0.21681436478850388 0.7516715023897066 0.2898331375873517 0.2455838122895858 0.2453511975857996 0.19633411467884151 0.24794030116958993 0.2833417474126205 0.5282189830600552 0.3232389842281667 0.2833417472235712 0.24535119696086807 0.19237899232046088 0.2898331372226917 0.24535119692246068 0.3232389839133294 0.231560832707428
69 0.6083784335277169 0.25284477451696447 0.03296021886670519 0.025279873608328618 0.19237899232045128 0.15796676059395476 0.60837843440875 0.1936119519045044 0.03296021921865883 0.09637418667561164 0.06425670288427687 0.3137351856027594 0.4079286907065266 0.064256702803981 0.19361195195355535 0.7368513801892926 0.15796676058654474 0.19361195170772208 0.40792869051175257 0.04357103297946745
65 0.2441494318190831 0.5908812534780497 0.24104884987738584 0.14066838323316902 0.1656479295273209 0.32250928064145096 0.24414943199270991 0.46165906763922754 0.24104885021928485 0.4553511242507 0.1338455207890267 0.3311563970175903 0.1533871949010554 0.13384552068150976 0.4616590675790972 0.31358642986690166 0.3225092800396254 0.46165906722832395 0.15338719460393405 0.15020942662346257
25 0.19609550470097725 0.3639635159322995 0.3366686853408921 0.14554486592297358 0.2898331374717991 0.451531536846141 0.19609550477183368 0.4076814622854928 0.3366686854801214 0.31320307488848015 0.24136904035620355 0.29793073820321936 0.24704617402077797 0.2413690401639851 0.4076814623511638 0.15796676057750714 0.4515315364184196 0.4076814621581237 0.2470461737323314 0.31933913234820266
6 0.04378175896622889 0.2819286593509866 0.530381225670973 0.34508997808709585 0.1963341146202462 0.3366686857781212 0.04378175869982394 0.3203001211078311 0.530381225791086 0.41734596315267375 0.34721980426367 0.16278846208924683 0.06325026338699453 0.3472198040096533 0.3203001214178399 0.03296021912833278 0.33666868540119466 0.3203001212407904 0.06325026340821449 0.45943800430844417
28 0.5030088577262324 0.17736074790030273 0.0632502628500435 0.004497656726593292 0.32323898405001267 0.24704617405076007 0.5030088581994799 0.2084762170261594 0.06325026349745447 0.04169708784947258 0.08108776251437054 0.26857971365865313 0.6475310541798037 0.08108776241052451 0.20847621681209452 0.40792869060070525 0.24704617390810946 0.20847621653260356 0.6475310536922081 0.07435691029362856
38 0.5030088577262324 0.17736074790030273 0.0632502628500435 0.004497656726593292 0.32323898405001267 0.24704617405076007 0.5030088581994799 0.2084762170261594 0.06325026349745447 0.04169708784947258 0.08108776251437054 0.26857971365865313 0.6475310541798037 0.08108776241052451 0.20847621681209452 0.40792869060070525 0.24704617390810946 0.20847621653260356 0.6475310536922081 0.07435691029362856
56 0.19609550470097725 0.3639635159322995 0.3366686853408921 0.14554486592297358 0.2898331374717991 0.451531536846141 0.19609550477183368 0.4076814622854928 0.3366686854801214 0.31320307488848015 0.24136904035620355 0.29793073820321936 0.24704617402077797 0.2413690401639851 0.4076814623511638 0.15796676057750714 0.4515315364184196 0.4076814621581237 0.2470461737323314 0.31933913234820266
13 0.20130649229920877 0.4703207323236757 0.3203001210506585 0.13936917327867787 0.24535119703119837 0.4076814623138554 0.20130649239382334 0.46053683023107145 0.32030012146045755 0.3658837614865316 0.17307434838099986 0.2555885744585959 0.2084762167252496 0.173074348135068 0.4605368298594199 0.1936119518191391 0.40768146192598986 0.4605368294333706 0.20847621654723017 0.24644972280515043
62 0.09491212549838553 0.23064296744270732 0.33893416308015706 0.3883714073286872 0.4021184481586659 0.32550479687739464 0.094912124890113 0.2642408081230281 0.3389341630396714 0.4891411350887345 0.3467366189249585 0.49297478983935966 0.06515236145031363 0.34673661878364687 0.2642408080531052 0.10042489640147735 0.32550479653531383 0.2642408079126714 0.06515236127135197 0.47260841504932843
12 0.04378175896622889 0.2819286593509866 0.530381225670973 0.34508997808709585 0.1963341146202462 0.3366686857781212 0.04378175869982394 0.3203001211078311 0.530381225791086 0.41734596315267375 0.34721980426367 0.16278846208924683 0.06325026338699453 0.3472198040096533 0.3203001214178399 0.03296021912833278 0.33666868540119466 0.3203001212407904 0.06325026340821449 0.45943800430844417
41 0.08861136158396146 0.13662478299193642 0.29053606322882286 0.48872994567972405 0.5318855775801069 0.2918180795995406 0.0886113607225251 0.21187128013269138 0.2905360634408029 0.3685004678300735 0.4417721449547335 0.4594561241975297 0.07784020012909769 0.441772144643865 0.2118712801377745 0.09198709861351657 0.2918180789494795 0.2118712799429418 0.07784020007962406 0.4593020853302412
19 0.20130649229920877 0.4703207323236757 0.3203001210506585 0.13936917327867787 0.24535119703119837 0.4076814623138554 0.20130649239382334 0.46053683023107145 0.32030012146045755 0.3658837614865316 0.17307434838099986 0.2555885744585959 0.2084762167252496 0.173074348135068 0.4605368298594199 0.1936119518191391 0.40768146192598986 0.4605368294333706 0.20847621654723017 0.24644972280515043
33 0.5030088577262324 0.17736074790030273 0.0632502628500435 0.004497656726593292 0.32323898405001267 0.24704617405076007 0.5030088581994799 0.2084762170261594 0.06325026349745447 0.04169708784947258 0.08108776251437054 0.26857971365865313 0.6475310541798037 0.08108776241052451 0.20847621681209452 0.40792869060070525 0.24704617390810946 0.20847621653260356 0.6475310536922081 0.07435691029362856
46 0.023603696041384584 0.13875076150930055 0.34508997799412433 0.7959104579512069 0.21681436478850033 0.14554486621911847 0.023603695876624184 0.139369173149516 0.3450899780582386 0.262143002522573 0.5720649421648568 0.19367139466513408 0.004497656580262907 0.572064942117345 0.13936917330571652 0.025279873608315708 0.14554486562591915 0.13936917321001707 0.004497656818012454 0.446000270422681
30 0.19609550470097725 0.3639635159322995 0.3366686853408921 0.14554486592297358 0.2898331374717991 0.451531536846141 0.19609550477183368 0.4076814622854928 0.3366686854801214 0.31320307488848015 0.24136904035620355 0.29793073820321936 0.24704617402077797 0.2413690401639851 0.4076814623511638 0.15796676057750714 0.4515315364184196 0.4076814621581237 0.2470461737323314 0.31933913234820266
7 0.22235584880257675 0.5428590907032778 0.2819286591081011 0.13875076150929266 0.20252065572097278 0.36396351624371837 0.22235584886957763 0.4703207321567962 0.28192865953990875 0.4164145415383599 0.14400803938202564 0.28266330073981427 0.17736074813884795 0.14400803936302595 0.470320732333945 0.25284477451698145 0.36396351570748503 0.47032073217002535 0.1773607476862477 0.19241045874986812
54 0.5030088577262324 0.17736074790030273 0.0632502628500435 0.004497656726593292 0.32323898405001267 0.24704617405076007 0.5030088581994799 0.2084762170261594 0.06325026349745447 0.04169708784947258 0.08108776251437054 0.26857971365865313 0.6475310541798037 0.08108776241052451 0.20847621681209452 0.40792869060070525 0.24704617390810946 0.20847621653260356 0.6475310536922081 0.07435691029362856
9 0.22235584880257675 0.5428590907032778 0.2819286591081011 0.13875076150929266 0.20252065572097278 0.36396351624371837 0.22235584886957763 0.4703207321567962 0.28192865953990875 0.4164145415383599 0.14400803938202564 0.28266330073981427 0.17736074813884795 0.14400803936302595 0.470320732333945 0.25284477451698145 0.36396351570748503 0.47032073217002535 0.1773607476862477 0.19241045874986812
40 0.08104293007085218 0.41641454153827506 0.41734596299282173 0.2621430025225747 0.2479403011695562 0.31320307519495516 0.08104293018004188 0.36588376148786494 0.4173459632102017 0.6251269275418788 0.2211734830760325 0.35775309600109734 0.04169708800642939 0.22117348299949055 0.36588376156261204 0.09637418667560155 0.31320307456676877 0.3658837614694508 0.04169708788066728 0.3282340633327735
39 0.5030088577262324 0.17736074790030273 0.0632502628500435 0.004497656726593292 0.32323898405001267 0.24704617405076007 0.5030088581994799 0.2084762170261594 0.06325026349745447 0.04169708784947258 0.08108776251437054 0.26857971365865313 0.6475310541798037 0.08108776241052451 0.20847621681209452 0.40792869060070525 0.24704617390810946 0.20847621653260356 0.6475310536922081 0.07435691029362856
10 0.04378175896622889 0.2819286593509866 0.530381225670973 0.34508997808709585 0.1963341146202462 0.3366686857781212 0.04378175869982394 0.3203001211078311 0.530381225791086 0.41734596315267375 0.34721980426367 0.16278846208924683 0.06325026338699453 0.3472198040096533 0.3203001214178399 0.03296021912833278 0.33666868540119466 0.3203001212407904 0.06325026340821449 0.45943800430844417
20 0.22235584880257675 0.5428590907032778 0.2819286591081011 0.13875076150929266 0.20252065572097278 0.36396351624371837 0.22235584886957763 0.4703207321567962 0.28192865953990875 0.4164145415383599 0.14400803938202564 0.28266330073981427 0.17736074813884795 0.14400803936302595 0.470320732333945 0.25284477451698145 0.36396351570748503 0.47032073217002535 0.1773607476862477 0.19241045874986812
51 0.19609550470097725 0.3639635159322995 0.3366686853408921 0.14554486592297358 0.2898331374717991 0.451531536846141 0.19609550477183368 0.4076814622854928 0.3366686854801214 0.31320307488848015 0.24136904035620355 0.29793073820321936 0.24704617402077797 0.2413690401639851 0.4076814623511638 0.15796676057750714 0.4515315364184196 0.4076814621581237 0.2470461737323314 0.31933913234820266
44 0.24558381221410008 0.20252065572098235 0.1963341144119126 0.21681436478850388 0.7516715023897066 0.2898331375873517 0.2455838122895858 0.2453511975857996 0.19633411467884151 0.24794030116958993 0.2833417474126205 0.5282189830600552 0.3232389842281667 0.2833417472235712 0.24535119696086807 0.19237899232046088 0.2898331372226917 0.24535119692246068 0.3232389839133294 0.231560832707428
64 0.30723824144161155 0.28266330073977 0.1627884618356447 0.19367139466513644 0.5282189830600335 0.2979307383650813 0.30723824156089574 0.25558857464844165 0.16278846208970024 0.35775309600108707 0.2260420098347399 0.6817824328986275 0.2685797137054726 0.2260420096450994 0.25558857436688404 0.3137351856027297 0.29793073798984004 0.2555885743362095 0.26857971347625736 0.22490058047869296
2 0.04378175896622889 0.2819286593509866 0.530381225670973 0.34508997808709585 0.1963341146202462 0.3366686857781212 0.04378175869982394 0.3203001211078311 0.530381225791086 0.41734596315267375 0.34721980426367 0.16278846208924683 0.06325026338699453 0.3472198040096533 0.3203001214178399 0.03296021912833278 0.33666868540119466 0.3203001212407904 0.06325026340821449 0.45943800430844417
