id,x_0,x_1,x_2,x_3,x_4,x_5,x_6,x_7,x_8,x_9,x_10,x_11,x_12,x_13,x_14,x_15,x_16,x_17,x_18
0.0,0.9295587972423759,0.0004438459152484864,2.220446049250313e-16,0.10852376109106923,0.4894303983587514,0.1780471855948731,2.220446049250313e-16,1.021868153166161,0.005337627334617654,0.025829727020245632,0.5807388470389167,2.220446049250313e-16,2.220446049250313e-16,2.220446049250313e-16,2.220446049250313e-16,2.220446049250313e-16,0.4950774964469738,0.042520996042161224,2.220446049250313e-16
1.0,2.220446049250313e-16,2.220446049250313e-16,0.5875526904006598,1.0139029451851822,0.004656022687669559,2.220446049250313e-16,2.220446049250313e-16,2.220446049250313e-16,0.9131965531845135,0.6986390797407098,2.220446049250313e-16,0.10799539185464915,2.220446049250313e-16,0.0018126685223901252,2.220446049250313e-16,0.7975313163529864,0.0715024355169048,2.220446049250313e-16,2.220446049250313e-16
2.0,2.220446049250313e-16,0.001078076513734395,0.2916855661751364,2.220446049250313e-16,2.220446049250313e-16,1.0870819179997657,0.6525536216546746,0.2819264131816692,2.220446049250313e-16,0.46813120807993724,2.220446049250313e-16,0.036262942078354246,2.220446049250313e-16,0.7166257095612661,0.4936409222812242,2.220446049250313e-16,2.220446049250313e-16,0.00041275185304617763,2.220446049250313e-16
3.0,2.220446049250313e-16,0.0005393606704133936,0.8735994066660431,0.29457949197943556,0.40076894344203284,0.006110441013604016,2.220446049250313e-16,2.220446049250313e-16,0.769632545139889,0.04176896443235874,2.220446049250313e-16,2.220446049250313e-16,0.15394403631903056,2.220446049250313e-16,2.220446049250313e-16,0.8109677028545682,0.6098250897745832,0.5369815640244825,0.1019466475014005
4.0,2.220446049250313e-16,2.220446049250313e-16,0.3340716776630436,2.220446049250313e-16,2.220446049250313e-16,1.0368380800897192,0.09946780894594885,0.7870908921764488,2.220446049250313e-16,0.45735813890282895,2.220446049250313e-16,2.220446049250313e-16,0.03369196012935647,0.5934881443830825,0.46151295729449476,2.220446049250313e-16,2.220446049250313e-16,0.2544134826268592,2.220446049250313e-16
5.0,0.2687921426254206,2.220446049250313e-16,0.13933048061870923,0.3503489438655704,2.220446049250313e-16,2.220446049250313e-16,2.220446049250313e-16,2.220446049250313e-16,0.9779486122528908,1.073385817271791,0.026826987224700817,0.8573817544353245,2.220446049250313e-16,2.220446049250313e-16,0.47693553445961295,2.220446049250313e-16,2.220446049250313e-16,2.220446049250313e-16,0.00818335203279063
6.0,0.9665969597384548,0.0002541592634222045,2.220446049250313e-16,2.220446049250313e-16,0.9246284287573338,0.41651047738953234,2.220446049250313e-16,0.9977471674245476,2.220446049250313e-16,0.035696316451447135,0.0339395863242301,2.220446049250313e-16,2.220446049250313e-16,2.220446049250313e-16,2.220446049250313e-16,2.220446049250313e-16,0.06491165738497225,0.2746734844486478,2.220446049250313e-16
7.0,0.22095396110682233,2.220446049250313e-16,0.30266785540357843,1.1137363852038027,0.014463934606064531,2.220446049250313e-16,0.2186781401589115,2.220446049250313e-16,0.7016721753256581,0.8881889076567394,2.220446049250313e-16,0.33481830636990784,2.220446049250313e-16,0.0007377495275754248,0.007910765084365733,2.220446049250313e-16,2.220446049250313e-16,2.220446049250313e-16,0.045268529636006284
8.0,0.1663894285356831,0.47450781403096265,2.220446049250313e-16,2.220446049250313e-16,0.017480790155601722,0.7542753356251954,0.6625786061957564,0.32767610282249826,2.220446049250313e-16,0.45232172022923095,0.6521194642117415,2.220446049250313e-16,2.220446049250313e-16,2.220446049250313e-16,2.220446049250313e-16,0.23810425384400846,2.220446049250313e-16,0.7733077233540505,2.220446049250313e-16
9.0,1.0159064875577606,0.47442371355609225,0.007347500012915225,2.220446049250313e-16,0.2575486727983394,2.220446049250313e-16,1.000118517892577,2.220446049250313e-16,2.220446049250313e-16,0.19768497258859052,0.7314392425198966,2.220446049250313e-16,2.220446049250313e-16,2.220446049250313e-16,2.220446049250313e-16,0.047923686329730764,0.8590059408747143,0.042269598076232685,2.220446049250313e-16
10.0,0.9698535042390625,0.0004697686203534168,2.220446049250313e-16,2.220446049250313e-16,0.3643211560358382,0.5497242097754741,2.220446049250313e-16,0.9874484995788558,2.220446049250313e-16,0.029115495713287108,0.6481182379786431,2.220446049250313e-16,2.220446049250313e-16,2.220446049250313e-16,2.220446049250313e-16,0.0049820643885638595,2.220446049250313e-16,0.277727199282736,0.0005378348766619255
11.0,0.9795888310800951,0.4746280485849469,2.220446049250313e-16,1.0368763967950818,2.220446049250313e-16,2.220446049250313e-16,0.8385551214564321,0.1555846222076007,2.220446049250313e-16,2.220446049250313e-16,2.220446049250313e-16,2.220446049250313e-16,2.220446049250313e-16,2.220446049250313e-16,1.3877787807814457e-17,0.3279866966610824,0.4141161309778101,2.220446049250313e-16,0.0038330570163690944
12.0,0.1684716338236734,0.474473499534269,2.220446049250313e-16,2.220446049250313e-16,0.21097964923309348,0.5935023172916132,2.220446049250313e-16,1.0166144612389343,0.018141662131132,0.3990454813281627,0.7132371658286024,0.0019683095871688874,2.220446049250313e-16,2.220446049250313e-16,2.220446049250313e-16,0.4517822015701552,2.220446049250313e-16,0.3106336975281322,2.220446049250313e-16
13.0,0.06868289257234066,2.220446049250313e-16,0.6727707759948871,1.2326246996741228,2.220446049250313e-16,2.220446049250313e-16,0.683137230900387,2.220446049250313e-16,0.13332438852827794,0.40713429930935024,2.220446049250313e-16,0.10641669822945048,2.220446049250313e-16,2.220446049250313e-16,2.220446049250313e-16,0.7914590604925943,0.0049925821126720026,2.220446049250313e-16,2.220446049250313e-16
14.0,1.0098983853273251,0.00033424880695198667,0.0249174028034833,0.0763326828733687,0.8346970395162969,2.220446049250313e-16,0.01467473982996421,0.9689671916415291,2.220446049250313e-16,0.029309717625674553,0.596207894772832,0.010607300686789879,2.220446049250313e-16,2.220446049250313e-16,2.220446049250313e-16,2.220446049250313e-16,0.40774166118588007,2.220446049250313e-16,0.0031148904230653097
15.0,0.975337053066306,0.4746536259026367,2.220446049250313e-16,1.1674024438256323,2.220446049250313e-16,2.220446049250313e-16,0.838597760896103,0.15382630431830982,2.220446049250313e-16,2.220446049250313e-16,2.220446049250313e-16,2.220446049250313e-16,2.220446049250313e-16,2.220446049250313e-16,2.220446049250313e-16,0.3292489557804478,0.2760588010443391,2.220446049250313e-16,2.220446049250313e-16
16.0,0.10690437459674365,2.220446049250313e-16,2.220446049250313e-16,2.220446049250313e-16,0.26519705849826614,0.9053176839384917,2.220446049250313e-16,0.9848795339233511,0.0014347618547089068,0.343965539415275,0.012965834602411798,0.04566047031689116,2.220446049250313e-16,2.220446049250313e-16,0.49706796871370423,0.004440340675598609,2.220446049250313e-16,0.7794404100204535,2.220446049250313e-16
17.0,2.220446049250313e-16,0.001143578926138861,0.3845102611653458,2.220446049250313e-16,0.008364258333858426,2.220446049250313e-16,2.220446049250313e-16,2.220446049250313e-16,1.0078419366846678,0.5702871078312296,2.220446049250313e-16,0.33893830957968585,2.220446049250313e-16,2.220446049250313e-16,0.4908213585840729,0.7901014583684697,0.978946808651201,0.23419797799892625,2.220446049250313e-16
18.0,0.017984355215002218,0.47427854894349863,0.1666049300581859,2.220446049250313e-16,2.220446049250313e-16,0.9964309333998987,2.220446049250313e-16,0.9687441030463395,2.220446049250313e-16,0.4956001953803004,2.220446049250313e-16,0.03933032509944425,2.220446049250313e-16,0.3170139956945399,0.018746447445746415,2.220446049250313e-16,2.220446049250313e-16,0.4638980375718002,2.220446049250313e-16
19.0,2.220446049250313e-16,2.220446049250313e-16,0.0735507844702347,0.7849641986089304,2.220446049250313e-16,2.220446049250313e-16,0.07659089401997464,2.220446049250313e-16,0.8952552114260142,0.9174100067419687,2.220446049250313e-16,0.6318083867526397,2.220446049250313e-16,2.220446049250313e-16,0.48124055975990726,0.696822516909063,2.220446049250313e-16,2.220446049250313e-16,2.220446049250313e-16
20.0,0.9500437067592933,2.220446049250313e-16,0.007976359094840735,1.1585726607720053,2.220446049250313e-16,2.220446049250313e-16,0.15435927041913922,0.8481872445386843,2.220446049250313e-16,2.220446049250313e-16,2.220446049250313e-16,2.220446049250313e-16,2.220446049250313e-16,0.0007139453224173465,5.551115123125783e-17,0.09169700391851786,0.3116311412375106,2.220446049250313e-16,2.220446049250313e-16
21.0,0.9509241939861794,2.220446049250313e-16,0.008618381414529974,0.6095201739573256,0.06918411594280707,2.220446049250313e-16,0.02046605035035808,0.9713252904759806,2.220446049250313e-16,2.220446049250313e-16,2.220446049250313e-16,2.220446049250313e-16,2.220446049250313e-16,0.0022243311588893227,8.326672684688674e-17,0.0822826391709222,0.9741405595134545,2.220446049250313e-16,0.001198244190771943
22.0,0.6095852157965361,0.4751204296910183,2.220446049250313e-16,0.49530820454503943,0.9095135144660439,0.013905067279904168,2.220446049250313e-16,1.0006193338922662,2.220446049250313e-16,2.220446049250313e-16,2.220446049250313e-16,2.220446049250313e-16,2.220446049250313e-16,2.220446049250313e-16,2.220446049250313e-16,0.41217763580880645,0.35378595740581914,2.220446049250313e-16,0.0040836631822365
23.0,0.2916312880224627,2.220446049250313e-16,0.11314790640555805,0.7247122298251693,2.220446049250313e-16,2.220446049250313e-16,0.645500197378119,0.30689948107538834,2.220446049250313e-16,0.4215343903655694,2.220446049250313e-16,0.9095416499670563,0.007304358803009233,2.220446049250313e-16,0.4949270222123115,0.1498766372039019,2.220446049250313e-16,2.220446049250313e-16,0.0006245406943050625
24.0,0.2916312880224627,2.220446049250313e-16,0.11314790640555805,0.7247122298251693,2.220446049250313e-16,2.220446049250313e-16,0.645500197378119,0.30689948107538834,2.220446049250313e-16,0.4215343903655694,2.220446049250313e-16,0.9095416499670563,0.007304358803009233,2.220446049250313e-16,0.4949270222123115,0.1498766372039019,2.220446049250313e-16,2.220446049250313e-16,0.0006245406943050625
25.0,0.03773053504232458,0.47681289406444405,0.20267152937896107,2.220446049250313e-16,0.12450496200496022,0.8470421700387267,0.012565208315970426,2.220446049250313e-16,0.8229547680724788,2.220446049250313e-16,2.220446049250313e-16,0.027425425211325904,0.7627429790606411,0.7153191583997025,2.220446049250313e-16,2.220446049250313e-16,0.0039036577866191063,2.220446049250313e-16,0.021444000556203487
26.0,2.220446049250313e-16,0.47524842685114244,0.15518316779727326,2.220446049250313e-16,0.08498010705229979,0.578038156118446,2.220446049250313e-16,2.220446049250313e-16,2.220446049250313e-16,2.220446049250313e-16,0.5955453535244829,2.220446049250313e-16,0.7535786801240404,0.7329628401031848,1.1102230246251565e-16,0.4813201438568553,2.220446049250313e-16,2.220446049250313e-16,0.7765644205264672
27.0,2.220446049250313e-16,2.220446049250313e-16,2.220446049250313e-16,2.220446049250313e-16,2.220446049250313e-16,1.0304297515387884,0.9339050063583964,0.03823263059875783,2.220446049250313e-16,2.220446049250313e-16,2.220446049250313e-16,2.220446049250313e-16,0.7751074946060852,0.7763527266842707,0.47413631442009146,2.220446049250313e-16,2.220446049250313e-16,2.220446049250313e-16,2.220446049250313e-16
28.0,2.220446049250313e-16,2.220446049250313e-16,2.220446049250313e-16,0.06275054250599833,0.8134671140149174,2.220446049250313e-16,2.220446049250313e-16,2.220446049250313e-16,2.220446049250313e-16,2.220446049250313e-16,0.26330546514944725,2.220446049250313e-16,0.8826452766587863,0.8163777983339024,2.220446049250313e-16,2.220446049250313e-16,0.4786289540053926,2.220446049250313e-16,0.9713005537290669
29.0,2.220446049250313e-16,2.220446049250313e-16,2.220446049250313e-16,0.06275054250599833,0.8134671140149174,2.220446049250313e-16,2.220446049250313e-16,2.220446049250313e-16,2.220446049250313e-16,2.220446049250313e-16,0.26330546514944725,2.220446049250313e-16,0.8826452766587863,0.8163777983339024,2.220446049250313e-16,2.220446049250313e-16,0.4786289540053926,2.220446049250313e-16,0.9713005537290669
30.0,0.2558050632623199,0.0015309558745056906,0.12860642306139722,0.09269652707051279,2.220446049250313e-16,2.220446049250313e-16,2.220446049250313e-16,2.220446049250313e-16,2.220446049250313e-16,0.6994893237287025,2.220446049250313e-16,0.7812044221235587,0.17492121009869363,2.220446049250313e-16,0.48725530044721593,2.220446049250313e-16,0.2216221060472628,0.48739699407897213,0.9172079940161262
31.0,0.003943807491513864,0.000953718141529114,0.4423769447634891,2.220446049250313e-16,2.220446049250313e-16,0.9845518264942139,2.220446049250313e-16,0.9461057993901425,2.220446049250313e-16,0.133422817622471,2.220446049250313e-16,0.007688521418272744,0.15498421082029043,0.8245905936139271,2.220446049250313e-16,2.220446049250313e-16,0.017071414689189258,2.220446049250313e-16,2.220446049250313e-16
32.0,2.220446049250313e-16,2.220446049250313e-16,2.220446049250313e-16,2.220446049250313e-16,2.220446049250313e-16,0.01429625652009958,2.220446049250313e-16,2.220446049250313e-16,2.220446049250313e-16,0.004402277090894691,2.220446049250313e-16,0.9708689852376066,0.8527969919769609,2.220446049250313e-16,2.220446049250313e-16,2.220446049250313e-16,0.2393753695882932,0.7131572236081472,0.9707501199041043
33.0,2.220446049250313e-16,2.220446049250313e-16,2.220446049250313e-16,2.220446049250313e-16,2.220446049250313e-16,0.01429625652009958,2.220446049250313e-16,2.220446049250313e-16,2.220446049250313e-16,0.004402277090894691,2.220446049250313e-16,0.9708689852376066,0.8527969919769609,2.220446049250313e-16,2.220446049250313e-16,2.220446049250313e-16,0.2393753695882932,0.7131572236081472,0.9707501199041043
34.0,2.220446049250313e-16,2.220446049250313e-16,2.220446049250313e-16,2.220446049250313e-16,2.220446049250313e-16,0.01429625652009958,2.220446049250313e-16,2.220446049250313e-16,2.220446049250313e-16,0.004402277090894691,2.220446049250313e-16,0.9708689852376066,0.8527969919769609,2.220446049250313e-16,2.220446049250313e-16,2.220446049250313e-16,0.2393753695882932,0.7131572236081472,0.9707501199041043
35.0,0.8558876141453947,2.220446049250313e-16,0.1629574661557578,0.4276479276312368,2.220446049250313e-16,2.220446049250313e-16,2.220446049250313e-16,2.220446049250313e-16,0.6171182751430179,2.220446049250313e-16,2.220446049250313e-16,1.0489713123193345,2.220446049250313e-16,2.220446049250313e-16,0.4741363144200915,2.220446049250313e-16,2.220446049250313e-16,2.220446049250313e-16,0.40557252486184164
36.0,0.48013518723752296,2.220446049250313e-16,2.220446049250313e-16,2.220446049250313e-16,2.220446049250313e-16,1.0091790441826562,2.220446049250313e-16,1.005527693356955,2.220446049250313e-16,0.14662760160270544,2.220446049250313e-16,0.040455492223672215,2.220446049250313e-16,0.5262345782181062,2.220446049250313e-16,2.220446049250313e-16,2.220446049250313e-16,0.21590976698331388,2.220446049250313e-16
37.0,0.2644992636479915,2.220446049250313e-16,0.4143989421983474,0.525667203539311,0.008425149774025914,2.220446049250313e-16,2.220446049250313e-16,2.220446049250313e-16,0.982030917112879,0.9081722641486166,0.025198424902004378,0.5189898926336576,2.220446049250313e-16,0.003149346041109077,0.007359212539196095,2.220446049250313e-16,0.19174347236196268,2.220446049250313e-16,0.04012737639590568
38.0,2.220446049250313e-16,2.220446049250313e-16,0.1947393043289134,0.43900722746168175,2.220446049250313e-16,0.038918919934793565,2.220446049250313e-16,2.220446049250313e-16,2.220446049250313e-16,2.220446049250313e-16,2.220446049250313e-16,1.0607926024154295,0.5677430972787878,2.220446049250313e-16,2.220446049250313e-16,0.16314652000681054,2.220446049250313e-16,0.008832856654368804,0.9886933712603565
39.0,2.220446049250313e-16,2.220446049250313e-16,0.1947393043289134,0.43900722746168175,2.220446049250313e-16,0.038918919934793565,2.220446049250313e-16,2.220446049250313e-16,2.220446049250313e-16,2.220446049250313e-16,2.220446049250313e-16,1.0607926024154295,0.5677430972787878,2.220446049250313e-16,2.220446049250313e-16,0.16314652000681054,2.220446049250313e-16,0.008832856654368804,0.9886933712603565
40.0,0.038862697308531015,0.4764985863284681,0.42282114147924327,2.220446049250313e-16,0.42227903495404956,0.7209728991712788,0.4568118841666288,2.220446049250313e-16,0.30416573295447685,2.220446049250313e-16,2.220446049250313e-16,2.220446049250313e-16,0.7097278487584389,0.38788916352304914,2.220446049250313e-16,0.0002612898697455101,2.220446049250313e-16,0.307798008935823,0.03076809380742435
41.0,2.220446049250313e-16,0.4749187527132915,0.36764482865594506,2.220446049250313e-16,0.5165459471549024,0.33733591267073054,2.220446049250313e-16,2.220446049250313e-16,2.220446049250313e-16,2.220446049250313e-16,0.6150380999406472,2.220446049250313e-16,0.5875321154670918,0.7580153526436381,1.1102230246251565e-16,0.47851622013031136,2.220446049250313e-16,2.220446049250313e-16,0.7958974287213394
42.0,2.220446049250313e-16,2.220446049250313e-16,2.220446049250313e-16,2.220446049250313e-16,2.220446049250313e-16,1.0304297515387884,0.9339050063583964,0.03823263059875783,2.220446049250313e-16,2.220446049250313e-16,2.220446049250313e-16,2.220446049250313e-16,0.7751074946060852,0.7763527266842707,0.47413631442009146,2.220446049250313e-16,2.220446049250313e-16,2.220446049250313e-16,2.220446049250313e-16
43.0,2.220446049250313e-16,2.220446049250313e-16,2.220446049250313e-16,0.06275054250599833,0.8134671140149174,2.220446049250313e-16,2.220446049250313e-16,2.220446049250313e-16,2.220446049250313e-16,2.220446049250313e-16,0.26330546514944725,2.220446049250313e-16,0.8826452766587863,0.8163777983339024,2.220446049250313e-16,2.220446049250313e-16,0.4786289540053926,2.220446049250313e-16,0.9713005537290669
44.0,2.220446049250313e-16,2.220446049250313e-16,2.220446049250313e-16,0.06275054250599833,0.8134671140149174,2.220446049250313e-16,2.220446049250313e-16,2.220446049250313e-16,2.220446049250313e-16,2.220446049250313e-16,0.26330546514944725,2.220446049250313e-16,0.8826452766587863,0.8163777983339024,2.220446049250313e-16,2.220446049250313e-16,0.4786289540053926,2.220446049250313e-16,0.9713005537290669
45.0,0.037991272777799706,0.47492650995965335,1.1698947711080707,2.220446049250313e-16,0.5214876365362736,0.014088687824020087,0.5859427341786392,2.220446049250313e-16,0.12268528490283144,0.051666879034456235,0.6964034850331711,0.0696590033418284,2.220446049250313e-16,2.220446049250313e-16,2.220446049250313e-16,2.220446049250313e-16,0.7038151863160047,0.49793788380742926,2.220446049250313e-16
46.0,0.029885643592264786,2.220446049250313e-16,0.8831098711069834,2.220446049250313e-16,0.6111127969257579,0.3538414619628596,0.00740716848120749,2.220446049250313e-16,0.909381874351809,2.220446049250313e-16,0.6617738657117364,0.058867924295367496,0.28126166566806304,0.5896343054699288,2.220446049250313e-16,2.220446049250313e-16,2.220446049250313e-16,0.02978297164338798,2.220446049250313e-16
47.0,2.220446049250313e-16,0.0009538916748073345,0.4291197682186282,2.220446049250313e-16,2.220446049250313e-16,1.0316523712691883,0.920905351054275,0.03753708399561914,2.220446049250313e-16,0.12899586781136377,2.220446049250313e-16,0.008368586161208795,0.1522888274285446,0.8184723048963622,0.4705759516133525,2.220446049250313e-16,0.009927540182965773,2.220446049250313e-16,2.220446049250313e-16
48.0,0.00893671039417344,0.00026203915050948545,1.082809469310717,2.220446049250313e-16,0.5305274042471819,2.220446049250313e-16,0.004914009858004823,2.220446049250313e-16,0.8692754614765222,0.03853653030139249,0.6465026107722809,0.002928133011721714,2.220446049250313e-16,2.220446049250313e-16,2.220446049250313e-16,0.1978904453485694,0.6580284290170011,0.7447454547157272,2.220446049250313e-16
49.0,2.220446049250313e-16,2.220446049250313e-16,2.220446049250313e-16,0.04632374206764059,0.8947518646089283,2.220446049250313e-16,2.220446049250313e-16,2.220446049250313e-16,0.3210697336746656,2.220446049250313e-16,0.3141604916906769,2.220446049250313e-16,0.9387550793590987,0.6579435415967664,2.220446049250313e-16,0.21278139111143918,0.45609445216467964,0.03647267813279137,0.6173438753198215
50.0,0.026683669038623743,0.47619197995583984,0.6870910998231757,2.220446049250313e-16,0.8251076545060548,0.28249246660877275,1.0026163893831483,2.220446049250313e-16,2.220446049250313e-16,0.11643101863414967,0.6234922726403433,2.220446049250313e-16,0.23435568037916027,0.0367017898183391,2.220446049250313e-16,2.220446049250313e-16,2.220446049250313e-16,0.5116909319682996,2.220446049250313e-16
51.0,2.220446049250313e-16,0.47618661986079724,0.1340572154815592,0.0800708711926865,2.220446049250313e-16,2.220446049250313e-16,0.2219610677189827,2.220446049250313e-16,0.7847025642932027,0.7278188593874828,0.6336954281400891,0.02751841891808915,0.07146737106200683,2.220446049250313e-16,0.012337073964334377,0.8005260608446569,0.8658023309761744,2.220446049250313e-16,0.04794003120122829
52.0,1.0379537335141846,2.220446049250313e-16,2.220446049250313e-16,2.220446049250313e-16,0.406671677875699,0.5715823685271458,0.009287588874042692,0.42078055855150104,0.6777104254228964,0.04895019409741667,2.220446049250313e-16,0.10850607844215124,2.220446049250313e-16,2.220446049250313e-16,2.220446049250313e-16,2.220446049250313e-16,0.16212073517086567,0.294233755751688,0.0020498078072814334
53.0,2.220446049250313e-16,0.47610561787404787,0.10548063893150522,2.220446049250313e-16,0.1789586183891984,0.47144169771698646,0.21697746164029552,0.07618964510038297,2.220446049250313e-16,0.8948513862799935,0.00046669053878168443,0.12396330490216191,2.220446049250313e-16,2.220446049250313e-16,0.0077268767048890895,0.7843835055349228,0.22619425316778974,2.220446049250313e-16,0.6509779672161168
54.0,2.220446049250313e-16,0.47610561787404787,0.10548063893150522,2.220446049250313e-16,0.1789586183891984,0.47144169771698646,0.21697746164029552,0.07618964510038297,2.220446049250313e-16,0.8948513862799935,0.00046669053878168443,0.12396330490216191,2.220446049250313e-16,2.220446049250313e-16,0.0077268767048890895,0.7843835055349228,0.22619425316778974,2.220446049250313e-16,0.6509779672161168
55.0,0.0319584016503396,2.220446049250313e-16,0.7028289958330649,0.10140025389266914,0.17372815197990465,2.220446049250313e-16,0.8849822667260462,2.220446049250313e-16,0.016294891417456516,0.5496951372080651,0.6821437795230502,0.06354353851560703,2.220446049250313e-16,2.220446049250313e-16,2.220446049250313e-16,0.040205345689760204,0.9030245486400155,0.19581601901680457,2.220446049250313e-16
56.0,0.018602160997742263,0.0011122680026315335,1.039330209780702,0.3261100418934122,0.7216390223540212,0.2658408990592268,0.6402498799261611,2.220446049250313e-16,0.2013213344746534,0.011349224037610085,2.220446049250313e-16,2.220446049250313e-16,0.23524540122733711,0.04314036450276426,2.220446049250313e-16,0.042556009467538486,0.0473125019276782,0.5189366744039067,2.220446049250313e-16
57.0,2.220446049250313e-16,2.220446049250313e-16,0.1250217357043682,2.220446049250313e-16,2.220446049250313e-16,1.0319873517520985,2.220446049250313e-16,0.9664488462669439,2.220446049250313e-16,0.49149059634398445,2.220446049250313e-16,2.220446049250313e-16,0.048951736432208764,0.18545268745505095,0.4929961892477206,2.220446049250313e-16,2.220446049250313e-16,0.7167770499622579,2.220446049250313e-16
58.0,0.7548142868150871,2.220446049250313e-16,0.01812713591773424,0.27561019649316726,2.220446049250313e-16,2.220446049250313e-16,2.220446049250313e-16,2.220446049250313e-16,0.44553192811745534,0.01780606183622409,0.04288456723647324,1.0491117766563824,2.220446049250313e-16,2.220446049250313e-16,0.4736448565046419,2.220446049250313e-16,2.220446049250313e-16,0.0008746970601488127,0.6515316026638176
59.0,0.10938719557247917,2.220446049250313e-16,0.5194529897758817,1.2719787448276194,2.220446049250313e-16,2.220446049250313e-16,0.9137026585284596,0.05601522436688876,2.220446049250313e-16,0.29139011297166706,2.220446049250313e-16,0.10581749343520049,2.220446049250313e-16,2.220446049250313e-16,2.220446049250313e-16,0.7886737970509169,0.01239873557542624,2.220446049250313e-16,2.220446049250313e-16
60.0,0.2522351980247911,2.220446049250313e-16,0.04272735436902364,0.07365068254201518,2.220446049250313e-16,2.220446049250313e-16,2.220446049250313e-16,2.220446049250313e-16,0.46456720419693237,0.9375261847745506,2.220446049250313e-16,0.8490367916375947,2.220446049250313e-16,2.220446049250313e-16,0.4806853412610816,2.220446049250313e-16,0.2732341059078664,0.24581831878101387,0.6003212179045248
61.0,0.1430762575492049,2.220446049250313e-16,0.0469827517682706,2.220446049250313e-16,2.220446049250313e-16,1.0275848442499498,0.02221035996272686,0.9692455645487409,2.220446049250313e-16,0.23622422885130234,0.0014109872350054162,2.220446049250313e-16,0.022228321133095422,0.7974940724715336,2.220446049250313e-16,2.220446049250313e-16,2.220446049250313e-16,0.0164083006776134,2.220446049250313e-16
62.0,2.220446049250313e-16,2.220446049250313e-16,2.220446049250313e-16,0.16033776133062455,2.220446049250313e-16,2.220446049250313e-16,0.004528445134184267,2.220446049250313e-16,2.220446049250313e-16,2.220446049250313e-16,2.220446049250313e-16,0.9737440674218636,0.9166248847862276,0.047141735538787186,2.220446049250313e-16,2.220446049250313e-16,2.220446049250313e-16,0.7115050298279914,0.9582764815376976
63.0,2.220446049250313e-16,2.220446049250313e-16,2.220446049250313e-16,0.16033776133062455,2.220446049250313e-16,2.220446049250313e-16,0.004528445134184267,2.220446049250313e-16,2.220446049250313e-16,2.220446049250313e-16,2.220446049250313e-16,0.9737440674218636,0.9166248847862276,0.047141735538787186,2.220446049250313e-16,2.220446049250313e-16,2.220446049250313e-16,0.7115050298279914,0.9582764815376976
64.0,2.220446049250313e-16,0.0004420988702864745,1.0105573111867265,0.045401946975140495,0.3116871281358237,0.000385359826642789,2.220446049250313e-16,2.220446049250313e-16,0.8964578132927665,0.04495099860793871,0.6044941257565698,2.220446049250313e-16,2.220446049250313e-16,2.220446049250313e-16,2.220446049250313e-16,0.8229833596050168,0.6032583537729472,0.5259361438370074,2.220446049250313e-16
65.0,0.029145684786354504,0.00010808841100562461,1.231132695608434,2.220446049250313e-16,0.4210496726437827,0.011816575353039798,0.5795732793300419,2.220446049250313e-16,0.18983602404997746,0.14483025559096366,0.6511456430810459,0.07918834701425156,2.220446049250313e-16,2.220446049250313e-16,2.220446049250313e-16,2.220446049250313e-16,0.9094175096288458,0.1947460007718621,2.220446049250313e-16
66.0,1.0012315775291216,0.47447726138084567,2.220446049250313e-16,0.2745108461952955,0.06259208202931857,2.220446049250313e-16,0.998153195361339,2.220446049250313e-16,0.008648478740641032,0.18965312498580536,0.013678398994519465,2.220446049250313e-16,2.220446049250313e-16,2.220446049250313e-16,2.220446049250313e-16,0.08694440056839095,1.0793266563748758,2.220446049250313e-16,0.0005976518450910663
67.0,2.220446049250313e-16,2.220446049250313e-16,0.1441377758238222,2.220446049250313e-16,2.220446049250313e-16,1.0746656088158957,0.08639282590809536,0.7848691522834128,2.220446049250313e-16,0.6619397961016653,2.220446049250313e-16,0.03861879350072224,2.220446049250313e-16,0.3117963220158021,0.48829168978155796,2.220446049250313e-16,2.220446049250313e-16,0.4637493470502006,2.220446049250313e-16
68.0,2.220446049250313e-16,2.220446049250313e-16,0.65969661617236,0.6453345738219463,2.220446049250313e-16,2.220446049250313e-16,2.220446049250313e-16,2.220446049250313e-16,0.9395890153448877,0.5862419637576396,0.03430213453277753,0.6722767306449854,2.220446049250313e-16,2.220446049250313e-16,2.220446049250313e-16,0.7025757658734563,2.220446049250313e-16,2.220446049250313e-16,2.220446049250313e-16
69.0,2.220446049250313e-16,2.220446049250313e-16,2.220446049250313e-16,2.220446049250313e-16,0.012970405978189775,2.220446049250313e-16,0.0021066218938288195,2.220446049250313e-16,0.7282033487564353,0.04348900653551602,2.220446049250313e-16,0.3595437807427995,0.8520273351622413,0.24904175982933843,2.220446049250313e-16,0.3358746498026408,1.0151053485742825,0.24251029203046737,0.319284746501923
