id,x_0,x_1,x_2,x_3,x_4,x_5,x_6,x_7,x_8,x_9,x_10,x_11
0.0,0.027251122519544133,2.220446049250313e-16,0.07252881091229446,2.220446049250313e-16,2.220446049250313e-16,0.4616782470573597,2.220446049250313e-16,0.11875747128187603,0.05798918600171552,0.09181824768961326,2.220446049250313e-16,1.2296345712418955
1.0,0.237896232781263,0.7205624499556937,2.220446049250313e-16,0.0006018707414261913,0.3226145512481669,2.220446049250313e-16,2.220446049250313e-16,2.220446049250313e-16,1.0287487761564933,0.46059500117683516,2.220446049250313e-16,2.220446049250313e-16
2.0,2.220446049250313e-16,2.220446049250313e-16,0.7318423815463114,2.220446049250313e-16,2.220446049250313e-16,0.11743879731551088,0.20847417016886144,2.220446049250313e-16,0.06382988275822449,0.08399639726793834,2.220446049250313e-16,1.1973685756298715
3.0,2.220446049250313e-16,0.8819080883473126,2.220446049250313e-16,0.0002215081011939235,0.616204642501856,0.015821850884635186,2.220446049250313e-16,2.220446049250313e-16,0.9834671141946395,0.4897016195061294,2.220446049250313e-16,2.220446049250313e-16
4.0,2.220446049250313e-16,0.08107245507070529,2.220446049250313e-16,2.220446049250313e-16,0.021159156443256277,0.8676189391457924,0.2668607160392809,2.220446049250313e-16,0.0018160183791717328,0.5873087673742314,0.018577796061388138,0.5694910694746954
5.0,2.220446049250313e-16,0.8819080883473126,2.220446049250313e-16,0.0002215081011939235,0.616204642501856,0.015821850884635186,2.220446049250313e-16,2.220446049250313e-16,0.9834671141946395,0.4897016195061294,2.220446049250313e-16,2.220446049250313e-16
6.0,2.220446049250313e-16,2.220446049250313e-16,0.7318423815463114,2.220446049250313e-16,2.220446049250313e-16,0.11743879731551088,0.20847417016886144,2.220446049250313e-16,0.06382988275822449,0.08399639726793834,2.220446049250313e-16,1.1973685756298715
7.0,0.07642845053001436,0.7387213825854824,2.220446049250313e-16,0.0005090330945783578,0.6168237372438713,2.220446049250313e-16,0.020056007480879285,2.220446049250313e-16,1.112674972604198,2.220446049250313e-16,2.220446049250313e-16,0.13640740585386074
8.0,0.03385669275521849,2.220446049250313e-16,0.7824764470343519,2.220446049250313e-16,2.220446049250313e-16,2.220446049250313e-16,0.21450259734758143,2.220446049250313e-16,0.18776419192749574,2.220446049250313e-16,2.220446049250313e-16,1.1964929832739817
9.0,0.39166835351873247,0.716039863690499,2.220446049250313e-16,0.0006150616800506631,0.008595469757056015,2.220446049250313e-16,2.220446049250313e-16,2.220446049250313e-16,1.0255175172928375,0.45775939294808854,2.220446049250313e-16,2.220446049250313e-16
10.0,0.03896883911021304,2.220446049250313e-16,0.07632268974796841,2.220446049250313e-16,2.220446049250313e-16,0.5658712127409417,2.220446049250313e-16,0.12113106208767302,0.06378017414554182,2.220446049250313e-16,2.220446049250313e-16,1.1653979860382075
11.0,1.0571386190377459,0.15999080405288785,0.2364237075377007,2.220446049250313e-16,2.220446049250313e-16,2.220446049250313e-16,2.220446049250313e-16,2.220446049250313e-16,0.4942644298081011,0.10682298679229224,0.0924409150869833,0.09596946632892223
12.0,0.19958651323620266,0.024054417413540197,2.220446049250313e-16,0.6062694058505547,0.010207338614394459,1.1310030577612815,0.1709675988618113,2.220446049250313e-16,0.02870516448912929,0.2117506133668587,2.220446049250313e-16,0.07398635393175573
13.0,1.1251189311037448,0.3550705385677674,0.8818841836063227,2.220446049250313e-16,2.220446049250313e-16,0.07824132461897514,2.220446049250313e-16,2.220446049250313e-16,2.220446049250313e-16,2.220446049250313e-16,2.220446049250313e-16,0.057491798771569354
14.0,0.10889827094303865,0.02900543050958504,2.220446049250313e-16,0.6062730850490172,0.0073061425180822445,1.1752764470070005,0.382952281754455,2.220446049250313e-16,2.220446049250313e-16,0.190834444742157,2.220446049250313e-16,0.07691375353979141
15.0,0.677413410431992,0.46375278878311976,0.8900757364257686,2.220446049250313e-16,2.220446049250313e-16,2.220446049250313e-16,0.23171485486521873,2.220446049250313e-16,2.220446049250313e-16,0.6784299138563679,2.220446049250313e-16,0.04426069385041159
16.0,2.220446049250313e-16,0.06921698508252837,2.220446049250313e-16,0.6061719465481477,0.01973197209539903,1.1715457351971532,0.26243147531369265,0.0029831524524845414,2.220446049250313e-16,0.45511850954280014,0.018630194980405253,0.05177240251171401
17.0,2.220446049250313e-16,0.8844511049891275,0.06583247236395717,0.00032766270358133327,0.6168821564615018,0.020542492932944818,2.220446049250313e-16,2.220446049250313e-16,0.783192602342667,0.7749361594710783,2.220446049250313e-16,2.220446049250313e-16
18.0,2.220446049250313e-16,2.220446049250313e-16,0.38175627392391004,2.220446049250313e-16,2.220446049250313e-16,0.3458309663832373,0.19359042210691235,2.220446049250313e-16,0.0596244046727616,0.08556505940450564,2.220446049250313e-16,1.2170913784727677
19.0,0.237896232781263,0.7205624499556937,2.220446049250313e-16,0.0006018707414261913,0.3226145512481669,2.220446049250313e-16,2.220446049250313e-16,2.220446049250313e-16,1.0287487761564933,0.46059500117683516,2.220446049250313e-16,2.220446049250313e-16
20.0,0.993159366216767,2.220446049250313e-16,0.0023680160006502304,2.220446049250313e-16,2.220446049250313e-16,0.24263672427753522,2.220446049250313e-16,2.220446049250313e-16,0.39627784987958725,0.07217667746838208,0.4374243118777621,2.220446049250313e-16
21.0,0.0427003379528878,2.220446049250313e-16,2.220446049250313e-16,2.220446049250313e-16,2.220446049250313e-16,1.0616213582171268,2.220446049250313e-16,2.220446049250313e-16,0.01890017025178288,0.17152829895256808,2.220446049250313e-16,0.7613223068701639
22.0,0.7691214928979605,2.220446049250313e-16,2.220446049250313e-16,2.220446049250313e-16,2.220446049250313e-16,2.220446049250313e-16,0.3089390313485961,2.220446049250313e-16,0.36143164816609075,0.32718939129556335,0.747823524216489,2.220446049250313e-16
23.0,0.7691214928979605,2.220446049250313e-16,2.220446049250313e-16,2.220446049250313e-16,2.220446049250313e-16,2.220446049250313e-16,0.3089390313485961,2.220446049250313e-16,0.36143164816609075,0.32718939129556335,0.747823524216489,2.220446049250313e-16
24.0,0.7691214928979605,2.220446049250313e-16,2.220446049250313e-16,2.220446049250313e-16,2.220446049250313e-16,2.220446049250313e-16,0.3089390313485961,2.220446049250313e-16,0.36143164816609075,0.32718939129556335,0.747823524216489,2.220446049250313e-16
25.0,2.220446049250313e-16,2.220446049250313e-16,2.220446049250313e-16,2.220446049250313e-16,0.012224194056742937,2.220446049250313e-16,1.0071663070938135,0.03304709685292515,1.009844236817775,2.220446049250313e-16,0.12752724022569095,0.46164401603879623
26.0,2.220446049250313e-16,0.7495733938882551,2.220446049250313e-16,0.6074530803508811,2.220446049250313e-16,2.220446049250313e-16,2.220446049250313e-16,0.7963780684088694,2.220446049250313e-16,2.220446049250313e-16,0.6464420363253273,0.10112011704033456
27.0,2.220446049250313e-16,2.220446049250313e-16,0.7194513719787385,1.1102230246251565e-16,2.220446049250313e-16,0.057350388075440885,2.220446049250313e-16,0.9663033716746903,2.220446049250313e-16,2.220446049250313e-16,0.014331543579912226,0.8010892145771987
28.0,2.220446049250313e-16,2.220446049250313e-16,2.220446049250313e-16,2.220446049250313e-16,0.6264746646081611,2.220446049250313e-16,0.09319771586050773,0.8645914650131676,2.220446049250313e-16,2.220446049250313e-16,1.014972078531692,2.220446049250313e-16
29.0,2.220446049250313e-16,2.220446049250313e-16,2.220446049250313e-16,2.220446049250313e-16,0.6264746646081611,2.220446049250313e-16,0.09319771586050773,0.8645914650131676,2.220446049250313e-16,2.220446049250313e-16,1.014972078531692,2.220446049250313e-16
30.0,0.14799582079484938,0.019464640493262908,0.28060506283592956,2.220446049250313e-16,0.6180516738209018,0.6010810176138939,0.4101410781847496,2.220446049250313e-16,0.2714639852571638,0.5554518542245541,2.220446049250313e-16,2.220446049250313e-16
31.0,2.220446049250313e-16,0.06288593814917104,2.220446049250313e-16,0.6061878701452976,0.020185981116319564,1.0971507144995427,0.2615443357928244,0.0028975876434649546,2.220446049250313e-16,0.7058470824861552,0.018781159448612837,0.05572320532863211
32.0,2.220446049250313e-16,0.06288593814917101,2.220446049250313e-16,0.6061878701452972,0.020185981116319522,1.0971507144995425,0.2615443357928244,0.0028975876434649897,2.220446049250313e-16,0.7058470824861551,0.018781159448612732,0.05572320532863198
33.0,2.220446049250313e-16,0.7707220836895713,0.8689864454420344,0.0010363815379631784,0.6177999419106887,0.021602491426400305,0.2173884517949851,2.220446049250313e-16,0.031083048167933888,0.9099672665095536,2.220446049250313e-16,0.022492957481534136
34.0,2.220446049250313e-16,0.7707220836895713,0.8689864454420344,0.0010363815379631784,0.6177999419106887,0.021602491426400305,0.2173884517949851,2.220446049250313e-16,0.031083048167933888,0.9099672665095536,2.220446049250313e-16,0.022492957481534136
35.0,2.220446049250313e-16,2.220446049250313e-16,2.220446049250313e-16,2.220446049250313e-16,0.012224194056742937,2.220446049250313e-16,1.0071663070938135,0.03304709685292515,1.009844236817775,2.220446049250313e-16,0.12752724022569095,0.46164401603879623
36.0,2.220446049250313e-16,0.7495733938882551,2.220446049250313e-16,0.6074530803508811,2.220446049250313e-16,2.220446049250313e-16,2.220446049250313e-16,0.7963780684088694,2.220446049250313e-16,2.220446049250313e-16,0.6464420363253273,0.10112011704033456
37.0,2.220446049250313e-16,2.220446049250313e-16,0.7194513719787385,1.1102230246251565e-16,2.220446049250313e-16,0.057350388075440885,2.220446049250313e-16,0.9663033716746903,2.220446049250313e-16,2.220446049250313e-16,0.014331543579912226,0.8010892145771987
38.0,2.220446049250313e-16,2.220446049250313e-16,2.220446049250313e-16,2.220446049250313e-16,0.6264746646081611,2.220446049250313e-16,0.09319771586050773,0.8645914650131676,2.220446049250313e-16,2.220446049250313e-16,1.014972078531692,2.220446049250313e-16
39.0,2.220446049250313e-16,2.220446049250313e-16,2.220446049250313e-16,2.220446049250313e-16,0.6264746646081611,2.220446049250313e-16,0.09319771586050773,0.8645914650131676,2.220446049250313e-16,2.220446049250313e-16,1.014972078531692,2.220446049250313e-16
40.0,2.220446049250313e-16,2.220446049250313e-16,2.220446049250313e-16,2.220446049250313e-16,0.012025361385294994,2.220446049250313e-16,1.0033144016218252,0.1959779103647734,0.9505811649289411,2.220446049250313e-16,0.10782142932936423,0.3788649301860379
41.0,2.220446049250313e-16,0.7495733938882551,2.220446049250313e-16,0.6074530803508811,2.220446049250313e-16,2.220446049250313e-16,2.220446049250313e-16,0.7963780684088694,2.220446049250313e-16,2.220446049250313e-16,0.6464420363253273,0.10112011704033456
42.0,2.220446049250313e-16,2.220446049250313e-16,0.7194513719787385,1.1102230246251565e-16,2.220446049250313e-16,0.057350388075440885,2.220446049250313e-16,0.9663033716746903,2.220446049250313e-16,2.220446049250313e-16,0.014331543579912226,0.8010892145771987
43.0,2.220446049250313e-16,2.220446049250313e-16,2.220446049250313e-16,2.220446049250313e-16,0.6264746646081611,2.220446049250313e-16,0.09319771586050773,0.8645914650131676,2.220446049250313e-16,2.220446049250313e-16,1.014972078531692,2.220446049250313e-16
44.0,2.220446049250313e-16,2.220446049250313e-16,2.220446049250313e-16,2.220446049250313e-16,0.6264746646081611,2.220446049250313e-16,0.09319771586050773,0.8645914650131676,2.220446049250313e-16,2.220446049250313e-16,1.014972078531692,2.220446049250313e-16
45.0,0.6803232935433587,2.220446049250313e-16,0.08490579123369912,2.220446049250313e-16,2.220446049250313e-16,2.220446049250313e-16,2.220446049250313e-16,2.220446049250313e-16,0.258969405344318,0.7369099636045858,0.7126188335488288,0.0735456670729583
46.0,2.220446049250313e-16,2.220446049250313e-16,0.03336772654840333,2.220446049250313e-16,2.220446049250313e-16,0.7402549440685443,2.220446049250313e-16,0.44277668488717853,2.220446049250313e-16,0.10156455490675013,2.220446049250313e-16,0.9112951924706276
47.0,0.46136155755584013,2.220446049250313e-16,2.220446049250313e-16,2.220446049250313e-16,2.220446049250313e-16,2.220446049250313e-16,2.220446049250313e-16,0.5308476185518936,2.220446049250313e-16,0.45576609239231214,1.0197714198474612,2.220446049250313e-16
48.0,0.46136155755584013,2.220446049250313e-16,2.220446049250313e-16,2.220446049250313e-16,2.220446049250313e-16,2.220446049250313e-16,2.220446049250313e-16,0.5308476185518936,2.220446049250313e-16,0.45576609239231214,1.0197714198474612,2.220446049250313e-16
49.0,0.028303494369975916,0.5987729431242159,2.220446049250313e-16,0.6073376205464457,0.007415445551143126,2.220446049250313e-16,2.220446049250313e-16,2.220446049250313e-16,0.8803609008016758,2.220446049250313e-16,0.3462479995294917,0.16448434109007348
50.0,0.3143611576045572,0.25540316191018486,0.697605898811991,0.6086141010425412,2.220446049250313e-16,2.220446049250313e-16,0.6936481195380069,2.220446049250313e-16,0.14572811858727955,0.658230008211647,2.220446049250313e-16,0.006359774768740813
51.0,2.220446049250313e-16,0.5334681637583879,2.220446049250313e-16,0.6075793240911749,0.013565322086964345,2.220446049250313e-16,0.46924552087008475,0.242287171480534,0.7425423474488991,2.220446049250313e-16,0.26115848847467055,0.06714019931056137
52.0,2.220446049250313e-16,2.220446049250313e-16,0.3692444901939577,2.220446049250313e-16,2.220446049250313e-16,0.2838337978498906,2.220446049250313e-16,0.8445772915470093,0.048166168246732165,2.220446049250313e-16,2.220446049250313e-16,0.8286817536503375
53.0,2.220446049250313e-16,2.220446049250313e-16,2.220446049250313e-16,2.220446049250313e-16,0.6264746646081611,2.220446049250313e-16,0.09319771586050773,0.8645914650131676,2.220446049250313e-16,2.220446049250313e-16,1.014972078531692,2.220446049250313e-16
54.0,2.220446049250313e-16,2.220446049250313e-16,2.220446049250313e-16,2.220446049250313e-16,0.6264746646081611,2.220446049250313e-16,0.09319771586050773,0.8645914650131676,2.220446049250313e-16,2.220446049250313e-16,1.014972078531692,2.220446049250313e-16
55.0,0.9493893219314167,0.08447039855001326,0.599938927724281,2.220446049250313e-16,2.220446049250313e-16,0.6188685124515672,0.1869962752822073,2.220446049250313e-16,2.220446049250313e-16,2.220446049250313e-16,2.220446049250313e-16,2.220446049250313e-16
56.0,0.3391129443934092,0.02587906978593235,2.220446049250313e-16,0.6062649344893493,0.010120985802855097,1.1343482579172244,0.1751281356692917,2.220446049250313e-16,0.028495314782648263,2.220446049250313e-16,2.220446049250313e-16,0.0723227491586049
57.0,0.2446212353230918,0.03002655686381983,2.220446049250313e-16,0.606270516752672,0.007221136881498415,1.1808154543487055,0.38661190694249736,2.220446049250313e-16,2.220446049250313e-16,2.220446049250313e-16,2.220446049250313e-16,0.0744848802352662
58.0,1.1569015992461846,0.10276151172726017,0.8804784875572363,2.220446049250313e-16,2.220446049250313e-16,0.08313818897094384,2.220446049250313e-16,2.220446049250313e-16,2.220446049250313e-16,2.220446049250313e-16,0.08375371324594308,0.055034501773116605
59.0,1.1569015992461846,0.10276151172726017,0.8804784875572363,2.220446049250313e-16,2.220446049250313e-16,0.08313818897094384,2.220446049250313e-16,2.220446049250313e-16,2.220446049250313e-16,2.220446049250313e-16,0.08375371324594308,0.055034501773116605
60.0,0.9493893219314167,0.08447039855001326,0.599938927724281,2.220446049250313e-16,2.220446049250313e-16,0.6188685124515672,0.1869962752822073,2.220446049250313e-16,2.220446049250313e-16,2.220446049250313e-16,2.220446049250313e-16,2.220446049250313e-16
61.0,0.2353252155135335,0.17974613566484687,2.220446049250313e-16,0.6058939480297825,0.008801819357879307,1.2142502553764638,0.14790472744479252,2.220446049250313e-16,2.220446049250313e-16,2.220446049250313e-16,2.220446049250313e-16,0.051467910136842765
62.0,0.5077270213258439,2.220446049250313e-16,2.220446049250313e-16,4.440892098500626e-16,0.6011881921902676,1.0793738718243604,0.16998619657857567,2.220446049250313e-16,2.220446049250313e-16,2.220446049250313e-16,2.220446049250313e-16,0.07518715509436565
63.0,1.0062106694406838,0.49263328441775767,0.46236677925890407,2.220446049250313e-16,2.220446049250313e-16,0.442269847408471,2.220446049250313e-16,0.0017320382680076885,2.220446049250313e-16,2.220446049250313e-16,2.220446049250313e-16,0.022396680725722637
64.0,1.0062106694406838,0.49263328441775767,0.46236677925890407,2.220446049250313e-16,2.220446049250313e-16,0.442269847408471,2.220446049250313e-16,0.0017320382680076885,2.220446049250313e-16,2.220446049250313e-16,2.220446049250313e-16,0.022396680725722637
65.0,2.220446049250313e-16,0.10883899550790381,2.220446049250313e-16,0.608467761541907,0.012330700127547127,2.220446049250313e-16,0.9663075266391334,0.06284365246732253,1.0620772855866418,2.220446049250313e-16,0.02110162906027561,0.1316445873469038
66.0,2.220446049250313e-16,0.1324452471435757,2.220446049250313e-16,0.6085914841673759,2.220446049250313e-16,2.220446049250313e-16,0.8081167618064444,0.35210910289479513,0.7362731005225996,2.220446049250313e-16,0.1170653182004201,0.2040132302425737
67.0,0.016404326854488897,0.10707606282974491,0.8226083855763239,2.220446049250313e-16,2.220446049250313e-16,2.220446049250313e-16,2.220446049250313e-16,0.608923505140862,0.19957148822261497,2.220446049250313e-16,2.220446049250313e-16,0.7103560774371783
68.0,2.220446049250313e-16,2.220446049250313e-16,0.3208207196647059,2.220446049250313e-16,2.220446049250313e-16,2.220446049250313e-16,0.8811851523149292,0.04692520178274011,0.7596023966235587,2.220446049250313e-16,0.09702236277243043,0.6136942555120616
69.0,2.220446049250313e-16,0.09264283245965102,2.220446049250313e-16,0.6060289063594445,0.007094138818037883,0.008419249427263343,2.220446049250313e-16,0.5242450287662718,0.14968524053555896,2.220446049250313e-16,1.0279046921897743,0.14561047026197357
