60 0.1461323951225888 0.28383837956233887 0.2939493974628527 0.599190962615946 0.21755796811018452 0.0012303414305272144 0.4588522924972316 0.13301085372093 0.6036872139768256 0.25980206953957447 0.0012303416858581173 0.022722271227869115 0.022722271030486622 0.2356235747856106 0.2380054967171736 0.018085643474289564 0.45885229305370184 0.2356235753101312 0.37215147723069675 0.47236476721511306
62 0.31615627514717504 0.33045820872277876 0.1421717776938423 0.20946174320153854 0.5672534914089898 0.30458424787346783 0.1978078488060406 0.2083605807118021 0.24391181437761628 0.2412692233072008 0.3045842481352381 0.3190298794872506 0.3190298796715214 0.2603769678337623 0.2833500099853617 0.146035630779315 0.1978078491558097 0.2603769685097598 0.6886154813292615 0.2551562002885166
10 0.3408955832424593 0.2462573307609972 0.7659527265315357 0.21291463126941484 0.22510168044367435 -0.007925591306188563 0.46774668368506944 0.3422500188488631 0.4509011135957386 0.2522719274169456 -0.007925591078389915 -0.009434327252450476 -0.00943432721680808 0.29490582237279117 0.31082088341201536 0.009163729322594297 0.46774668396341545 0.29490582275462396 0.1194592708388029 0.18319613064726747
45 0.18537825101234134 0.3327233288808673 0.14561590643485509 0.5522318487981334 0.3219719793293547 0.09421494711773003 0.3275038982087368 0.10070475091810283 0.4338368827228753 0.28337009984170547 0.09421494726571641 0.09719783923553273 0.09719783940944915 0.23806581689385867 0.22091940805138507 0.08936633714033317 0.32750389867486523 0.23806581754120357 0.6509581022777058 0.5438714761996186
14 0.1622142210050747 0.3847902856112104 0.36278006029557436 0.39464863657921007 0.14874066686523638 0.06256408075559339 0.5217691141032978 0.21066050028587874 0.4600768630536074 0.39050824726287753 0.06256408091390818 0.059712458831351754 0.05971245898885277 0.34518672800815603 0.24067894261330708 0.08182001117658942 0.521769114440148 0.34518672843045595 0.23131790617187 0.4378431617069304
39 0.21798396090348612 0.43535136731839413 0.22424743595615593 0.20206109273854814 0.16790720731724976 0.2443887309145316 0.3691849022855585 0.24422709967496584 0.23280839476958542 0.6843337752348891 0.24438873112270404 0.1511031931801889 0.15110319315507395 0.4025860307690071 0.28692743644609087 0.18763336737327482 0.3691849027124745 0.4025860314022055 0.31524202051969685 0.28759551823817225
28 0.2858257515073077 0.3499353447943605 0.457959250540803 0.2592146992158799 0.372091426958562 0.06929311837302521 0.4555403847480193 0.30203419517438235 0.42004470001470917 0.2977502984786211 0.06929311878047884 0.07024186931084841 0.07024186931084841 0.3489524085307494 0.3974309534247027 0.04439867688530785 0.45554038509726524 0.34895240934565663 0.34966388274565663 0.24978988584302897
18 0.4180407057833397 0.34244424245355665 0.3392159242842351 0.12624347765482535 0.42887961882229225 0.1941816237466461 0.29991923906506285 0.5088302056755171 0.178191958941817 0.2869274364460615 0.19418162386939253 0.23945655962709989 0.23945655972318358 0.4118051949896991 0.48672888032085176 0.10261493406515362 0.2999192394519805 0.4118051955605434 0.21340866258805766 0.133803212889392
11 0.3567342567187562 0.2224965693149867 0.8100701970682417 0.19662583074954781 0.2610818905152813 -0.004757197631250644 0.4414714643094657 0.38047408497102114 0.38904911996681546 0.22424743595615218 -0.004757197389677456 -0.01782901461119244 -0.017829014554374707 0.2900112586760297 0.3392159242842653 0.006738997328753488 0.4414714646737573 0.29001125894918584 0.12928478388619977 0.15255982998086184
27 0.18921405104053116 0.25572525267587254 -0.0047571975475660605 0.021980317537853743 0.21902186141032381 0.6504171818416458 0.05982411438307841 0.1693482368158893 -0.018377198247797634 0.24438873101973044 0.6504171821076891 0.5302877391417093 0.5302877392001755 0.2260650500346866 0.1941816237914514 0.30058615492230645 0.05982411475709898 0.22606505069433183 0.3289001815372929 0.08652266916011092
58 0.2858257515073077 0.3499353447943713 0.4579592505408041 0.25921469921587953 0.3720914269585682 0.06929311845493125 0.4555403844788151 0.30203419517438596 0.4200447000147097 0.29775029847862233 0.06929311866200154 0.07024186923605354 0.07024186916567841 0.3489524086501829 0.397430953424702 0.04439867688530769 0.4555403849647753 0.34895240928275034 0.34966388274565524 0.24978988584303352
23 0.26707113335742183 0.49086495539230496 0.22249656931496653 0.18578365740013694 0.2910462753853992 0.2557252526099141 0.3734242739418217 0.2790477739116819 0.23232982031020305 0.43535136731839413 0.25572525283104547 0.18977250713136173 0.18977250751282101 0.4343147371293473 0.3424442424536177 0.16882167299889114 0.3734242739685938 0.43431473756231653 0.32629253113355383 0.29396794337611915
59 0.18537825101234134 0.3327233288808673 0.14561590643485509 0.5522318487981334 0.3219719793293547 0.09421494711773003 0.3275038982087368 0.10070475091810283 0.4338368827228753 0.28337009984170547 0.09421494726571641 0.09719783923553273 0.09719783940944915 0.23806581689385867 0.22091940805138507 0.08936633714033317 0.32750389867486523 0.23806581754120357 0.6509581022777058 0.5438714761996186
20 0.3171436887332544 0.14882654488766597 -0.028300599420855898 0.02634128817466157 0.3801937665711155 0.44217399425730897 0.06069222769478007 0.3007590082295026 -0.018062480934988554 0.09738527275854011 0.4421739943723041 0.7203842642281896 0.7203842643889328 0.1578096656594615 0.2479337093475594 0.1859855270325499 0.060692228058868425 0.15780966621986348 0.20432240247701214 0.08222886001808663
3 0.32413066778587274 0.4343147373758667 0.29001125882763645 0.15456446029558907 0.29204076790929134 0.22606505039504884 0.3626534259199443 0.3944911131743705 0.19648436542156855 0.40258603110510055 0.2260650506184452 0.1926473036704168 0.19264730388004464 0.4576509295980682 0.41180519526206744 0.14022480876428886 0.36265342635594927 0.45765093013399866 0.26558016160749326 0.19641987768420976
41 0.10026476657973789 0.16882167299892495 0.006738997328759357 0.04721710640531918 0.08864848045387833 0.3005861548436608 0.06538922454734675 0.0930658648521328 -0.008124724279941766 0.18763336737327888 0.3005861550618685 0.22247327474389242 0.22247327491897184 0.14022480857812364 0.10261493406517098 1.2301731804360825 0.0653892247474206 0.1402248089335162 0.19968094594299934 0.1268093327867094
35 0.270315364377548 0.18977250727664263 -0.01782901450920799 0.026908011729484413 0.3266947150149502 0.5302877390616471 0.057207564298931 0.2391536932074103 -0.013658160138355831 0.15110319305636655 0.5302877393975022 0.6637460651344493 0.6637460653582503 0.1926473034600961 0.23945655981502345 0.2224732748528379 0.05720756451461757 0.19264730399216082 0.2584101403800291 0.07087034981049187
50 0.3440969474643471 0.123509288710066 -0.03552160546426612 0.02475382203810047 0.40758150551284517 0.3839277560939126 0.06472497286614862 0.34450535422778433 -0.02339725449669339 0.06662021444394431 0.3839277561910481 0.744830504543637 0.7448305046701023 0.13195312528012162 0.24555059315429625 0.16813754881911339 0.06472497338953467 0.13195312580656662 0.16782371849975622 0.09656312571223652
57 0.18921405104053116 0.25572525267587254 -0.0047571975475660605 0.021980317537853743 0.21902186141032381 0.6504171818416458 0.05982411438307841 0.1693482368158893 -0.018377198247797634 0.24438873101973044 0.6504171821076891 0.5302877391417093 0.5302877392001755 0.2260650500346866 0.1941816237914514 0.30058615492230645 0.05982411475709898 0.22606505069433183 0.3289001815372929 0.08652266916011092
6 0.1622142210050747 0.3847902856112104 0.36278006029557436 0.39464863657921007 0.14874066686523638 0.06256408075559339 0.5217691141032978 0.21066050028587874 0.4600768630536074 0.39050824726287753 0.06256408091390818 0.059712458831351754 0.05971245898885277 0.34518672800815603 0.24067894261330708 0.08182001117658942 0.521769114440148 0.34518672843045595 0.23131790617187 0.4378431617069304
1 0.32413066778587274 0.4343147373758667 0.29001125882763645 0.15456446029558907 0.29204076790929134 0.22606505039504884 0.3626534259199443 0.3944911131743705 0.19648436542156855 0.40258603110510055 0.2260650506184452 0.1926473036704168 0.19264730388004464 0.4576509295980682 0.41180519526206744 0.14022480876428886 0.36265342635594927 0.45765093013399866 0.26558016160749326 0.19641987768420976
5 0.32413066778587274 0.4343147373758667 0.29001125882763645 0.15456446029558907 0.29204076790929134 0.22606505039504884 0.3626534259199443 0.3944911131743705 0.19648436542156855 0.40258603110510055 0.2260650506184452 0.1926473036704168 0.19264730388004464 0.4576509295980682 0.41180519526206744 0.14022480876428886 0.36265342635594927 0.45765093013399866 0.26558016160749326 0.19641987768420976
38 0.26707113335742183 0.49086495539230496 0.22249656931496653 0.18578365740013694 0.2910462753853992 0.2557252526099141 0.3734242739418217 0.2790477739116819 0.23232982031020305 0.43535136731839413 0.25572525283104547 0.18977250713136173 0.18977250751282101 0.4343147371293473 0.3424442424536177 0.16882167299889114 0.3734242739685938 0.43431473756231653 0.32629253113355383 0.29396794337611915
29 0.18537825101234134 0.3327233288808673 0.14561590643485509 0.5522318487981334 0.3219719793293547 0.09421494711773003 0.3275038982087368 0.10070475091810283 0.4338368827228753 0.28337009984170547 0.09421494726571641 0.09719783923553273 0.09719783940944915 0.23806581689385867 0.22091940805138507 0.08936633714033317 0.32750389867486523 0.23806581754120357 0.6509581022777058 0.5438714761996186
34 0.11308870551217123 0.1857836574001424 0.1966258307495444 0.8782258772833269 0.13420473730315963 0.02198031750712525 0.30919736224672784 0.12193596127121038 0.5064082182920231 0.2020610927385582 0.021980317628068183 0.02690801160709601 0.026908011732232527 0.1545644602254335 0.12624347765485033 0.047217106405314936 0.30919736259197306 0.15456446041983923 0.2730700597737839 0.6917086580753395
44 0.18537825101234134 0.3327233288808673 0.14561590643485509 0.5522318487981334 0.3219719793293547 0.09421494711773003 0.3275038982087368 0.10070475091810283 0.4338368827228753 0.28337009984170547 0.09421494726571641 0.09719783923553273 0.09719783940944915 0.23806581689385867 0.22091940805138507 0.08936633714033317 0.32750389867486523 0.23806581754120357 0.6509581022777058 0.5438714761996186
4 0.20992142057507585 0.37342427384054955 0.44147146439618196 0.3091973624499183 0.21186553090143886 0.05982411440800644 0.5236352134392028 0.2728834232435138 0.44270628158044384 0.3691849025287144 0.05982411458230146 0.05720756417831498 0.057207564479277453 0.36265342566596404 0.29991923915653695 0.0653892246284333 0.5236352137645597 0.3626534261167881 0.20341891317528976 0.33706977427389334
25 0.1240276110086207 0.2939679433761313 0.15255982998084727 0.6917086580753491 0.1669838907469754 0.08652266903999362 0.3370697741888917 0.11079983486148492 0.42106424122615116 0.28759551823815555 0.08652266926797858 0.07087034956897387 0.07087034995725283 0.1964198774923176 0.1338032128894069 0.12680933278669498 0.33706977454161846 0.19641987788011406 0.3321543414420087 0.7890352065600901
33 0.37607640768780887 0.38554860983737055 0.3234195317145464 0.13631472850743193 0.3541334582132401 0.20711880164873633 0.33329998239692255 0.46430151791945035 0.18300693104568486 0.34556138745189874 0.20711880180271508 0.21444633365440907 0.21444633384790612 0.4418822049576786 0.4594951101344675 0.11844929938194955 0.3332999829318542 0.4418822055501573 0.23250881305364118 0.15215640280276307
22 0.7232058295325443 0.2670711333574139 0.3567342567187608 0.11308870551216683 0.4483173748827639 0.1892140509973891 0.20992141978712758 0.45368162234880594 0.2098713746175535 0.21798396090348846 0.18921405115262802 0.2703153644927478 0.2703153642953904 0.3241306671706054 0.4180407057833087 0.10026476657973396 0.20992142137314151 0.32413066847620464 0.2258881872966228 0.12402761100862042
7 0.32413066778587274 0.4343147373758667 0.29001125882763645 0.15456446029558907 0.29204076790929134 0.22606505039504884 0.3626534259199443 0.3944911131743705 0.19648436542156855 0.40258603110510055 0.2260650506184452 0.1926473036704168 0.19264730388004464 0.4576509295980682 0.41180519526206744 0.14022480876428886 0.36265342635594927 0.45765093013399866 0.26558016160749326 0.19641987768420976
16 0.20992142057507585 0.37342427384054955 0.44147146439618196 0.3091973624499183 0.21186553090143886 0.05982411440800644 0.5236352134392028 0.2728834232435138 0.44270628158044384 0.3691849025287144 0.05982411458230146 0.05720756417831498 0.057207564479277453 0.36265342566596404 0.29991923915653695 0.0653892246284333 0.5236352137645597 0.3626534261167881 0.20341891317528976 0.33706977427389334
26 0.18921405104053116 0.25572525267587254 -0.0047571975475660605 0.021980317537853743 0.21902186141032381 0.6504171818416458 0.05982411438307841 0.1693482368158893 -0.018377198247797634 0.24438873101973044 0.6504171821076891 0.5302877391417093 0.5302877392001755 0.2260650500346866 0.1941816237914514 0.30058615492230645 0.05982411475709898 0.22606505069433183 0.3289001815372929 0.08652266916011092
40 0.11129510039152213 0.31598184340547913 0.11909173687490494 0.47615918809703334 0.22552147206527734 0.08506086659101048 0.31460358698917024 0.058707293685458434 0.31026046116105593 0.31302406556030526 0.08506086682676693 0.11901646175194226 0.11901646163503304 0.23878784150577034 0.13326311237506583 0.5743064099810982 0.31460358697585394 0.23878784189658056 0.2886997582931373 0.704213505891407
19 0.20987137461755526 0.2323298203101653 0.38904911996681824 0.5064082182920182 0.2371753836265589 -0.01837719833387286 0.4427062813909845 0.13904666532010546 0.8096967876339519 0.23280839476958404 -0.01837719813761506 -0.013658160174582856 -0.01365816003124947 0.1964843652156045 0.1781919589418412 -0.008124724279948682 0.4427062817001877 0.19648436563738078 0.17152741984951939 0.4210642412261628
30 0.20782536272849356 0.2831402955852685 0.4528842833568852 0.38228058688031313 0.3344357670140082 0.007493040143984687 0.5036453191848208 0.21575453569327435 0.6089216020696627 0.24285538161810546 0.0074930403836489705 0.0009739918507649269 0.0009739920195676389 0.2652004225138505 0.3179966769154718 0.0038005248203733287 0.5036453195494819 0.2652004231132148 0.2722859481352783 0.33512765286424356
0 0.1622142210050747 0.3847902856112104 0.36278006029557436 0.39464863657921007 0.14874066686523638 0.06256408075559339 0.5217691141032978 0.21066050028587874 0.4600768630536074 0.39050824726287753 0.06256408091390818 0.059712458831351754 0.05971245898885277 0.34518672800815603 0.24067894261330708 0.08182001117658942 0.521769114440148 0.34518672843045595 0.23131790617187 0.4378431617069304
8 0.1622142210050747 0.3847902856112104 0.36278006029557436 0.39464863657921007 0.14874066686523638 0.06256408075559339 0.5217691141032978 0.21066050028587874 0.4600768630536074 0.39050824726287753 0.06256408091390818 0.059712458831351754 0.05971245898885277 0.34518672800815603 0.24067894261330708 0.08182001117658942 0.521769114440148 0.34518672843045595 0.23131790617187 0.4378431617069304
9 0.37607640768780887 0.38554860983737055 0.3234195317145464 0.13631472850743193 0.3541334582132401 0.20711880164873633 0.33329998239692255 0.46430151791945035 0.18300693104568486 0.34556138745189874 0.20711880180271508 0.21444633365440907 0.21444633384790612 0.4418822049576786 0.4594951101344675 0.11844929938194955 0.3332999829318542 0.4418822055501573 0.23250881305364118 0.15215640280276307
37 0.270315364377548 0.18977250727664263 -0.01782901450920799 0.026908011729484413 0.3266947150149502 0.5302877390616471 0.057207564298931 0.2391536932074103 -0.013658160138355831 0.15110319305636655 0.5302877393975022 0.6637460651344493 0.6637460653582503 0.1926473034600961 0.23945655981502345 0.2224732748528379 0.05720756451461757 0.19264730399216082 0.2584101403800291 0.07087034981049187
31 0.31615627514717504 0.33045820872277876 0.1421717776938423 0.20946174320153854 0.5672534914089898 0.30458424787346783 0.1978078488060406 0.2083605807118021 0.24391181437761628 0.2412692233072008 0.3045842481352381 0.3190298794872506 0.3190298796715214 0.2603769678337623 0.2833500099853617 0.146035630779315 0.1978078491558097 0.2603769685097598 0.6886154813292615 0.2551562002885166
21 0.3171436887332544 0.14882654488766597 -0.028300599420855898 0.02634128817466157 0.3801937665711155 0.44217399425730897 0.06069222769478007 0.3007590082295026 -0.018062480934988554 0.09738527275854011 0.4421739943723041 0.7203842642281896 0.7203842643889328 0.1578096656594615 0.2479337093475594 0.1859855270325499 0.060692228058868425 0.15780966621986348 0.20432240247701214 0.08222886001808663
53 0.26707113335742183 0.49086495539230496 0.22249656931496653 0.18578365740013694 0.2910462753853992 0.2557252526099141 0.3734242739418217 0.2790477739116819 0.23232982031020305 0.43535136731839413 0.25572525283104547 0.18977250713136173 0.18977250751282101 0.4343147371293473 0.3424442424536177 0.16882167299889114 0.3734242739685938 0.43431473756231653 0.32629253113355383 0.29396794337611915
24 0.26707113335742183 0.49086495539230496 0.22249656931496653 0.18578365740013694 0.2910462753853992 0.2557252526099141 0.3734242739418217 0.2790477739116819 0.23232982031020305 0.43535136731839413 0.25572525283104547 0.18977250713136173 0.18977250751282101 0.4343147371293473 0.3424442424536177 0.16882167299889114 0.3734242739685938 0.43431473756231653 0.32629253113355383 0.29396794337611915
61 0.31615627514717504 0.33045820872277876 0.1421717776938423 0.20946174320153854 0.5672534914089898 0.30458424787346783 0.1978078488060406 0.2083605807118021 0.24391181437761628 0.2412692233072008 0.3045842481352381 0.3190298794872506 0.3190298796715214 0.2603769678337623 0.2833500099853617 0.146035630779315 0.1978078491558097 0.2603769685097598 0.6886154813292615 0.2551562002885166
2 0.1622142210050747 0.3847902856112104 0.36278006029557436 0.39464863657921007 0.14874066686523638 0.06256408075559339 0.5217691141032978 0.21066050028587874 0.4600768630536074 0.39050824726287753 0.06256408091390818 0.059712458831351754 0.05971245898885277 0.34518672800815603 0.24067894261330708 0.08182001117658942 0.521769114440148 0.34518672843045595 0.23131790617187 0.4378431617069304
32 0.31615627514717504 0.33045820872277876 0.1421717776938423 0.20946174320153854 0.5672534914089898 0.30458424787346783 0.1978078488060406 0.2083605807118021 0.24391181437761628 0.2412692233072008 0.3045842481352381 0.3190298794872506 0.3190298796715214 0.2603769678337623 0.2833500099853617 0.146035630779315 0.1978078491558097 0.2603769685097598 0.6886154813292615 0.2551562002885166
52 0.4536816223488021 0.2790477739117158 0.3804740849710391 0.12193596127123556 0.42650127293715123 0.16934823676084862 0.27288342312938857 0.595778960364211 0.13904666532013088 0.24422709967497985 0.16934823689031808 0.2391536930914733 0.23915369333577005 0.39449111295950445 0.5088302056756003 0.09306586485214927 0.27288342359217793 0.3944911134217377 0.1704986602650103 0.11079983486152885
12 0.2580672813031166 0.3709431099620334 0.34610888802436685 0.30836001791720113 0.4229566166649406 0.08216327393411565 0.4530821778095488 0.22346842055518973 0.5056929610616808 0.2966847625227355 0.08216327422867821 0.07761227409267488 0.07761227404111458 0.3213147457054855 0.3460516553014259 0.0526063326985213 0.4530821781219138 0.3213147463865182 0.34200400639835876 0.3541269097147082
46 0.22588818729662527 0.32629253113359613 0.1292847838862027 0.27307005977379545 0.3260908819048724 0.32890018141724403 0.20341891301403228 0.1704986602650001 0.17152741984952333 0.31524202051969713 0.32890018173316016 0.2584101401442685 0.2584101404189764 0.26558016130428364 0.21340866258809904 0.19968094594299562 0.2034189133948948 0.26558016193003553 0.8470850000654504 0.33215434144202144
43 0.2858257515073077 0.3499353447943713 0.4579592505408041 0.25921469921587953 0.3720914269585682 0.06929311845493125 0.4555403844788151 0.30203419517438596 0.4200447000147097 0.29775029847862233 0.06929311866200154 0.07024186923605354 0.07024186916567841 0.3489524086501829 0.397430953424702 0.04439867688530769 0.4555403849647753 0.34895240928275034 0.34966388274565524 0.24978988584303352
47 0.22588818729662527 0.32629253113359613 0.1292847838862027 0.27307005977379545 0.3260908819048724 0.32890018141724403 0.20341891301403228 0.1704986602650001 0.17152741984952333 0.31524202051969713 0.32890018173316016 0.2584101401442685 0.2584101404189764 0.26558016130428364 0.21340866258809904 0.19968094594299562 0.2034189133948948 0.26558016193003553 0.8470850000654504 0.33215434144202144
56 0.18921405104053116 0.25572525267587254 -0.0047571975475660605 0.021980317537853743 0.21902186141032381 0.6504171818416458 0.05982411438307841 0.1693482368158893 -0.018377198247797634 0.24438873101973044 0.6504171821076891 0.5302877391417093 0.5302877392001755 0.2260650500346866 0.1941816237914514 0.30058615492230645 0.05982411475709898 0.22606505069433183 0.3289001815372929 0.08652266916011092
51 0.3440969474643471 0.123509288710066 -0.03552160546426612 0.02475382203810047 0.40758150551284517 0.3839277560939126 0.06472497286614862 0.34450535422778433 -0.02339725449669339 0.06662021444394431 0.3839277561910481 0.744830504543637 0.7448305046701023 0.13195312528012162 0.24555059315429625 0.16813754881911339 0.06472497338953467 0.13195312580656662 0.16782371849975622 0.09656312571223652
55 0.1240276110086207 0.2939679433761313 0.15255982998084727 0.6917086580753491 0.1669838907469754 0.08652266903999362 0.3370697741888917 0.11079983486148492 0.42106424122615116 0.28759551823815555 0.08652266926797858 0.07087034956897387 0.07087034995725283 0.1964198774923176 0.1338032128894069 0.12680933278669498 0.33706977454161846 0.19641987788011406 0.3321543414420087 0.7890352065600901
13 0.32413066778587274 0.4343147373758667 0.29001125882763645 0.15456446029558907 0.29204076790929134 0.22606505039504884 0.3626534259199443 0.3944911131743705 0.19648436542156855 0.40258603110510055 0.2260650506184452 0.1926473036704168 0.19264730388004464 0.4576509295980682 0.41180519526206744 0.14022480876428886 0.36265342635594927 0.45765093013399866 0.26558016160749326 0.19641987768420976
42 0.10026476657973789 0.16882167299892495 0.006738997328759357 0.04721710640531918 0.08864848045387833 0.3005861548436608 0.06538922454734675 0.0930658648521328 -0.008124724279941766 0.18763336737327888 0.3005861550618685 0.22247327474389242 0.22247327491897184 0.14022480857812364 0.10261493406517098 1.2301731804360825 0.0653892247474206 0.1402248089335162 0.19968094594299934 0.1268093327867094
54 0.26707113335742183 0.49086495539230496 0.22249656931496653 0.18578365740013694 0.2910462753853992 0.2557252526099141 0.3734242739418217 0.2790477739116819 0.23232982031020305 0.43535136731839413 0.25572525283104547 0.18977250713136173 0.18977250751282101 0.4343147371293473 0.3424442424536177 0.16882167299889114 0.3734242739685938 0.43431473756231653 0.32629253113355383 0.29396794337611915
36 0.270315364377548 0.18977250727664263 -0.01782901450920799 0.026908011729484413 0.3266947150149502 0.5302877390616471 0.057207564298931 0.2391536932074103 -0.013658160138355831 0.15110319305636655 0.5302877393975022 0.6637460651344493 0.6637460653582503 0.1926473034600961 0.23945655981502345 0.2224732748528379 0.05720756451461757 0.19264730399216082 0.2584101403800291 0.07087034981049187
15 0.32413066778587274 0.4343147373758667 0.29001125882763645 0.15456446029558907 0.29204076790929134 0.22606505039504884 0.3626534259199443 0.3944911131743705 0.19648436542156855 0.40258603110510055 0.2260650506184452 0.1926473036704168 0.19264730388004464 0.4576509295980682 0.41180519526206744 0.14022480876428886 0.36265342635594927 0.45765093013399866 0.26558016160749326 0.19641987768420976
48 0.44831737488276413 0.291046275385407 0.2610818905152979 0.13420473730316573 0.6826534903234436 0.21902186131793844 0.2118655307123674 0.426501272937127 0.2371753836265705 0.16790720731725872 0.2190218615545573 0.32669471505949293 0.3266947150661504 0.2920407676024341 0.42887961882234094 0.08864848045388499 0.21186553102103262 0.29204076822143304 0.3260908819048843 0.1669838907470012
17 0.32413066778587274 0.4343147373758667 0.29001125882763645 0.15456446029558907 0.29204076790929134 0.22606505039504884 0.3626534259199443 0.3944911131743705 0.19648436542156855 0.40258603110510055 0.2260650506184452 0.1926473036704168 0.19264730388004464 0.4576509295980682 0.41180519526206744 0.14022480876428886 0.36265342635594927 0.45765093013399866 0.26558016160749326 0.19641987768420976
49 0.1644003866492002 0.19098420840772906 0.3630666701425522 0.612383077583292 0.1984614784254161 -0.031022018596143126 0.42686825763369823 0.1322413103371296 0.8296061191278009 0.18926425423249874 -0.03102201845599421 -0.03040691769160763 -0.03040691744239445 0.15920149773306783 0.16154115162096497 -0.027151272743567437 0.426868257902787 0.1592014979232176 0.17783693595124145 0.4135697755909033
