60 0.18403285522832344 0.2779011378454667 0.23408011295636785 0.18403285597459004 0.1607969431240079 0.2785792123738166 0.03736642311725267 0.03009095421703299 0.33215229664357404 0.3478064550296652 0.34279180310825824 0.6022590021666246 0.4671482599920072 0.22748783289299512 0.3334382856537039 0.20430150242241152 0.20211804403701883 0.3983562665344704 0.4075833020434196 0.4327863661292849
69 0.26936761359217615 0.34266544333063076 0.3320418594759282 0.26936761520571434 0.15709237706652449 0.3296448209727722 0.1042271339243895 0.07295929264408409 0.3617986064351934 0.3344715524237929 0.3803338696799827 0.3110108652685013 0.40286780713337966 0.330916046776985 0.34410218959000977 0.22968692800466695 0.22986107359287067 0.4310419408822083 0.4012426296814615 0.38849764215940313
24 0.14813017826192748 0.2257403827572252 0.1855345250708381 0.14813017980167761 0.15674682613747704 0.2538221367395481 0.03743109007164985 0.031009358795146682 0.4378607370669064 0.3656549489755397 0.3452538799796225 0.5734650490548726 0.5462231869967069 0.3089806278377785 0.3227603313132395 0.10747537357879541 0.14587455029239277 0.40100772453627115 0.44782830158736747 0.32910593894053247
50 0.14946307312024204 0.27302806472369945 0.2278936051763693 0.14946307425639305 0.18219576122212683 0.2414273230146909 0.006384502320975997 -0.003746045651452337 0.47784979957528884 0.4293009285989662 0.26993020129406464 0.3836605720289583 0.5129261632009364 0.2622675298067907 0.3653545474188851 0.15555752257173272 0.21730776552756725 0.41980641808472663 0.4250151379119331 0.45929238581170834
40 0.1762322760298689 0.23589901405610494 0.1946257658192726 0.17623227741804823 0.1684707104499143 0.3574226703308476 0.08002950341621246 0.07424188064415094 0.4163757629877123 0.36986654870768737 0.394846467426154 0.3383297091511543 0.48988001423185157 0.3633574697512733 0.3808451204651596 0.15328369095835925 0.17580020493118784 0.40981256483924233 0.4688072372900505 0.36957258580390656
15 0.2604319670588923 0.23788841575510408 0.1898830041044079 0.2604319684815273 0.14795476458844717 0.4900996067250765 0.2424335148496071 0.2941480481260256 0.26877181186244203 0.2276765516079424 0.47261280995451505 0.274374178908283 0.2629493074532645 0.5745051686134333 0.33121085633806024 0.2913786067892624 0.18813840859432676 0.35632012247164735 0.3633574697506667 0.23110659260916458
34 0.5494738806566364 0.35095348422453726 0.39498682797243073 0.5494738831773167 0.19224995394865926 0.28904613602990553 0.35640363441711126 0.3763115586244064 0.11809253721861136 0.11269784467734585 0.27370100409952475 0.14237177668881795 0.12989512864145816 0.26043196775381083 0.1831111909496528 0.48855505884970385 0.3581721048080888 0.2425571454641731 0.1762322767267024 0.17581623191365733
57 0.19976679268269656 0.3837373007424901 0.42344002593750896 0.1997667941615146 0.24659539596502125 0.20178950298381482 0.019431771668273527 -0.009738838433108243 0.4333887238674574 0.4545632413767967 0.26491932925627537 0.3551228677949579 0.37678802836640707 0.21381625779368676 0.3658744545144774 0.16872227863781847 0.24705851673528534 0.3840727745270824 0.35899123947205974 0.4619951014522567
12 0.19137994020957347 0.2803960785513659 0.25389617607961285 0.19137994168461867 0.19838349905358438 0.36058679677322586 0.08449709179115733 0.07938359040080291 0.4107699196426965 0.3865820760761728 0.3616499098037456 0.3466963266001998 0.4321649834252199 0.3521179623315222 0.4048262808895005 0.16226589398384564 0.18805151237684997 0.3978515525360019 0.4390668184770014 0.37983962987286835
21 0.34487733323489395 0.3032257000312614 0.32977534923816787 0.34487733410164917 0.18255577617743438 0.5022938215135097 0.3120757013559968 0.31219628126503507 0.21399599093162322 0.21677162821414384 0.42561301659756895 0.2446572712050904 0.2121577204988783 0.43834979078301645 0.3406124449998367 0.3080894939725886 0.17958462348668525 0.3406122051138908 0.3017498893983413 0.24440258937018006
6 0.1126978440193079 0.32419785649580724 0.284001685178455 0.11269784531039469 0.33554008774095034 0.24026080765592092 0.012967448469750748 0.014291690009144008 0.48554623688624454 0.5413995479318928 0.18897268318146543 0.39851577744990896 0.3905781576342234 0.22767655160788608 0.43763995429331515 0.09031177072612952 0.2813288015813649 0.3091416238633533 0.36986654870743707 0.4232844144235536
11 0.1749749787191441 0.2106804794718288 0.17602813483813556 0.17497498017315047 0.14906545575821392 0.345908924466391 0.08516805676607156 0.06661265568197831 0.4125972336896727 0.3495947349590304 0.42614179082909415 0.3265366452067913 0.5252649040103726 0.3642854629183613 0.35254915044428986 0.1559077965761823 0.15797795093711942 0.423908102855281 0.48246005499639477 0.3667791765832266
18 0.18311119026723324 0.3416936061713925 0.28626764081573736 0.1831111916539253 0.32766801134739354 0.3751474972011858 0.059976659590200945 0.1063735766380493 0.4063387784016005 0.43763995429281644 0.24370336976982968 0.3730896045556651 0.3174169018300305 0.3312108563370897 0.47473457633057264 0.14739267307990878 0.28556771506590617 0.3209274874679633 0.3808451204648787 0.35896693199374
42 0.2571093949166154 0.42837884418659744 0.5421118609345332 0.2571093962263453 0.6480143733506372 0.23367424333520997 0.10340866986788688 0.1002784582996975 0.2763369646402244 0.37593651869885236 0.13116019931770895 0.31195519238086944 0.09537261888302817 0.17796025405115842 0.38898490165111627 0.22755784081280472 0.3918545638576682 0.1890132144655632 0.1873057738090505 0.3077237831484594
41 0.1762322760298689 0.23589901405610494 0.1946257658192726 0.17623227741804823 0.1684707104499143 0.3574226703308476 0.08002950341621246 0.07424188064415094 0.4163757629877123 0.36986654870768737 0.394846467426154 0.3383297091511543 0.48988001423185157 0.3633574697512733 0.3808451204651596 0.15328369095835925 0.17580020493118784 0.40981256483924233 0.4688072372900505 0.36957258580390656
55 0.1579563579892 0.28451153576987537 0.24932459347941954 0.15795635914379347 0.1740399125430793 0.23573704671060183 0.009946590984650842 -0.003311493878263221 0.4743516730788545 0.43533752387405905 0.29125870029997103 0.3584779089691289 0.5326257049296288 0.250940906036551 0.36558049832256656 0.1294526237732491 0.19864450932636338 0.41589132985379385 0.4371857048898056 0.4387787713230941
54 0.3332503565560645 0.293655336767134 0.2760898042419805 0.3332503558143723 0.1912924319835442 0.34610916690802 0.1856866112038501 0.23382715070753265 0.024126707615967247 0.12289360133075627 0.33686276028854756 0.6999976866176019 0.16188704864238534 0.11287796617392501 0.23554547401364717 0.5596455211067162 0.28974254503095387 0.27124119075078557 0.2264586915900344 0.2658388780668554
14 0.20728333392379814 0.32889750159986203 0.32069374493792496 0.20728333564475346 0.2492205697088742 0.3592824291557122 0.08776333941811865 0.08634115256817855 0.4003965761479642 0.4042488539840172 0.3156149469732726 0.3543559422936256 0.3601612733716658 0.3338722713737876 0.42995434119626824 0.17251211746631298 0.2122573031390092 0.3735067941924026 0.3991765668984935 0.38480038205665107
59 0.5494738806566364 0.35095348422453726 0.39498682797243073 0.5494738831773167 0.19224995394865926 0.28904613602990553 0.35640363441711126 0.3763115586244064 0.11809253721861136 0.11269784467734585 0.27370100409952475 0.14237177668881795 0.12989512864145816 0.26043196775381083 0.1831111909496528 0.48855505884970385 0.3581721048080888 0.2425571454641731 0.1762322767267024 0.17581623191365733
7 0.2910041390271522 0.2477787891653062 0.2285167567711657 0.29100414039502687 0.1360630065819657 0.504452428042873 0.2908547626455021 0.28002532688970494 0.2359436074746279 0.22095285251164712 0.5272399528864845 0.24600281030854126 0.2761965250400707 0.4829889443202425 0.31471584429620664 0.2680641131040433 0.170730572984764 0.3633148859555761 0.3685608556207248 0.24613606699221713
10 0.1180925365264931 0.26627012013802814 0.2294643348654655 0.11809253792429178 0.23480978411929274 0.2413092943749937 0.009878016119476248 0.005826980504611989 0.5211311915650135 0.4855462368862097 0.23334160011336827 0.3932495359213085 0.4833828463068167 0.26877181186263616 0.40633877840156163 0.10796896828680665 0.20636903578246293 0.3690417342718457 0.4163757629873331 0.4287381729995343
1 0.2910041390271522 0.2477787891653062 0.2285167567711657 0.29100414039502687 0.1360630065819657 0.504452428042873 0.2908547626455021 0.28002532688970494 0.2359436074746279 0.22095285251164712 0.5272399528864845 0.24600281030854126 0.2761965250400707 0.4829889443202425 0.31471584429620664 0.2680641131040433 0.170730572984764 0.3633148859555761 0.3685608556207248 0.24613606699221713
43 0.37631155793965254 0.10723015616888618 0.08705164214855879 0.3763115591964575 0.1126974596925633 0.3284244838691084 0.6104203226341992 0.951653951771113 0.005826980504414842 0.014291690009188432 0.21814359270171124 0.04175844662349741 -0.005250188083014698 0.2941480481259828 0.10637357663852208 0.3561191180712646 0.12033508120333654 0.06716755381652974 0.07424188064346134 -0.011049027587141255
28 0.37174220887735415 0.10699128592794398 0.10652435443651662 0.37174221076700253 0.0752559130901883 0.27904699303386893 0.8561662580966932 0.751240695636464 0.008783615907010366 0.023219290906299796 0.29581887664622547 0.03222361453304196 0.00418719652180254 0.26592732123963997 0.06097053171001815 0.37092065194486135 0.08024888484753159 0.08445799321530191 0.07139240774885013 0.006259973659846502
61 0.22849811633467204 0.34557460859521827 0.3663255544534705 0.22849811630379802 0.334015069117568 0.26217464830403436 0.029434838861023122 0.03456642600160454 0.18385198147723822 0.33881640168876015 0.2121327745784835 0.6545668250488221 0.2014345781050763 0.1055161153752734 0.3312314192581308 0.3699972223429069 0.3837871752045108 0.2677864694158461 0.24506156676076904 0.4992376392786304
17 0.2604319670588923 0.23788841575510408 0.1898830041044079 0.2604319684815273 0.14795476458844717 0.4900996067250765 0.2424335148496071 0.2941480481260256 0.26877181186244203 0.2276765516079424 0.47261280995451505 0.274374178908283 0.2629493074532645 0.5745051686134333 0.33121085633806024 0.2913786067892624 0.18813840859432676 0.35632012247164735 0.3633574697506667 0.23110659260916458
38 0.37631155793965254 0.10723015616888618 0.08705164214855879 0.3763115591964575 0.1126974596925633 0.3284244838691084 0.6104203226341992 0.951653951771113 0.005826980504414842 0.014291690009188432 0.21814359270171124 0.04175844662349741 -0.005250188083014698 0.2941480481259828 0.10637357663852208 0.3561191180712646 0.12033508120333654 0.06716755381652974 0.07424188064346134 -0.011049027587141255
0 0.1126978440193079 0.32419785649580724 0.284001685178455 0.11269784531039469 0.33554008774095034 0.24026080765592092 0.012967448469750748 0.014291690009144008 0.48554623688624454 0.5413995479318928 0.18897268318146543 0.39851577744990896 0.3905781576342234 0.22767655160788608 0.43763995429331515 0.09031177072612952 0.2813288015813649 0.3091416238633533 0.36986654870743707 0.4232844144235536
36 0.31751208704428746 0.31911602697206 0.267362145649113 0.3175120878185962 0.27320761510851904 0.5500006108494305 0.19337986763391254 0.3787901081323917 0.22847136968737358 0.23678508055572173 0.31757682573279344 0.27480210002872346 0.1738641258362042 0.45472467893863544 0.4322229026973963 0.267740670399373 0.2643682476958685 0.28565616693543683 0.3024403929599139 0.2095973422395012
3 0.2890461353259351 0.27419952322107866 0.21789903326572027 0.28904613669752127 0.18303276434783528 0.5439254655839992 0.22724819070106583 0.3284244838693426 0.24130929437494858 0.2402608076560818 0.44119702140380046 0.2662970442032134 0.23765898843480043 0.490099606725201 0.3751474972017729 0.25602030583489843 0.21885493895031496 0.329604756984271 0.35742267033023223 0.22935876590943843
13 0.2890461353259351 0.27419952322107866 0.21789903326572027 0.28904613669752127 0.18303276434783528 0.5439254655839992 0.22724819070106583 0.3284244838693426 0.24130929437494858 0.2402608076560818 0.44119702140380046 0.2662970442032134 0.23765898843480043 0.490099606725201 0.3751474972017729 0.25602030583489843 0.21885493895031496 0.329604756984271 0.35742267033023223 0.22935876590943843
48 0.35640363383363743 0.08403844722755212 0.11920154983897421 0.35640363491720206 0.06964183820245311 0.2272481907009497 0.9792762018865213 0.6104203226342665 0.009878016119263968 0.012967448469852932 0.3456130096164974 0.02781794313044906 0.008085723573672642 0.24243351484960626 0.05997665959075691 0.36595176057360235 0.06137256127478982 0.09734916047764221 0.08002950341531405 0.01007383400606788
27 0.37174220887735415 0.10699128592794398 0.10652435443651662 0.37174221076700253 0.0752559130901883 0.27904699303386893 0.8561662580966932 0.751240695636464 0.008783615907010366 0.023219290906299796 0.29581887664622547 0.03222361453304196 0.00418719652180254 0.26592732123963997 0.06097053171001815 0.37092065194486135 0.08024888484753159 0.08445799321530191 0.07139240774885013 0.006259973659846502
32 0.35817210410010863 0.48031035219132473 0.43258907527847207 0.3581721055327535 0.5332818183085593 0.21885493895003363 0.06137256127454745 0.12033508120318016 0.20636903578243193 0.2813288015812092 0.12646954671798885 0.2502690189449907 0.13204366584473695 0.1881384085941777 0.28556771506630224 0.31382234439470336 0.6342217133195214 0.21580458693632398 0.17580020493096832 0.24923352472367008
4 0.18311119026723324 0.3416936061713925 0.28626764081573736 0.1831111916539253 0.32766801134739354 0.3751474972011858 0.059976659590200945 0.1063735766380493 0.4063387784016005 0.43763995429281644 0.24370336976982968 0.3730896045556651 0.3174169018300305 0.3312108563370897 0.47473457633057264 0.14739267307990878 0.28556771506590617 0.3209274874679633 0.3808451204648787 0.35896693199374
58 0.5494738806566364 0.35095348422453726 0.39498682797243073 0.5494738831773167 0.19224995394865926 0.28904613602990553 0.35640363441711126 0.3763115586244064 0.11809253721861136 0.11269784467734585 0.27370100409952475 0.14237177668881795 0.12989512864145816 0.26043196775381083 0.1831111909496528 0.48855505884970385 0.3581721048080888 0.2425571454641731 0.1762322767267024 0.17581623191365733
64 0.24255714476100254 0.29206659934915735 0.26643848002954446 0.24255714614293655 0.14088471392389373 0.329604756983856 0.09734916047713575 0.06716755381620532 0.36904173427191567 0.3091416238630713 0.39058329738807873 0.3395201894264045 0.4283434611867256 0.35632012247132216 0.32092748746818217 0.27334564709939685 0.21580458693600613 0.45824330892872306 0.409812564838654 0.4139016941158211
45 0.27370100334117686 0.1915294321481901 0.2066129953572139 0.27370100472959763 0.10212566229084813 0.4411970214035193 0.34561300961639657 0.21814359270165135 0.233341600113346 0.18897268318141172 0.636971707013049 0.22031428364813735 0.33403163365967004 0.4726128099543812 0.24370336976986892 0.26637008358227926 0.12646954671829547 0.3905832973885035 0.39484646742561147 0.2539987468849661
5 0.2910041390271522 0.2477787891653062 0.2285167567711657 0.29100414039502687 0.1360630065819657 0.504452428042873 0.2908547626455021 0.28002532688970494 0.2359436074746279 0.22095285251164712 0.5272399528864845 0.24600281030854126 0.2761965250400707 0.4829889443202425 0.31471584429620664 0.2680641131040433 0.170730572984764 0.3633148859555761 0.3685608556207248 0.24613606699221713
62 0.17288654665227265 0.35214453145112457 0.33013710612296765 0.1728865477837625 0.2653949084254347 0.22733572202515748 0.007663528268675551 -0.006244437807294334 0.43017758005408324 0.444641882788441 0.21887559826044709 0.41428218903368114 0.36630573154077084 0.23638476411562095 0.3656913554618509 0.20887608819737852 0.3093964953715942 0.3958052399502398 0.34656259884240465 0.4916465914023143
26 0.16877593326494603 0.3794646157697121 0.46295279469285444 0.16877593501749674 0.34726034622704655 0.19157333334247822 0.028705702951927436 -0.003294847137193536 0.44275026370312764 0.5096068941582135 0.22882748881240686 0.37365660080731705 0.30582814967574307 0.19210319456668543 0.39358810837462593 0.14550014172490142 0.23083534642622316 0.32066750647986225 0.32477553996020536 0.45909619828579
49 0.35640363383363743 0.08403844722755212 0.11920154983897421 0.35640363491720206 0.06964183820245311 0.2272481907009497 0.9792762018865213 0.6104203226342665 0.009878016119263968 0.012967448469852932 0.3456130096164974 0.02781794313044906 0.008085723573672642 0.24243351484960626 0.05997665959075691 0.36595176057360235 0.06137256127478982 0.09734916047764221 0.08002950341531405 0.01007383400606788
25 0.1749749787191441 0.2106804794718288 0.17602813483813556 0.17497498017315047 0.14906545575821392 0.345908924466391 0.08516805676607156 0.06661265568197831 0.4125972336896727 0.3495947349590304 0.42614179082909415 0.3265366452067913 0.5252649040103726 0.3642854629183613 0.35254915044428986 0.1559077965761823 0.15797795093711942 0.423908102855281 0.48246005499639477 0.3667791765832266
68 0.5494738806566364 0.35095348422453726 0.39498682797243073 0.5494738831773167 0.19224995394865926 0.28904613602990553 0.35640363441711126 0.3763115586244064 0.11809253721861136 0.11269784467734585 0.27370100409952475 0.14237177668881795 0.12989512864145816 0.26043196775381083 0.1831111909496528 0.48855505884970385 0.3581721048080888 0.2425571454641731 0.1762322767267024 0.17581623191365733
2 0.18311119026723324 0.3416936061713925 0.28626764081573736 0.1831111916539253 0.32766801134739354 0.3751474972011858 0.059976659590200945 0.1063735766380493 0.4063387784016005 0.43763995429281644 0.24370336976982968 0.3730896045556651 0.3174169018300305 0.3312108563370897 0.47473457633057264 0.14739267307990878 0.28556771506590617 0.3209274874679633 0.3808451204648787 0.35896693199374
56 0.39498682730078627 0.47014486208090117 0.5891080117873674 0.39498682857094547 0.3851744648494541 0.21789903326547533 0.11920154983878489 0.0870516421484034 0.22946433486552695 0.28400168517837543 0.20661299535716518 0.25289839813522247 0.1298090238684662 0.18988300410434392 0.2862676408159617 0.3561198288672028 0.4325890752785645 0.26643848002979176 0.19462576581849114 0.32345672785128765
46 0.1143263906836708 0.38305786633040645 0.5300413563781183 0.11432639155994864 0.5060657087732151 0.07532322272841577 -0.003955727303280817 -0.03910195837100755 0.4153271923043556 0.6033690696822904 0.16802027725961224 0.36446861439383094 0.21575224646237082 0.09591892191543464 0.303957794341085 0.121228505086573 0.3457305774284029 0.22604117450120353 0.22129916508350939 0.45034238145647104
22 0.11696067984682078 0.2370079492316784 0.20117659838070365 0.11696068143754841 0.206852268831696 0.2381202822604506 0.008321754079296903 0.0023088458420286516 0.5358714937665449 0.4600142226670453 0.2450173110501948 0.3906412183916902 0.5182132537938389 0.2883530894156034 0.3857122088932131 0.11688302712624347 0.1858909711576112 0.38972638633877427 0.42986809871797343 0.42387472775136664
29 0.1298951280490582 0.17144921727078002 0.12980902386842022 0.12989512918385 0.1417137989490787 0.23765898843446817 0.0080857235734868 -0.0052501880831570275 0.4833828463067988 0.39057815763406944 0.33403163365963107 0.3384670132973891 0.6658460633223134 0.26294930745305334 0.317416901830033 0.11300020550084039 0.13204366584479557 0.42834346118666816 0.48988001423125616 0.4050833216951933
66 0.18200748061878122 0.4316359847266008 0.4209722009378045 0.18200748154577193 0.39042490151508 0.19941996161947792 0.013177842774089983 0.002237460001157234 0.39831132442540396 0.502420282109229 0.1729149484719777 0.36185172415677425 0.27177149987344934 0.193529359119961 0.3762560949519375 0.15719948214880222 0.4205200080224227 0.30669088805206846 0.2897597524077812 0.416504105404256
23 0.2741328377740851 0.2129454040266915 0.201746799877012 0.27413283932999405 0.11361075456770527 0.4763160620759643 0.3111485161535691 0.24727835548943494 0.23844079184340572 0.20742567698966863 0.592175179869175 0.23479633152209464 0.31233843263685007 0.4854946530137757 0.27897984976591983 0.26062662638351053 0.14995714842567134 0.37837986340750324 0.39153791370615304 0.24950659324883578
33 0.5494738806566364 0.35095348422453726 0.39498682797243073 0.5494738831773167 0.19224995394865926 0.28904613602990553 0.35640363441711126 0.3763115586244064 0.11809253721861136 0.11269784467734585 0.27370100409952475 0.14237177668881795 0.12989512864145816 0.26043196775381083 0.1831111909496528 0.48855505884970385 0.3581721048080888 0.2425571454641731 0.1762322767267024 0.17581623191365733
65 0.2813262232939298 0.38567460188396907 0.3503927027622862 0.2813262248951398 0.19822704561006305 0.33715187476915315 0.09159757098997805 0.08709714380256986 0.35307084456957294 0.3508853367170802 0.32547355421836843 0.3185353714096431 0.3463017198596464 0.3226592012800122 0.36974634004893864 0.23533514160183291 0.29403624046383386 0.40276200002069523 0.3707140022093902 0.37926270008764
52 0.24516508209433893 0.40180500941872643 0.42352687469673805 0.2451650829225817 0.30207406646585294 0.2396074995773453 0.04481223960974238 0.03272582401404917 0.2476229016175264 0.35827855043792267 0.2525890330687784 0.615902110531289 0.25033199633215975 0.15604534712833315 0.3284804596929785 0.27600134336847265 0.3314542256195022 0.3196100844909919 0.2772589233166899 0.43532616169660915
20 0.34487733323489395 0.3032257000312614 0.32977534923816787 0.34487733410164917 0.18255577617743438 0.5022938215135097 0.3120757013559968 0.31219628126503507 0.21399599093162322 0.21677162821414384 0.42561301659756895 0.2446572712050904 0.2121577204988783 0.43834979078301645 0.3406124449998367 0.3080894939725886 0.17958462348668525 0.3406122051138908 0.3017498893983413 0.24440258937018006
19 0.2910041390271522 0.2477787891653062 0.2285167567711657 0.29100414039502687 0.1360630065819657 0.504452428042873 0.2908547626455021 0.28002532688970494 0.2359436074746279 0.22095285251164712 0.5272399528864845 0.24600281030854126 0.2761965250400707 0.4829889443202425 0.31471584429620664 0.2680641131040433 0.170730572984764 0.3633148859555761 0.3685608556207248 0.24613606699221713
8 0.18311119026723324 0.3416936061713925 0.28626764081573736 0.1831111916539253 0.32766801134739354 0.3751474972011858 0.059976659590200945 0.1063735766380493 0.4063387784016005 0.43763995429281644 0.24370336976982968 0.3730896045556651 0.3174169018300305 0.3312108563370897 0.47473457633057264 0.14739267307990878 0.28556771506590617 0.3209274874679633 0.3808451204648787 0.35896693199374
9 0.2910041390271522 0.2477787891653062 0.2285167567711657 0.29100414039502687 0.1360630065819657 0.504452428042873 0.2908547626455021 0.28002532688970494 0.2359436074746279 0.22095285251164712 0.5272399528864845 0.24600281030854126 0.2761965250400707 0.4829889443202425 0.31471584429620664 0.2680641131040433 0.170730572984764 0.3633148859555761 0.3685608556207248 0.24613606699221713
51 0.1758162313619076 0.32306276193594385 0.32345672785150725 0.17581623258363166 0.2223456661640384 0.22935876590939586 0.010073834006249172 -0.011049027586935267 0.4287381729993456 0.42328441442376175 0.2539987468852303 0.40632390493211634 0.40508332169547145 0.23110659260918887 0.3589669319942459 0.22102203310062052 0.2492335247238202 0.41390169411590705 0.3695725858036667 0.5187385606112969
31 0.18200748061878122 0.4316359847266008 0.4209722009378045 0.18200748154577193 0.39042490151508 0.19941996161947792 0.013177842774089983 0.002237460001157234 0.39831132442540396 0.502420282109229 0.1729149484719777 0.36185172415677425 0.27177149987344934 0.193529359119961 0.3762560949519375 0.15719948214880222 0.4205200080224227 0.30669088805206846 0.2897597524077812 0.416504105404256
39 0.37631155793965254 0.10723015616888618 0.08705164214855879 0.3763115591964575 0.1126974596925633 0.3284244838691084 0.6104203226341992 0.951653951771113 0.005826980504414842 0.014291690009188432 0.21814359270171124 0.04175844662349741 -0.005250188083014698 0.2941480481259828 0.10637357663852208 0.3561191180712646 0.12033508120333654 0.06716755381652974 0.07424188064346134 -0.011049027587141255
67 0.3509534834781916 0.48047433081042257 0.47014486208145906 0.35095348485702 0.3801500174965937 0.27419952322111485 0.08403844722826097 0.10723015616950875 0.2662701201378451 0.324197856496121 0.19152943214853463 0.2856907987191913 0.17144921727139925 0.23788841575535213 0.34169360617194444 0.30074156159265014 0.4803103521915916 0.2920665993500817 0.23589901405583058 0.3230627619360773
16 0.14237177595680098 0.2856907987191596 0.2528983981353137 0.14237177738681434 0.28516132226759333 0.2662970442031 0.027817943130423028 0.04175844662350618 0.39324953592118544 0.3985157774499727 0.22031428364815472 0.6837309292095547 0.33846701329736667 0.27437417890826077 0.3730896045560976 0.20769453649207145 0.2502690189449534 0.3395201894264016 0.3383297091506936 0.4063239049320291
44 0.37631155793965254 0.10723015616888618 0.08705164214855879 0.3763115591964575 0.1126974596925633 0.3284244838691084 0.6104203226341992 0.951653951771113 0.005826980504414842 0.014291690009188432 0.21814359270171124 0.04175844662349741 -0.005250188083014698 0.2941480481259828 0.10637357663852208 0.3561191180712646 0.12033508120333654 0.06716755381652974 0.07424188064346134 -0.011049027587141255
63 0.4885550583024997 0.3007415615920958 0.35611982886750887 0.48855505943685873 0.17001307851249914 0.2560203058347257 0.36595176057360956 0.3561191180713384 0.1079689682865533 0.09031177072616685 0.2663700835823694 0.20769453649206615 0.11300020550105427 0.29137860678922806 0.147392673080288 0.6718043597205097 0.3138223443949461 0.27334564709987963 0.15328369095739705 0.22102203310042273
35 0.34487733323489395 0.3032257000312614 0.32977534923816787 0.34487733410164917 0.18255577617743438 0.5022938215135097 0.3120757013559968 0.31219628126503507 0.21399599093162322 0.21677162821414384 0.42561301659756895 0.2446572712050904 0.2121577204988783 0.43834979078301645 0.3406124449998367 0.3080894939725886 0.17958462348668525 0.3406122051138908 0.3017498893983413 0.24440258937018006
37 0.1922499531662561 0.38015001749645416 0.3851744648497441 0.19224995466024936 0.8731455966497861 0.18303276434774732 0.06964183820253245 0.1126974596926871 0.23480978411921835 0.3355400877410992 0.10212566229097128 0.285161322267647 0.14171379894914415 0.14795476458852555 0.3276680113477439 0.17001307851254158 0.5332818183086128 0.14088471392389273 0.16847071044974998 0.22234566616392032
47 0.35640363383363743 0.08403844722755212 0.11920154983897421 0.35640363491720206 0.06964183820245311 0.2272481907009497 0.9792762018865213 0.6104203226342665 0.009878016119263968 0.012967448469852932 0.3456130096164974 0.02781794313044906 0.008085723573672642 0.24243351484960626 0.05997665959075691 0.36595176057360235 0.06137256127478982 0.09734916047764221 0.08002950341531405 0.01007383400606788
53 0.4885550583024997 0.3007415615920958 0.35611982886750887 0.48855505943685873 0.17001307851249914 0.2560203058347257 0.36595176057360956 0.3561191180713384 0.1079689682865533 0.09031177072616685 0.2663700835823694 0.20769453649206615 0.11300020550105427 0.29137860678922806 0.147392673080288 0.6718043597205097 0.3138223443949461 0.27334564709987963 0.15328369095739705 0.22102203310042273
30 0.2813262232939298 0.38567460188396907 0.3503927027622862 0.2813262248951398 0.19822704561006305 0.33715187476915315 0.09159757098997805 0.08709714380256986 0.35307084456957294 0.3508853367170802 0.32547355421836843 0.3185353714096431 0.3463017198596464 0.3226592012800122 0.36974634004893864 0.23533514160183291 0.29403624046383386 0.40276200002069523 0.3707140022093902 0.37926270008764
