id,x_0,x_1,x_2,x_3,x_4,x_5,x_6,x_7,x_8,x_9,x_10,x_11
0.0,1.05279286413289,2.220446049250313e-16,2.220446049250313e-16,2.220446049250313e-16,0.009039870487156598,2.220446049250313e-16,0.591773263723867,0.4686630271645624,0.014265461676455121,2.220446049250313e-16,0.1284809444427449,2.220446049250313e-16
1.0,2.220446049250313e-16,1.14909496521121,0.22647942531140436,2.220446049250313e-16,0.0493914816311095,0.041492701371588246,0.8518237295409717,2.220446049250313e-16,2.220446049250313e-16,0.1686789747147014,2.220446049250313e-16,2.220446049250313e-16
2.0,1.182169768141627,2.220446049250313e-16,0.08086850646290886,0.059028715863008036,0.013470555038070648,2.220446049250313e-16,0.32963225278950276,0.2505402542972693,0.0006201508722587991,2.220446049250313e-16,0.12368989432488416,0.007228052490139749
3.0,0.027820136489675254,0.00846893945624605,2.220446049250313e-16,0.43493345300535013,0.02386930282713924,2.220446049250313e-16,0.2516436633549965,2.220446049250313e-16,0.6320252853852354,2.220446049250313e-16,0.7159068991748816,0.8171878893564964
4.0,0.346788307233752,0.4884081425020852,2.220446049250313e-16,0.3250676295158401,2.220446049250313e-16,2.220446049250313e-16,2.220446049250313e-16,2.220446049250313e-16,1.0657018861561156,2.220446049250313e-16,2.220446049250313e-16,2.220446049250313e-16
5.0,2.220446049250313e-16,2.220446049250313e-16,2.220446049250313e-16,0.41417138864491554,2.220446049250313e-16,2.220446049250313e-16,0.25318799162650674,2.220446049250313e-16,0.7700685163308354,2.220446049250313e-16,0.7170937968745634,0.814947389847109
6.0,1.0642307891882261,2.220446049250313e-16,0.016979763597687825,0.0303279829266249,2.220446049250313e-16,2.220446049250313e-16,0.4971931658725283,0.23400310122711304,0.2520444382082104,2.220446049250313e-16,2.220446049250313e-16,2.220446049250313e-16
7.0,0.039409324669985146,1.1422084060023208,0.17427612697213618,0.10929649766460484,0.05687640280676844,0.449148264151382,0.5933276059217698,2.220446049250313e-16,2.220446049250313e-16,0.17353153126859908,2.220446049250313e-16,2.220446049250313e-16
8.0,1.0062388035949368,2.220446049250313e-16,0.08514250164069304,0.06933123937017982,0.01904954088650149,2.220446049250313e-16,0.3311769280676509,0.2638804596664336,2.220446049250313e-16,2.220446049250313e-16,0.6737818802293788,0.007496315307471359
9.0,0.06928519583098623,0.39626736276978625,2.220446049250313e-16,0.8830507917364514,0.7362537229649819,2.220446049250313e-16,0.2590542673904606,2.220446049250313e-16,0.485246598278208,2.220446049250313e-16,2.220446049250313e-16,0.2876860646505058
10.0,0.10737023982450537,2.220446049250313e-16,2.220446049250313e-16,0.046021959153571546,2.220446049250313e-16,2.220446049250313e-16,2.220446049250313e-16,2.220446049250313e-16,1.1038213606511895,0.8992491214138758,2.220446049250313e-16,2.220446049250313e-16
11.0,0.07156789685703556,0.05779773738130278,2.220446049250313e-16,0.8595832276549789,0.7535068914459762,0.004326043284374184,0.26986636857315077,2.220446049250313e-16,0.4702392598424648,2.220446049250313e-16,2.220446049250313e-16,0.6543371031053709
12.0,1.0833207552570892,2.220446049250313e-16,0.009285767833838915,2.220446049250313e-16,0.005335709763162699,2.220446049250313e-16,0.6745286056813622,0.23293907996111377,0.01170524113435435,2.220446049250313e-16,0.12693719453358387,2.220446049250313e-16
13.0,2.220446049250313e-16,1.1377696677022033,0.1686385779090031,2.220446049250313e-16,0.05265567000936544,0.4335685733920929,0.7699739800412173,2.220446049250313e-16,2.220446049250313e-16,0.17373943501264025,2.220446049250313e-16,2.220446049250313e-16
14.0,0.8984360455779122,2.220446049250313e-16,2.220446049250313e-16,2.220446049250313e-16,0.016602322316430995,2.220446049250313e-16,0.5123518365679335,0.48812439743354913,2.220446049250313e-16,0.00029867852109638515,0.6778804593719473,2.220446049250313e-16
15.0,2.220446049250313e-16,1.0261460233476118,2.220446049250313e-16,2.220446049250313e-16,0.6549065498511768,0.4467840381210988,0.7675133790106923,2.220446049250313e-16,2.220446049250313e-16,0.2001865620148696,2.220446049250313e-16,2.220446049250313e-16
16.0,0.8168189769567324,0.04801630399355461,0.11223158307758396,0.06857060210097625,2.220446049250313e-16,0.1724236151539402,0.23153583216706633,2.220446049250313e-16,2.220446049250313e-16,0.21322306452094644,0.68217793747368,0.0076092100122124055
17.0,2.220446049250313e-16,1.0261460233476118,2.220446049250313e-16,2.220446049250313e-16,0.6549065498511768,0.4467840381210988,0.7675133790106923,2.220446049250313e-16,2.220446049250313e-16,0.2001865620148696,2.220446049250313e-16,2.220446049250313e-16
18.0,0.021477286765978976,0.38394099774280654,0.21344614646989576,0.897620838418604,0.09721654137645858,0.5026632170470022,0.5880151356096247,2.220446049250313e-16,0.032853298162807396,2.220446049250313e-16,2.220446049250313e-16,0.5002126832973541
19.0,1.163020204221472,4.5464569096820284e-05,2.220446049250313e-16,0.04310732360027204,0.02495358973795902,0.0324489929248,2.220446049250313e-16,0.7005997388647263,0.10871491271506711,2.220446049250313e-16,2.220446049250313e-16,2.220446049250313e-16
20.0,0.04685543836367092,0.8521435961925443,0.2550029954704439,0.7688687229464258,0.0745431028134325,0.31381123631539637,0.5136917566414937,2.220446049250313e-16,2.220446049250313e-16,2.220446049250313e-16,2.220446049250313e-16,0.13345294081780082
21.0,0.0017306404446414331,2.220446049250313e-16,1.033148384595737,2.220446049250313e-16,2.220446049250313e-16,0.5979257273924686,2.220446049250313e-16,0.026247408721945618,0.001231211342562537,0.0055033768221709415,2.220446049250313e-16,0.8994768927990323
22.0,0.0017306404446414331,2.220446049250313e-16,1.033148384595737,2.220446049250313e-16,2.220446049250313e-16,0.5979257273924686,2.220446049250313e-16,0.026247408721945618,0.001231211342562537,0.0055033768221709415,2.220446049250313e-16,0.8994768927990323
23.0,0.09187242686281945,2.220446049250313e-16,0.35419534425744914,2.220446049250313e-16,0.7476178218265955,2.220446049250313e-16,0.245918534390077,0.20977020082349973,0.00042280391680580176,0.974850385211669,2.220446049250313e-16,0.0067839191953739005
24.0,0.13912326553124885,2.220446049250313e-16,0.5912988665741843,2.220446049250313e-16,0.616766731730736,2.220446049250313e-16,2.220446049250313e-16,0.5201584893610676,2.220446049250313e-16,0.813632470004276,2.220446049250313e-16,0.0004399582013207718
25.0,0.7058055945830214,2.220446049250313e-16,0.030990698854208132,2.220446049250313e-16,2.220446049250313e-16,2.220446049250313e-16,0.5694063881825558,0.8154215703282918,2.220446049250313e-16,2.220446049250313e-16,0.6859662164438415,2.220446049250313e-16
26.0,0.050859196165930785,0.26946943496235765,2.220446049250313e-16,2.220446049250313e-16,0.714715935529242,2.220446049250313e-16,0.8737321054138311,2.220446049250313e-16,2.220446049250313e-16,0.8576021638125236,2.220446049250313e-16,2.220446049250313e-16
27.0,2.220446049250313e-16,0.1684191017100662,0.8623462487672853,2.220446049250313e-16,2.220446049250313e-16,2.220446049250313e-16,2.220446049250313e-16,0.7160943557146794,2.220446049250313e-16,0.8342620381393606,2.220446049250313e-16,2.220446049250313e-16
28.0,0.11712739305624505,0.014939692504285285,2.220446049250313e-16,2.220446049250313e-16,2.220446049250313e-16,2.220446049250313e-16,2.220446049250313e-16,2.220446049250313e-16,1.1202255945055468,0.2517150327048662,2.220446049250313e-16,0.6536769579704469
29.0,0.11058985272687066,0.38163301621693857,2.220446049250313e-16,0.04471920484331138,2.220446049250313e-16,2.220446049250313e-16,2.220446049250313e-16,2.220446049250313e-16,1.1123266349291654,0.513169010286114,2.220446049250313e-16,2.220446049250313e-16
30.0,0.34596955343561875,0.3176681266376433,2.220446049250313e-16,0.3145849333277707,2.220446049250313e-16,2.220446049250313e-16,2.220446049250313e-16,2.220446049250313e-16,1.0885809182925716,2.220446049250313e-16,2.220446049250313e-16,0.12557605441795908
31.0,0.0223371353458703,2.220446049250313e-16,2.220446049250313e-16,0.4077608140757334,2.220446049250313e-16,2.220446049250313e-16,0.25346550083052355,2.220446049250313e-16,0.8245671193390479,2.220446049250313e-16,0.4506345250487035,0.8138603034525553
32.0,2.220446049250313e-16,2.220446049250313e-16,0.01950139840804874,0.06454935131531381,2.220446049250313e-16,2.220446049250313e-16,2.220446049250313e-16,2.220446049250313e-16,1.0017390422706094,2.220446049250313e-16,0.5425627032746035,0.8900995419800883
33.0,2.220446049250313e-16,0.3788239486133804,0.21443465311176602,0.7725432286886311,0.09823312313215792,0.48767631221479446,0.5897449000035068,2.220446049250313e-16,0.18120120999375636,2.220446049250313e-16,2.220446049250313e-16,0.5014111447362684
34.0,1.163020204221472,4.5464569096820284e-05,2.220446049250313e-16,0.04310732360027204,0.02495358973795902,0.0324489929248,2.220446049250313e-16,0.7005997388647263,0.10871491271506711,2.220446049250313e-16,2.220446049250313e-16,2.220446049250313e-16
35.0,0.022812533727301736,3.0677715085136725e-05,1.0933754449578261,2.220446049250313e-16,2.220446049250313e-16,0.2065273524788136,0.029316483493912866,0.021440874889906245,2.220446049250313e-16,0.0027137740475710447,2.220446049250313e-16,0.897852840740732
36.0,0.022812533727301736,3.0677715085136725e-05,1.0933754449578261,2.220446049250313e-16,2.220446049250313e-16,0.2065273524788136,0.029316483493912866,0.021440874889906245,2.220446049250313e-16,0.0027137740475710447,2.220446049250313e-16,0.897852840740732
37.0,0.0593113955415881,0.7241554621082442,0.5443736855907414,2.220446049250313e-16,2.220446049250313e-16,2.220446049250313e-16,0.6583114422440905,2.220446049250313e-16,2.220446049250313e-16,0.41565737166153444,2.220446049250313e-16,2.220446049250313e-16
38.0,0.06252400003049288,2.220446049250313e-16,0.29205369953139604,2.220446049250313e-16,0.7511890855561136,2.220446049250313e-16,0.16569203105771466,0.4481936719414325,0.0028124200076997826,0.9775076705500596,2.220446049250313e-16,0.008466133487623168
39.0,0.022029909741466173,2.220446049250313e-16,0.6089466436864664,2.220446049250313e-16,0.5922637287209258,2.220446049250313e-16,2.220446049250313e-16,0.8210086517471864,0.00909720755472601,0.7866125604476194,2.220446049250313e-16,2.220446049250313e-16
40.0,0.7058055945830214,2.220446049250313e-16,0.030990698854208132,2.220446049250313e-16,2.220446049250313e-16,2.220446049250313e-16,0.5694063881825558,0.8154215703282918,2.220446049250313e-16,2.220446049250313e-16,0.6859662164438415,2.220446049250313e-16
41.0,0.1617126533679241,2.220446049250313e-16,0.6101600654062984,2.220446049250313e-16,0.5885132518841731,2.220446049250313e-16,2.220446049250313e-16,0.810978054426696,2.220446049250313e-16,0.6228703802461782,2.220446049250313e-16,2.220446049250313e-16
42.0,2.220446049250313e-16,0.1684191017100662,0.8623462487672853,2.220446049250313e-16,2.220446049250313e-16,2.220446049250313e-16,2.220446049250313e-16,0.7160943557146794,2.220446049250313e-16,0.8342620381393606,2.220446049250313e-16,2.220446049250313e-16
43.0,2.220446049250313e-16,0.47054063753166425,2.220446049250313e-16,0.6581681891507136,2.220446049250313e-16,2.220446049250313e-16,2.220446049250313e-16,2.220446049250313e-16,0.9949750003180337,2.220446049250313e-16,0.5425627032746033,0.11974654739453529
44.0,0.8768165375465328,0.0013827311854537894,0.05779026234599203,0.029288483743152908,2.220446049250313e-16,0.8039173492668081,2.220446049250313e-16,2.220446049250313e-16,0.2866919650548817,0.2208269231933122,2.220446049250313e-16,0.003742111731901478
45.0,0.8768165375465328,0.0013827311854537894,0.05779026234599203,0.029288483743152908,2.220446049250313e-16,0.8039173492668081,2.220446049250313e-16,2.220446049250313e-16,0.2866919650548817,0.2208269231933122,2.220446049250313e-16,0.003742111731901478
46.0,0.03837601078363715,1.085677658291375,2.220446049250313e-16,2.220446049250313e-16,0.6950905524439625,0.2910203418018904,0.44748786616588476,2.220446049250313e-16,0.10132556057415928,0.18247434412079083,2.220446049250313e-16,2.220446049250313e-16
47.0,0.03837601078363715,1.085677658291375,2.220446049250313e-16,2.220446049250313e-16,0.6950905524439625,0.2910203418018904,0.44748786616588476,2.220446049250313e-16,0.10132556057415928,0.18247434412079083,2.220446049250313e-16,2.220446049250313e-16
48.0,2.220446049250313e-16,0.3036074392518141,0.5784862076176668,0.7772530874975058,2.220446049250313e-16,0.09508526530756567,0.4659283051110578,2.220446049250313e-16,0.18352509956712776,2.220446049250313e-16,2.220446049250313e-16,0.491738034826384
49.0,0.9570044847933561,2.220446049250313e-16,0.031258674006557685,2.220446049250313e-16,2.220446049250313e-16,2.220446049250313e-16,0.4105694920335899,0.7960361718086298,0.1279288325374715,2.220446049250313e-16,2.220446049250313e-16,2.220446049250313e-16
50.0,0.022296658429029198,0.004348430084787136,1.089247176190546,2.220446049250313e-16,2.220446049250313e-16,2.220446049250313e-16,0.19456539477225587,0.021712194573087353,2.220446049250313e-16,0.00015840646104888488,2.220446049250313e-16,0.8979621839525934
51.0,0.022296658429029198,0.004348430084787136,1.089247176190546,2.220446049250313e-16,2.220446049250313e-16,2.220446049250313e-16,0.19456539477225587,0.021712194573087353,2.220446049250313e-16,0.00015840646104888488,2.220446049250313e-16,0.8979621839525934
52.0,0.022296658429029198,0.004348430084787136,1.089247176190546,2.220446049250313e-16,2.220446049250313e-16,2.220446049250313e-16,0.19456539477225587,0.021712194573087353,2.220446049250313e-16,0.00015840646104888488,2.220446049250313e-16,0.8979621839525934
53.0,0.050859196165930785,0.26946943496235765,2.220446049250313e-16,2.220446049250313e-16,0.714715935529242,2.220446049250313e-16,0.8737321054138311,2.220446049250313e-16,2.220446049250313e-16,0.8576021638125236,2.220446049250313e-16,2.220446049250313e-16
54.0,0.8648603548680579,2.220446049250313e-16,0.04837030138478238,0.05557909030160374,2.220446049250313e-16,0.035346051417197225,0.31254044305107936,0.2560217929455847,2.220446049250313e-16,0.10862587871835921,0.6798892299400368,0.009530848715419728
55.0,0.7058055945830214,2.220446049250313e-16,0.030990698854208132,2.220446049250313e-16,2.220446049250313e-16,2.220446049250313e-16,0.5694063881825558,0.8154215703282918,2.220446049250313e-16,2.220446049250313e-16,0.6859662164438415,2.220446049250313e-16
56.0,2.220446049250313e-16,0.1684191017100662,0.8623462487672853,2.220446049250313e-16,2.220446049250313e-16,2.220446049250313e-16,2.220446049250313e-16,0.7160943557146794,2.220446049250313e-16,0.8342620381393606,2.220446049250313e-16,2.220446049250313e-16
57.0,2.220446049250313e-16,0.1684191017100662,0.8623462487672853,2.220446049250313e-16,2.220446049250313e-16,2.220446049250313e-16,2.220446049250313e-16,0.7160943557146794,2.220446049250313e-16,0.8342620381393606,2.220446049250313e-16,2.220446049250313e-16
58.0,0.024593399382004007,0.8057156358054016,2.220446049250313e-16,0.09346811739350122,2.220446049250313e-16,2.220446049250313e-16,2.220446049250313e-16,2.220446049250313e-16,0.7476713362439084,0.2047468389107131,0.7167641898861361,2.220446049250313e-16
59.0,2.220446049250313e-16,0.04314787358889583,2.220446049250313e-16,2.220446049250313e-16,2.220446049250313e-16,0.3857911763807791,0.007090255334407846,2.220446049250313e-16,0.7916529152081234,0.9326386327803764,0.5425424416315351,2.220446049250313e-16
60.0,2.220446049250313e-16,0.04314787358889583,2.220446049250313e-16,2.220446049250313e-16,2.220446049250313e-16,0.3857911763807791,0.007090255334407846,2.220446049250313e-16,0.7916529152081234,0.9326386327803764,0.5425424416315351,2.220446049250313e-16
61.0,2.220446049250313e-16,0.8095640075612419,2.220446049250313e-16,2.220446049250313e-16,2.220446049250313e-16,0.07625794246328577,0.4298546189150328,2.220446049250313e-16,0.37365451524132126,0.39783916577655637,0.7165889411288409,2.220446049250313e-16
62.0,2.220446049250313e-16,0.03760560327451619,2.220446049250313e-16,2.220446049250313e-16,2.220446049250313e-16,0.6231603932617014,0.006495976156295319,2.220446049250313e-16,0.6475657716529309,0.9360880410877602,0.5425441398880891,2.220446049250313e-16
