id,x_0,x_1,x_2,x_3,x_4,x_5,x_6,x_7,x_8,x_9
0.0,2.220446049250313e-16,0.4617004124118453,0.20159018579032686,0.01645118593790773,2.220446049250313e-16,2.220446049250313e-16,0.3927355797728085,2.220446049250313e-16,2.220446049250313e-16,0.936801502890949
1.0,0.6046642950414091,0.46170041241184534,2.220446049250313e-16,2.220446049250313e-16,2.220446049250313e-16,0.7239698774110348,0.3927355797728085,2.220446049250313e-16,2.220446049250313e-16,1.0677019406511394e-16
2.0,2.220446049250313e-16,0.4617004124118452,0.20619788403215725,0.30976864758417133,2.220446049250313e-16,2.220446049250313e-16,2.220446049250313e-16,2.220446049250313e-16,2.220446049250313e-16,0.9101190785673916
3.0,0.6678760081887509,2.220446049250313e-16,0.19447992331763028,2.220446049250313e-16,0.1981747554707265,0.7661512541977246,2.220446049250313e-16,2.220446049250313e-16,2.220446049250313e-16,2.220446049250313e-16
4.0,2.220446049250313e-16,0.4617004124118453,2.220446049250313e-16,0.004140051393441697,0.48342972872027623,2.220446049250313e-16,2.220446049250313e-16,0.005579047456594532,0.8635169431360097,2.220446049250313e-16
5.0,0.2751881667049706,2.220446049250313e-16,0.7175108345686628,2.220446049250313e-16,2.220446049250313e-16,0.7127614300684284,2.220446049250313e-16,2.220446049250313e-16,2.220446049250313e-16,2.220446049250313e-16
6.0,2.220446049250313e-16,0.4617004124118453,0.20159018579032686,0.01645118593790773,2.220446049250313e-16,2.220446049250313e-16,0.3927355797728085,2.220446049250313e-16,2.220446049250313e-16,0.936801502890949
7.0,0.6046642950414091,0.46170041241184534,2.220446049250313e-16,2.220446049250313e-16,2.220446049250313e-16,0.7239698774110348,0.3927355797728085,2.220446049250313e-16,2.220446049250313e-16,1.0677019406511394e-16
8.0,2.220446049250313e-16,0.4617004124118452,0.20619788403215725,0.30976864758417133,2.220446049250313e-16,2.220446049250313e-16,2.220446049250313e-16,2.220446049250313e-16,2.220446049250313e-16,0.9101190785673916
9.0,0.6678760081887509,2.220446049250313e-16,0.19447992331763028,2.220446049250313e-16,0.1981747554707265,0.7661512541977246,2.220446049250313e-16,2.220446049250313e-16,2.220446049250313e-16,2.220446049250313e-16
10.0,2.220446049250313e-16,0.4617004124118453,2.220446049250313e-16,0.004140051393441697,0.48342972872027623,2.220446049250313e-16,2.220446049250313e-16,0.005579047456594532,0.8635169431360097,2.220446049250313e-16
11.0,0.2751881667049706,2.220446049250313e-16,0.7175108345686628,2.220446049250313e-16,2.220446049250313e-16,0.7127614300684284,2.220446049250313e-16,2.220446049250313e-16,2.220446049250313e-16,2.220446049250313e-16
12.0,2.220446049250313e-16,0.4617004124118453,0.20159018579032686,0.01645118593790773,2.220446049250313e-16,2.220446049250313e-16,0.3927355797728085,2.220446049250313e-16,2.220446049250313e-16,0.936801502890949
13.0,0.6046642950414091,0.46170041241184534,2.220446049250313e-16,2.220446049250313e-16,2.220446049250313e-16,0.7239698774110348,0.3927355797728085,2.220446049250313e-16,2.220446049250313e-16,1.0677019406511394e-16
14.0,2.220446049250313e-16,0.4617004124118452,0.20619788403215725,0.30976864758417133,2.220446049250313e-16,2.220446049250313e-16,2.220446049250313e-16,2.220446049250313e-16,2.220446049250313e-16,0.9101190785673916
15.0,0.6678760081887509,2.220446049250313e-16,0.19447992331763028,2.220446049250313e-16,0.1981747554707265,0.7661512541977246,2.220446049250313e-16,2.220446049250313e-16,2.220446049250313e-16,2.220446049250313e-16
16.0,2.220446049250313e-16,0.4617004124118453,2.220446049250313e-16,0.004140051393441697,0.48342972872027623,2.220446049250313e-16,2.220446049250313e-16,0.005579047456594532,0.8635169431360097,2.220446049250313e-16
17.0,0.2751881667049706,2.220446049250313e-16,0.7175108345686628,2.220446049250313e-16,2.220446049250313e-16,0.7127614300684284,2.220446049250313e-16,2.220446049250313e-16,2.220446049250313e-16,2.220446049250313e-16
18.0,0.6805037392341713,2.220446049250313e-16,2.220446049250313e-16,2.220446049250313e-16,0.41770551446315224,0.006961829834441235,0.6104021463846021,0.011907168403018734,0.06945858867711188,0.2354921948525205
19.0,2.220446049250313e-16,2.220446049250313e-16,0.17268552680330845,0.707307249310728,2.220446049250313e-16,2.220446049250313e-16,2.220446049250313e-16,0.11752821742775499,0.2289371600167067,0.5014191189780228
20.0,2.220446049250313e-16,0.46170041241184523,2.220446049250313e-16,0.022400222954417983,2.220446049250313e-16,2.220446049250313e-16,0.580688134099101,0.773457873492965,2.220446049250313e-16,2.220446049250313e-16
21.0,2.220446049250313e-16,0.46170041241184523,2.220446049250313e-16,0.022400222954417983,2.220446049250313e-16,2.220446049250313e-16,0.580688134099101,0.773457873492965,2.220446049250313e-16,2.220446049250313e-16
22.0,2.220446049250313e-16,0.46170041241184523,2.220446049250313e-16,0.022400222954417983,2.220446049250313e-16,2.220446049250313e-16,0.580688134099101,0.773457873492965,2.220446049250313e-16,2.220446049250313e-16
23.0,0.627273348135652,2.220446049250313e-16,2.220446049250313e-16,0.3653679428424288,2.220446049250313e-16,0.008329911466525952,0.3865052400425696,0.1596795333098793,1.1102230246251565e-16,0.417977491205228
24.0,2.220446049250313e-16,2.220446049250313e-16,2.220446049250313e-16,0.6948495538475818,2.220446049250313e-16,2.220446049250313e-16,2.220446049250313e-16,0.7015098829211264,2.220446049250313e-16,0.1819070435882487
25.0,0.329830234301913,2.220446049250313e-16,0.04473411243132287,0.7269247839677708,2.220446049250313e-16,2.220446049250313e-16,2.220446049250313e-16,0.31478587253759327,2.220446049250313e-16,0.34371661687625465
26.0,2.220446049250313e-16,2.220446049250313e-16,2.220446049250313e-16,0.6226646988605977,0.3189223655813359,2.220446049250313e-16,2.220446049250313e-16,0.7151213464317633,2.220446049250313e-16,2.220446049250313e-16
27.0,2.220446049250313e-16,2.220446049250313e-16,2.220446049250313e-16,0.6226646988605977,0.3189223655813359,2.220446049250313e-16,2.220446049250313e-16,0.7151213464317633,2.220446049250313e-16,2.220446049250313e-16
28.0,2.220446049250313e-16,2.220446049250313e-16,0.7940981922201192,2.220446049250313e-16,0.1750390177240032,0.17528058780931494,2.220446049250313e-16,2.220446049250313e-16,0.5254744200963043,2.220446049250313e-16
29.0,0.03738054320426696,2.220446049250313e-16,3.3306690738754696e-16,0.0022764813648168208,0.7232429493315017,2.220446049250313e-16,2.220446049250313e-16,0.003067739107896831,0.8485268012781167,2.220446049250313e-16
30.0,0.03738054320426696,2.220446049250313e-16,3.3306690738754696e-16,0.0022764813648168208,0.7232429493315017,2.220446049250313e-16,2.220446049250313e-16,0.003067739107896831,0.8485268012781167,2.220446049250313e-16
31.0,2.220446049250313e-16,2.220446049250313e-16,0.8002257663173864,2.220446049250313e-16,1.1102230246251565e-16,0.6853430874400807,2.220446049250313e-16,2.220446049250313e-16,2.220446049250313e-16,0.14640029850503428
32.0,2.220446049250313e-16,2.220446049250313e-16,0.8002257663173864,2.220446049250313e-16,1.1102230246251565e-16,0.6853430874400807,2.220446049250313e-16,2.220446049250313e-16,2.220446049250313e-16,0.14640029850503428
33.0,0.6805037392341713,2.220446049250313e-16,2.220446049250313e-16,2.220446049250313e-16,0.41770551446315224,0.006961829834441235,0.6104021463846021,0.011907168403018734,0.06945858867711188,0.2354921948525205
34.0,2.220446049250313e-16,2.220446049250313e-16,0.17268552680330845,0.707307249310728,2.220446049250313e-16,2.220446049250313e-16,2.220446049250313e-16,0.11752821742775499,0.2289371600167067,0.5014191189780228
35.0,2.220446049250313e-16,0.46170041241184523,2.220446049250313e-16,0.022400222954417983,2.220446049250313e-16,2.220446049250313e-16,0.580688134099101,0.773457873492965,2.220446049250313e-16,2.220446049250313e-16
36.0,2.220446049250313e-16,0.46170041241184523,2.220446049250313e-16,0.022400222954417983,2.220446049250313e-16,2.220446049250313e-16,0.580688134099101,0.773457873492965,2.220446049250313e-16,2.220446049250313e-16
37.0,2.220446049250313e-16,0.46170041241184523,2.220446049250313e-16,0.022400222954417983,2.220446049250313e-16,2.220446049250313e-16,0.580688134099101,0.773457873492965,2.220446049250313e-16,2.220446049250313e-16
38.0,0.627273348135652,2.220446049250313e-16,2.220446049250313e-16,0.3653679428424288,2.220446049250313e-16,0.008329911466525952,0.3865052400425696,0.1596795333098793,1.1102230246251565e-16,0.417977491205228
39.0,2.220446049250313e-16,2.220446049250313e-16,2.220446049250313e-16,0.6948495538475818,2.220446049250313e-16,2.220446049250313e-16,2.220446049250313e-16,0.7015098829211264,2.220446049250313e-16,0.1819070435882487
40.0,0.329830234301913,2.220446049250313e-16,0.04473411243132287,0.7269247839677708,2.220446049250313e-16,2.220446049250313e-16,2.220446049250313e-16,0.31478587253759327,2.220446049250313e-16,0.34371661687625465
41.0,2.220446049250313e-16,2.220446049250313e-16,2.220446049250313e-16,0.6226646988605977,0.3189223655813359,2.220446049250313e-16,2.220446049250313e-16,0.7151213464317633,2.220446049250313e-16,2.220446049250313e-16
42.0,2.220446049250313e-16,2.220446049250313e-16,2.220446049250313e-16,0.6226646988605977,0.3189223655813359,2.220446049250313e-16,2.220446049250313e-16,0.7151213464317633,2.220446049250313e-16,2.220446049250313e-16
43.0,2.220446049250313e-16,2.220446049250313e-16,0.7940981922201192,2.220446049250313e-16,0.1750390177240032,0.17528058780931494,2.220446049250313e-16,2.220446049250313e-16,0.5254744200963043,2.220446049250313e-16
44.0,0.03738054320426696,2.220446049250313e-16,3.3306690738754696e-16,0.0022764813648168208,0.7232429493315017,2.220446049250313e-16,2.220446049250313e-16,0.003067739107896831,0.8485268012781167,2.220446049250313e-16
45.0,0.03738054320426696,2.220446049250313e-16,3.3306690738754696e-16,0.0022764813648168208,0.7232429493315017,2.220446049250313e-16,2.220446049250313e-16,0.003067739107896831,0.8485268012781167,2.220446049250313e-16
46.0,2.220446049250313e-16,2.220446049250313e-16,0.8002257663173864,2.220446049250313e-16,1.1102230246251565e-16,0.6853430874400807,2.220446049250313e-16,2.220446049250313e-16,2.220446049250313e-16,0.14640029850503428
47.0,2.220446049250313e-16,2.220446049250313e-16,0.8002257663173864,2.220446049250313e-16,1.1102230246251565e-16,0.6853430874400807,2.220446049250313e-16,2.220446049250313e-16,2.220446049250313e-16,0.14640029850503428
48.0,0.6805037392341727,2.220446049250313e-16,2.220446049250313e-16,2.220446049250313e-16,0.4177055144631527,0.006961829834441312,0.6104021463846053,0.011907168403018267,0.06945858867711163,0.2354921948525205
49.0,2.220446049250313e-16,2.220446049250313e-16,0.17268552680330845,0.707307249310728,2.220446049250313e-16,2.220446049250313e-16,2.220446049250313e-16,0.11752821742775499,0.2289371600167067,0.5014191189780228
50.0,2.220446049250313e-16,0.46170041241184523,2.220446049250313e-16,0.022400222954417983,2.220446049250313e-16,2.220446049250313e-16,0.580688134099101,0.773457873492965,2.220446049250313e-16,2.220446049250313e-16
51.0,2.220446049250313e-16,0.46170041241184523,2.220446049250313e-16,0.022400222954417983,2.220446049250313e-16,2.220446049250313e-16,0.580688134099101,0.773457873492965,2.220446049250313e-16,2.220446049250313e-16
52.0,2.220446049250313e-16,0.46170041241184523,2.220446049250313e-16,0.022400222954417983,2.220446049250313e-16,2.220446049250313e-16,0.580688134099101,0.773457873492965,2.220446049250313e-16,2.220446049250313e-16
53.0,0.627273348135652,2.220446049250313e-16,2.220446049250313e-16,0.3653679428424288,2.220446049250313e-16,0.008329911466525952,0.3865052400425696,0.1596795333098793,1.1102230246251565e-16,0.417977491205228
54.0,2.220446049250313e-16,2.220446049250313e-16,2.220446049250313e-16,0.6948495538475818,2.220446049250313e-16,2.220446049250313e-16,2.220446049250313e-16,0.7015098829211264,2.220446049250313e-16,0.1819070435882487
55.0,0.329830234301913,2.220446049250313e-16,0.04473411243132287,0.7269247839677708,2.220446049250313e-16,2.220446049250313e-16,2.220446049250313e-16,0.31478587253759327,2.220446049250313e-16,0.34371661687625465
56.0,2.220446049250313e-16,2.220446049250313e-16,2.220446049250313e-16,0.6226646988605977,0.3189223655813359,2.220446049250313e-16,2.220446049250313e-16,0.7151213464317633,2.220446049250313e-16,2.220446049250313e-16
57.0,2.220446049250313e-16,2.220446049250313e-16,2.220446049250313e-16,0.6226646988605977,0.3189223655813359,2.220446049250313e-16,2.220446049250313e-16,0.7151213464317633,2.220446049250313e-16,2.220446049250313e-16
58.0,2.220446049250313e-16,2.220446049250313e-16,0.7940981922201192,2.220446049250313e-16,0.1750390177240032,0.17528058780931494,2.220446049250313e-16,2.220446049250313e-16,0.5254744200963043,2.220446049250313e-16
59.0,0.03738054320426696,2.220446049250313e-16,3.3306690738754696e-16,0.0022764813648168208,0.7232429493315017,2.220446049250313e-16,2.220446049250313e-16,0.003067739107896831,0.8485268012781167,2.220446049250313e-16
60.0,0.03738054320426696,2.220446049250313e-16,3.3306690738754696e-16,0.0022764813648168208,0.7232429493315017,2.220446049250313e-16,2.220446049250313e-16,0.003067739107896831,0.8485268012781167,2.220446049250313e-16
61.0,2.220446049250313e-16,2.220446049250313e-16,0.8002257663173864,2.220446049250313e-16,1.1102230246251565e-16,0.6853430874400807,2.220446049250313e-16,2.220446049250313e-16,2.220446049250313e-16,0.14640029850503428
62.0,2.220446049250313e-16,2.220446049250313e-16,0.8002257663173864,2.220446049250313e-16,1.1102230246251565e-16,0.6853430874400807,2.220446049250313e-16,2.220446049250313e-16,2.220446049250313e-16,0.14640029850503428
