id,x_0,x_1,x_2,x_3,x_4,x_5,x_6,x_7,x_8,x_9,x_10,x_11
0.0,0.20446985343887059,0.0987701390480451,1.2214642097476323,0.13675369978551133,0.027247108065332933,0.11206673465040336,0.032584668907537764,2.220446049250313e-16,2.220446049250313e-16,0.5479512029570809,2.220446049250313e-16,2.220446049250313e-16
1.0,2.220446049250313e-16,0.7754257048376978,2.220446049250313e-16,2.220446049250313e-16,0.8122228247891541,1.2100827669917817,2.220446049250313e-16,0.1189048460822371,2.220446049250313e-16,2.220446049250313e-16,2.220446049250313e-16,0.0026818914876091224
2.0,1.4030334407321237,0.01787843273815798,0.20957336513604052,0.5232677258906864,0.08861501629627763,2.220446049250313e-16,0.0544619515065888,0.1906947836871541,0.036244592481289244,2.220446049250313e-16,2.220446049250313e-16,2.220446049250313e-16
3.0,2.220446049250313e-16,0.7991172223520174,0.21420440207382485,2.220446049250313e-16,0.752611022935741,0.5267385520882617,2.220446049250313e-16,0.4602916836833716,2.220446049250313e-16,0.43322382632049966,2.220446049250313e-16,0.036982311180203245
4.0,1.4030334407321237,0.01787843273815798,0.20957336513604052,0.5232677258906864,0.08861501629627763,2.220446049250313e-16,0.0544619515065888,0.1906947836871541,0.036244592481289244,2.220446049250313e-16,2.220446049250313e-16,2.220446049250313e-16
5.0,2.220446049250313e-16,0.7844744809421912,0.024722596468443214,2.220446049250313e-16,0.815286080403944,1.1327945725680555,2.220446049250313e-16,0.13425646808168337,2.220446049250313e-16,0.04589474574872757,2.220446049250313e-16,2.220446049250313e-16
6.0,0.47892835709408244,0.10355646105401295,1.151537415430006,0.2080651599622799,0.02846911549018736,0.056361875985246786,2.220446049250313e-16,2.220446049250313e-16,0.02047160463115357,0.1453508409077695,2.220446049250313e-16,0.015846824645688123
7.0,2.220446049250313e-16,0.7587885202348622,2.220446049250313e-16,0.3116809123263071,0.36088430013656364,1.2913568728580878,2.220446049250313e-16,0.10722509238346355,2.220446049250313e-16,2.220446049250313e-16,2.220446049250313e-16,0.004550661805860468
8.0,0.5402378172372229,2.220446049250313e-16,1.24107735511278,0.03690835303708057,0.028570292434792616,0.02408030449740834,2.220446049250313e-16,2.220446049250313e-16,0.044312697964664555,0.15221210965121493,2.220446049250313e-16,0.01237631883209928
9.0,0.010060880916593483,0.5466722302511691,0.01486827600030974,0.02606829623870427,0.846648828067715,0.978397860618965,2.220446049250313e-16,0.11151522402756689,0.24538119155088595,2.220446049250313e-16,2.220446049250313e-16,2.220446049250313e-16
10.0,1.048149074501778,0.008930327896131574,0.9715989341432736,2.220446049250313e-16,2.220446049250313e-16,0.033033908706113155,2.220446049250313e-16,2.220446049250313e-16,0.013258394228661926,2.220446049250313e-16,0.03959971308227107,0.01436084890346058
11.0,0.0028297791325601175,0.2778035027457781,0.04962774674945378,0.06225293761712639,0.7409549307784571,0.17520747703153605,0.8617108434678863,0.07447624678263905,0.7261675325901339,2.220446049250313e-16,2.220446049250313e-16,2.220446049250313e-16
12.0,0.46378129365667464,2.220446049250313e-16,0.2846237402165427,0.7470988318127599,0.07128106900890203,0.2749638684086816,0.9436157413808731,2.220446049250313e-16,0.025351563399005413,2.220446049250313e-16,2.220446049250313e-16,2.220446049250313e-16
13.0,0.06684866020696842,0.2026531743637941,0.12397123993011937,0.07155961290293014,0.5586713607475146,2.220446049250313e-16,0.8590068623438539,2.220446049250313e-16,0.5752320936422095,0.8081675888067716,2.220446049250313e-16,0.16071881927273335
14.0,0.4384230099010639,2.220446049250313e-16,0.6968620148002469,0.09985620461455216,0.07113943555731796,0.12320437716892368,0.9113619641069792,0.16072222328185354,0.012643132370942662,2.220446049250313e-16,2.220446049250313e-16,2.220446049250313e-16
15.0,0.018320637397568187,0.27560009952954556,2.220446049250313e-16,0.1483145275853146,0.2557777775241916,0.23252108622752363,0.8141813805674484,0.0385479687234584,0.7436377948577688,2.220446049250313e-16,2.220446049250313e-16,0.5262069207045131
16.0,1.1446503575694127,0.008588148417016717,0.8842002350055042,2.220446049250313e-16,2.220446049250313e-16,0.03218514608038173,2.220446049250313e-16,2.220446049250313e-16,0.005460815822297048,2.220446049250313e-16,0.037219845135445906,2.220446049250313e-16
17.0,2.220446049250313e-16,0.6639092101698336,2.220446049250313e-16,2.220446049250313e-16,0.8077010478439881,1.17033548087589,0.1805120381561039,0.12881959962109038,2.220446049250313e-16,2.220446049250313e-16,2.220446049250313e-16,0.0020814046275546066
18.0,0.2415076051894933,2.220446049250313e-16,0.3726916854842788,1.0066719561533892,0.1155526013466409,0.02442141539666607,0.3398293202102896,0.2157712495362321,0.010044322726402561,0.8754656928453097,2.220446049250313e-16,2.220446049250313e-16
19.0,2.220446049250313e-16,2.220446049250313e-16,0.1908420498496773,0.9937056336828949,0.020201700444662317,0.29311499795945795,0.6686639379848672,0.3810472987552353,2.220446049250313e-16,0.8703981772481316,2.220446049250313e-16,2.220446049250313e-16
20.0,0.0445785647169089,0.5340924238724996,2.220446049250313e-16,0.40481595732867104,0.4159090558476422,0.05860521343379657,0.6537530643309394,0.03642073251817811,0.977021796867535,2.220446049250313e-16,2.220446049250313e-16,0.001340442239298037
21.0,0.7000557818674852,2.220446049250313e-16,0.8801030608265586,2.220446049250313e-16,2.220446049250313e-16,0.0281509213815384,0.8031604707083355,2.220446049250313e-16,2.220446049250313e-16,2.220446049250313e-16,2.220446049250313e-16,2.220446049250313e-16
22.0,0.020019264702584902,2.220446049250313e-16,2.220446049250313e-16,0.00115532021487319,1.0160376032143728,0.017618172476114875,0.029730075823777444,2.220446049250313e-16,1.005539974755999,2.220446049250313e-16,0.8874789244446822,2.220446049250313e-16
23.0,0.020019264702584902,2.220446049250313e-16,2.220446049250313e-16,0.00115532021487319,1.0160376032143728,0.017618172476114875,0.029730075823777444,2.220446049250313e-16,1.005539974755999,2.220446049250313e-16,0.8874789244446822,2.220446049250313e-16
24.0,0.020019264702584902,2.220446049250313e-16,2.220446049250313e-16,0.00115532021487319,1.0160376032143728,0.017618172476114875,0.029730075823777444,2.220446049250313e-16,1.005539974755999,2.220446049250313e-16,0.8874789244446822,2.220446049250313e-16
25.0,0.47909908531594014,0.6668024617605228,2.220446049250313e-16,0.6486156831520145,0.2427561348913963,2.220446049250313e-16,2.220446049250313e-16,0.9032336545101795,0.009687384809632618,0.46871646418900154,0.06877856050545342,2.220446049250313e-16
26.0,0.1531415059195053,0.5891572100894749,2.220446049250313e-16,2.220446049250313e-16,0.002047129307449224,0.0015635360909745778,2.220446049250313e-16,1.0956762753767304,2.220446049250313e-16,0.8086236985128008,0.2151606702148987,0.8136210660455865
27.0,1.444562881422347,2.220446049250313e-16,0.15354795853320058,0.33590582552758586,2.220446049250313e-16,2.220446049250313e-16,0.053587367136555715,0.3936902426062259,2.220446049250313e-16,2.220446049250313e-16,0.14403458667908542,0.1286194264894019
28.0,0.040011637577514,2.220446049250313e-16,2.220446049250313e-16,2.220446049250313e-16,0.0004992688660963029,0.13600248410668583,2.220446049250313e-16,1.3035212474233382,2.220446049250313e-16,0.06610141855240394,0.7986069933620059,0.8003707980238703
29.0,0.040011637577514,2.220446049250313e-16,2.220446049250313e-16,2.220446049250313e-16,0.0004992688660963029,0.13600248410668583,2.220446049250313e-16,1.3035212474233382,2.220446049250313e-16,0.06610141855240394,0.7986069933620059,0.8003707980238703
30.0,0.47909908531594014,0.6668024617605228,2.220446049250313e-16,0.6486156831520145,0.2427561348913963,2.220446049250313e-16,2.220446049250313e-16,0.9032336545101795,0.009687384809632618,0.46871646418900154,0.06877856050545342,2.220446049250313e-16
31.0,0.1531415059195053,0.5891572100894749,2.220446049250313e-16,2.220446049250313e-16,0.002047129307449224,0.0015635360909745778,2.220446049250313e-16,1.0956762753767304,2.220446049250313e-16,0.8086236985128008,0.2151606702148987,0.8136210660455865
32.0,1.444562881422347,2.220446049250313e-16,0.15354795853320058,0.33590582552758586,2.220446049250313e-16,2.220446049250313e-16,0.053587367136555715,0.3936902426062259,2.220446049250313e-16,2.220446049250313e-16,0.14403458667908542,0.1286194264894019
33.0,0.040011637577514,2.220446049250313e-16,2.220446049250313e-16,2.220446049250313e-16,0.0004992688660963029,0.13600248410668583,2.220446049250313e-16,1.3035212474233382,2.220446049250313e-16,0.06610141855240394,0.7986069933620059,0.8003707980238703
34.0,0.040011637577514,2.220446049250313e-16,2.220446049250313e-16,2.220446049250313e-16,0.0004992688660963029,0.13600248410668583,2.220446049250313e-16,1.3035212474233382,2.220446049250313e-16,0.06610141855240394,0.7986069933620059,0.8003707980238703
35.0,2.220446049250313e-16,2.220446049250313e-16,2.220446049250313e-16,0.9399641321392594,2.220446049250313e-16,0.9560571500579687,0.8920030166623826,0.10083750451738878,2.220446049250313e-16,0.22925687448118104,2.220446049250313e-16,2.220446049250313e-16
36.0,2.220446049250313e-16,2.220446049250313e-16,1.4313753574120558,2.220446049250313e-16,0.03146529207224891,2.220446049250313e-16,0.025632979866074847,0.03921103120358365,0.020879398652891606,0.7491265310898813,0.009038136782816644,0.011229358727115373
37.0,2.220446049250313e-16,2.220446049250313e-16,1.4313753574120558,2.220446049250313e-16,0.03146529207224891,2.220446049250313e-16,0.025632979866074847,0.03921103120358365,0.020879398652891606,0.7491265310898813,0.009038136782816644,0.011229358727115373
38.0,2.220446049250313e-16,0.7272213967840873,0.0013973696711737649,0.8343033383069197,2.220446049250313e-16,1.2755921941719575,2.220446049250313e-16,0.03211765573305129,2.220446049250313e-16,2.220446049250313e-16,2.220446049250313e-16,2.220446049250313e-16
39.0,2.220446049250313e-16,0.7272213967840873,0.0013973696711737649,0.8343033383069197,2.220446049250313e-16,1.2755921941719575,2.220446049250313e-16,0.03211765573305129,2.220446049250313e-16,2.220446049250313e-16,2.220446049250313e-16,2.220446049250313e-16
40.0,2.220446049250313e-16,2.220446049250313e-16,2.220446049250313e-16,0.9399641321392594,2.220446049250313e-16,0.9560571500579687,0.8920030166623826,0.10083750451738878,2.220446049250313e-16,0.22925687448118104,2.220446049250313e-16,2.220446049250313e-16
41.0,2.220446049250313e-16,2.220446049250313e-16,1.4313753574120558,2.220446049250313e-16,0.03146529207224891,2.220446049250313e-16,0.025632979866074847,0.03921103120358365,0.020879398652891606,0.7491265310898813,0.009038136782816644,0.011229358727115373
42.0,2.220446049250313e-16,2.220446049250313e-16,1.4313753574120558,2.220446049250313e-16,0.03146529207224891,2.220446049250313e-16,0.025632979866074847,0.03921103120358365,0.020879398652891606,0.7491265310898813,0.009038136782816644,0.011229358727115373
43.0,2.220446049250313e-16,0.7272213967840873,0.0013973696711737649,0.8343033383069197,2.220446049250313e-16,1.2755921941719575,2.220446049250313e-16,0.03211765573305129,2.220446049250313e-16,2.220446049250313e-16,2.220446049250313e-16,2.220446049250313e-16
44.0,2.220446049250313e-16,0.7272213967840873,0.0013973696711737649,0.8343033383069197,2.220446049250313e-16,1.2755921941719575,2.220446049250313e-16,0.03211765573305129,2.220446049250313e-16,2.220446049250313e-16,2.220446049250313e-16,2.220446049250313e-16
45.0,0.06797833642065339,0.480966391152555,2.220446049250313e-16,2.220446049250313e-16,0.1083681381439289,0.26027876992016113,0.6532876902989191,2.220446049250313e-16,0.8183347016048926,2.220446049250313e-16,2.220446049250313e-16,0.6887855709022216
46.0,1.1312808704230506,0.007593019289348302,0.8217524878600595,2.220446049250313e-16,2.220446049250313e-16,2.220446049250313e-16,0.054415705307626044,0.2517006902134559,2.220446049250313e-16,2.220446049250313e-16,0.017701984172259464,2.220446049250313e-16
47.0,0.06813396760575706,0.5157059133546662,2.220446049250313e-16,2.220446049250313e-16,0.45986867255529124,0.32582082152661307,0.687154211391115,2.220446049250313e-16,0.6041886810264747,2.220446049250313e-16,2.220446049250313e-16,0.3707927119360761
48.0,0.052728197392918834,2.220446049250313e-16,0.007892461362457748,2.220446049250313e-16,2.220446049250313e-16,0.22830732339531853,2.220446049250313e-16,2.220446049250313e-16,0.9658976305889035,2.220446049250313e-16,0.8796634396940751,0.849519510897259
49.0,0.052728197392918834,2.220446049250313e-16,0.007892461362457748,2.220446049250313e-16,2.220446049250313e-16,0.22830732339531853,2.220446049250313e-16,2.220446049250313e-16,0.9658976305889035,2.220446049250313e-16,0.8796634396940751,0.849519510897259
50.0,2.220446049250313e-16,2.220446049250313e-16,0.12022452924629119,2.220446049250313e-16,0.7522820326153163,0.33499508582051846,1.0147281609327954,0.0806564756602341,0.34162439132797967,0.22656182333201524,2.220446049250313e-16,2.220446049250313e-16
51.0,0.14205566672030318,2.220446049250313e-16,1.2972521441658014,2.220446049250313e-16,2.220446049250313e-16,0.1521143204359903,0.25533252950542007,2.220446049250313e-16,2.220446049250313e-16,0.4577013213988038,2.220446049250313e-16,2.220446049250313e-16
52.0,0.14205566672030318,2.220446049250313e-16,1.2972521441658014,2.220446049250313e-16,2.220446049250313e-16,0.1521143204359903,0.25533252950542007,2.220446049250313e-16,2.220446049250313e-16,0.4577013213988038,2.220446049250313e-16,2.220446049250313e-16
53.0,0.056340920515914175,0.2759029271650703,0.014068387162386453,0.7394906289896683,0.32067912231405676,1.1136917241912792,0.03696194292913691,2.220446049250313e-16,0.15160078523988593,2.220446049250313e-16,0.003063920489449019,2.220446049250313e-16
54.0,0.056340920515914175,0.2759029271650703,0.014068387162386453,0.7394906289896683,0.32067912231405676,1.1136917241912792,0.03696194292913691,2.220446049250313e-16,0.15160078523988593,2.220446049250313e-16,0.003063920489449019,2.220446049250313e-16
55.0,0.10291622158361471,0.02833751056148126,2.220446049250313e-16,0.06285679394063681,0.5343372226231228,0.04057883253317014,0.9646034325725232,2.220446049250313e-16,1.0393381535964732,2.220446049250313e-16,2.220446049250313e-16,0.16191200283389687
56.0,0.7000557818674852,2.220446049250313e-16,0.8801030608265586,2.220446049250313e-16,2.220446049250313e-16,0.0281509213815384,0.8031604707083355,2.220446049250313e-16,2.220446049250313e-16,2.220446049250313e-16,2.220446049250313e-16,2.220446049250313e-16
57.0,2.220446049250313e-16,2.220446049250313e-16,0.026355135723630106,0.0021052740383304958,1.0147355585392295,0.01730327669810906,0.02702852448121842,2.220446049250313e-16,1.0329873973976547,0.004773419558842262,0.8145754503723627,2.220446049250313e-16
58.0,2.220446049250313e-16,2.220446049250313e-16,0.026355135723630106,0.0021052740383304958,1.0147355585392295,0.01730327669810906,0.02702852448121842,2.220446049250313e-16,1.0329873973976547,0.004773419558842262,0.8145754503723627,2.220446049250313e-16
59.0,2.220446049250313e-16,2.220446049250313e-16,0.026355135723630133,0.0021052740383303847,1.0147355585392295,0.017303276698109042,0.027028524481218417,2.220446049250313e-16,1.0329873973976547,0.004773419558842202,0.8145754503723628,2.220446049250313e-16
60.0,0.022283802950587246,0.1799924405052421,0.11584354291573648,2.220446049250313e-16,2.220446049250313e-16,0.27754552805508076,0.43187932870301204,2.220446049250313e-16,0.6748177729481123,2.220446049250313e-16,0.3429771649285725,0.8415338634364097
61.0,1.0971279022545817,2.220446049250313e-16,0.7633884270390224,0.02003935550023944,2.220446049250313e-16,2.220446049250313e-16,2.220446049250313e-16,0.37176008006832734,2.220446049250313e-16,2.220446049250313e-16,0.011661755310149612,2.220446049250313e-16
62.0,2.220446049250313e-16,2.220446049250313e-16,0.163471530829892,2.220446049250313e-16,2.220446049250313e-16,2.220446049250313e-16,2.220446049250313e-16,0.08307545612739797,1.006726968283135,0.04027453133248507,0.804284322610375,0.9011459654667474
63.0,2.220446049250313e-16,2.220446049250313e-16,0.163471530829892,2.220446049250313e-16,2.220446049250313e-16,2.220446049250313e-16,2.220446049250313e-16,0.08307545612739797,1.006726968283135,0.04027453133248507,0.804284322610375,0.9011459654667474
64.0,2.220446049250313e-16,2.220446049250313e-16,0.163471530829892,2.220446049250313e-16,2.220446049250313e-16,2.220446049250313e-16,2.220446049250313e-16,0.08307545612739797,1.006726968283135,0.04027453133248507,0.804284322610375,0.9011459654667474
65.0,0.4261000462564726,0.22553568106197763,0.05391717216832991,0.8404195001174596,0.08893282288684742,0.09657846476018277,0.022933812502305525,0.601768278089663,2.220446049250313e-16,0.48230995699140655,0.3378171414825761,2.220446049250313e-16
66.0,0.10943461297082774,0.810816453856791,2.220446049250313e-16,2.220446049250313e-16,0.0006080592450572566,0.012717415131322032,2.220446049250313e-16,0.9850138331781794,0.0010020412755711507,0.81881820036063,0.06198800579740898,0.8567795610858627
67.0,1.4180668370583678,2.220446049250313e-16,0.25341505714786616,0.17078031332475435,2.220446049250313e-16,2.220446049250313e-16,0.05160003358622952,0.39546867754553483,2.220446049250313e-16,2.220446049250313e-16,0.14378520441307335,0.1256234175849831
68.0,0.040011637577514,2.220446049250313e-16,2.220446049250313e-16,2.220446049250313e-16,0.0004992688660963029,0.13600248410668583,2.220446049250313e-16,1.3035212474233382,2.220446049250313e-16,0.06610141855240394,0.7986069933620059,0.8003707980238703
69.0,0.040011637577514,2.220446049250313e-16,2.220446049250313e-16,2.220446049250313e-16,0.0004992688660963029,0.13600248410668583,2.220446049250313e-16,1.3035212474233382,2.220446049250313e-16,0.06610141855240394,0.7986069933620059,0.8003707980238703
