id,x_0,x_1,x_2,x_3,x_4,x_5,x_6,x_7,x_8,x_9,x_10,x_11,x_12,x_13,x_14,x_15,x_16
0.0,2.220446049250313e-16,0.7427579514535398,2.220446049250313e-16,2.220446049250313e-16,2.220446049250313e-16,0.007073659124606779,0.000488299641164216,1.2435143629362537,0.0017202758824387892,0.3125862587093209,2.220446049250313e-16,0.20911477256230465,0.008814932022057166,0.05988558266092033,0.31715102662844075,2.220446049250313e-16,0.48603842498711214
1.0,2.220446049250313e-16,2.220446049250313e-16,0.035227976788360156,0.8349094108677279,2.220446049250313e-16,0.5837645289893636,0.021650406821015343,0.014788684148367823,0.5438165649891805,2.220446049250313e-16,1.030572771359272,1.042254468292763,0.0005819167030892172,0.0472849667581581,0.6379739084132062,2.220446049250313e-16,0.47876350083659996
2.0,2.220446049250313e-16,0.04996946080688869,2.220446049250313e-16,2.220446049250313e-16,2.220446049250313e-16,0.00368145039336798,2.220446049250313e-16,1.1620844893054265,2.220446049250313e-16,0.9126300478559304,2.220446049250313e-16,0.7747736501656523,0.41566394977177357,2.220446049250313e-16,2.220446049250313e-16,2.220446049250313e-16,2.220446049250313e-16
3.0,0.036104918757788096,0.00596986747019379,0.018253768620904675,0.7789350492005422,0.617051844455296,0.63392930031524,2.220446049250313e-16,2.220446049250313e-16,0.7108672411119318,0.0010952600325970037,2.220446049250313e-16,0.5061313126992935,2.220446049250313e-16,1.2474209877418971,2.220446049250313e-16,2.220446049250313e-16,2.220446049250313e-16
4.0,2.220446049250313e-16,0.8911829268929379,2.220446049250313e-16,0.0019810917804303774,0.6191931189549603,2.220446049250313e-16,0.05526130104476933,0.6612768260394478,2.220446049250313e-16,2.220446049250313e-16,0.2949193943046323,2.220446049250313e-16,2.220446049250313e-16,0.012228939112341823,2.220446049250313e-16,0.8980512360076254,2.220446049250313e-16
5.0,0.08929252696002782,0.0014292593866543357,0.00460733210821881,0.7844901732046728,0.6165048606535132,0.6142476465802215,2.220446049250313e-16,0.03321590392949348,0.7067466257826474,2.220446049250313e-16,2.220446049250313e-16,0.12468159881804584,2.220446049250313e-16,1.4223922875928228,2.220446049250313e-16,2.220446049250313e-16,2.220446049250313e-16
6.0,0.04951420356490495,0.8479642108503355,2.220446049250313e-16,2.220446049250313e-16,2.220446049250313e-16,2.220446049250313e-16,2.220446049250313e-16,1.197205818302049,2.220446049250313e-16,0.05358366910659402,2.220446049250313e-16,0.41184015185550094,0.24868617402545665,0.06569657736250872,0.29443174793435023,2.220446049250313e-16,2.220446049250313e-16
7.0,0.5982829373917701,0.002470237274683651,2.220446049250313e-16,0.593544294407689,2.220446049250313e-16,0.06312969631693394,0.5856524623464531,0.026016732480454243,2.220446049250313e-16,0.5528632974275474,0.001466353676629362,0.17265921598938117,2.220446049250313e-16,1.238258861901964,2.220446049250313e-16,2.220446049250313e-16,2.220446049250313e-16
8.0,0.21378884545765184,0.2511755920334755,0.03841607765959702,2.220446049250313e-16,0.00013960404723382662,2.220446049250313e-16,0.5716673954341781,0.1442437636733344,2.220446049250313e-16,0.571882464456962,2.220446049250313e-16,2.220446049250313e-16,2.220446049250313e-16,0.4337687941373071,2.220446049250313e-16,1.1592645632791176,2.220446049250313e-16
9.0,0.8832208406867478,2.220446049250313e-16,0.028847972672441324,2.220446049250313e-16,2.220446049250313e-16,0.6898265405920877,2.220446049250313e-16,2.220446049250313e-16,2.220446049250313e-16,0.8740619652980185,2.220446049250313e-16,2.220446049250313e-16,0.002869335694783626,0.10212943525485046,2.220446049250313e-16,1.07294742726091,2.220446049250313e-16
10.0,0.19683813504031103,0.866108681906383,2.220446049250313e-16,0.0025937977596295564,2.220446049250313e-16,2.220446049250313e-16,0.6823067705635222,2.220446049250313e-16,0.002210730443552083,2.220446049250313e-16,0.8915295649119569,2.220446049250313e-16,0.04598744272903861,2.220446049250313e-16,2.220446049250313e-16,1.0666846393573601,2.220446049250313e-16
11.0,0.608734859060889,0.006698573846502409,2.220446049250313e-16,0.5480122152543981,0.3073719241622377,0.06018183039824205,2.220446049250313e-16,0.06393334591349503,0.6940667126217301,0.19503172349772135,0.009873026272276675,0.05243646994483229,2.220446049250313e-16,1.3027907768807265,2.220446049250313e-16,2.220446049250313e-16,2.220446049250313e-16
12.0,0.033154041085057435,0.8767906474653377,2.220446049250313e-16,2.220446049250313e-16,2.220446049250313e-16,2.220446049250313e-16,2.220446049250313e-16,1.114038434826045,2.220446049250313e-16,0.053085294405149745,2.220446049250313e-16,0.413532633414139,0.5388839178604585,0.0837904160078887,2.220446049250313e-16,2.220446049250313e-16,2.220446049250313e-16
13.0,2.220446049250313e-16,2.220446049250313e-16,0.0197775313036725,0.8175706870695051,0.001935628054901697,0.715563580114488,2.220446049250313e-16,0.0013227214863527927,0.5460548151159723,2.220446049250313e-16,0.8077282292801896,0.9920535129532853,2.220446049250313e-16,0.3730831192548501,0.6394620494051892,2.220446049250313e-16,2.220446049250313e-16
14.0,0.04526651514556923,0.7539248034969727,2.220446049250313e-16,2.220446049250313e-16,2.220446049250313e-16,2.220446049250313e-16,2.220446049250313e-16,1.1493028035670503,2.220446049250313e-16,0.319104537631159,0.12713659632919597,0.04557767420422771,2.220446049250313e-16,0.12628831997685705,0.6145702262023388,2.220446049250313e-16,0.4860344869662478
15.0,0.0023637110823142957,2.220446049250313e-16,2.220446049250313e-16,0.6289839191584192,2.220446049250313e-16,0.7260083177701399,2.220446049250313e-16,0.00015235711821176074,0.7242035694232037,0.1503169837255069,0.9090329680575934,1.001452980203962,0.021112124366620903,0.13734673342389878,0.6061582021610309,2.220446049250313e-16,0.47957349218287654
16.0,0.03683501301631866,0.680399559454193,2.220446049250313e-16,2.220446049250313e-16,2.220446049250313e-16,2.220446049250313e-16,0.0007006462308403141,1.153537351332808,0.0068820039780511785,0.3514521054749486,2.220446049250313e-16,2.220446049250313e-16,2.220446049250313e-16,0.24549475779745372,0.6152343635984996,2.220446049250313e-16,0.4864436207776222
17.0,2.220446049250313e-16,2.220446049250313e-16,0.03149769200761779,0.8322468695483971,2.220446049250313e-16,0.7263042648989118,2.220446049250313e-16,0.01078137517394623,0.5449929406104975,2.220446049250313e-16,0.9255346496748955,1.0311291930020077,0.00889488276968071,0.11614094177201661,0.6385089255598717,2.220446049250313e-16,0.4788507992563447
18.0,2.220446049250313e-16,0.6648946591296869,2.220446049250313e-16,2.220446049250313e-16,2.220446049250313e-16,0.003723345097118802,2.220446049250313e-16,1.0735127341459294,2.220446049250313e-16,0.31718805835712444,2.220446049250313e-16,0.7766475991682669,0.5584345077238511,2.220446049250313e-16,2.220446049250313e-16,2.220446049250313e-16,2.220446049250313e-16
19.0,2.220446049250313e-16,2.220446049250313e-16,0.18199987876617088,0.8188381201577074,2.220446049250313e-16,0.5815359333033839,0.02521911521666775,0.009726081738804314,2.220446049250313e-16,0.0020918430430721304,0.9356059260766054,1.0263938548296354,2.220446049250313e-16,0.14524817802547682,0.6550021764076985,0.018425752268608167,0.4754298765363299
20.0,2.220446049250313e-16,2.220446049250313e-16,0.12913733705744682,0.3939937205722288,2.220446049250313e-16,0.5961855959892498,0.023364575656286093,0.02337667522739539,0.1769322478477559,0.23156191184648314,0.7465951658694082,0.08028820939411065,2.220446049250313e-16,0.2172469892227712,0.6294482928176552,0.7892684706917775,2.220446049250313e-16
21.0,0.010656365008681083,1.0344635363426067,2.220446049250313e-16,2.220446049250313e-16,2.220446049250313e-16,2.220446049250313e-16,2.220446049250313e-16,1.0825061514809087,2.220446049250313e-16,2.220446049250313e-16,2.220446049250313e-16,0.04561571694118784,0.550231186609602,0.12925498243453673,2.220446049250313e-16,0.10435283608539567,0.0049313305646511586
22.0,0.2169494276205024,2.220446049250313e-16,1.4187691767488835,2.220446049250313e-16,0.0006448066956219129,2.220446049250313e-16,2.220446049250313e-16,2.220446049250313e-16,2.220446049250313e-16,2.220446049250313e-16,2.220446049250313e-16,2.220446049250313e-16,0.16895475215861233,0.14627074324964584,0.6204686302054642,2.220446049250313e-16,0.4473187001782788
23.0,0.2169494276205024,2.220446049250313e-16,1.4187691767488835,2.220446049250313e-16,0.0006448066956219129,2.220446049250313e-16,2.220446049250313e-16,2.220446049250313e-16,2.220446049250313e-16,2.220446049250313e-16,2.220446049250313e-16,2.220446049250313e-16,0.16895475215861233,0.14627074324964584,0.6204686302054642,2.220446049250313e-16,0.4473187001782788
24.0,0.2169494276205024,2.220446049250313e-16,1.4187691767488835,2.220446049250313e-16,0.0006448066956219129,2.220446049250313e-16,2.220446049250313e-16,2.220446049250313e-16,2.220446049250313e-16,2.220446049250313e-16,2.220446049250313e-16,2.220446049250313e-16,0.16895475215861233,0.14627074324964584,0.6204686302054642,2.220446049250313e-16,0.4473187001782788
25.0,2.220446049250313e-16,2.220446049250313e-16,0.2201764877742788,0.7971104920373069,2.220446049250313e-16,2.220446049250313e-16,0.6335963700361272,0.470119964445244,0.7351341552442383,2.220446049250313e-16,0.15282831807147818,2.220446049250313e-16,1.202954588192732,2.220446049250313e-16,2.220446049250313e-16,0.043820432900105434,2.220446049250313e-16
26.0,2.220446049250313e-16,2.220446049250313e-16,0.38210382007945004,0.6421200939167868,2.220446049250313e-16,2.220446049250313e-16,0.05229654189684281,0.7966055641049086,0.558385580765431,2.220446049250313e-16,0.056925140814672905,2.220446049250313e-16,1.0674258079429093,2.220446049250313e-16,0.019935482768216186,0.04693521937728494,2.220446049250313e-16
27.0,2.220446049250313e-16,0.06530436088404572,0.011000219850077597,2.220446049250313e-16,2.220446049250313e-16,2.220446049250313e-16,2.220446049250313e-16,0.9989799383692768,2.220446049250313e-16,0.9171087752528692,2.220446049250313e-16,0.5024185897819692,0.8507307592828318,2.220446049250313e-16,2.220446049250313e-16,2.220446049250313e-16,2.220446049250313e-16
28.0,2.220446049250313e-16,2.220446049250313e-16,0.3152875691415591,0.6421096626062353,2.220446049250313e-16,2.220446049250313e-16,0.0526027006982298,0.793977945641383,0.7376750051847425,2.220446049250313e-16,0.03823322769344443,2.220446049250313e-16,1.0889808855652323,2.220446049250313e-16,2.220446049250313e-16,0.046345366185615605,2.220446049250313e-16
29.0,2.220446049250313e-16,0.002807859419155371,0.917209887464289,2.220446049250313e-16,2.220446049250313e-16,0.0357459158923926,0.6011705429788469,2.220446049250313e-16,2.220446049250313e-16,2.220446049250313e-16,0.882913928917229,2.220446049250313e-16,0.8490336158230564,0.0025394946691670293,0.01993187046394886,0.004401619324561294,2.220446049250313e-16
30.0,0.6261661859499005,0.1486248419352083,2.220446049250313e-16,2.220446049250313e-16,2.220446049250313e-16,0.667344532979412,2.220446049250313e-16,2.220446049250313e-16,2.220446049250313e-16,0.7184075293120886,2.220446049250313e-16,2.220446049250313e-16,2.220446049250313e-16,0.4712255113396136,2.220446049250313e-16,1.0983116641781308,2.220446049250313e-16
31.0,2.220446049250313e-16,0.7209355933658808,2.220446049250313e-16,0.029899290334806206,0.6185857351806171,2.220446049250313e-16,0.6870686280073126,2.220446049250313e-16,0.015849509985563257,0.34005279860039217,0.9572697632204309,2.220446049250313e-16,0.11120476615894692,0.09731601878227976,2.220446049250313e-16,0.5381934060186335,0.007360527103779956
32.0,2.220446049250313e-16,0.7209355933658808,2.220446049250313e-16,0.029899290334806206,0.6185857351806171,2.220446049250313e-16,0.6870686280073126,2.220446049250313e-16,0.015849509985563257,0.34005279860039217,0.9572697632204309,2.220446049250313e-16,0.11120476615894692,0.09731601878227976,2.220446049250313e-16,0.5381934060186335,0.007360527103779956
33.0,0.019088387710790085,2.220446049250313e-16,0.010888571586896989,2.220446049250313e-16,0.6188323213460696,0.7080048270011098,2.220446049250313e-16,0.0626164726763289,0.008928226538856977,0.9482619846267054,0.6074698163642428,0.6606787478846533,0.0206247930134254,0.5755790957258273,2.220446049250313e-16,2.220446049250313e-16,2.220446049250313e-16
34.0,0.019088387710790085,2.220446049250313e-16,0.010888571586896989,2.220446049250313e-16,0.6188323213460696,0.7080048270011098,2.220446049250313e-16,0.0626164726763289,0.008928226538856977,0.9482619846267054,0.6074698163642428,0.6606787478846533,0.0206247930134254,0.5755790957258273,2.220446049250313e-16,2.220446049250313e-16,2.220446049250313e-16
35.0,2.220446049250313e-16,2.220446049250313e-16,0.031947017068318984,0.8379857352636193,2.220446049250313e-16,2.220446049250313e-16,0.6902447505511272,0.20391950125372946,0.7214415541666687,2.220446049250313e-16,0.39375719471452775,0.5394006558495386,1.1937696624485825,0.010109190172722117,2.220446049250313e-16,2.220446049250313e-16,2.220446049250313e-16
36.0,2.220446049250313e-16,2.220446049250313e-16,0.09226260406309922,0.8288413922718412,2.220446049250313e-16,2.220446049250313e-16,0.6257390963336228,0.27981442559980313,0.19603505986209854,0.299517112512484,0.2954401460846271,0.2363297078041042,1.306144357082474,2.220446049250313e-16,2.220446049250313e-16,0.03962816249600822,2.220446049250313e-16
37.0,2.220446049250313e-16,2.220446049250313e-16,2.220446049250313e-16,2.220446049250313e-16,2.220446049250313e-16,0.005669107047970469,2.220446049250313e-16,1.1713125217997893,0.007070390850911316,0.9455791514683001,2.220446049250313e-16,0.5771681503677435,0.257753886818515,0.00753989060781015,2.220446049250313e-16,0.022619706239104084,0.47884502104635246
38.0,0.055957438666284776,0.16369189634342202,0.018494355551262387,2.220446049250313e-16,0.30874729923674527,0.043999424532542665,0.6119239892937142,2.220446049250313e-16,0.0159904388785588,0.6683769833237936,0.6974596107381881,2.220446049250313e-16,0.03799793113944666,0.10828736908360481,2.220446049250313e-16,1.045492022560008,2.220446049250313e-16
39.0,2.220446049250313e-16,0.0027258937596698475,0.773095239933318,2.220446049250313e-16,2.220446049250313e-16,0.03228919094689173,0.5991803364394022,2.220446049250313e-16,0.5397790940469271,2.220446049250313e-16,0.9774146960497946,8.847178553990342e-05,0.7669850947800033,2.220446049250313e-16,0.29977871391920774,2.220446049250313e-16,2.220446049250313e-16
40.0,0.8244826396329132,0.1679104382304878,0.060930300965286385,0.4326912646119548,2.220446049250313e-16,2.220446049250313e-16,0.6520027278036846,0.07676079189564738,2.220446049250313e-16,0.35826142920874565,2.220446049250313e-16,2.220446049250313e-16,0.06727325477763266,2.220446049250313e-16,2.220446049250313e-16,1.0350846332323589,2.220446049250313e-16
41.0,2.220446049250313e-16,0.8951504695422043,2.220446049250313e-16,2.220446049250313e-16,0.30769356649734325,2.220446049250313e-16,0.03687794237873296,0.6317535561749902,2.220446049250313e-16,2.220446049250313e-16,0.3629143716702394,2.220446049250313e-16,2.220446049250313e-16,2.220446049250313e-16,0.3171628680244199,0.9877282190796309,2.220446049250313e-16
42.0,1.0735716386063516,2.220446049250313e-16,1.0634427004516203,2.220446049250313e-16,2.220446049250313e-16,2.220446049250313e-16,2.220446049250313e-16,0.07260261800412442,0.15175643906522668,2.220446049250313e-16,2.220446049250313e-16,2.220446049250313e-16,2.220446049250313e-16,0.08146648205736316,2.220446049250313e-16,0.08333227936892353,2.220446049250313e-16
43.0,1.0735716386063516,2.220446049250313e-16,1.0634427004516203,2.220446049250313e-16,2.220446049250313e-16,2.220446049250313e-16,2.220446049250313e-16,0.07260261800412442,0.15175643906522668,2.220446049250313e-16,2.220446049250313e-16,2.220446049250313e-16,2.220446049250313e-16,0.08146648205736316,2.220446049250313e-16,0.08333227936892353,2.220446049250313e-16
44.0,1.0735716386063516,2.220446049250313e-16,1.0634427004516203,2.220446049250313e-16,2.220446049250313e-16,2.220446049250313e-16,2.220446049250313e-16,0.07260261800412442,0.15175643906522668,2.220446049250313e-16,2.220446049250313e-16,2.220446049250313e-16,2.220446049250313e-16,0.08146648205736316,2.220446049250313e-16,0.08333227936892353,2.220446049250313e-16
45.0,1.0219981208051034,2.220446049250313e-16,0.10235712067240615,2.220446049250313e-16,2.220446049250313e-16,2.220446049250313e-16,2.220446049250313e-16,2.220446049250313e-16,2.220446049250313e-16,0.8733417219782518,2.220446049250313e-16,2.220446049250313e-16,2.220446049250313e-16,0.14644346797420169,2.220446049250313e-16,1.086566105923241,2.220446049250313e-16
46.0,0.1961441191421986,0.9125040291990449,2.220446049250313e-16,2.220446049250313e-16,2.220446049250313e-16,2.220446049250313e-16,0.6870513128663545,0.04510483131941823,2.220446049250313e-16,2.220446049250313e-16,0.7966094791137542,2.220446049250313e-16,2.220446049250313e-16,2.220446049250313e-16,2.220446049250313e-16,1.0617400594036608,2.220446049250313e-16
47.0,0.12216053093575967,1.0089232979817164,2.220446049250313e-16,2.220446049250313e-16,0.30706091484009995,2.220446049250313e-16,0.6383147157349248,0.5721623908790647,0.0002124496741631827,0.037559260042960084,0.3510183074493262,2.220446049250313e-16,2.220446049250313e-16,0.20695665597948731,2.220446049250313e-16,0.18240339967319058,0.4849653899739779
48.0,0.8746812137360332,0.013000512777462614,0.0028462012354423115,0.16698745916028418,0.0005848680973179173,0.0824356205001027,2.220446049250313e-16,0.046011592269214446,2.220446049250313e-16,0.875867740958423,0.03026751402101026,0.020204218131678133,2.220446049250313e-16,0.9322662183055661,2.220446049250313e-16,0.22106127428843336,2.220446049250313e-16
49.0,0.8746812137360332,0.013000512777462614,0.0028462012354423115,0.16698745916028418,0.0005848680973179173,0.0824356205001027,2.220446049250313e-16,0.046011592269214446,2.220446049250313e-16,0.875867740958423,0.03026751402101026,0.020204218131678133,2.220446049250313e-16,0.9322662183055661,2.220446049250313e-16,0.22106127428843336,2.220446049250313e-16
50.0,2.220446049250313e-16,2.220446049250313e-16,0.6010921486992353,0.1314411274771008,0.0014443414240298156,0.6298367258120688,2.220446049250313e-16,2.220446049250313e-16,2.220446049250313e-16,2.220446049250313e-16,2.220446049250313e-16,0.40561937635684725,2.220446049250313e-16,1.1036915652012056,0.6466832219068026,0.10978391749345609,2.220446049250313e-16
51.0,2.220446049250313e-16,1.0285176246630752,2.220446049250313e-16,2.220446049250313e-16,2.220446049250313e-16,0.007235323856490283,2.220446049250313e-16,0.9093895978707747,2.220446049250313e-16,2.220446049250313e-16,2.220446049250313e-16,0.4974132255704786,0.7552768560037346,2.220446049250313e-16,2.220446049250313e-16,0.11111759689433408,0.005072309705080861
52.0,2.220446049250313e-16,2.220446049250313e-16,0.5232355339922617,0.01830854627640155,0.0016194232435510015,0.001935950669480455,0.615907568738912,0.03943513844092116,2.220446049250313e-16,2.220446049250313e-16,0.8181596820320806,0.8551780994625958,0.25157269327845044,0.42729588440499117,0.02887065169433049,0.00428711736219878,2.220446049250313e-16
53.0,0.2348099556735492,2.220446049250313e-16,1.361685158773344,2.220446049250313e-16,0.0006537761059481229,2.220446049250313e-16,2.220446049250313e-16,2.220446049250313e-16,2.220446049250313e-16,2.220446049250313e-16,2.220446049250313e-16,2.220446049250313e-16,0.5723207808384578,0.1495700134701276,0.3255807242945193,2.220446049250313e-16,2.220446049250313e-16
54.0,0.2348099556735492,2.220446049250313e-16,1.361685158773344,2.220446049250313e-16,0.0006537761059481229,2.220446049250313e-16,2.220446049250313e-16,2.220446049250313e-16,2.220446049250313e-16,2.220446049250313e-16,2.220446049250313e-16,2.220446049250313e-16,0.5723207808384578,0.1495700134701276,0.3255807242945193,2.220446049250313e-16,2.220446049250313e-16
55.0,2.220446049250313e-16,2.220446049250313e-16,0.0112401546841442,2.220446049250313e-16,0.6153649656789664,0.748415029522127,2.220446049250313e-16,2.220446049250313e-16,0.7200268689263204,0.5371734738164332,0.03499771058502735,0.04674161816351141,0.009555422193935006,0.6255080938555888,2.220446049250313e-16,0.9140957893393818,2.220446049250313e-16
56.0,2.220446049250313e-16,1.0291398468742126,2.220446049250313e-16,2.220446049250313e-16,2.220446049250313e-16,2.220446049250313e-16,2.220446049250313e-16,1.1110932435613967,2.220446049250313e-16,2.220446049250313e-16,2.220446049250313e-16,0.07025481707782448,0.2079261078870453,2.220446049250313e-16,2.220446049250313e-16,0.35102006982128275,0.4845169506816075
57.0,0.3408323575115891,2.220446049250313e-16,0.0821310850997437,0.567940451171655,0.3060289396172836,2.220446049250313e-16,0.5829852187940208,0.051795617059296674,0.5211462284072581,0.25153773032228754,2.220446049250313e-16,0.17207934271448153,2.220446049250313e-16,1.0942493441748264,2.220446049250313e-16,0.215347685454954,2.220446049250313e-16
58.0,0.6141088324159628,2.220446049250313e-16,1.3144082699693347,2.220446049250313e-16,0.6154124546249975,2.220446049250313e-16,2.220446049250313e-16,2.220446049250313e-16,2.220446049250313e-16,2.220446049250313e-16,2.220446049250313e-16,0.005677520417902967,0.2020298386876411,2.220446049250313e-16,0.008864038282214173,2.220446049250313e-16,0.4496912843073669
59.0,0.6141088324159628,2.220446049250313e-16,1.3144082699693347,2.220446049250313e-16,0.6154124546249975,2.220446049250313e-16,2.220446049250313e-16,2.220446049250313e-16,2.220446049250313e-16,2.220446049250313e-16,2.220446049250313e-16,0.005677520417902967,0.2020298386876411,2.220446049250313e-16,0.008864038282214173,2.220446049250313e-16,0.4496912843073669
60.0,2.220446049250313e-16,2.220446049250313e-16,0.009927401273670046,2.220446049250313e-16,0.6156201488703545,0.5919887144046513,0.041761354910571424,2.220446049250313e-16,0.022062485885871903,0.9715265160496865,0.24252745305082551,2.220446049250313e-16,0.05219443115532497,0.5097138302400572,2.220446049250313e-16,0.8957738342346664,2.220446049250313e-16
61.0,2.220446049250313e-16,0.9139040414656273,2.220446049250313e-16,0.02121345296472299,0.002967301162652802,2.220446049250313e-16,2.220446049250313e-16,0.9228636119400858,2.220446049250313e-16,2.220446049250313e-16,0.04665851155906257,2.220446049250313e-16,2.220446049250313e-16,0.1735999085043338,0.6151017194808088,0.6233913581438894,2.220446049250313e-16
62.0,0.835868012468526,0.0010562791248815984,1.0241363867182474,2.220446049250313e-16,0.307571942031737,0.0076173803371335025,2.220446049250313e-16,0.0008251993294381471,0.5152064319265308,2.220446049250313e-16,2.220446049250313e-16,0.2839586283085792,0.22251547290341925,2.220446049250313e-16,2.220446049250313e-16,2.220446049250313e-16,2.220446049250313e-16
63.0,1.3017590721052053,0.019611870980097867,0.2384765498887739,0.7802814242207252,2.220446049250313e-16,2.220446049250313e-16,2.220446049250313e-16,0.08613012178102217,0.6788616841142818,0.03677867582618844,2.220446049250313e-16,2.220446049250313e-16,2.220446049250313e-16,0.07931326397468476,2.220446049250313e-16,0.439192176453704,0.005812993052525578
64.0,0.22969761050295456,0.0049827487637601475,2.220446049250313e-16,0.3563635936100765,0.6174647276941532,2.220446049250313e-16,0.6479286272011556,2.220446049250313e-16,0.16904911445089313,0.5965136114012979,0.10184646449159845,0.5575204196220311,2.220446049250313e-16,1.106529290848039,2.220446049250313e-16,2.220446049250313e-16,2.220446049250313e-16
65.0,2.220446049250313e-16,2.220446049250313e-16,0.5468307343175317,0.12651145203597403,0.0011267881818098613,0.6376458296366618,2.220446049250313e-16,0.004859611044521904,2.220446049250313e-16,2.220446049250313e-16,2.220446049250313e-16,0.34808629108783223,2.220446049250313e-16,1.210042363972788,0.6489086993821627,0.10465679147522586,2.220446049250313e-16
66.0,0.020461232666387358,1.0244641726174524,2.220446049250313e-16,2.220446049250313e-16,2.220446049250313e-16,2.220446049250313e-16,2.220446049250313e-16,1.167776709501969,2.220446049250313e-16,2.220446049250313e-16,2.220446049250313e-16,0.04475303984253264,0.41410779363694405,0.12345061647234085,2.220446049250313e-16,0.10619975312443188,0.004934291607717101
67.0,0.6141088324159628,2.220446049250313e-16,1.3144082699693347,2.220446049250313e-16,0.6154124546249975,2.220446049250313e-16,2.220446049250313e-16,2.220446049250313e-16,2.220446049250313e-16,2.220446049250313e-16,2.220446049250313e-16,0.005677520417902967,0.2020298386876411,2.220446049250313e-16,0.008864038282214173,2.220446049250313e-16,0.4496912843073669
68.0,0.9356479872144386,2.220446049250313e-16,0.027924640764753206,2.220446049250313e-16,2.220446049250313e-16,0.6862864017873469,2.220446049250313e-16,0.01964634765396539,0.6953824463908319,0.5258293496757678,2.220446049250313e-16,2.220446049250313e-16,0.002114676961783388,0.15737567526215748,2.220446049250313e-16,0.9011242518950664,2.220446049250313e-16
69.0,0.6141088324159628,2.220446049250313e-16,1.3144082699693347,2.220446049250313e-16,0.6154124546249975,2.220446049250313e-16,2.220446049250313e-16,2.220446049250313e-16,2.220446049250313e-16,2.220446049250313e-16,2.220446049250313e-16,0.005677520417902967,0.2020298386876411,2.220446049250313e-16,0.008864038282214173,2.220446049250313e-16,0.4496912843073669
