19 0.2064369119691609 0.206436914409537 0.16733648376144822 0.35494661101315195 0.5183514923622132 0.5136508877651728 0.36152581739361045 0.3273333051575132 0.5136508882856788 0.1219575262993593 0.2509889558507202 0.2415878118082311 0.16733648356560946 0.2415878114353707 0.259185236761094 0.12195752635313441 0.4527443199781697 0.3273333049250796 0.20643691416189328 0.2591852366439887
12 0.2754488098299919 0.275448812738817 0.3240684038942267 0.4009857195053896 0.2737691705319064 0.32733330448325676 0.4795429337357438 0.507187438102878 0.32733330495978546 0.30024106734044076 0.0762590690320964 0.0444526318818256 0.3240684034803598 0.04445263156271804 0.16987593567078893 0.300241067603183 0.3465511533698359 0.507187438615736 0.27544881213677347 0.16987593576646057
18 0.24884954851948282 0.24884955079504284 0.2545346232033451 0.46513451662009536 0.37726041129360416 0.36152581719732335 0.5445439383575503 0.47954293367551054 0.36152581745219825 0.254553909982988 0.05753675220795136 0.058810511968140716 0.2545346228126355 0.058810511637232034 0.15948944156301353 0.2545539102413804 0.3426669725946378 0.4795429338811803 0.24884955065684158 0.1594894415763761
0 0.24884954851948282 0.24884955079504284 0.2545346232033451 0.46513451662009536 0.37726041129360416 0.36152581719732335 0.5445439383575503 0.47954293367551054 0.36152581745219825 0.254553909982988 0.05753675220795136 0.058810511968140716 0.2545346228126355 0.058810511637232034 0.15948944156301353 0.2545539102413804 0.3426669725946378 0.4795429338811803 0.24884955065684158 0.1594894415763761
36 0.2578391952254006 0.25783919789397763 0.2354499468110144 0.31830163230171116 0.40111182776154647 0.45274431943002 0.34266697259470924 0.34655115344121085 0.45274432017881916 0.12429266346918821 0.3058352799829183 0.2291675109534611 0.23544994661885926 0.2291675106912414 0.2875404328772079 0.124292663597181 0.5148581543403982 0.3465511533286225 0.2578391975475058 0.2875404328893645
42 0.10684346729439216 0.10684346841703546 0.06801324323969121 0.08415211188742952 0.28261200159432703 0.24158781154210346 0.05881051179816417 0.04445263170556864 0.24158781172906035 0.016753077481777214 0.6081899552885199 0.758662936024164 0.06801324319993718 0.75866293578348 0.2926581655440575 0.01675307739827633 0.229167510830519 0.04445263165575096 0.10684346833324528 0.2926581655003823
22 0.478350935693358 0.47835093875443296 0.3549559361768104 0.3355553035114442 0.19090994846367015 0.20643691341931483 0.24884954986216187 0.27544881141508437 0.2064369135165409 0.34882539453970574 0.0953917178061663 0.10684346807709674 0.3549559358388246 0.10684346776780469 0.368671364140276 0.34882539473178564 0.2578391966691567 0.27544881145272637 0.47835093898188086 0.36867136435668973
2 0.2754488098299919 0.275448812738817 0.3240684038942267 0.4009857195053896 0.2737691705319064 0.32733330448325676 0.4795429337357438 0.507187438102878 0.32733330495978546 0.30024106734044076 0.0762590690320964 0.0444526318818256 0.3240684034803598 0.04445263156271804 0.16987593567078893 0.300241067603183 0.3465511533698359 0.507187438615736 0.27544881213677347 0.16987593576646057
37 0.3549559343332794 0.35495593690742766 0.5540350178149078 0.21560004233863683 0.13185648108267853 0.16733648346804375 0.25453462292335804 0.32406840352054644 0.16733648355920397 0.472112743398823 0.0935199563409863 0.06801324348636326 0.5540350173900669 0.0680132430736068 0.21701734873498432 0.47211274384987373 0.23544994669625494 0.32406840367860124 0.3549559368354881 0.2170173487886536
39 0.09539171701625673 0.09539171838404346 0.0935199564481684 0.06182313696622092 0.20371691395884187 0.2509889556113922 0.05753675220798214 0.07625906922106404 0.25098895596165094 0.006433447690395646 0.8172937473521028 0.6081899552688331 0.09351995620961252 0.6081899550812951 0.3657712563038578 0.006433447611284155 0.3058352799829118 0.07625906905462405 0.09539171825750992 0.3657712561063871
4 0.24884954851948282 0.24884955079504284 0.2545346232033451 0.46513451662009536 0.37726041129360416 0.36152581719732335 0.5445439383575503 0.47954293367551054 0.36152581745219825 0.254553909982988 0.05753675220795136 0.058810511968140716 0.2545346228126355 0.058810511637232034 0.15948944156301353 0.2545539102413804 0.3426669725946378 0.4795429338811803 0.24884955065684158 0.1594894415763761
8 0.2754488098299919 0.275448812738817 0.3240684038942267 0.4009857195053896 0.2737691705319064 0.32733330448325676 0.4795429337357438 0.507187438102878 0.32733330495978546 0.30024106734044076 0.0762590690320964 0.0444526318818256 0.3240684034803598 0.04445263156271804 0.16987593567078893 0.300241067603183 0.3465511533698359 0.507187438615736 0.27544881213677347 0.16987593576646057
7 0.2064369119691609 0.206436914409537 0.16733648376144822 0.35494661101315195 0.5183514923622132 0.5136508877651728 0.36152581739361045 0.3273333051575132 0.5136508882856788 0.1219575262993593 0.2509889558507202 0.2415878118082311 0.16733648356560946 0.2415878114353707 0.259185236761094 0.12195752635313441 0.4527443199781697 0.3273333049250796 0.20643691416189328 0.2591852366439887
32 0.478350935693358 0.47835093875443296 0.3549559361768104 0.3355553035114442 0.19090994846367015 0.20643691341931483 0.24884954986216187 0.27544881141508437 0.2064369135165409 0.34882539453970574 0.0953917178061663 0.10684346807709674 0.3549559358388246 0.10684346776780469 0.368671364140276 0.34882539473178564 0.2578391966691567 0.27544881145272637 0.47835093898188086 0.36867136435668973
46 0.2578391952254006 0.25783919789397763 0.2354499468110144 0.31830163230171116 0.40111182776154647 0.45274431943002 0.34266697259470924 0.34655115344121085 0.45274432017881916 0.12429266346918821 0.3058352799829183 0.2291675109534611 0.23544994661885926 0.2291675106912414 0.2875404328772079 0.124292663597181 0.5148581543403982 0.3465511533286225 0.2578391975475058 0.2875404328893645
48 0.09539171701625673 0.09539171838404346 0.0935199564481684 0.06182313696622092 0.20371691395884187 0.2509889556113922 0.05753675220798214 0.07625906922106404 0.25098895596165094 0.006433447690395646 0.8172937473521028 0.6081899552688331 0.09351995620961252 0.6081899550812951 0.3657712563038578 0.006433447611284155 0.3058352799829118 0.07625906905462405 0.09539171825750992 0.3657712561063871
41 0.3488253930535507 0.34882539541921675 0.47211274385056523 0.2390056734154026 0.12144847731256952 0.12195752590242116 0.25455391017544254 0.30024106727209793 0.12195752650266567 0.6253826020365278 0.006433447634305148 0.016753077577126466 0.47211274362784617 0.016753077238121018 0.14868700434956705 0.6253826022901452 0.12429266354661167 0.3002410674629525 0.34882539568886706 0.14868700437082033
51 0.3488253930535507 0.34882539541921675 0.47211274385056523 0.2390056734154026 0.12144847731256952 0.12195752590242116 0.25455391017544254 0.30024106727209793 0.12195752650266567 0.6253826020365278 0.006433447634305148 0.016753077577126466 0.47211274362784617 0.016753077238121018 0.14868700434956705 0.6253826022901452 0.12429266354661167 0.3002410674629525 0.34882539568886706 0.14868700437082033
21 0.478350935693358 0.47835093875443296 0.3549559361768104 0.3355553035114442 0.19090994846367015 0.20643691341931483 0.24884954986216187 0.27544881141508437 0.2064369135165409 0.34882539453970574 0.0953917178061663 0.10684346807709674 0.3549559358388246 0.10684346776780469 0.368671364140276 0.34882539473178564 0.2578391966691567 0.27544881145272637 0.47835093898188086 0.36867136435668973
38 0.09539171701625673 0.09539171838404346 0.0935199564481684 0.06182313696622092 0.20371691395884187 0.2509889556113922 0.05753675220798214 0.07625906922106404 0.25098895596165094 0.006433447690395646 0.8172937473521028 0.6081899552688331 0.09351995620961252 0.6081899550812951 0.3657712563038578 0.006433447611284155 0.3058352799829118 0.07625906905462405 0.09539171825750992 0.3657712561063871
24 0.36867136286673485 0.36867136519867927 0.21701734873931855 0.2591695101286834 0.23698859991828636 0.2591852367040701 0.15948944162439638 0.16987593585508876 0.2591852369514527 0.14868700434453785 0.3657712563180193 0.2926581656829512 0.21701734839007258 0.2926581653264293 0.6021755950641818 0.14868700440274552 0.2875404329788829 0.16987593602971174 0.3686713651404716 0.6021755950641818
63 0.09539171701625673 0.09539171838404346 0.0935199564481684 0.06182313696622092 0.20371691395884187 0.2509889556113922 0.05753675220798214 0.07625906922106404 0.25098895596165094 0.006433447690395646 0.8172937473521028 0.6081899552688331 0.09351995620961252 0.6081899550812951 0.3657712563038578 0.006433447611284155 0.3058352799829118 0.07625906905462405 0.09539171825750992 0.3657712561063871
52 0.10684346729439216 0.10684346841703546 0.06801324323969121 0.08415211188742952 0.28261200159432703 0.24158781154210346 0.05881051179816417 0.04445263170556864 0.24158781172906035 0.016753077481777214 0.6081899552885199 0.758662936024164 0.06801324319993718 0.75866293578348 0.2926581655440575 0.01675307739827633 0.229167510830519 0.04445263165575096 0.10684346833324528 0.2926581655003823
54 0.10684346729439216 0.10684346841703546 0.06801324323969121 0.08415211188742952 0.28261200159432703 0.24158781154210346 0.05881051179816417 0.04445263170556864 0.24158781172906035 0.016753077481777214 0.6081899552885199 0.758662936024164 0.06801324319993718 0.75866293578348 0.2926581655440575 0.01675307739827633 0.229167510830519 0.04445263165575096 0.10684346833324528 0.2926581655003823
57 0.10684346729439216 0.10684346841703546 0.06801324323969121 0.08415211188742952 0.28261200159432703 0.24158781154210346 0.05881051179816417 0.04445263170556864 0.24158781172906035 0.016753077481777214 0.6081899552885199 0.758662936024164 0.06801324319993718 0.75866293578348 0.2926581655440575 0.01675307739827633 0.229167510830519 0.04445263165575096 0.10684346833324528 0.2926581655003823
58 0.10684346729439216 0.10684346841703546 0.06801324323969121 0.08415211188742952 0.28261200159432703 0.24158781154210346 0.05881051179816417 0.04445263170556864 0.24158781172906035 0.016753077481777214 0.6081899552885199 0.758662936024164 0.06801324319993718 0.75866293578348 0.2926581655440575 0.01675307739827633 0.229167510830519 0.04445263165575096 0.10684346833324528 0.2926581655003823
23 0.36867136286673485 0.36867136519867927 0.21701734873931855 0.2591695101286834 0.23698859991828636 0.2591852367040701 0.15948944162439638 0.16987593585508876 0.2591852369514527 0.14868700434453785 0.3657712563180193 0.2926581656829512 0.21701734839007258 0.2926581653264293 0.6021755950641818 0.14868700440274552 0.2875404329788829 0.16987593602971174 0.3686713651404716 0.6021755950641818
25 0.19090994711316994 0.19090994970992112 0.1318564814029541 0.3809888714177313 0.6141476143052255 0.5183514921893382 0.37726041129371984 0.2737691705333676 0.5183514924884278 0.12144847732006944 0.20371691395886837 0.2826120017395484 0.13185648107888145 0.2826120015255989 0.23698859987363535 0.1214484773475685 0.4011118277616014 0.2737691704285254 0.19090994907615152 0.23698859991969748
34 0.36867136286673485 0.36867136519867927 0.21701734873931855 0.2591695101286834 0.23698859991828636 0.2591852367040701 0.15948944162439638 0.16987593585508876 0.2591852369514527 0.14868700434453785 0.3657712563180193 0.2926581656829512 0.21701734839007258 0.2926581653264293 0.6021755950641818 0.14868700440274552 0.2875404329788829 0.16987593602971174 0.3686713651404716 0.6021755950641818
49 0.09539171701625673 0.09539171838404346 0.0935199564481684 0.06182313696622092 0.20371691395884187 0.2509889556113922 0.05753675220798214 0.07625906922106404 0.25098895596165094 0.006433447690395646 0.8172937473521028 0.6081899552688331 0.09351995620961252 0.6081899550812951 0.3657712563038578 0.006433447611284155 0.3058352799829118 0.07625906905462405 0.09539171825750992 0.3657712561063871
45 0.2578391952254006 0.25783919789397763 0.2354499468110144 0.31830163230171116 0.40111182776154647 0.45274431943002 0.34266697259470924 0.34655115344121085 0.45274432017881916 0.12429266346918821 0.3058352799829183 0.2291675109534611 0.23544994661885926 0.2291675106912414 0.2875404328772079 0.124292663597181 0.5148581543403982 0.3465511533286225 0.2578391975475058 0.2875404328893645
10 0.2754488098299919 0.275448812738817 0.3240684038942267 0.4009857195053896 0.2737691705319064 0.32733330448325676 0.4795429337357438 0.507187438102878 0.32733330495978546 0.30024106734044076 0.0762590690320964 0.0444526318818256 0.3240684034803598 0.04445263156271804 0.16987593567078893 0.300241067603183 0.3465511533698359 0.507187438615736 0.27544881213677347 0.16987593576646057
35 0.2578391952254006 0.25783919789397763 0.2354499468110144 0.31830163230171116 0.40111182776154647 0.45274431943002 0.34266697259470924 0.34655115344121085 0.45274432017881916 0.12429266346918821 0.3058352799829183 0.2291675109534611 0.23544994661885926 0.2291675106912414 0.2875404328772079 0.124292663597181 0.5148581543403982 0.3465511533286225 0.2578391975475058 0.2875404328893645
66 0.478350935693358 0.47835093875443296 0.3549559361768104 0.3355553035114442 0.19090994846367015 0.20643691341931483 0.24884954986216187 0.27544881141508437 0.2064369135165409 0.34882539453970574 0.0953917178061663 0.10684346807709674 0.3549559358388246 0.10684346776780469 0.368671364140276 0.34882539473178564 0.2578391966691567 0.27544881145272637 0.47835093898188086 0.36867136435668973
9 0.2064369119691609 0.206436914409537 0.16733648376144822 0.35494661101315195 0.5183514923622132 0.5136508877651728 0.36152581739361045 0.3273333051575132 0.5136508882856788 0.1219575262993593 0.2509889558507202 0.2415878118082311 0.16733648356560946 0.2415878114353707 0.259185236761094 0.12195752635313441 0.4527443199781697 0.3273333049250796 0.20643691416189328 0.2591852366439887
5 0.2064369119691609 0.206436914409537 0.16733648376144822 0.35494661101315195 0.5183514923622132 0.5136508877651728 0.36152581739361045 0.3273333051575132 0.5136508882856788 0.1219575262993593 0.2509889558507202 0.2415878118082311 0.16733648356560946 0.2415878114353707 0.259185236761094 0.12195752635313441 0.4527443199781697 0.3273333049250796 0.20643691416189328 0.2591852366439887
27 0.10684346729439216 0.10684346841703546 0.06801324323969121 0.08415211188742952 0.28261200159432703 0.24158781154210346 0.05881051179816417 0.04445263170556864 0.24158781172906035 0.016753077481777214 0.6081899552885199 0.758662936024164 0.06801324319993718 0.75866293578348 0.2926581655440575 0.01675307739827633 0.229167510830519 0.04445263165575096 0.10684346833324528 0.2926581655003823
68 0.36867136286673485 0.36867136519867927 0.21701734873931855 0.2591695101286834 0.23698859991828636 0.2591852367040701 0.15948944162439638 0.16987593585508876 0.2591852369514527 0.14868700434453785 0.3657712563180193 0.2926581656829512 0.21701734839007258 0.2926581653264293 0.6021755950641818 0.14868700440274552 0.2875404329788829 0.16987593602971174 0.3686713651404716 0.6021755950641818
17 0.2064369119691609 0.206436914409537 0.16733648376144822 0.35494661101315195 0.5183514923622132 0.5136508877651728 0.36152581739361045 0.3273333051575132 0.5136508882856788 0.1219575262993593 0.2509889558507202 0.2415878118082311 0.16733648356560946 0.2415878114353707 0.259185236761094 0.12195752635313441 0.4527443199781697 0.3273333049250796 0.20643691416189328 0.2591852366439887
26 0.3488253930535507 0.34882539541921675 0.47211274385056523 0.2390056734154026 0.12144847731256952 0.12195752590242116 0.25455391017544254 0.30024106727209793 0.12195752650266567 0.6253826020365278 0.006433447634305148 0.016753077577126466 0.47211274362784617 0.016753077238121018 0.14868700434956705 0.6253826022901452 0.12429266354661167 0.3002410674629525 0.34882539568886706 0.14868700437082033
33 0.36867136286673485 0.36867136519867927 0.21701734873931855 0.2591695101286834 0.23698859991828636 0.2591852367040701 0.15948944162439638 0.16987593585508876 0.2591852369514527 0.14868700434453785 0.3657712563180193 0.2926581656829512 0.21701734839007258 0.2926581653264293 0.6021755950641818 0.14868700440274552 0.2875404329788829 0.16987593602971174 0.3686713651404716 0.6021755950641818
65 0.3355553017595117 0.33555530453126103 0.2156000423469208 0.5160416191963125 0.3809888714176927 0.3549466107063911 0.46513451662014244 0.4009857195024997 0.3549466113769639 0.2390056733592344 0.061823136966224955 0.08415211206078442 0.21560004218098075 0.08415211166320828 0.25916950987889076 0.23900567350065183 0.3183016323017109 0.4009857195350329 0.33555530421774166 0.25916951023780127
29 0.10684346729439216 0.10684346841703546 0.06801324323969121 0.08415211188742952 0.28261200159432703 0.24158781154210346 0.05881051179816417 0.04445263170556864 0.24158781172906035 0.016753077481777214 0.6081899552885199 0.758662936024164 0.06801324319993718 0.75866293578348 0.2926581655440575 0.01675307739827633 0.229167510830519 0.04445263165575096 0.10684346833324528 0.2926581655003823
53 0.10684346729439216 0.10684346841703546 0.06801324323969121 0.08415211188742952 0.28261200159432703 0.24158781154210346 0.05881051179816417 0.04445263170556864 0.24158781172906035 0.016753077481777214 0.6081899552885199 0.758662936024164 0.06801324319993718 0.75866293578348 0.2926581655440575 0.01675307739827633 0.229167510830519 0.04445263165575096 0.10684346833324528 0.2926581655003823
60 0.2578391952254006 0.25783919789397763 0.2354499468110144 0.31830163230171116 0.40111182776154647 0.45274431943002 0.34266697259470924 0.34655115344121085 0.45274432017881916 0.12429266346918821 0.3058352799829183 0.2291675109534611 0.23544994661885926 0.2291675106912414 0.2875404328772079 0.124292663597181 0.5148581543403982 0.3465511533286225 0.2578391975475058 0.2875404328893645
20 0.3355553017595117 0.33555530453126103 0.2156000423469208 0.5160416191963125 0.3809888714176927 0.3549466107063911 0.46513451662014244 0.4009857195024997 0.3549466113769639 0.2390056733592344 0.061823136966224955 0.08415211206078442 0.21560004218098075 0.08415211166320828 0.25916950987889076 0.23900567350065183 0.3183016323017109 0.4009857195350329 0.33555530421774166 0.25916951023780127
1 0.2064369119691609 0.206436914409537 0.16733648376144822 0.35494661101315195 0.5183514923622132 0.5136508877651728 0.36152581739361045 0.3273333051575132 0.5136508882856788 0.1219575262993593 0.2509889558507202 0.2415878118082311 0.16733648356560946 0.2415878114353707 0.259185236761094 0.12195752635313441 0.4527443199781697 0.3273333049250796 0.20643691416189328 0.2591852366439887
28 0.10684346729439216 0.10684346841703546 0.06801324323969121 0.08415211188742952 0.28261200159432703 0.24158781154210346 0.05881051179816417 0.04445263170556864 0.24158781172906035 0.016753077481777214 0.6081899552885199 0.758662936024164 0.06801324319993718 0.75866293578348 0.2926581655440575 0.01675307739827633 0.229167510830519 0.04445263165575096 0.10684346833324528 0.2926581655003823
16 0.2754488098299919 0.275448812738817 0.3240684038942267 0.4009857195053896 0.2737691705319064 0.32733330448325676 0.4795429337357438 0.507187438102878 0.32733330495978546 0.30024106734044076 0.0762590690320964 0.0444526318818256 0.3240684034803598 0.04445263156271804 0.16987593567078893 0.300241067603183 0.3465511533698359 0.507187438615736 0.27544881213677347 0.16987593576646057
44 0.10684346729439216 0.10684346841703546 0.06801324323969121 0.08415211188742952 0.28261200159432703 0.24158781154210346 0.05881051179816417 0.04445263170556864 0.24158781172906035 0.016753077481777214 0.6081899552885199 0.758662936024164 0.06801324319993718 0.75866293578348 0.2926581655440575 0.01675307739827633 0.229167510830519 0.04445263165575096 0.10684346833324528 0.2926581655003823
55 0.19090994711316994 0.19090994970992112 0.1318564814029541 0.3809888714177313 0.6141476143052255 0.5183514921893382 0.37726041129371984 0.2737691705333676 0.5183514924884278 0.12144847732006944 0.20371691395886837 0.2826120017395484 0.13185648107888145 0.2826120015255989 0.23698859987363535 0.1214484773475685 0.4011118277616014 0.2737691704285254 0.19090994907615152 0.23698859991969748
43 0.10684346729439216 0.10684346841703546 0.06801324323969121 0.08415211188742952 0.28261200159432703 0.24158781154210346 0.05881051179816417 0.04445263170556864 0.24158781172906035 0.016753077481777214 0.6081899552885199 0.758662936024164 0.06801324319993718 0.75866293578348 0.2926581655440575 0.01675307739827633 0.229167510830519 0.04445263165575096 0.10684346833324528 0.2926581655003823
47 0.3549559343332794 0.35495593690742766 0.5540350178149078 0.21560004233863683 0.13185648108267853 0.16733648346804375 0.25453462292335804 0.32406840352054644 0.16733648355920397 0.472112743398823 0.0935199563409863 0.06801324348636326 0.5540350173900669 0.0680132430736068 0.21701734873498432 0.47211274384987373 0.23544994669625494 0.32406840367860124 0.3549559368354881 0.2170173487886536
69 0.36867136286673485 0.36867136519867927 0.21701734873931855 0.2591695101286834 0.23698859991828636 0.2591852367040701 0.15948944162439638 0.16987593585508876 0.2591852369514527 0.14868700434453785 0.3657712563180193 0.2926581656829512 0.21701734839007258 0.2926581653264293 0.6021755950641818 0.14868700440274552 0.2875404329788829 0.16987593602971174 0.3686713651404716 0.6021755950641818
6 0.2754488098299919 0.275448812738817 0.3240684038942267 0.4009857195053896 0.2737691705319064 0.32733330448325676 0.4795429337357438 0.507187438102878 0.32733330495978546 0.30024106734044076 0.0762590690320964 0.0444526318818256 0.3240684034803598 0.04445263156271804 0.16987593567078893 0.300241067603183 0.3465511533698359 0.507187438615736 0.27544881213677347 0.16987593576646057
14 0.2754488098299919 0.275448812738817 0.3240684038942267 0.4009857195053896 0.2737691705319064 0.32733330448325676 0.4795429337357438 0.507187438102878 0.32733330495978546 0.30024106734044076 0.0762590690320964 0.0444526318818256 0.3240684034803598 0.04445263156271804 0.16987593567078893 0.300241067603183 0.3465511533698359 0.507187438615736 0.27544881213677347 0.16987593576646057
40 0.19090994711316994 0.19090994970992112 0.1318564814029541 0.3809888714177313 0.6141476143052255 0.5183514921893382 0.37726041129371984 0.2737691705333676 0.5183514924884278 0.12144847732006944 0.20371691395886837 0.2826120017395484 0.13185648107888145 0.2826120015255989 0.23698859987363535 0.1214484773475685 0.4011118277616014 0.2737691704285254 0.19090994907615152 0.23698859991969748
62 0.3549559343332794 0.35495593690742766 0.5540350178149078 0.21560004233863683 0.13185648108267853 0.16733648346804375 0.25453462292335804 0.32406840352054644 0.16733648355920397 0.472112743398823 0.0935199563409863 0.06801324348636326 0.5540350173900669 0.0680132430736068 0.21701734873498432 0.47211274384987373 0.23544994669625494 0.32406840367860124 0.3549559368354881 0.2170173487886536
67 0.478350935693358 0.47835093875443296 0.3549559361768104 0.3355553035114442 0.19090994846367015 0.20643691341931483 0.24884954986216187 0.27544881141508437 0.2064369135165409 0.34882539453970574 0.0953917178061663 0.10684346807709674 0.3549559358388246 0.10684346776780469 0.368671364140276 0.34882539473178564 0.2578391966691567 0.27544881145272637 0.47835093898188086 0.36867136435668973
50 0.19090994711316994 0.19090994970992112 0.1318564814029541 0.3809888714177313 0.6141476143052255 0.5183514921893382 0.37726041129371984 0.2737691705333676 0.5183514924884278 0.12144847732006944 0.20371691395886837 0.2826120017395484 0.13185648107888145 0.2826120015255989 0.23698859987363535 0.1214484773475685 0.4011118277616014 0.2737691704285254 0.19090994907615152 0.23698859991969748
15 0.2064369119691609 0.206436914409537 0.16733648376144822 0.35494661101315195 0.5183514923622132 0.5136508877651728 0.36152581739361045 0.3273333051575132 0.5136508882856788 0.1219575262993593 0.2509889558507202 0.2415878118082311 0.16733648356560946 0.2415878114353707 0.259185236761094 0.12195752635313441 0.4527443199781697 0.3273333049250796 0.20643691416189328 0.2591852366439887
11 0.2064369119691609 0.206436914409537 0.16733648376144822 0.35494661101315195 0.5183514923622132 0.5136508877651728 0.36152581739361045 0.3273333051575132 0.5136508882856788 0.1219575262993593 0.2509889558507202 0.2415878118082311 0.16733648356560946 0.2415878114353707 0.259185236761094 0.12195752635313441 0.4527443199781697 0.3273333049250796 0.20643691416189328 0.2591852366439887
56 0.3488253930535507 0.34882539541921675 0.47211274385056523 0.2390056734154026 0.12144847731256952 0.12195752590242116 0.25455391017544254 0.30024106727209793 0.12195752650266567 0.6253826020365278 0.006433447634305148 0.016753077577126466 0.47211274362784617 0.016753077238121018 0.14868700434956705 0.6253826022901452 0.12429266354661167 0.3002410674629525 0.34882539568886706 0.14868700437082033
3 0.2064369119691609 0.206436914409537 0.16733648376144822 0.35494661101315195 0.5183514923622132 0.5136508877651728 0.36152581739361045 0.3273333051575132 0.5136508882856788 0.1219575262993593 0.2509889558507202 0.2415878118082311 0.16733648356560946 0.2415878114353707 0.259185236761094 0.12195752635313441 0.4527443199781697 0.3273333049250796 0.20643691416189328 0.2591852366439887
59 0.10684346729439216 0.10684346841703546 0.06801324323969121 0.08415211188742952 0.28261200159432703 0.24158781154210346 0.05881051179816417 0.04445263170556864 0.24158781172906035 0.016753077481777214 0.6081899552885199 0.758662936024164 0.06801324319993718 0.75866293578348 0.2926581655440575 0.01675307739827633 0.229167510830519 0.04445263165575096 0.10684346833324528 0.2926581655003823
61 0.2578391952254006 0.25783919789397763 0.2354499468110144 0.31830163230171116 0.40111182776154647 0.45274431943002 0.34266697259470924 0.34655115344121085 0.45274432017881916 0.12429266346918821 0.3058352799829183 0.2291675109534611 0.23544994661885926 0.2291675106912414 0.2875404328772079 0.124292663597181 0.5148581543403982 0.3465511533286225 0.2578391975475058 0.2875404328893645
31 0.478350935693358 0.47835093875443296 0.3549559361768104 0.3355553035114442 0.19090994846367015 0.20643691341931483 0.24884954986216187 0.27544881141508437 0.2064369135165409 0.34882539453970574 0.0953917178061663 0.10684346807709674 0.3549559358388246 0.10684346776780469 0.368671364140276 0.34882539473178564 0.2578391966691567 0.27544881145272637 0.47835093898188086 0.36867136435668973
64 0.09539171701625673 0.09539171838404346 0.0935199564481684 0.06182313696622092 0.20371691395884187 0.2509889556113922 0.05753675220798214 0.07625906922106404 0.25098895596165094 0.006433447690395646 0.8172937473521028 0.6081899552688331 0.09351995620961252 0.6081899550812951 0.3657712563038578 0.006433447611284155 0.3058352799829118 0.07625906905462405 0.09539171825750992 0.3657712561063871
30 0.3355553017595117 0.33555530453126103 0.2156000423469208 0.5160416191963125 0.3809888714176927 0.3549466107063911 0.46513451662014244 0.4009857195024997 0.3549466113769639 0.2390056733592344 0.061823136966224955 0.08415211206078442 0.21560004218098075 0.08415211166320828 0.25916950987889076 0.23900567350065183 0.3183016323017109 0.4009857195350329 0.33555530421774166 0.25916951023780127
13 0.2064369119691609 0.206436914409537 0.16733648376144822 0.35494661101315195 0.5183514923622132 0.5136508877651728 0.36152581739361045 0.3273333051575132 0.5136508882856788 0.1219575262993593 0.2509889558507202 0.2415878118082311 0.16733648356560946 0.2415878114353707 0.259185236761094 0.12195752635313441 0.4527443199781697 0.3273333049250796 0.20643691416189328 0.2591852366439887
