15 0.3597855552311471 0.4652653569546209 0.13899179930657052 0.21693857521410193 0.20181424721087923 0.2562183537050652 0.26129903706551294 0.21693857536093425 0.4652653573859508 0.21935174251474668 0.17995220664451692 0.2018142472626878 0.4652783811538782 0.42109395738957633 0.2077982025970867 0.3597855555688467 0.4652653573427238 0.4130414665698305 0.20181424689942207 0.1845326909498869
6 0.5080246862176572 0.33200841720408053 0.3117776254966595 0.07332217631320082 0.04092247373243811 0.19351262513089482 0.47120964095385115 0.0733221763980075 0.33200841765072 0.29730304366363564 0.3461844485237846 0.04092247382113872 0.26664584550528175 0.3663505896341468 0.343699643583318 0.508024686700573 0.3320084177056898 0.2563970996008961 0.04092247368543797 0.4280787744564881
54 0.05069903291406682 0.20181424670353967 0.026747068302549862 0.49014660783252123 0.6159123812214525 0.2587027863821075 0.05434675016933191 0.49014660806835514 0.20181424705575332 0.10568793152344963 0.06683970956807697 0.6159123812832771 0.2359870175003288 0.18914207804380548 0.09706755004697834 0.05069903303829532 0.20181424697973788 0.25832399133728035 0.6159123807983117 0.017002470407352054
38 0.33936847080155436 0.4210939572913041 0.14222880754347067 0.2629913921063454 0.18914207833959956 0.3011514596305438 0.33808014659824187 0.2629913921921812 0.4210939573668504 0.2749787955669872 0.24703133538823688 0.18914207816507003 0.3541025277390929 0.47912740628478856 0.2864937961405646 0.33936847144982313 0.42109395738276245 0.3909663479090255 0.18914207799406066 0.20075434134582396
20 0.3547182373368781 0.46527838100503316 0.14248612292998097 0.1783234844760793 0.2359870177302624 0.23237719844270827 0.1849251974669404 0.17832348463253908 0.46527838129542637 0.19828805120906673 0.14415559667071864 0.23598701818993845 0.5472164017575423 0.3541025277391511 0.19529681430002682 0.35471823768640326 0.46527838109811875 0.4575077043310416 0.23598701738548516 0.1653589166802858
58 0.18025868689304966 0.2562183535204693 0.20144684936228954 0.3341819048013517 0.2587027867575041 0.7624460998569412 0.22682105904302308 0.33418190487506283 0.25621835397814663 0.5053049961523659 0.269543704377155 0.2587027869404411 0.23237719844272064 0.3011514596305346 0.257464357667981 0.18025868736194972 0.25621835371926655 0.27534664352990823 0.2587027863217215 0.16062044852234564
68 0.32881453732625987 0.4130414666033546 0.13492855638566623 0.212446770048866 0.25832399172725784 0.2753466435299045 0.22515063283950246 0.21244677014341717 0.41304146648198353 0.27140682111283704 0.16439352280442215 0.2583239916902926 0.4575077043310086 0.390966347909047 0.31099689851205664 0.3288145380267093 0.4130414667869323 0.49642408526477644 0.2583239912320425 0.17540241944094737
5 0.3597855552311471 0.4652653569546209 0.13899179930657052 0.21693857521410193 0.20181424721087923 0.2562183537050652 0.26129903706551294 0.21693857536093425 0.4652653573859508 0.21935174251474668 0.17995220664451692 0.2018142472626878 0.4652783811538782 0.42109395738957633 0.2077982025970867 0.3597855555688467 0.4652653573427238 0.4130414665698305 0.20181424689942207 0.1845326909498869
13 0.3597855552311471 0.4652653569546209 0.13899179930657052 0.21693857521410193 0.20181424721087923 0.2562183537050652 0.26129903706551294 0.21693857536093425 0.4652653573859508 0.21935174251474668 0.17995220664451692 0.2018142472626878 0.4652783811538782 0.42109395738957633 0.2077982025970867 0.3597855555688467 0.4652653573427238 0.4130414665698305 0.20181424689942207 0.1845326909498869
45 0.3597855552311471 0.4652653569546209 0.13899179930657052 0.21693857521410193 0.20181424721087923 0.2562183537050652 0.26129903706551294 0.21693857536093425 0.4652653573859508 0.21935174251474668 0.17995220664451692 0.2018142472626878 0.4652783811538782 0.42109395738957633 0.2077982025970867 0.3597855555688467 0.4652653573427238 0.4130414665698305 0.20181424689942207 0.1845326909498869
4 0.5499378016977835 0.3597855552822338 0.26009935088231917 0.05717502728038344 0.05069903310146561 0.1802586871787659 0.39685811296130025 0.05717502723239329 0.3597855554666441 0.26391397259821 0.2604242022360506 0.050699033290776845 0.3547182374444209 0.3393684710026041 0.3194271274122482 0.5499378021439281 0.35978555545596025 0.328814537673239 0.050699033239471954 0.3824780927409061
24 0.3547182373368781 0.46527838100503316 0.14248612292998097 0.1783234844760793 0.2359870177302624 0.23237719844270827 0.1849251974669404 0.17832348463253908 0.46527838129542637 0.19828805120906673 0.14415559667071864 0.23598701818993845 0.5472164017575423 0.3541025277391511 0.19529681430002682 0.35471823768640326 0.46527838109811875 0.4575077043310416 0.23598701738548516 0.1653589166802858
22 0.05069903291406682 0.20181424670353967 0.026747068302549862 0.49014660783252123 0.6159123812214525 0.2587027863821075 0.05434675016933191 0.49014660806835514 0.20181424705575332 0.10568793152344963 0.06683970956807697 0.6159123812832771 0.2359870175003288 0.18914207804380548 0.09706755004697834 0.05069903303829532 0.20181424697973788 0.25832399133728035 0.6159123807983117 0.017002470407352054
49 0.05717502746659302 0.21693857496646618 0.01692617011135342 0.6470262658407785 0.4901466085614165 0.33418190490766575 0.0904635183026899 0.6470262658047817 0.21693857537353056 0.1027118758227807 0.09661589826401049 0.49014660781744157 0.1783234845470647 0.26299139219637285 0.08942983532867942 0.05717502717755649 0.21693857547793235 0.21244677008991844 0.490146608253834 0.01143736991069872
19 0.3597855552311471 0.4652653569546209 0.13899179930657052 0.21693857521410193 0.20181424721087923 0.2562183537050652 0.26129903706551294 0.21693857536093425 0.4652653573859508 0.21935174251474668 0.17995220664451692 0.2018142472626878 0.4652783811538782 0.42109395738957633 0.2077982025970867 0.3597855555688467 0.4652653573427238 0.4130414665698305 0.20181424689942207 0.1845326909498869
32 0.05069903291406682 0.20181424670353967 0.026747068302549862 0.49014660783252123 0.6159123812214525 0.2587027863821075 0.05434675016933191 0.49014660806835514 0.20181424705575332 0.10568793152344963 0.06683970956807697 0.6159123812832771 0.2359870175003288 0.18914207804380548 0.09706755004697834 0.05069903303829532 0.20181424697973788 0.25832399133728035 0.6159123807983117 0.017002470407352054
51 0.26009935066192824 0.1389917993483138 0.7400358867071849 0.016926169979576973 0.026747068486413495 0.2014468493622692 0.4067405385968143 0.01692617019693717 0.13899179929331645 0.41447992811667744 0.5660016952666724 0.026747068307293276 0.14248612292992177 0.14222880754349504 0.4064490979078107 0.2600993511747829 0.13899179910790635 0.13492855638567067 0.02674706802153032 0.5781522561505454
59 0.18025868689304966 0.2562183535204693 0.20144684936228954 0.3341819048013517 0.2587027867575041 0.7624460998569412 0.22682105904302308 0.33418190487506283 0.25621835397814663 0.5053049961523659 0.269543704377155 0.2587027869404411 0.23237719844272064 0.3011514596305346 0.257464357667981 0.18025868736194972 0.25621835371926655 0.27534664352990823 0.2587027863217215 0.16062044852234564
67 0.05069903291406682 0.20181424670353967 0.026747068302549862 0.49014660783252123 0.6159123812214525 0.2587027863821075 0.05434675016933191 0.49014660806835514 0.20181424705575332 0.10568793152344963 0.06683970956807697 0.6159123812832771 0.2359870175003288 0.18914207804380548 0.09706755004697834 0.05069903303829532 0.20181424697973788 0.25832399133728035 0.6159123807983117 0.017002470407352054
21 0.3824780925923532 0.1845326907077549 0.5781522561504602 0.011437369758278138 0.017002470498055366 0.1606204485222904 0.46404378544127667 0.01143736988609767 0.18453269099467562 0.39131868013938553 0.4510565433820517 0.017002470632044187 0.16535891668033287 0.20075434134582082 0.450848919995785 0.38247809304551605 0.1845326908478313 0.17540241944091584 0.017002470171505024 0.6086712187713061
26 0.33936847080155436 0.4210939572913041 0.14222880754347067 0.2629913921063454 0.18914207833959956 0.3011514596305438 0.33808014659824187 0.2629913921921812 0.4210939573668504 0.2749787955669872 0.24703133538823688 0.18914207816507003 0.3541025277390929 0.47912740628478856 0.2864937961405646 0.33936847144982313 0.42109395738276245 0.3909663479090255 0.18914207799406066 0.20075434134582396
48 0.05717502746659302 0.21693857496646618 0.01692617011135342 0.6470262658407785 0.4901466085614165 0.33418190490766575 0.0904635183026899 0.6470262658047817 0.21693857537353056 0.1027118758227807 0.09661589826401049 0.49014660781744157 0.1783234845470647 0.26299139219637285 0.08942983532867942 0.05717502717755649 0.21693857547793235 0.21244677008991844 0.490146608253834 0.01143736991069872
42 0.26391397233535974 0.21935174239502134 0.4144799281166819 0.1027118758290413 0.10568793182300348 0.5053049961523621 0.37473969779630056 0.10271187595097214 0.21935174288990628 0.6302172187257814 0.40671423612255747 0.10568793204764669 0.19828805120905835 0.2749787955670109 0.43574502738494 0.263913972830757 0.21935174242309874 0.2714068211128588 0.10568793128530374 0.3913186801394446
37 0.3968581127668634 0.26129903652403963 0.4067405385969076 0.0904635181954363 0.05434675030988298 0.22682105904311403 0.5103386336110984 0.09046351829952771 0.2612990369797575 0.37473969779632615 0.47494175888165485 0.054346750556161 0.18492519746700828 0.3380801465982464 0.4439505159133343 0.3968581133670898 0.26129903691796247 0.22515063283947823 0.054346750036574125 0.46404378544133573
56 0.26391397233535974 0.21935174239502134 0.4144799281166819 0.1027118758290413 0.10568793182300348 0.5053049961523621 0.37473969779630056 0.10271187595097214 0.21935174288990628 0.6302172187257814 0.40671423612255747 0.10568793204764669 0.19828805120905835 0.2749787955670109 0.43574502738494 0.263913972830757 0.21935174242309874 0.2714068211128588 0.10568793128530374 0.3913186801394446
28 0.05717502746659302 0.21693857496646618 0.01692617011135342 0.6470262658407785 0.4901466085614165 0.33418190490766575 0.0904635183026899 0.6470262658047817 0.21693857537353056 0.1027118758227807 0.09661589826401049 0.49014660781744157 0.1783234845470647 0.26299139219637285 0.08942983532867942 0.05717502717755649 0.21693857547793235 0.21244677008991844 0.490146608253834 0.01143736991069872
33 0.05069903291406682 0.20181424670353967 0.026747068302549862 0.49014660783252123 0.6159123812214525 0.2587027863821075 0.05434675016933191 0.49014660806835514 0.20181424705575332 0.10568793152344963 0.06683970956807697 0.6159123812832771 0.2359870175003288 0.18914207804380548 0.09706755004697834 0.05069903303829532 0.20181424697973788 0.25832399133728035 0.6159123807983117 0.017002470407352054
40 0.4882361327270488 0.34725574568413475 0.25330227190788984 0.06743488137973569 0.07687999400508547 0.32944042485940517 0.3525741914978881 0.06743488137653747 0.3472557462630437 0.43229194647156616 0.22068060268666734 0.07687999427959664 0.3690461289761139 0.31110101815632696 0.3125650809578993 0.48823613371994806 0.3472557461461893 0.3817320969888114 0.07687999329168627 0.35453026234289714
52 0.05069903291406682 0.20181424670353967 0.026747068302549862 0.49014660783252123 0.6159123812214525 0.2587027863821075 0.05434675016933191 0.49014660806835514 0.20181424705575332 0.10568793152344963 0.06683970956807697 0.6159123812832771 0.2359870175003288 0.18914207804380548 0.09706755004697834 0.05069903303829532 0.20181424697973788 0.25832399133728035 0.6159123807983117 0.017002470407352054
30 0.6044386091432569 0.4007308921366471 0.23469879508428457 0.021282827330002273 0.059021423132127784 0.16661069598128328 0.21515177029709023 0.02128282732560663 0.40073089179750593 0.1538026370677123 0.17282963965790843 0.05902142271610846 0.5242793120443694 0.25123956645913575 0.17345092835480483 0.6044386095952287 0.4007308922981977 0.39331486822249834 0.05902142313179103 0.2660178447659347
47 0.31942712740594625 0.20779820208954392 0.4064490979077599 0.08942983521918527 0.09706755024925447 0.2574643576679699 0.4439505159132929 0.08942983534699911 0.2077982024336764 0.43574502738492454 0.4520384339949075 0.0970675503382921 0.19529681430004484 0.2864937961405775 0.6157385503943342 0.3194271277109789 0.20779820241995037 0.3109968985120519 0.09706754994678321 0.45084891999586124
64 0.05069903291406682 0.20181424670353967 0.026747068302549862 0.49014660783252123 0.6159123812214525 0.2587027863821075 0.05434675016933191 0.49014660806835514 0.20181424705575332 0.10568793152344963 0.06683970956807697 0.6159123812832771 0.2359870175003288 0.18914207804380548 0.09706755004697834 0.05069903303829532 0.20181424697973788 0.25832399133728035 0.6159123807983117 0.017002470407352054
3 0.3597855552311471 0.4652653569546209 0.13899179930657052 0.21693857521410193 0.20181424721087923 0.2562183537050652 0.26129903706551294 0.21693857536093425 0.4652653573859508 0.21935174251474668 0.17995220664451692 0.2018142472626878 0.4652783811538782 0.42109395738957633 0.2077982025970867 0.3597855555688467 0.4652653573427238 0.4130414665698305 0.20181424689942207 0.1845326909498869
55 0.4882361327270488 0.34725574568413475 0.25330227190788984 0.06743488137973569 0.07687999400508547 0.32944042485940517 0.3525741914978881 0.06743488137653747 0.3472557462630437 0.43229194647156616 0.22068060268666734 0.07687999427959664 0.3690461289761139 0.31110101815632696 0.3125650809578993 0.48823613371994806 0.3472557461461893 0.3817320969888114 0.07687999329168627 0.35453026234289714
17 0.5811918002234673 0.38190545156149064 0.23925285254257433 0.04244558434651778 0.05311124157276038 0.1715458224349836 0.32723849727170423 0.04244558443754214 0.3819054516933496 0.218215880609099 0.213347958691241 0.05311124164216027 0.4257925356535501 0.31005717793240767 0.2600976239566988 0.5811918005506629 0.38190545184073715 0.35957382725505327 0.05311124156792682 0.33695977805437355
27 0.26042420215997464 0.179952206489095 0.5660016952666511 0.0966158981714793 0.06683970973462794 0.26954370437712727 0.47494175888160783 0.09661589815740267 0.17995220682324709 0.4067142361225611 0.6591805563202195 0.06683970954996556 0.1441555966706555 0.24703133538827152 0.45203843399495247 0.2604242025061031 0.179952206523196 0.16439352280444175 0.0668397093867507 0.4510565433821019
65 0.3547182373368781 0.46527838100503316 0.14248612292998097 0.1783234844760793 0.2359870177302624 0.23237719844270827 0.1849251974669404 0.17832348463253908 0.46527838129542637 0.19828805120906673 0.14415559667071864 0.23598701818993845 0.5472164017575423 0.3541025277391511 0.19529681430002682 0.35471823768640326 0.46527838109811875 0.4575077043310416 0.23598701738548516 0.1653589166802858
50 0.3547182373368781 0.46527838100503316 0.14248612292998097 0.1783234844760793 0.2359870177302624 0.23237719844270827 0.1849251974669404 0.17832348463253908 0.46527838129542637 0.19828805120906673 0.14415559667071864 0.23598701818993845 0.5472164017575423 0.3541025277391511 0.19529681430002682 0.35471823768640326 0.46527838109811875 0.4575077043310416 0.23598701738548516 0.1653589166802858
12 0.5080246862176572 0.33200841720408053 0.3117776254966595 0.07332217631320082 0.04092247373243811 0.19351262513089482 0.47120964095385115 0.0733221763980075 0.33200841765072 0.29730304366363564 0.3461844485237846 0.04092247382113872 0.26664584550528175 0.3663505896341468 0.343699643583318 0.508024686700573 0.3320084177056898 0.2563970996008961 0.04092247368543797 0.4280787744564881
69 0.05069903291406682 0.20181424670353967 0.026747068302549862 0.49014660783252123 0.6159123812214525 0.2587027863821075 0.05434675016933191 0.49014660806835514 0.20181424705575332 0.10568793152344963 0.06683970956807697 0.6159123812832771 0.2359870175003288 0.18914207804380548 0.09706755004697834 0.05069903303829532 0.20181424697973788 0.25832399133728035 0.6159123807983117 0.017002470407352054
25 0.33936847080155436 0.4210939572913041 0.14222880754347067 0.2629913921063454 0.18914207833959956 0.3011514596305438 0.33808014659824187 0.2629913921921812 0.4210939573668504 0.2749787955669872 0.24703133538823688 0.18914207816507003 0.3541025277390929 0.47912740628478856 0.2864937961405646 0.33936847144982313 0.42109395738276245 0.3909663479090255 0.18914207799406066 0.20075434134582396
31 0.32492119710385686 0.15973924252951616 0.5773293960378049 0.013414447845615959 0.03255458806956423 0.18015342923319683 0.420681500299557 0.013414448038832 0.15973924290549463 0.4281809554893446 0.4358447468131415 0.03255458823892091 0.1795498106236448 0.16795428857934924 0.5648603743278432 0.32492119734614777 0.15973924246617907 0.22515926079516893 0.03255458776972401 0.6020926463510818
2 0.5080246862176572 0.33200841720408053 0.3117776254966595 0.07332217631320082 0.04092247373243811 0.19351262513089482 0.47120964095385115 0.0733221763980075 0.33200841765072 0.29730304366363564 0.3461844485237846 0.04092247382113872 0.26664584550528175 0.3663505896341468 0.343699643583318 0.508024686700573 0.3320084177056898 0.2563970996008961 0.04092247368543797 0.4280787744564881
41 0.26391397233535974 0.21935174239502134 0.4144799281166819 0.1027118758290413 0.10568793182300348 0.5053049961523621 0.37473969779630056 0.10271187595097214 0.21935174288990628 0.6302172187257814 0.40671423612255747 0.10568793204764669 0.19828805120905835 0.2749787955670109 0.43574502738494 0.263913972830757 0.21935174242309874 0.2714068211128588 0.10568793128530374 0.3913186801394446
10 0.5080246862176572 0.33200841720408053 0.3117776254966595 0.07332217631320082 0.04092247373243811 0.19351262513089482 0.47120964095385115 0.0733221763980075 0.33200841765072 0.29730304366363564 0.3461844485237846 0.04092247382113872 0.26664584550528175 0.3663505896341468 0.343699643583318 0.508024686700573 0.3320084177056898 0.2563970996008961 0.04092247368543797 0.4280787744564881
14 0.5499378016977835 0.3597855552822338 0.26009935088231917 0.05717502728038344 0.05069903310146561 0.1802586871787659 0.39685811296130025 0.05717502723239329 0.3597855554666441 0.26391397259821 0.2604242022360506 0.050699033290776845 0.3547182374444209 0.3393684710026041 0.3194271274122482 0.5499378021439281 0.35978555545596025 0.328814537673239 0.050699033239471954 0.3824780927409061
46 0.5811918002234673 0.38190545156149064 0.23925285254257433 0.04244558434651778 0.05311124157276038 0.1715458224349836 0.32723849727170423 0.04244558443754214 0.3819054516933496 0.218215880609099 0.213347958691241 0.05311124164216027 0.4257925356535501 0.31005717793240767 0.2600976239566988 0.5811918005506629 0.38190545184073715 0.35957382725505327 0.05311124156792682 0.33695977805437355
43 0.18025868689304966 0.2562183535204693 0.20144684936228954 0.3341819048013517 0.2587027867575041 0.7624460998569412 0.22682105904302308 0.33418190487506283 0.25621835397814663 0.5053049961523659 0.269543704377155 0.2587027869404411 0.23237719844272064 0.3011514596305346 0.257464357667981 0.18025868736194972 0.25621835371926655 0.27534664352990823 0.2587027863217215 0.16062044852234564
8 0.5499378016977835 0.3597855552822338 0.26009935088231917 0.05717502728038344 0.05069903310146561 0.1802586871787659 0.39685811296130025 0.05717502723239329 0.3597855554666441 0.26391397259821 0.2604242022360506 0.050699033290776845 0.3547182374444209 0.3393684710026041 0.3194271274122482 0.5499378021439281 0.35978555545596025 0.328814537673239 0.050699033239471954 0.3824780927409061
1 0.3597855552311471 0.4652653569546209 0.13899179930657052 0.21693857521410193 0.20181424721087923 0.2562183537050652 0.26129903706551294 0.21693857536093425 0.4652653573859508 0.21935174251474668 0.17995220664451692 0.2018142472626878 0.4652783811538782 0.42109395738957633 0.2077982025970867 0.3597855555688467 0.4652653573427238 0.4130414665698305 0.20181424689942207 0.1845326909498869
60 0.3547182373368781 0.46527838100503316 0.14248612292998097 0.1783234844760793 0.2359870177302624 0.23237719844270827 0.1849251974669404 0.17832348463253908 0.46527838129542637 0.19828805120906673 0.14415559667071864 0.23598701818993845 0.5472164017575423 0.3541025277391511 0.19529681430002682 0.35471823768640326 0.46527838109811875 0.4575077043310416 0.23598701738548516 0.1653589166802858
34 0.05069903291406682 0.20181424670353967 0.026747068302549862 0.49014660783252123 0.6159123812214525 0.2587027863821075 0.05434675016933191 0.49014660806835514 0.20181424705575332 0.10568793152344963 0.06683970956807697 0.6159123812832771 0.2359870175003288 0.18914207804380548 0.09706755004697834 0.05069903303829532 0.20181424697973788 0.25832399133728035 0.6159123807983117 0.017002470407352054
53 0.05069903291406682 0.20181424670353967 0.026747068302549862 0.49014660783252123 0.6159123812214525 0.2587027863821075 0.05434675016933191 0.49014660806835514 0.20181424705575332 0.10568793152344963 0.06683970956807697 0.6159123812832771 0.2359870175003288 0.18914207804380548 0.09706755004697834 0.05069903303829532 0.20181424697973788 0.25832399133728035 0.6159123807983117 0.017002470407352054
61 0.26009935066192824 0.1389917993483138 0.7400358867071849 0.016926169979576973 0.026747068486413495 0.2014468493622692 0.4067405385968143 0.01692617019693717 0.13899179929331645 0.41447992811667744 0.5660016952666724 0.026747068307293276 0.14248612292992177 0.14222880754349504 0.4064490979078107 0.2600993511747829 0.13899179910790635 0.13492855638567067 0.02674706802153032 0.5781522561505454
35 0.33936847080155436 0.4210939572913041 0.14222880754347067 0.2629913921063454 0.18914207833959956 0.3011514596305438 0.33808014659824187 0.2629913921921812 0.4210939573668504 0.2749787955669872 0.24703133538823688 0.18914207816507003 0.3541025277390929 0.47912740628478856 0.2864937961405646 0.33936847144982313 0.42109395738276245 0.3909663479090255 0.18914207799406066 0.20075434134582396
11 0.3597855552311471 0.4652653569546209 0.13899179930657052 0.21693857521410193 0.20181424721087923 0.2562183537050652 0.26129903706551294 0.21693857536093425 0.4652653573859508 0.21935174251474668 0.17995220664451692 0.2018142472626878 0.4652783811538782 0.42109395738957633 0.2077982025970867 0.3597855555688467 0.4652653573427238 0.4130414665698305 0.20181424689942207 0.1845326909498869
23 0.05069903291406682 0.20181424670353967 0.026747068302549862 0.49014660783252123 0.6159123812214525 0.2587027863821075 0.05434675016933191 0.49014660806835514 0.20181424705575332 0.10568793152344963 0.06683970956807697 0.6159123812832771 0.2359870175003288 0.18914207804380548 0.09706755004697834 0.05069903303829532 0.20181424697973788 0.25832399133728035 0.6159123807983117 0.017002470407352054
66 0.3824780925923532 0.1845326907077549 0.5781522561504602 0.011437369758278138 0.017002470498055366 0.1606204485222904 0.46404378544127667 0.01143736988609767 0.18453269099467562 0.39131868013938553 0.4510565433820517 0.017002470632044187 0.16535891668033287 0.20075434134582082 0.450848919995785 0.38247809304551605 0.1845326908478313 0.17540241944091584 0.017002470171505024 0.6086712187713061
7 0.3597855552311471 0.4652653569546209 0.13899179930657052 0.21693857521410193 0.20181424721087923 0.2562183537050652 0.26129903706551294 0.21693857536093425 0.4652653573859508 0.21935174251474668 0.17995220664451692 0.2018142472626878 0.4652783811538782 0.42109395738957633 0.2077982025970867 0.3597855555688467 0.4652653573427238 0.4130414665698305 0.20181424689942207 0.1845326909498869
44 0.18025868689304966 0.2562183535204693 0.20144684936228954 0.3341819048013517 0.2587027867575041 0.7624460998569412 0.22682105904302308 0.33418190487506283 0.25621835397814663 0.5053049961523659 0.269543704377155 0.2587027869404411 0.23237719844272064 0.3011514596305346 0.257464357667981 0.18025868736194972 0.25621835371926655 0.27534664352990823 0.2587027863217215 0.16062044852234564
0 0.5080246862176572 0.33200841720408053 0.3117776254966595 0.07332217631320082 0.04092247373243811 0.19351262513089482 0.47120964095385115 0.0733221763980075 0.33200841765072 0.29730304366363564 0.3461844485237846 0.04092247382113872 0.26664584550528175 0.3663505896341468 0.343699643583318 0.508024686700573 0.3320084177056898 0.2563970996008961 0.04092247368543797 0.4280787744564881
9 0.3597855552311471 0.4652653569546209 0.13899179930657052 0.21693857521410193 0.20181424721087923 0.2562183537050652 0.26129903706551294 0.21693857536093425 0.4652653573859508 0.21935174251474668 0.17995220664451692 0.2018142472626878 0.4652783811538782 0.42109395738957633 0.2077982025970867 0.3597855555688467 0.4652653573427238 0.4130414665698305 0.20181424689942207 0.1845326909498869
57 0.26391397233535974 0.21935174239502134 0.4144799281166819 0.1027118758290413 0.10568793182300348 0.5053049961523621 0.37473969779630056 0.10271187595097214 0.21935174288990628 0.6302172187257814 0.40671423612255747 0.10568793204764669 0.19828805120905835 0.2749787955670109 0.43574502738494 0.263913972830757 0.21935174242309874 0.2714068211128588 0.10568793128530374 0.3913186801394446
62 0.05069903291406682 0.20181424670353967 0.026747068302549862 0.49014660783252123 0.6159123812214525 0.2587027863821075 0.05434675016933191 0.49014660806835514 0.20181424705575332 0.10568793152344963 0.06683970956807697 0.6159123812832771 0.2359870175003288 0.18914207804380548 0.09706755004697834 0.05069903303829532 0.20181424697973788 0.25832399133728035 0.6159123807983117 0.017002470407352054
63 0.05069903291406682 0.20181424670353967 0.026747068302549862 0.49014660783252123 0.6159123812214525 0.2587027863821075 0.05434675016933191 0.49014660806835514 0.20181424705575332 0.10568793152344963 0.06683970956807697 0.6159123812832771 0.2359870175003288 0.18914207804380548 0.09706755004697834 0.05069903303829532 0.20181424697973788 0.25832399133728035 0.6159123807983117 0.017002470407352054
16 0.5499378016977835 0.3597855552822338 0.26009935088231917 0.05717502728038344 0.05069903310146561 0.1802586871787659 0.39685811296130025 0.05717502723239329 0.3597855554666441 0.26391397259821 0.2604242022360506 0.050699033290776845 0.3547182374444209 0.3393684710026041 0.3194271274122482 0.5499378021439281 0.35978555545596025 0.328814537673239 0.050699033239471954 0.3824780927409061
36 0.33936847080155436 0.4210939572913041 0.14222880754347067 0.2629913921063454 0.18914207833959956 0.3011514596305438 0.33808014659824187 0.2629913921921812 0.4210939573668504 0.2749787955669872 0.24703133538823688 0.18914207816507003 0.3541025277390929 0.47912740628478856 0.2864937961405646 0.33936847144982313 0.42109395738276245 0.3909663479090255 0.18914207799406066 0.20075434134582396
29 0.05717502746659302 0.21693857496646618 0.01692617011135342 0.6470262658407785 0.4901466085614165 0.33418190490766575 0.0904635183026899 0.6470262658047817 0.21693857537353056 0.1027118758227807 0.09661589826401049 0.49014660781744157 0.1783234845470647 0.26299139219637285 0.08942983532867942 0.05717502717755649 0.21693857547793235 0.21244677008991844 0.490146608253834 0.01143736991069872
18 0.5499378016977835 0.3597855552822338 0.26009935088231917 0.05717502728038344 0.05069903310146561 0.1802586871787659 0.39685811296130025 0.05717502723239329 0.3597855554666441 0.26391397259821 0.2604242022360506 0.050699033290776845 0.3547182374444209 0.3393684710026041 0.3194271274122482 0.5499378021439281 0.35978555545596025 0.328814537673239 0.050699033239471954 0.3824780927409061
39 0.05717502746659302 0.21693857496646618 0.01692617011135342 0.6470262658407785 0.4901466085614165 0.33418190490766575 0.0904635183026899 0.6470262658047817 0.21693857537353056 0.1027118758227807 0.09661589826401049 0.49014660781744157 0.1783234845470647 0.26299139219637285 0.08942983532867942 0.05717502717755649 0.21693857547793235 0.21244677008991844 0.490146608253834 0.01143736991069872
