65 0.37186519149690866 0.28941631637280807 0.20079504601852705 0.2207962589237411 0.20828382703462012 0.24211068279038805 0.29272719970322214 0.37186519263195805 0.3010984067223035 0.3904342597234063 0.29705986444605514 0.3807935910554079 0.3904342601890676 0.38079359066978213 0.28623530390905216 0.2899291957874084 0.22395527942762783 0.26095715499229843 0.3904342589667067 0.3904342589667067
21 0.28635280615471087 0.45759594408018517 0.1426897169600596 0.15402102830529424 0.7156120762197933 0.04009488202153115 0.2803081893097558 0.28635282637534765 0.17678505389369775 0.20983410463773747 0.15443862474559644 0.278069584946627 0.20983410492576784 0.2780695847549935 0.36927011083932365 0.17008109138580607 0.277616102966484 0.5997311270950987 0.20983408980265025 0.20983408974757153
25 0.31523045389365223 0.2875986901505642 0.26485746886633255 0.24713575212419908 0.17304887192566273 0.20559662805827494 0.23562822163004185 0.31523045444362124 0.2886353764555009 0.38079359116959066 0.31251365724991526 0.4297982168993998 0.3807935916792405 0.42979821681825897 0.3374749058874187 0.3369943435725721 0.219901244551069 0.23093319098156934 0.38079359033203564 0.3807935903011709
4 0.21327187585480847 0.43873374462538905 -0.01912776153219853 -0.008122798392995659 0.3181957470569447 -0.014922582487421012 0.4462053320260293 0.21327187664256983 0.45318630497012896 0.22395527975193025 0.4441172034295896 0.21990124458498508 0.22395528022186936 0.2199012444908896 0.42763999652257767 0.43057789836198485 0.5768544017824815 0.12062940656434046 0.22395527908063 0.22395527902406082
47 0.17253137279378122 0.06641889644210491 0.8616399031788808 0.7312250632150754 0.09486136870138287 0.5133555317401787 0.030923572388792515 0.17253137333414723 0.04617803746931462 0.20079504605803816 0.06121561840267549 0.2648574689405151 0.20079504652081082 0.26485746886709904 0.09144536399454196 0.08078470048461299 -0.019127761532431325 0.2504885227833398 0.20079504571542625 0.20079504580800786
29 0.2159450325715113 0.0622205548953053 0.7312250632149331 0.7296329816065635 0.08070523630472651 0.637868494958016 0.03849070386016839 0.21594503307391008 0.03899388107317608 0.2207962590670158 0.046815332969173035 0.24713575213517602 0.22079625935942873 0.24713575206656216 0.07232283506244065 0.05911394749235413 -0.008122798392949037 0.30212460997498464 0.22079625871121952 0.22079625858192553
14 0.34464933468775544 0.366853419950556 0.008538645769326968 0.02483694486657886 0.543218042302297 0.06734834211841387 0.5460346531389126 0.3446493359778732 0.4029244455327727 0.28176107698373626 0.3366459161868573 0.184266405912207 0.28176107727050786 0.18426640573844363 0.2339454628257349 0.2633176189933169 0.43023625615049316 0.24304953185055106 0.2817610762186818 0.28176107602397205
44 0.3119565763677787 0.31765836087178595 0.3814187582193108 0.4014668572650942 0.38987462464676786 0.29218811916811177 0.08735410356376026 0.3119565897393455 0.11287315998697947 0.2494914937307419 0.12341186319931638 0.31491263272442477 0.2494914943271698 0.3149126325744524 0.3177446168721574 0.15936035047149852 0.13732087551845854 0.7295802986645983 0.24949148372932434 0.24949148369845758
20 0.2128142993816109 0.4528548812238029 -0.020907533793453014 0.004697818735103014 0.31271928193790144 -0.02794592224401946 0.4412315507546528 0.21281430832544965 0.43507577452294305 0.22134917915874286 0.43077929203331056 0.2454273788896621 0.22134917946798136 0.24542737879309057 0.4433202725452015 0.4278950515095506 0.5509048559449231 0.18911084876147197 0.2213491731489226 0.22134917291755313
19 0.37186519149690866 0.28941631637280807 0.20079504601852705 0.2207962589237411 0.20828382703462012 0.24211068279038805 0.29272719970322214 0.37186519263195805 0.3010984067223035 0.3904342597234063 0.29705986444605514 0.3807935910554079 0.3904342601890676 0.38079359066978213 0.28623530390905216 0.2899291957874084 0.22395527942762783 0.26095715499229843 0.3904342589667067 0.3904342589667067
68 0.28509859393164894 0.04463769895954338 0.5133555317401289 0.637868494958005 0.07264643731423767 0.8336687877748925 0.055805213363793585 0.285098594543581 0.044627253693742874 0.24211068305849825 0.03977123950755109 0.2055966281035531 0.24211068328615526 0.20559662802050657 0.03441518767197372 0.034809258902406014 -0.014922582487491516 0.36937402657117324 0.24211068247068449 0.2421106824629198
8 0.3221899697224969 0.4452207151108899 0.053466053723215515 0.08033527953910548 0.45493780531656564 0.0435980702168016 0.4516607107553163 0.32218997947407946 0.3442927865010422 0.2797525107744671 0.31390384638565433 0.2742778574988349 0.27975251110331956 0.27427785728257636 0.3633357326085028 0.29760754908670073 0.4072917805078924 0.32339995090835183 0.27975250450374733 0.27975250427524484
24 0.32847448781456545 0.19144269286676402 0.2504885227833446 0.302124609974902 0.37793176045262533 0.369374026571163 0.20552537066365414 0.3284744886825288 0.1514345325119166 0.26095715519839147 0.14295029118095176 0.23093319108714727 0.26095715554380794 0.23093319092757741 0.16160198748403992 0.14209203321858452 0.1206294065641289 0.8881136423999022 0.26095715452086493 0.2609571547921305
5 0.24801350283400947 0.368239914197799 0.06121561792056083 0.04681533250195596 0.19303369752162625 0.03977123907229758 0.3618037299305975 0.24801350369305622 0.4416256515997405 0.297059864122513 0.45916336423708637 0.3125136568062571 0.29705986473280915 0.3125136566969829 0.4214735941428165 0.46497994013215516 0.44411720293468726 0.14295029062478473 0.29705986325016726 0.2970598633912092
36 0.4421507759845368 0.29970363737136607 0.17253137300411148 0.21594503276715984 0.31931800207929856 0.28509859426856454 0.32643105695259705 0.4421507775366401 0.27205248293084444 0.3718651923254538 0.2480135040837772 0.31523045434353864 0.371865192854054 0.31523045404745803 0.24680692164143803 0.22647007911194522 0.21327187616368706 0.32847448819841135 0.3718651912608768 0.37186519127569145
34 0.28509859393164894 0.04463769895954338 0.5133555317401289 0.637868494958005 0.07264643731423767 0.8336687877748925 0.055805213363793585 0.285098594543581 0.044627253693742874 0.24211068305849825 0.03977123950755109 0.2055966281035531 0.24211068328615526 0.20559662802050657 0.03441518767197372 0.034809258902406014 -0.014922582487491516 0.36937402657117324 0.24211068247068449 0.2421106824629198
15 0.37186519149690866 0.28941631637280807 0.20079504601852705 0.2207962589237411 0.20828382703462012 0.24211068279038805 0.29272719970322214 0.37186519263195805 0.3010984067223035 0.3904342597234063 0.29705986444605514 0.3807935910554079 0.3904342601890676 0.38079359066978213 0.28623530390905216 0.2899291957874084 0.22395527942762783 0.26095715499229843 0.3904342589667067 0.3904342589667067
60 0.4421507759845368 0.29970363737136607 0.17253137300411148 0.21594503276715984 0.31931800207929856 0.28509859426856454 0.32643105695259705 0.4421507775366401 0.27205248293084444 0.3718651923254538 0.2480135040837772 0.31523045434353864 0.371865192854054 0.31523045404745803 0.24680692164143803 0.22647007911194522 0.21327187616368706 0.32847448819841135 0.3718651912608768 0.37186519127569145
22 0.28635280615471087 0.45759594408018517 0.1426897169600596 0.15402102830529424 0.7156120762197933 0.04009488202153115 0.2803081893097558 0.28635282637534765 0.17678505389369775 0.20983410463773747 0.15443862474559644 0.278069584946627 0.20983410492576784 0.2780695847549935 0.36927011083932365 0.17008109138580607 0.277616102966484 0.5997311270950987 0.20983408980265025 0.20983408974757153
27 0.2159450325715113 0.0622205548953053 0.7312250632149331 0.7296329816065635 0.08070523630472651 0.637868494958016 0.03849070386016839 0.21594503307391008 0.03899388107317608 0.2207962590670158 0.046815332969173035 0.24713575213517602 0.22079625935942873 0.24713575206656216 0.07232283506244065 0.05911394749235413 -0.008122798392949037 0.30212460997498464 0.22079625871121952 0.22079625858192553
13 0.37186519149690866 0.28941631637280807 0.20079504601852705 0.2207962589237411 0.20828382703462012 0.24211068279038805 0.29272719970322214 0.37186519263195805 0.3010984067223035 0.3904342597234063 0.29705986444605514 0.3807935910554079 0.3904342601890676 0.38079359066978213 0.28623530390905216 0.2899291957874084 0.22395527942762783 0.26095715499229843 0.3904342589667067 0.3904342589667067
43 0.3119565763677787 0.31765836087178595 0.3814187582193108 0.4014668572650942 0.38987462464676786 0.29218811916811177 0.08735410356376026 0.3119565897393455 0.11287315998697947 0.2494914937307419 0.12341186319931638 0.31491263272442477 0.2494914943271698 0.3149126325744524 0.3177446168721574 0.15936035047149852 0.13732087551845854 0.7295802986645983 0.24949148372932434 0.24949148369845758
57 0.27591755386575334 0.13001022080911756 0.040864343242440426 0.04771363899948444 0.9846208229874682 0.08653477914184979 0.499360586068077 0.27591755807778684 0.2811144556947638 0.17844248285207803 0.2615553419046562 0.11605016253151498 0.17844248322507777 0.11605016250314278 0.06610385551814879 0.23797323560529618 0.25659236365887905 0.41470847486241585 0.17844248168917387 0.1784424816258129
53 0.27267067141810025 0.40787152564074064 0.06414357660453669 0.05501791341626413 0.26634883441740814 0.04118021367117169 0.38429171032444326 0.2726706722895577 0.4125214827521588 0.2948488735991895 0.41775969805202867 0.30442636144245466 0.2948488742200113 0.30442636126445677 0.42318200511396087 0.42106567731628886 0.44363571322137024 0.16278782940433123 0.29484887295786516 0.2948488731698694
56 0.4421507759845368 0.29970363737136607 0.17253137300411148 0.21594503276715984 0.31931800207929856 0.28509859426856454 0.32643105695259705 0.4421507775366401 0.27205248293084444 0.3718651923254538 0.2480135040837772 0.31523045434353864 0.371865192854054 0.31523045404745803 0.24680692164143803 0.22647007911194522 0.21327187616368706 0.32847448819841135 0.3718651912608768 0.37186519127569145
41 0.1986378057416617 0.41644846837980953 -0.026535096675259953 0.05778944037909646 0.7889726108138579 -0.05720991926798116 0.4770282451654324 0.19863785592336658 0.3024951011649014 0.16862595018912402 0.2309576487050479 0.23856680172947053 0.16862595039255907 0.2385668015015434 0.25181225831713655 0.17238997193859576 0.38565400889202517 0.5195606696613343 0.1686259161966878 0.16862591555878473
51 0.21108943229981858 0.4205233194838976 -0.0219028165441248 0.017319327232674864 0.8073581380189503 -0.01195966029694741 0.5283424941337979 0.21108944942412106 0.34932850790736886 0.18335191323135278 0.2748269625903962 0.17253776991513323 0.18335191346141294 0.17253776964357126 0.2547082767443452 0.20783257715758396 0.49242934099306573 0.24498794712162889 0.18335190109262903 0.1833519010272596
63 0.2159450325715113 0.0622205548953053 0.7312250632149331 0.7296329816065635 0.08070523630472651 0.637868494958016 0.03849070386016839 0.21594503307391008 0.03899388107317608 0.2207962590670158 0.046815332969173035 0.24713575213517602 0.22079625935942873 0.24713575206656216 0.07232283506244065 0.05911394749235413 -0.008122798392949037 0.30212460997498464 0.22079625871121952 0.22079625858192553
11 0.37186519149690866 0.28941631637280807 0.20079504601852705 0.2207962589237411 0.20828382703462012 0.24211068279038805 0.29272719970322214 0.37186519263195805 0.3010984067223035 0.3904342597234063 0.29705986444605514 0.3807935910554079 0.3904342601890676 0.38079359066978213 0.28623530390905216 0.2899291957874084 0.22395527942762783 0.26095715499229843 0.3904342589667067 0.3904342589667067
18 0.3264310567967489 0.41083902926709437 0.03092357238680994 0.03849070387224995 0.42406937421409285 0.05580521338903558 0.4877193614867391 0.32643105757072655 0.4052142153412439 0.29272719998463054 0.36180373050806885 0.23562822178756582 0.2927272006713919 0.23562822154767932 0.32339280525017927 0.3162567541720772 0.44620533202553514 0.20552537072504323 0.2927271993691069 0.29272719950761883
40 0.2831364462696291 0.47599619142930866 0.11918849390618005 0.15511848526520308 0.5169103147312978 0.025598710778580232 0.3039286851830223 0.2831364713443984 0.22793318743158839 0.24046157239117766 0.21973028233373798 0.3299409901933724 0.24046157307940064 0.32994099015536504 0.4204065261906118 0.2459070234815317 0.31249717028492724 0.5721084274834243 0.24046155515776077 0.24046155505061434
50 0.31523045389365223 0.2875986901505642 0.26485746886633255 0.24713575212419908 0.17304887192566273 0.20559662805827494 0.23562822163004185 0.31523045444362124 0.2886353764555009 0.38079359116959066 0.31251365724991526 0.4297982168993998 0.3807935916792405 0.42979821681825897 0.3374749058874187 0.3369943435725721 0.219901244551069 0.23093319098156934 0.38079359033203564 0.3807935903011709
26 0.1274668454878175 0.13338017634738114 -0.05899567805354569 0.07048516067680599 1.0445061283777428 -0.013558965922571222 0.4915496817693657 0.12746689965159763 0.35373459366231935 0.11849788488074016 0.29625537981899946 0.15002415011170114 0.11849788523629766 0.15002415001515093 0.032547611837996676 0.2123838492161416 0.332972291485292 0.3706127507836789 0.1184978486075838 0.11849784810712932
46 0.15647001780537986 0.4723872861755981 -0.061968166618052316 -0.02019129388003437 0.6341349764653695 -0.03577548055419764 0.5319349256678403 0.15647003120951242 0.4060187543246508 0.16230576697613433 0.3395287660627427 0.16818281889754302 0.16230576736988928 0.1681828186434197 0.33184150896396875 0.2770972755494411 0.6217861661976885 0.1472435269579708 0.16230575701402059 0.16230575677646605
52 0.2159450325715113 0.0622205548953053 0.7312250632149331 0.7296329816065635 0.08070523630472651 0.637868494958016 0.03849070386016839 0.21594503307391008 0.03899388107317608 0.2207962590670158 0.046815332969173035 0.24713575213517602 0.22079625935942873 0.24713575206656216 0.07232283506244065 0.05911394749235413 -0.008122798392949037 0.30212460997498464 0.22079625871121952 0.22079625858192553
38 0.28509859393164894 0.04463769895954338 0.5133555317401289 0.637868494958005 0.07264643731423767 0.8336687877748925 0.055805213363793585 0.285098594543581 0.044627253693742874 0.24211068305849825 0.03977123950755109 0.2055966281035531 0.24211068328615526 0.20559662802050657 0.03441518767197372 0.034809258902406014 -0.014922582487491516 0.36937402657117324 0.24211068247068449 0.2421106824629198
54 0.2159450325715113 0.0622205548953053 0.7312250632149331 0.7296329816065635 0.08070523630472651 0.637868494958016 0.03849070386016839 0.21594503307391008 0.03899388107317608 0.2207962590670158 0.046815332969173035 0.24713575213517602 0.22079625935942873 0.24713575206656216 0.07232283506244065 0.05911394749235413 -0.008122798392949037 0.30212460997498464 0.22079625871121952 0.22079625858192553
0 0.29970363656710447 0.44257332030956875 0.0664188963340169 0.06222055473269908 0.36537493610288074 0.04463769881308513 0.4108390292416947 0.2997036373148177 0.3791654806601756 0.28941631661074896 0.3682399148390076 0.2875986899469251 0.2894163170905709 0.2875986899073989 0.4119886086644137 0.36497784909333386 0.43873374467256937 0.19144269267417222 0.28941631564642895 0.28941631569835524
31 0.2468069213025778 0.4119886088070102 0.09144536413581326 0.0723228349024114 0.24470689934362078 0.03441518752512956 0.3233928050939758 0.2468069220655694 0.38940365222012874 0.28623530434010513 0.4214735943790196 0.33747490579323924 0.2862353049680815 0.3374749057542026 0.47539059599750894 0.4576381146694745 0.42763999647135853 0.1616019875443126 0.28623530353300564 0.28623530355926186
6 0.3264310567967489 0.41083902926709437 0.03092357238680994 0.03849070387224995 0.42406937421409285 0.05580521338903558 0.4877193614867391 0.32643105757072655 0.4052142153412439 0.29272719998463054 0.36180373050806885 0.23562822178756582 0.2927272006713919 0.23562822154767932 0.32339280525017927 0.3162567541720772 0.44620533202553514 0.20552537072504323 0.2927271993691069 0.29272719950761883
58 0.28509859393164894 0.04463769895954338 0.5133555317401289 0.637868494958005 0.07264643731423767 0.8336687877748925 0.055805213363793585 0.285098594543581 0.044627253693742874 0.24211068305849825 0.03977123950755109 0.2055966281035531 0.24211068328615526 0.20559662802050657 0.03441518767197372 0.034809258902406014 -0.014922582487491516 0.36937402657117324 0.24211068247068449 0.2421106824629198
61 0.3750320817041809 0.33863122562722253 0.28253200192293343 0.2923271666210527 0.28222382118539185 0.22977724110704123 0.22562741680214124 0.37503208815361205 0.23413273311943206 0.35399087946024854 0.24544602658918624 0.3936833941879543 0.353990879930779 0.3936833940578676 0.3476131200143373 0.271099990551541 0.21085546190627774 0.3005532698129927 0.3539908746650885 0.3539908743515033
16 0.3264310567967489 0.41083902926709437 0.03092357238680994 0.03849070387224995 0.42406937421409285 0.05580521338903558 0.4877193614867391 0.32643105757072655 0.4052142153412439 0.29272719998463054 0.36180373050806885 0.23562822178756582 0.2927272006713919 0.23562822154767932 0.32339280525017927 0.3162567541720772 0.44620533202553514 0.20552537072504323 0.2927271993691069 0.29272719950761883
28 0.2159450325715113 0.0622205548953053 0.7312250632149331 0.7296329816065635 0.08070523630472651 0.637868494958016 0.03849070386016839 0.21594503307391008 0.03899388107317608 0.2207962590670158 0.046815332969173035 0.24713575213517602 0.22079625935942873 0.24713575206656216 0.07232283506244065 0.05911394749235413 -0.008122798392949037 0.30212460997498464 0.22079625871121952 0.22079625858192553
66 0.27267067141810025 0.40787152564074064 0.06414357660453669 0.05501791341626413 0.26634883441740814 0.04118021367117169 0.38429171032444326 0.2726706722895577 0.4125214827521588 0.2948488735991895 0.41775969805202867 0.30442636144245466 0.2948488742200113 0.30442636126445677 0.42318200511396087 0.42106567731628886 0.44363571322137024 0.16278782940433123 0.29484887295786516 0.2948488731698694
35 0.4421507759845368 0.29970363737136607 0.17253137300411148 0.21594503276715984 0.31931800207929856 0.28509859426856454 0.32643105695259705 0.4421507775366401 0.27205248293084444 0.3718651923254538 0.2480135040837772 0.31523045434353864 0.371865192854054 0.31523045404745803 0.24680692164143803 0.22647007911194522 0.21327187616368706 0.32847448819841135 0.3718651912608768 0.37186519127569145
48 0.2687107743733849 0.2872640119514084 0.3340146579499592 0.275226860162871 0.17124074251679997 0.17684633682679257 0.17475825007818055 0.26871077544943117 0.26453288629165594 0.3608613697168615 0.3143816761739194 0.4628618801206833 0.3608613701261462 0.4628618799615937 0.38391668152169917 0.37038868971719613 0.20985897314972288 0.21866485692627827 0.3608613687817936 0.3608613688147609
62 0.21108943229981858 0.4205233194838976 -0.0219028165441248 0.017319327232674864 0.8073581380189503 -0.01195966029694741 0.5283424941337979 0.21108944942412106 0.34932850790736886 0.18335191323135278 0.2748269625903962 0.17253776991513323 0.18335191346141294 0.17253776964357126 0.2547082767443452 0.20783257715758396 0.49242934099306573 0.24498794712162889 0.18335190109262903 0.1833519010272596
23 0.32847448781456545 0.19144269286676402 0.2504885227833446 0.302124609974902 0.37793176045262533 0.369374026571163 0.20552537066365414 0.3284744886825288 0.1514345325119166 0.26095715519839147 0.14295029118095176 0.23093319108714727 0.26095715554380794 0.23093319092757741 0.16160198748403992 0.14209203321858452 0.1206294065641289 0.8881136423999022 0.26095715452086493 0.2609571547921305
59 0.28509859393164894 0.04463769895954338 0.5133555317401289 0.637868494958005 0.07264643731423767 0.8336687877748925 0.055805213363793585 0.285098594543581 0.044627253693742874 0.24211068305849825 0.03977123950755109 0.2055966281035531 0.24211068328615526 0.20559662802050657 0.03441518767197372 0.034809258902406014 -0.014922582487491516 0.36937402657117324 0.24211068247068449 0.2421106824629198
17 0.2720524836338036 0.37916548126994526 0.04617803771464423 0.03899388136869484 0.23351909438775867 0.04462725402402059 0.40521421586806805 0.27205248414676075 0.4451586295953236 0.30109840757732087 0.4416256523947308 0.28863537710931636 0.30109840822163203 0.28863537695567304 0.3894036526075756 0.42594311653255607 0.4531863053818785 0.15143453282318795 0.30109840686399947 0.3010984068934054
33 0.28509859393164894 0.04463769895954338 0.5133555317401289 0.637868494958005 0.07264643731423767 0.8336687877748925 0.055805213363793585 0.285098594543581 0.044627253693742874 0.24211068305849825 0.03977123950755109 0.2055966281035531 0.24211068328615526 0.20559662802050657 0.03441518767197372 0.034809258902406014 -0.014922582487491516 0.36937402657117324 0.24211068247068449 0.2421106824629198
1 0.37186519149690866 0.28941631637280807 0.20079504601852705 0.2207962589237411 0.20828382703462012 0.24211068279038805 0.29272719970322214 0.37186519263195805 0.3010984067223035 0.3904342597234063 0.29705986444605514 0.3807935910554079 0.3904342601890676 0.38079359066978213 0.28623530390905216 0.2899291957874084 0.22395527942762783 0.26095715499229843 0.3904342589667067 0.3904342589667067
55 0.4421507759845368 0.29970363737136607 0.17253137300411148 0.21594503276715984 0.31931800207929856 0.28509859426856454 0.32643105695259705 0.4421507775366401 0.27205248293084444 0.3718651923254538 0.2480135040837772 0.31523045434353864 0.371865192854054 0.31523045404745803 0.24680692164143803 0.22647007911194522 0.21327187616368706 0.32847448819841135 0.3718651912608768 0.37186519127569145
2 0.34464933468775544 0.366853419950556 0.008538645769326968 0.02483694486657886 0.543218042302297 0.06734834211841387 0.5460346531389126 0.3446493359778732 0.4029244455327727 0.28176107698373626 0.3366459161868573 0.184266405912207 0.28176107727050786 0.18426640573844363 0.2339454628257349 0.2633176189933169 0.43023625615049316 0.24304953185055106 0.2817610762186818 0.28176107602397205
42 0.2900757194172159 0.29785033166690306 0.06342947953383173 0.12462157743944122 0.7603774810201476 0.050119686568769854 0.4138718000033849 0.29007574995454327 0.2353633960684591 0.2040669507637226 0.1924513039105976 0.21724262385547932 0.2040669510388537 0.21724262368071395 0.18345382224250256 0.16274770493920038 0.24499559492266637 0.7026481833435564 0.20406693082089966 0.20406693044391172
64 0.2159450325715113 0.0622205548953053 0.7312250632149331 0.7296329816065635 0.08070523630472651 0.637868494958016 0.03849070386016839 0.21594503307391008 0.03899388107317608 0.2207962590670158 0.046815332969173035 0.24713575213517602 0.22079625935942873 0.24713575206656216 0.07232283506244065 0.05911394749235413 -0.008122798392949037 0.30212460997498464 0.22079625871121952 0.22079625858192553
49 0.17253137279378122 0.06641889644210491 0.8616399031788808 0.7312250632150754 0.09486136870138287 0.5133555317401787 0.030923572388792515 0.17253137333414723 0.04617803746931462 0.20079504605803816 0.06121561840267549 0.2648574689405151 0.20079504652081082 0.26485746886709904 0.09144536399454196 0.08078470048461299 -0.019127761532431325 0.2504885227833398 0.20079504571542625 0.20079504580800786
45 0.22647007892839474 0.36497784946106837 0.08078470059270096 0.05911394767850018 0.17579153476092194 0.034809259039174416 0.3162567542966892 0.22647007956914114 0.4259431161546254 0.28992919626473884 0.4649799408249134 0.3369943438336433 0.28992919687067864 0.33699434368953923 0.457638114968894 0.4960245312554189 0.4305778984874829 0.14209203337100723 0.28992919554090607 0.289929195754407
37 0.27591755386575334 0.13001022080911756 0.040864343242440426 0.04771363899948444 0.9846208229874682 0.08653477914184979 0.499360586068077 0.27591755807778684 0.2811144556947638 0.17844248285207803 0.2615553419046562 0.11605016253151498 0.17844248322507777 0.11605016250314278 0.06610385551814879 0.23797323560529618 0.25659236365887905 0.41470847486241585 0.17844248168917387 0.1784424816258129
12 0.34464933468775544 0.366853419950556 0.008538645769326968 0.02483694486657886 0.543218042302297 0.06734834211841387 0.5460346531389126 0.3446493359778732 0.4029244455327727 0.28176107698373626 0.3366459161868573 0.184266405912207 0.28176107727050786 0.18426640573844363 0.2339454628257349 0.2633176189933169 0.43023625615049316 0.24304953185055106 0.2817610762186818 0.28176107602397205
39 0.28509859393164894 0.04463769895954338 0.5133555317401289 0.637868494958005 0.07264643731423767 0.8336687877748925 0.055805213363793585 0.285098594543581 0.044627253693742874 0.24211068305849825 0.03977123950755109 0.2055966281035531 0.24211068328615526 0.20559662802050657 0.03441518767197372 0.034809258902406014 -0.014922582487491516 0.36937402657117324 0.24211068247068449 0.2421106824629198
10 0.2994833757925627 0.40569081365854603 0.041534495613456825 0.04141045409835964 0.3176087176628072 0.048607228401507795 0.44153594438959837 0.29948337657921337 0.42319242910080096 0.29868526653515975 0.40173308510224304 0.26899270323858104 0.29868526686162966 0.26899270303524697 0.3696559503030049 0.3748265271852248 0.45254373227686195 0.17441102617056659 0.2986852656483981 0.29868526568623477
3 0.31523045389365223 0.2875986901505642 0.26485746886633255 0.24713575212419908 0.17304887192566273 0.20559662805827494 0.23562822163004185 0.31523045444362124 0.2886353764555009 0.38079359116959066 0.31251365724991526 0.4297982168993998 0.3807935916792405 0.42979821681825897 0.3374749058874187 0.3369943435725721 0.219901244551069 0.23093319098156934 0.38079359033203564 0.3807935903011709
7 0.37186519149690866 0.28941631637280807 0.20079504601852705 0.2207962589237411 0.20828382703462012 0.24211068279038805 0.29272719970322214 0.37186519263195805 0.3010984067223035 0.3904342597234063 0.29705986444605514 0.3807935910554079 0.3904342601890676 0.38079359066978213 0.28623530390905216 0.2899291957874084 0.22395527942762783 0.26095715499229843 0.3904342589667067 0.3904342589667067
67 0.3193180016266681 0.36537493628265844 0.0948613687010973 0.0807052363049505 0.8954720208141016 0.07264643731399321 0.42406937418882523 0.31931800247808845 0.23351909413224245 0.2082838274595865 0.1930336981007302 0.1730488720019524 0.20828382796754824 0.17304887187266177 0.24470689924381345 0.17579153461566271 0.31819574705485404 0.37793176045296833 0.20828382649246102 0.20828382646471905
69 0.28509859393164894 0.04463769895954338 0.5133555317401289 0.637868494958005 0.07264643731423767 0.8336687877748925 0.055805213363793585 0.285098594543581 0.044627253693742874 0.24211068305849825 0.03977123950755109 0.2055966281035531 0.24211068328615526 0.20559662802050657 0.03441518767197372 0.034809258902406014 -0.014922582487491516 0.36937402657117324 0.24211068247068449 0.2421106824629198
30 0.31523045389365223 0.2875986901505642 0.26485746886633255 0.24713575212419908 0.17304887192566273 0.20559662805827494 0.23562822163004185 0.31523045444362124 0.2886353764555009 0.38079359116959066 0.31251365724991526 0.4297982168993998 0.3807935916792405 0.42979821681825897 0.3374749058874187 0.3369943435725721 0.219901244551069 0.23093319098156934 0.38079359033203564 0.3807935903011709
9 0.2691606674184517 0.42832529720401485 0.07762670317936075 0.0796704312735368 0.2784851870425647 0.033553367832606026 0.36205461043384124 0.2691606736054669 0.3779032310184125 0.28786013700002205 0.3923455103597624 0.32938561555254586 0.2878601373552133 0.3293856152971385 0.44998045794329355 0.4144211444434076 0.4217871504729646 0.2281878347729768 0.2878601329768656 0.2878601326861712
32 0.3193180016266681 0.36537493628265844 0.0948613687010973 0.0807052363049505 0.8954720208141016 0.07264643731399321 0.42406937418882523 0.31931800247808845 0.23351909413224245 0.2082838274595865 0.1930336981007302 0.1730488720019524 0.20828382796754824 0.17304887187266177 0.24470689924381345 0.17579153461566271 0.31819574705485404 0.37793176045296833 0.20828382649246102 0.20828382646471905
