id,x_0,x_1,x_2,x_3,x_4,x_5,x_6,x_7,x_8,x_9,x_10,x_11,x_12
0.0,2.220446049250313e-16,0.4297407641834606,0.5479010596705414,0.02464768409648142,0.08587023899994028,2.220446049250313e-16,2.220446049250313e-16,2.220446049250313e-16,0.6793835972470599,0.25020685613303234,0.02280006032332642,0.1713239717703582,0.008906200980566539
1.0,0.4780725787924609,0.6243068542344652,0.01226503384298594,2.220446049250313e-16,0.4572440532377443,2.220446049250313e-16,2.220446049250313e-16,0.43529774289344025,0.35891808107692397,0.5868978462993742,2.220446049250313e-16,2.220446049250313e-16,2.220446049250313e-16
2.0,2.220446049250313e-16,2.220446049250313e-16,2.220446049250313e-16,2.220446049250313e-16,2.220446049250313e-16,2.220446049250313e-16,0.5291851291717845,0.4352977428934399,0.5558082168089457,2.220446049250313e-16,0.7180284014445748,2.220446049250313e-16,2.220446049250313e-16
3.0,0.47807257879246096,0.6296669481942858,0.0009039883610824893,2.220446049250313e-16,0.45724405323774414,2.220446049250313e-16,0.15433860227814294,0.4352977428934401,2.220446049250313e-16,0.6498765346107606,2.220446049250313e-16,2.220446049250313e-16,2.220446049250313e-16
4.0,2.220446049250313e-16,2.220446049250313e-16,2.220446049250313e-16,2.220446049250313e-16,2.220446049250313e-16,2.220446049250313e-16,0.5291851291717845,0.4352977428934399,0.5558082168089457,2.220446049250313e-16,0.7180284014445748,2.220446049250313e-16,2.220446049250313e-16
5.0,0.4780725787924609,0.3736043607007283,0.000903988361082432,2.220446049250313e-16,0.5459827024022736,2.220446049250313e-16,0.15433860227814292,0.43529774289344014,2.220446049250313e-16,0.6498765346107604,2.220446049250313e-16,0.1453910886035809,2.220446049250313e-16
6.0,2.220446049250313e-16,2.220446049250313e-16,2.220446049250313e-16,2.220446049250313e-16,2.220446049250313e-16,2.220446049250313e-16,0.5291851291717845,0.4352977428934399,0.5558082168089457,2.220446049250313e-16,0.7180284014445748,2.220446049250313e-16,2.220446049250313e-16
7.0,0.4780725787924609,2.220446049250313e-16,0.003955170461067897,2.220446049250313e-16,0.5459827024022735,2.220446049250313e-16,0.4585134358991641,0.4352977428934401,2.220446049250313e-16,0.6329626469969535,2.220446049250313e-16,0.14539108860358085,2.220446049250313e-16
8.0,2.220446049250313e-16,2.220446049250313e-16,2.220446049250313e-16,2.220446049250313e-16,2.220446049250313e-16,2.220446049250313e-16,0.7184585403611272,0.43529774289344014,0.18598438242684884,0.030774719240191487,0.7388965399872821,2.220446049250313e-16,2.220446049250313e-16
9.0,0.4780725787924609,2.220446049250313e-16,0.003955170461067897,2.220446049250313e-16,0.5459827024022735,2.220446049250313e-16,0.4585134358991641,0.4352977428934401,2.220446049250313e-16,0.6329626469969535,2.220446049250313e-16,0.14539108860358085,2.220446049250313e-16
10.0,2.220446049250313e-16,2.220446049250313e-16,2.220446049250313e-16,2.220446049250313e-16,2.220446049250313e-16,2.220446049250313e-16,0.5291851291717845,0.4352977428934399,0.5558082168089457,2.220446049250313e-16,0.7180284014445748,2.220446049250313e-16,2.220446049250313e-16
11.0,0.4780725787924609,0.3736043607007283,0.000903988361082432,2.220446049250313e-16,0.5459827024022736,2.220446049250313e-16,0.15433860227814292,0.43529774289344014,2.220446049250313e-16,0.6498765346107604,2.220446049250313e-16,0.1453910886035809,2.220446049250313e-16
12.0,2.220446049250313e-16,2.220446049250313e-16,2.220446049250313e-16,2.220446049250313e-16,2.220446049250313e-16,2.220446049250313e-16,0.5291851291717845,0.4352977428934399,0.5558082168089457,2.220446049250313e-16,0.7180284014445748,2.220446049250313e-16,2.220446049250313e-16
13.0,0.4780725787924609,2.220446049250313e-16,0.003955170461067897,2.220446049250313e-16,0.5459827024022735,2.220446049250313e-16,0.4585134358991641,0.4352977428934401,2.220446049250313e-16,0.6329626469969535,2.220446049250313e-16,0.14539108860358085,2.220446049250313e-16
14.0,2.220446049250313e-16,2.220446049250313e-16,2.220446049250313e-16,2.220446049250313e-16,2.220446049250313e-16,2.220446049250313e-16,0.7184585403611272,0.43529774289344014,0.18598438242684884,0.030774719240191487,0.7388965399872821,2.220446049250313e-16,2.220446049250313e-16
15.0,0.47807257879246096,2.220446049250313e-16,0.006286110244188123,2.220446049250313e-16,0.4572440532377444,2.220446049250313e-16,0.6980951609864967,0.4352977428934401,2.220446049250313e-16,0.6196511074397824,0.0046923645612438735,2.220446049250313e-16,2.220446049250313e-16
16.0,2.220446049250313e-16,2.220446049250313e-16,2.220446049250313e-16,2.220446049250313e-16,2.220446049250313e-16,2.220446049250313e-16,0.7184585403611272,0.43529774289344014,0.18598438242684884,0.030774719240191487,0.7388965399872821,2.220446049250313e-16,2.220446049250313e-16
17.0,0.4780725787924609,2.220446049250313e-16,0.003955170461067897,2.220446049250313e-16,0.5459827024022735,2.220446049250313e-16,0.4585134358991641,0.4352977428934401,2.220446049250313e-16,0.6329626469969535,2.220446049250313e-16,0.14539108860358085,2.220446049250313e-16
18.0,2.220446049250313e-16,2.220446049250313e-16,2.220446049250313e-16,2.220446049250313e-16,2.220446049250313e-16,2.220446049250313e-16,0.5291851291717845,0.4352977428934399,0.5558082168089457,2.220446049250313e-16,0.7180284014445748,2.220446049250313e-16,2.220446049250313e-16
19.0,0.47807257879246096,0.6296669481942858,0.0009039883610824893,2.220446049250313e-16,0.45724405323774414,2.220446049250313e-16,0.15433860227814294,0.4352977428934401,2.220446049250313e-16,0.6498765346107606,2.220446049250313e-16,2.220446049250313e-16,2.220446049250313e-16
20.0,2.220446049250313e-16,0.6858662072792019,0.01182542981088075,2.220446049250313e-16,0.4572440532377442,2.220446049250313e-16,2.220446049250313e-16,2.220446049250313e-16,0.6751747135427926,0.586962265973361,0.0285277505424861,2.220446049250313e-16,2.220446049250313e-16
21.0,2.220446049250313e-16,0.6858616596932235,0.3292558516666803,2.220446049250313e-16,0.4572440532377442,2.220446049250313e-16,2.220446049250313e-16,2.220446049250313e-16,0.6754792251511988,0.25178107109084935,0.025275613327049844,2.220446049250313e-16,2.220446049250313e-16
22.0,2.220446049250313e-16,0.6858616596932235,0.3292558516666803,2.220446049250313e-16,0.4572440532377442,2.220446049250313e-16,2.220446049250313e-16,2.220446049250313e-16,0.6754792251511988,0.25178107109084935,0.025275613327049844,2.220446049250313e-16,2.220446049250313e-16
23.0,0.4780725787924609,0.6243068542344652,0.01226503384298594,2.220446049250313e-16,0.4572440532377443,2.220446049250313e-16,2.220446049250313e-16,0.43529774289344025,0.35891808107692397,0.5868978462993742,2.220446049250313e-16,2.220446049250313e-16,2.220446049250313e-16
24.0,0.4780725787924609,0.6243068542344652,0.01226503384298594,2.220446049250313e-16,0.4572440532377443,2.220446049250313e-16,2.220446049250313e-16,0.43529774289344025,0.35891808107692397,0.5868978462993742,2.220446049250313e-16,2.220446049250313e-16,2.220446049250313e-16
25.0,2.220446049250313e-16,0.6296669481942858,0.07406933597039048,2.220446049250313e-16,2.220446049250313e-16,0.8053270168466014,2.220446049250313e-16,0.4352977428934401,2.220446049250313e-16,2.220446049250313e-16,2.220446049250313e-16,0.3294869982684176,2.220446049250313e-16
26.0,2.220446049250313e-16,2.220446049250313e-16,2.220446049250313e-16,0.5834823517985982,2.220446049250313e-16,2.220446049250313e-16,2.220446049250313e-16,0.43529774289344014,0.5564833987080956,2.220446049250313e-16,0.7108160179476234,2.220446049250313e-16,2.220446049250313e-16
27.0,2.220446049250313e-16,2.220446049250313e-16,2.220446049250313e-16,2.220446049250313e-16,0.013295229670350643,0.0036843529981016587,2.220446049250313e-16,2.220446049250313e-16,2.220446049250313e-16,2.220446049250313e-16,2.220446049250313e-16,0.8274641782883411,0.6542764163844371
28.0,2.220446049250313e-16,2.220446049250313e-16,2.220446049250313e-16,2.220446049250313e-16,0.013295229670350643,0.0036843529981016587,2.220446049250313e-16,2.220446049250313e-16,2.220446049250313e-16,2.220446049250313e-16,2.220446049250313e-16,0.8274641782883411,0.6542764163844371
29.0,2.220446049250313e-16,2.220446049250313e-16,2.220446049250313e-16,2.220446049250313e-16,0.013295229670350643,0.0036843529981016587,2.220446049250313e-16,2.220446049250313e-16,2.220446049250313e-16,2.220446049250313e-16,2.220446049250313e-16,0.8274641782883411,0.6542764163844371
30.0,2.220446049250313e-16,0.37360436070072833,0.07401733963164776,2.220446049250313e-16,0.5276387817293231,0.805913463054176,2.220446049250313e-16,0.43529774289344003,2.220446049250313e-16,2.220446049250313e-16,2.220446049250313e-16,0.31123583337017297,2.220446049250313e-16
31.0,2.220446049250313e-16,2.220446049250313e-16,2.220446049250313e-16,0.5834823517985982,2.220446049250313e-16,2.220446049250313e-16,2.220446049250313e-16,0.43529774289344014,0.5564833987080956,2.220446049250313e-16,0.7108160179476234,2.220446049250313e-16,2.220446049250313e-16
32.0,2.220446049250313e-16,2.220446049250313e-16,2.220446049250313e-16,2.220446049250313e-16,0.013295229670350643,0.0036843529981016587,2.220446049250313e-16,2.220446049250313e-16,2.220446049250313e-16,2.220446049250313e-16,2.220446049250313e-16,0.8274641782883411,0.6542764163844371
33.0,2.220446049250313e-16,2.220446049250313e-16,2.220446049250313e-16,2.220446049250313e-16,0.013295229670350643,0.0036843529981016587,2.220446049250313e-16,2.220446049250313e-16,2.220446049250313e-16,2.220446049250313e-16,2.220446049250313e-16,0.8274641782883411,0.6542764163844371
34.0,2.220446049250313e-16,2.220446049250313e-16,2.220446049250313e-16,2.220446049250313e-16,0.013295229670350643,0.0036843529981016587,2.220446049250313e-16,2.220446049250313e-16,2.220446049250313e-16,2.220446049250313e-16,2.220446049250313e-16,0.8274641782883411,0.6542764163844371
35.0,2.220446049250313e-16,0.37360436070072833,0.07401733963164776,2.220446049250313e-16,0.5276387817293231,0.805913463054176,2.220446049250313e-16,0.43529774289344003,2.220446049250313e-16,2.220446049250313e-16,2.220446049250313e-16,0.31123583337017297,2.220446049250313e-16
36.0,2.220446049250313e-16,2.220446049250313e-16,2.220446049250313e-16,0.5834823517985982,2.220446049250313e-16,2.220446049250313e-16,2.220446049250313e-16,0.43529774289344014,0.5564833987080956,2.220446049250313e-16,0.7108160179476234,2.220446049250313e-16,2.220446049250313e-16
37.0,2.220446049250313e-16,2.220446049250313e-16,2.220446049250313e-16,2.220446049250313e-16,0.013295229670350643,0.0036843529981016587,2.220446049250313e-16,2.220446049250313e-16,2.220446049250313e-16,2.220446049250313e-16,2.220446049250313e-16,0.8274641782883411,0.6542764163844371
38.0,2.220446049250313e-16,2.220446049250313e-16,2.220446049250313e-16,2.220446049250313e-16,0.013295229670350643,0.0036843529981016587,2.220446049250313e-16,2.220446049250313e-16,2.220446049250313e-16,2.220446049250313e-16,2.220446049250313e-16,0.8274641782883411,0.6542764163844371
39.0,2.220446049250313e-16,2.220446049250313e-16,2.220446049250313e-16,2.220446049250313e-16,0.013295229670350643,0.0036843529981016587,2.220446049250313e-16,2.220446049250313e-16,2.220446049250313e-16,2.220446049250313e-16,2.220446049250313e-16,0.8274641782883411,0.6542764163844371
40.0,2.220446049250313e-16,2.220446049250313e-16,0.9245348540643238,0.010231205466100457,2.220446049250313e-16,0.113221060668187,0.720509961907003,2.220446049250313e-16,2.220446049250313e-16,0.22578153582900784,0.007449968020696996,2.220446049250313e-16,0.004905724521264386
41.0,2.220446049250313e-16,2.220446049250313e-16,0.8708896786528871,0.6042774617467449,2.220446049250313e-16,0.47446849897458376,2.220446049250313e-16,2.220446049250313e-16,2.220446049250313e-16,0.19928759060842985,0.0035601175124883792,2.220446049250313e-16,0.0034835610944009376
42.0,0.4780725787924609,2.220446049250313e-16,0.16947457967795257,0.586575555420123,2.220446049250313e-16,0.3374014131179552,2.220446049250313e-16,2.220446049250313e-16,2.220446049250313e-16,2.220446049250313e-16,0.6853059995004138,2.220446049250313e-16,2.220446049250313e-16
43.0,2.220446049250313e-16,2.220446049250313e-16,0.18883702038526193,0.6152707581383714,3.3306690738754696e-16,2.220446049250313e-16,2.220446049250313e-16,2.220446049250313e-16,2.220446049250313e-16,0.5856308460552393,2.220446049250313e-16,2.220446049250313e-16,0.6647871483024037
44.0,2.220446049250313e-16,2.220446049250313e-16,0.18883702038526193,0.6152707581383714,3.3306690738754696e-16,2.220446049250313e-16,2.220446049250313e-16,2.220446049250313e-16,2.220446049250313e-16,0.5856308460552393,2.220446049250313e-16,2.220446049250313e-16,0.6647871483024037
45.0,2.220446049250313e-16,0.37360436070072833,0.07401733963164776,2.220446049250313e-16,0.5276387817293231,0.805913463054176,2.220446049250313e-16,0.43529774289344003,2.220446049250313e-16,2.220446049250313e-16,2.220446049250313e-16,0.31123583337017297,2.220446049250313e-16
46.0,2.220446049250313e-16,2.220446049250313e-16,2.220446049250313e-16,0.5834823517985982,2.220446049250313e-16,2.220446049250313e-16,2.220446049250313e-16,0.43529774289344014,0.5564833987080956,2.220446049250313e-16,0.7108160179476234,2.220446049250313e-16,2.220446049250313e-16
47.0,2.220446049250313e-16,2.220446049250313e-16,2.220446049250313e-16,2.220446049250313e-16,0.013295229670350643,0.0036843529981016587,2.220446049250313e-16,2.220446049250313e-16,2.220446049250313e-16,2.220446049250313e-16,2.220446049250313e-16,0.8274641782883411,0.6542764163844371
48.0,2.220446049250313e-16,2.220446049250313e-16,2.220446049250313e-16,2.220446049250313e-16,0.013295229670350643,0.0036843529981016587,2.220446049250313e-16,2.220446049250313e-16,2.220446049250313e-16,2.220446049250313e-16,2.220446049250313e-16,0.8274641782883411,0.6542764163844371
49.0,2.220446049250313e-16,2.220446049250313e-16,2.220446049250313e-16,2.220446049250313e-16,0.013295229670350643,0.0036843529981016587,2.220446049250313e-16,2.220446049250313e-16,2.220446049250313e-16,2.220446049250313e-16,2.220446049250313e-16,0.8274641782883411,0.6542764163844371
50.0,2.220446049250313e-16,0.37360436070072833,0.07401733963164776,2.220446049250313e-16,0.5276387817293231,0.805913463054176,2.220446049250313e-16,0.43529774289344003,2.220446049250313e-16,2.220446049250313e-16,2.220446049250313e-16,0.31123583337017297,2.220446049250313e-16
51.0,2.220446049250313e-16,2.220446049250313e-16,2.220446049250313e-16,0.5834823517985982,2.220446049250313e-16,2.220446049250313e-16,2.220446049250313e-16,0.43529774289344014,0.5564833987080956,2.220446049250313e-16,0.7108160179476234,2.220446049250313e-16,2.220446049250313e-16
52.0,2.220446049250313e-16,2.220446049250313e-16,2.220446049250313e-16,2.220446049250313e-16,0.013295229670350643,0.0036843529981016587,2.220446049250313e-16,2.220446049250313e-16,2.220446049250313e-16,2.220446049250313e-16,2.220446049250313e-16,0.8274641782883411,0.6542764163844371
53.0,2.220446049250313e-16,2.220446049250313e-16,2.220446049250313e-16,2.220446049250313e-16,0.013295229670350643,0.0036843529981016587,2.220446049250313e-16,2.220446049250313e-16,2.220446049250313e-16,2.220446049250313e-16,2.220446049250313e-16,0.8274641782883411,0.6542764163844371
54.0,2.220446049250313e-16,2.220446049250313e-16,2.220446049250313e-16,2.220446049250313e-16,0.013295229670350643,0.0036843529981016587,2.220446049250313e-16,2.220446049250313e-16,2.220446049250313e-16,2.220446049250313e-16,2.220446049250313e-16,0.8274641782883411,0.6542764163844371
55.0,2.220446049250313e-16,2.220446049250313e-16,0.9245348540643238,0.010231205466100457,2.220446049250313e-16,0.113221060668187,0.720509961907003,2.220446049250313e-16,2.220446049250313e-16,0.22578153582900784,0.007449968020696996,2.220446049250313e-16,0.004905724521264386
56.0,2.220446049250313e-16,2.220446049250313e-16,0.8708896786528871,0.6042774617467449,2.220446049250313e-16,0.47446849897458376,2.220446049250313e-16,2.220446049250313e-16,2.220446049250313e-16,0.19928759060842985,0.0035601175124883792,2.220446049250313e-16,0.0034835610944009376
57.0,0.4780725787924609,2.220446049250313e-16,0.16947457967795257,0.586575555420123,2.220446049250313e-16,0.3374014131179552,2.220446049250313e-16,2.220446049250313e-16,2.220446049250313e-16,2.220446049250313e-16,0.6853059995004138,2.220446049250313e-16,2.220446049250313e-16
58.0,2.220446049250313e-16,2.220446049250313e-16,0.18883702038526193,0.6152707581383714,3.3306690738754696e-16,2.220446049250313e-16,2.220446049250313e-16,2.220446049250313e-16,2.220446049250313e-16,0.5856308460552393,2.220446049250313e-16,2.220446049250313e-16,0.6647871483024037
59.0,2.220446049250313e-16,2.220446049250313e-16,0.18883702038526193,0.6152707581383714,3.3306690738754696e-16,2.220446049250313e-16,2.220446049250313e-16,2.220446049250313e-16,2.220446049250313e-16,0.5856308460552393,2.220446049250313e-16,2.220446049250313e-16,0.6647871483024037
60.0,2.220446049250313e-16,2.220446049250313e-16,0.9245348540643238,0.010231205466100457,2.220446049250313e-16,0.113221060668187,0.720509961907003,2.220446049250313e-16,2.220446049250313e-16,0.22578153582900784,0.007449968020696996,2.220446049250313e-16,0.004905724521264386
61.0,2.220446049250313e-16,2.220446049250313e-16,0.8708896786528871,0.6042774617467449,2.220446049250313e-16,0.47446849897458376,2.220446049250313e-16,2.220446049250313e-16,2.220446049250313e-16,0.19928759060842985,0.0035601175124883792,2.220446049250313e-16,0.0034835610944009376
62.0,0.4780725787924609,2.220446049250313e-16,0.16947457967795257,0.586575555420123,2.220446049250313e-16,0.3374014131179552,2.220446049250313e-16,2.220446049250313e-16,2.220446049250313e-16,2.220446049250313e-16,0.6853059995004138,2.220446049250313e-16,2.220446049250313e-16
63.0,2.220446049250313e-16,2.220446049250313e-16,0.18883702038526193,0.6152707581383714,3.3306690738754696e-16,2.220446049250313e-16,2.220446049250313e-16,2.220446049250313e-16,2.220446049250313e-16,0.5856308460552393,2.220446049250313e-16,2.220446049250313e-16,0.6647871483024037
64.0,2.220446049250313e-16,2.220446049250313e-16,0.18883702038526193,0.6152707581383714,3.3306690738754696e-16,2.220446049250313e-16,2.220446049250313e-16,2.220446049250313e-16,2.220446049250313e-16,0.5856308460552393,2.220446049250313e-16,2.220446049250313e-16,0.6647871483024037
65.0,2.220446049250313e-16,2.220446049250313e-16,0.9245348540643238,0.010231205466100457,2.220446049250313e-16,0.113221060668187,0.720509961907003,2.220446049250313e-16,2.220446049250313e-16,0.22578153582900784,0.007449968020696996,2.220446049250313e-16,0.004905724521264386
66.0,2.220446049250313e-16,2.220446049250313e-16,0.8708896786528871,0.6042774617467449,2.220446049250313e-16,0.47446849897458376,2.220446049250313e-16,2.220446049250313e-16,2.220446049250313e-16,0.19928759060842985,0.0035601175124883792,2.220446049250313e-16,0.0034835610944009376
67.0,0.4780725787924609,2.220446049250313e-16,0.16947457967795257,0.586575555420123,2.220446049250313e-16,0.3374014131179552,2.220446049250313e-16,2.220446049250313e-16,2.220446049250313e-16,2.220446049250313e-16,0.6853059995004138,2.220446049250313e-16,2.220446049250313e-16
68.0,2.220446049250313e-16,2.220446049250313e-16,0.18883702038526198,0.6152707581383714,2.220446049250313e-16,2.220446049250313e-16,2.220446049250313e-16,5.551115123125783e-17,2.220446049250313e-16,0.5856308460552395,2.220446049250313e-16,2.220446049250313e-16,0.6647871483024038
69.0,2.220446049250313e-16,2.220446049250313e-16,0.18883702038526198,0.6152707581383714,2.220446049250313e-16,2.220446049250313e-16,2.220446049250313e-16,5.551115123125783e-17,2.220446049250313e-16,0.5856308460552395,2.220446049250313e-16,2.220446049250313e-16,0.6647871483024038
