20 0.23114798620621188 0.21386206672081054 0.2713144948255889 0.2258771805242647 0.27615017392106533 0.26411522650062935 0.36941287787852595 0.4202025654144798 0.21857686443222957 0.4202025659836331 0.29625093612158526 0.2991929036641108 0.36941287689883356 0.36941287680115864 0.2962509365556689 0.36941287721324845 0.2991929031937814 0.2641152264339222 0.42020256558750274 0.28725771407815
32 0.6381740883640747 0.04956468627318599 0.33815676398358024 0.3159302577508425 0.260471781144148 0.06944240515989852 0.19397231727464367 0.29423349468931903 0.24925639117237489 0.29423349528050696 0.37917577469119 0.4827919212314711 0.1939723169610771 0.19397231703671808 0.3791757751075136 0.19397231724882658 0.48279192051200526 0.06944240515679148 0.2942334949129531 0.26934903543020244
34 0.08108607481752009 0.6171047100355807 0.21538671228741557 -0.0136177752715435 0.04450453083304438 0.7364988121934881 0.2307002952524936 0.2641152263299521 0.060104521962235175 0.2641152268594352 0.05018600775930574 0.057365060353976344 0.23070029504334738 0.2307002949183875 0.050186008071063666 0.2307002950864213 0.05736505995203003 0.7364988120765283 0.26411522654254993 0.2044404660119354
1 0.1450741440250218 0.24151410170519266 0.19953474505216912 0.251133424630128 0.334769163238174 0.23070029512230522 0.4349686389250366 0.36941287688246477 0.2394625290850586 0.36941287750736446 0.2987882811203604 0.25722032366883996 0.43496863827039967 0.43496863804484254 0.29878828149549075 0.4349686384043406 0.25722032278090967 0.23070029493412936 0.3694128770282717 0.2546024784765083
30 0.23114798620621188 0.21386206672081054 0.2713144948255889 0.2258771805242647 0.27615017392106533 0.26411522650062935 0.36941287787852595 0.4202025654144798 0.21857686443222957 0.4202025659836331 0.29625093612158526 0.2991929036641108 0.36941287689883356 0.36941287680115864 0.2962509365556689 0.36941287721324845 0.2991929031937814 0.2641152264339222 0.42020256558750274 0.28725771407815
40 0.3001190287949951 0.052260473738542465 0.2890262706406047 0.39791747317738135 0.41596978095191106 0.07245105314297041 0.2986456423896743 0.3049484017648573 0.19375047880730148 0.30494840240830035 0.3691571261442524 0.4307166540673955 0.29864564130733356 0.29864564140805855 0.36915712655761207 0.2986456416790778 0.430716653443285 0.07245105313325367 0.3049484020896358 0.3792035226081977
18 0.41388569556233495 0.02419811074367642 0.26026508477697385 0.32562426779224146 0.3831298334509578 0.057365060292707326 0.2572203231428629 0.2991929034170958 0.2554115143573427 0.2991929041636264 0.43160611980856717 0.48571923418724705 0.2572203229404135 0.25722032319512417 0.43160612013084826 0.25722032344748397 0.4857192339604826 0.05736506025379597 0.29919290382154523 0.2410945861566278
37 0.06897300491509772 0.8793109042922558 0.17027731444822203 0.04764526454567176 0.04868530154887354 0.6171047100537473 0.24151410227377493 0.21386206661554397 0.11314926207751648 0.21386206722815182 0.044638269134488553 0.024198110783320095 0.24151410168858367 0.24151410147508837 0.044638269417438495 0.24151410183357525 0.024198110485447313 0.6171047099718748 0.2138620664004273 0.19569803119495766
58 0.06897300491509772 0.8793109042922558 0.17027731444822203 0.04764526454567176 0.04868530154887354 0.6171047100537473 0.24151410227377493 0.21386206661554397 0.11314926207751648 0.21386206722815182 0.044638269134488553 0.024198110783320095 0.24151410168858367 0.24151410147508837 0.044638269417438495 0.24151410183357525 0.024198110485447313 0.6171047099718748 0.2138620664004273 0.19569803119495766
64 0.22252631943028786 0.11314926207750933 0.3867127014191891 0.39952403614724524 0.29155274989399715 0.06010452199886329 0.2394625295170515 0.21857686424253941 0.791388232955746 0.21857686486195727 0.2835236625727789 0.2554115145957843 0.23946252886902852 0.23946252890994824 0.28352366296105197 0.2394625292585279 0.2554115140623817 0.060104521870318645 0.21857686452106329 0.4960357831142845
49 0.4023484462509032 0.29745647994403185 0.48627981854543206 0.24082860835601727 0.21298696415719098 0.3977666583080229 0.25069941950331204 0.33446233496307554 0.007268126238989944 0.3344623356646559 0.13151369896213327 0.16502093901383186 0.2506994188236352 0.250699418645372 0.13151369928125467 0.2506994189411458 0.1650209382899137 0.39776665819833873 0.3344623354619903 0.581709145426683
52 0.6866795781229198 0.13405678904792748 0.3796189489801072 0.46586930986276814 0.14372533212326855 0.0767935951889615 0.16178477397012941 0.311598292482835 0.30048338791473345 0.31159829312355114 0.31375329401313157 0.41321028570276885 0.16178477311683645 0.16178477314644243 0.31375329450702066 0.16178477360065527 0.4132102853018981 0.07679359519668177 0.3115982927928287 0.3018407002840742
55 0.1450741440250218 0.24151410170519266 0.19953474505216912 0.251133424630128 0.334769163238174 0.23070029512230522 0.4349686389250366 0.36941287688246477 0.2394625290850586 0.36941287750736446 0.2987882811203604 0.25722032366883996 0.43496863827039967 0.43496863804484254 0.29878828149549075 0.4349686384043406 0.25722032278090967 0.23070029493412936 0.3694128770282717 0.2546024784765083
50 0.1450741440250218 0.24151410170519266 0.19953474505216912 0.251133424630128 0.334769163238174 0.23070029512230522 0.4349686389250366 0.36941287688246477 0.2394625290850586 0.36941287750736446 0.2987882811203604 0.25722032366883996 0.43496863827039967 0.43496863804484254 0.29878828149549075 0.4349686384043406 0.25722032278090967 0.23070029493412936 0.3694128770282717 0.2546024784765083
13 0.1450741440250218 0.24151410170519266 0.19953474505216912 0.251133424630128 0.334769163238174 0.23070029512230522 0.4349686389250366 0.36941287688246477 0.2394625290850586 0.36941287750736446 0.2987882811203604 0.25722032366883996 0.43496863827039967 0.43496863804484254 0.29878828149549075 0.4349686384043406 0.25722032278090967 0.23070029493412936 0.3694128770282717 0.2546024784765083
60 0.17438096145658882 0.17330612872871565 0.19001761214767357 0.6567583441552362 0.4527838021315957 0.053123861897257 0.3563929125504658 0.2742936894360553 0.34010920981244097 0.2742936902170098 0.3387227017523124 0.20505960093418094 0.3563929116390606 0.3563929116225994 0.3387227020901826 0.35639291176344146 0.20505960042062818 0.053123861745896124 0.274293689769944 0.3071544442820176
29 0.08108607481752009 0.6171047100355807 0.21538671228741557 -0.0136177752715435 0.04450453083304438 0.7364988121934881 0.2307002952524936 0.2641152263299521 0.060104521962235175 0.2641152268594352 0.05018600775930574 0.057365060353976344 0.23070029504334738 0.2307002949183875 0.050186008071063666 0.2307002950864213 0.05736505995203003 0.7364988120765283 0.26411522654254993 0.2044404660119354
25 0.23114798620621188 0.21386206672081054 0.2713144948255889 0.2258771805242647 0.27615017392106533 0.26411522650062935 0.36941287787852595 0.4202025654144798 0.21857686443222957 0.4202025659836331 0.29625093612158526 0.2991929036641108 0.36941287689883356 0.36941287680115864 0.2962509365556689 0.36941287721324845 0.2991929031937814 0.2641152264339222 0.42020256558750274 0.28725771407815
2 0.41388569556233495 0.02419811074367642 0.26026508477697385 0.32562426779224146 0.3831298334509578 0.057365060292707326 0.2572203231428629 0.2991929034170958 0.2554115143573427 0.2991929041636264 0.43160611980856717 0.48571923418724705 0.2572203229404135 0.25722032319512417 0.43160612013084826 0.25722032344748397 0.4857192339604826 0.05736506025379597 0.29919290382154523 0.2410945861566278
41 0.394323918163981 0.17027731444820934 0.7561298813588713 0.17841979470671476 0.16919117499835867 0.21538671235612888 0.19953474598060628 0.27131449465168594 0.3867127014191953 0.2713144953367305 0.21314453813721485 0.26026508503353263 0.19953474491212342 0.19953474477392352 0.21314453847901824 0.1995347450809639 0.26026508451188274 0.21538671223255149 0.27131449471820307 0.5784158400075661
42 0.394323918163981 0.17027731444820934 0.7561298813588713 0.17841979470671476 0.16919117499835867 0.21538671235612888 0.19953474598060628 0.27131449465168594 0.3867127014191953 0.2713144953367305 0.21314453813721485 0.26026508503353263 0.19953474491212342 0.19953474477392352 0.21314453847901824 0.1995347450809639 0.26026508451188274 0.21538671223255149 0.27131449471820307 0.5784158400075661
53 0.08108607481752009 0.6171047100355807 0.21538671228741557 -0.0136177752715435 0.04450453083304438 0.7364988121934881 0.2307002952524936 0.2641152263299521 0.060104521962235175 0.2641152268594352 0.05018600775930574 0.057365060353976344 0.23070029504334738 0.2307002949183875 0.050186008071063666 0.2307002950864213 0.05736505995203003 0.7364988120765283 0.26411522654254993 0.2044404660119354
57 0.2561849050782766 0.04764526454567298 0.17841979470671004 0.7650865462797757 0.415776854400818 -0.013617775303804043 0.2511334251024736 0.2258771802341995 0.39952403614724463 0.2258771808733325 0.39573317924187584 0.3256242678832109 0.25113342442958886 0.2511334243161912 0.39573317955682424 0.25113342472518174 0.3256242674430855 -0.013617775324007464 0.225877180582127 0.2268085652487338
7 0.1450741440250218 0.24151410170519266 0.19953474505216912 0.251133424630128 0.334769163238174 0.23070029512230522 0.4349686389250366 0.36941287688246477 0.2394625290850586 0.36941287750736446 0.2987882811203604 0.25722032366883996 0.43496863827039967 0.43496863804484254 0.29878828149549075 0.4349686384043406 0.25722032278090967 0.23070029493412936 0.3694128770282717 0.2546024784765083
62 0.2714449509164737 0.19569803119495027 0.5784158400075619 0.22680856524873383 0.21396205537659824 0.20444046615954276 0.2546024791431395 0.2872577136513432 0.49603578311429075 0.2872577143497934 0.23223047543232234 0.24109458654245508 0.2546024783086868 0.25460247815027204 0.23223047591835622 0.2546024785537952 0.24109458587034727 0.20444046591298592 0.2872577141218129 0.6289944235496598
22 0.9160350296208 0.06897300491509414 0.39432391816396745 0.25618490507829117 0.20740138174276979 0.0810860748003245 0.1450741447765928 0.23114798610087253 0.2225263194302847 0.2311479864608051 0.29030844704216 0.4138856958172527 0.1450741438889427 0.14507414376449462 0.29030844748450707 0.14507414404952299 0.41388569512648943 0.08108607482679514 0.23114798619016802 0.27144495091647747
8 0.29030844719677057 0.04463826927504004 0.21314453829010863 0.39573317922692697 0.4393655786177748 0.05018600797183693 0.2987882814896637 0.29625093608737835 0.2835236626816631 0.29625093661731333 0.4395098167553748 0.4316061200760094 0.29878828090551834 0.2987882810543196 0.43950981724177235 0.29878828130102675 0.43160611972734825 0.050186007917621074 0.2962509362881522 0.23223047552699996
6 0.29030844719677057 0.04463826927504004 0.21314453829010863 0.39573317922692697 0.4393655786177748 0.05018600797183693 0.2987882814896637 0.29625093608737835 0.2835236626816631 0.29625093661731333 0.4395098167553748 0.4316061200760094 0.29878828090551834 0.2987882810543196 0.43950981724177235 0.29878828130102675 0.43160611972734825 0.050186007917621074 0.2962509362881522 0.23223047552699996
66 0.23114798620621188 0.21386206672081054 0.2713144948255889 0.2258771805242647 0.27615017392106533 0.26411522650062935 0.36941287787852595 0.4202025654144798 0.21857686443222957 0.4202025659836331 0.29625093612158526 0.2991929036641108 0.36941287689883356 0.36941287680115864 0.2962509365556689 0.36941287721324845 0.2991929031937814 0.2641152264339222 0.42020256558750274 0.28725771407815
3 0.1450741440250218 0.24151410170519266 0.19953474505216912 0.251133424630128 0.334769163238174 0.23070029512230522 0.4349686389250366 0.36941287688246477 0.2394625290850586 0.36941287750736446 0.2987882811203604 0.25722032366883996 0.43496863827039967 0.43496863804484254 0.29878828149549075 0.4349686384043406 0.25722032278090967 0.23070029493412936 0.3694128770282717 0.2546024784765083
14 0.41388569556233495 0.02419811074367642 0.26026508477697385 0.32562426779224146 0.3831298334509578 0.057365060292707326 0.2572203231428629 0.2991929034170958 0.2554115143573427 0.2991929041636264 0.43160611980856717 0.48571923418724705 0.2572203229404135 0.25722032319512417 0.43160612013084826 0.25722032344748397 0.4857192339604826 0.05736506025379597 0.29919290382154523 0.2410945861566278
17 0.1450741440250218 0.24151410170519266 0.19953474505216912 0.251133424630128 0.334769163238174 0.23070029512230522 0.4349686389250366 0.36941287688246477 0.2394625290850586 0.36941287750736446 0.2987882811203604 0.25722032366883996 0.43496863827039967 0.43496863804484254 0.29878828149549075 0.4349686384043406 0.25722032278090967 0.23070029493412936 0.3694128770282717 0.2546024784765083
12 0.41388569556233495 0.02419811074367642 0.26026508477697385 0.32562426779224146 0.3831298334509578 0.057365060292707326 0.2572203231428629 0.2991929034170958 0.2554115143573427 0.2991929041636264 0.43160611980856717 0.48571923418724705 0.2572203229404135 0.25722032319512417 0.43160612013084826 0.25722032344748397 0.4857192339604826 0.05736506025379597 0.29919290382154523 0.2410945861566278
68 0.08108607481752009 0.6171047100355807 0.21538671228741557 -0.0136177752715435 0.04450453083304438 0.7364988121934881 0.2307002952524936 0.2641152263299521 0.060104521962235175 0.2641152268594352 0.05018600775930574 0.057365060353976344 0.23070029504334738 0.2307002949183875 0.050186008071063666 0.2307002950864213 0.05736505995203003 0.7364988120765283 0.26411522654254993 0.2044404660119354
38 0.06897300491509772 0.8793109042922558 0.17027731444822203 0.04764526454567176 0.04868530154887354 0.6171047100537473 0.24151410227377493 0.21386206661554397 0.11314926207751648 0.21386206722815182 0.044638269134488553 0.024198110783320095 0.24151410168858367 0.24151410147508837 0.044638269417438495 0.24151410183357525 0.024198110485447313 0.6171047099718748 0.2138620664004273 0.19569803119495766
44 0.20200765738365495 0.06793660681546752 0.8637714116463376 -0.22041878926373784 0.2177129991908075 0.31003609991927483 0.14608624705473613 0.08183667209270645 0.4939146217520595 0.08183667236689905 0.06331088560375962 0.10455128474336173 0.14608624645553583 0.1460862466191606 0.06331088593114771 0.14608624662019049 0.10455128443191737 0.3100360998082723 0.08183667216942785 0.4909156940289855
0 0.41388569556233495 0.02419811074367642 0.26026508477697385 0.32562426779224146 0.3831298334509578 0.057365060292707326 0.2572203231428629 0.2991929034170958 0.2554115143573427 0.2991929041636264 0.43160611980856717 0.48571923418724705 0.2572203229404135 0.25722032319512417 0.43160612013084826 0.25722032344748397 0.4857192339604826 0.05736506025379597 0.29919290382154523 0.2410945861566278
24 0.08108607481752009 0.6171047100355807 0.21538671228741557 -0.0136177752715435 0.04450453083304438 0.7364988121934881 0.2307002952524936 0.2641152263299521 0.060104521962235175 0.2641152268594352 0.05018600775930574 0.057365060353976344 0.23070029504334738 0.2307002949183875 0.050186008071063666 0.2307002950864213 0.05736505995203003 0.7364988120765283 0.26411522654254993 0.2044404660119354
11 0.11421859769869405 0.3105103945788975 0.1620404403135493 0.3125844374409518 0.35546339671703453 0.20785863406437774 0.4621873066604419 0.3319068669376358 0.27016227185310243 0.3319068676017163 0.2826895301940586 0.19757019628305605 0.46218730637645233 0.4621873062473964 0.28268953057647533 0.4621873066171725 0.19757019602574358 0.2078586338500515 0.33190686719776574 0.24065017030372213
65 0.23114798620621188 0.21386206672081054 0.2713144948255889 0.2258771805242647 0.27615017392106533 0.26411522650062935 0.36941287787852595 0.4202025654144798 0.21857686443222957 0.4202025659836331 0.29625093612158526 0.2991929036641108 0.36941287689883356 0.36941287680115864 0.2962509365556689 0.36941287721324845 0.2991929031937814 0.2641152264339222 0.42020256558750274 0.28725771407815
63 0.03614718155829928 0.37637179135558996 0.4213184447097381 -0.009418445803426281 0.15866106812471645 0.28027979533537434 0.1690084599977816 0.13415483885649593 0.7860054925855228 0.13415483920571436 0.017054019776558384 0.06688811826952736 0.16900845961479644 0.16900845963909 0.017054020003489104 0.16900845985453436 0.06688811784695287 0.2802797952229662 0.1341548388614287 0.6395999698401954
33 0.09354573673526544 0.19633691408868378 0.16980559787264327 0.24026834426204596 0.41103315776446914 0.21835195806606653 0.45735552219704 0.33789594947823115 0.21436473278668397 0.3378959501727924 0.22555984850401872 0.3134122775099388 0.4573555214419671 0.4573555211944642 0.22555984897884138 0.45735552173967875 0.3134122769327268 0.21835195788349224 0.33789594976346626 0.22319224079738134
69 0.08108607481752009 0.6171047100355807 0.21538671228741557 -0.0136177752715435 0.04450453083304438 0.7364988121934881 0.2307002952524936 0.2641152263299521 0.060104521962235175 0.2641152268594352 0.05018600775930574 0.057365060353976344 0.23070029504334738 0.2307002949183875 0.050186008071063666 0.2307002950864213 0.05736505995203003 0.7364988120765283 0.26411522654254993 0.2044404660119354
35 0.0988777774747587 0.08321913733239428 0.07765981192246513 0.47855124656913295 0.6734431611044778 0.03487120874205562 0.4089552214632744 0.19732325665365702 0.3109479668236932 0.1973232573127747 0.38067856595419797 0.21295290781923873 0.4089552208735864 0.4089552208442116 0.38067856638175174 0.4089552211805012 0.212952907294002 0.03487120860397397 0.19732325695458605 0.17040246488495997
26 0.23114798620621188 0.21386206672081054 0.2713144948255889 0.2258771805242647 0.27615017392106533 0.26411522650062935 0.36941287787852595 0.4202025654144798 0.21857686443222957 0.4202025659836331 0.29625093612158526 0.2991929036641108 0.36941287689883356 0.36941287680115864 0.2962509365556689 0.36941287721324845 0.2991929031937814 0.2641152264339222 0.42020256558750274 0.28725771407815
28 0.08108607481752009 0.6171047100355807 0.21538671228741557 -0.0136177752715435 0.04450453083304438 0.7364988121934881 0.2307002952524936 0.2641152263299521 0.060104521962235175 0.2641152268594352 0.05018600775930574 0.057365060353976344 0.23070029504334738 0.2307002949183875 0.050186008071063666 0.2307002950864213 0.05736505995203003 0.7364988120765283 0.26411522654254993 0.2044404660119354
56 0.16443088166769895 0.07032047545257863 0.1434908764855888 0.4628640242856627 0.543490680136222 0.041172522354062865 0.35775267943246464 0.26200524355310695 0.30980053467178914 0.2620052438977041 0.4274399206331328 0.3254430690696702 0.35775267916257875 0.3577526791515483 0.4274399210609069 0.3577526793471577 0.3254430685369142 0.041172522210320445 0.2620052436843118 0.20811443773218544
54 0.08108607481752009 0.6171047100355807 0.21538671228741557 -0.0136177752715435 0.04450453083304438 0.7364988121934881 0.2307002952524936 0.2641152263299521 0.060104521962235175 0.2641152268594352 0.05018600775930574 0.057365060353976344 0.23070029504334738 0.2307002949183875 0.050186008071063666 0.2307002950864213 0.05736505995203003 0.7364988120765283 0.26411522654254993 0.2044404660119354
5 0.1450741440250218 0.24151410170519266 0.19953474505216912 0.251133424630128 0.334769163238174 0.23070029512230522 0.4349686389250366 0.36941287688246477 0.2394625290850586 0.36941287750736446 0.2987882811203604 0.25722032366883996 0.43496863827039967 0.43496863804484254 0.29878828149549075 0.4349686384043406 0.25722032278090967 0.23070029493412936 0.3694128770282717 0.2546024784765083
9 0.11421859769869405 0.3105103945788975 0.1620404403135493 0.3125844374409518 0.35546339671703453 0.20785863406437774 0.4621873066604419 0.3319068669376358 0.27016227185310243 0.3319068676017163 0.2826895301940586 0.19757019628305605 0.46218730637645233 0.4621873062473964 0.28268953057647533 0.4621873066171725 0.19757019602574358 0.2078586338500515 0.33190686719776574 0.24065017030372213
61 0.15334328704665157 -0.09113355927352261 0.10618131903022199 0.5568953389270834 0.7011126962427945 -0.04604060125714021 0.21309418359701715 0.09736078871998388 0.37480357323501756 0.09736078942249644 0.4884138981304458 0.3760326359851483 0.21309418330269028 0.21309418335722347 0.48841389837588745 0.21309418331978994 0.3760326355292016 -0.04604060131898444 0.09736078911156797 0.18115498100366859
10 0.14949132634546958 -0.006197540811241402 0.1024002672987706 0.6013588223019865 0.6430733125150149 -0.016183405510392275 0.2969286884137606 0.18192737655850033 0.3366721489133576 0.18192737715676363 0.4453513941984254 0.31327171939850945 0.2969286875065489 0.2969286873810336 0.44535139455344086 0.2969286877956073 0.313271719121058 -0.01618340547924553 0.18192737677087917 0.18036883382545713
23 0.08108607481752009 0.6171047100355807 0.21538671228741557 -0.0136177752715435 0.04450453083304438 0.7364988121934881 0.2307002952524936 0.2641152263299521 0.060104521962235175 0.2641152268594352 0.05018600775930574 0.057365060353976344 0.23070029504334738 0.2307002949183875 0.050186008071063666 0.2307002950864213 0.05736505995203003 0.7364988120765283 0.26411522654254993 0.2044404660119354
59 0.06897300491509772 0.8793109042922558 0.17027731444822203 0.04764526454567176 0.04868530154887354 0.6171047100537473 0.24151410227377493 0.21386206661554397 0.11314926207751648 0.21386206722815182 0.044638269134488553 0.024198110783320095 0.24151410168858367 0.24151410147508837 0.044638269417438495 0.24151410183357525 0.024198110485447313 0.6171047099718748 0.2138620664004273 0.19569803119495766
39 0.06897300491509772 0.8793109042922558 0.17027731444822203 0.04764526454567176 0.04868530154887354 0.6171047100537473 0.24151410227377493 0.21386206661554397 0.11314926207751648 0.21386206722815182 0.044638269134488553 0.024198110783320095 0.24151410168858367 0.24151410147508837 0.044638269417438495 0.24151410183357525 0.024198110485447313 0.6171047099718748 0.2138620664004273 0.19569803119495766
47 0.6787021808175329 0.1265734933991637 0.46448937239345695 0.391579462823522 0.16797693771983815 0.10884511502701913 0.1946195264822421 0.2885608282281401 0.14220577228459885 0.2885608285424845 0.27010543797730874 0.33343899887086775 0.19461952575927774 0.19461952567309293 0.270105438449349 0.19461952606925262 0.3334389985823772 0.10884511502185429 0.2885608281898112 0.5186656326473549
15 0.1450741440250218 0.24151410170519266 0.19953474505216912 0.251133424630128 0.334769163238174 0.23070029512230522 0.4349686389250366 0.36941287688246477 0.2394625290850586 0.36941287750736446 0.2987882811203604 0.25722032366883996 0.43496863827039967 0.43496863804484254 0.29878828149549075 0.4349686384043406 0.25722032278090967 0.23070029493412936 0.3694128770282717 0.2546024784765083
19 0.1450741440250218 0.24151410170519266 0.19953474505216912 0.251133424630128 0.334769163238174 0.23070029512230522 0.4349686389250366 0.36941287688246477 0.2394625290850586 0.36941287750736446 0.2987882811203604 0.25722032366883996 0.43496863827039967 0.43496863804484254 0.29878828149549075 0.4349686384043406 0.25722032278090967 0.23070029493412936 0.3694128770282717 0.2546024784765083
48 0.4023484462509032 0.29745647994403185 0.48627981854543206 0.24082860835601727 0.21298696415719098 0.3977666583080229 0.25069941950331204 0.33446233496307554 0.007268126238989944 0.3344623356646559 0.13151369896213327 0.16502093901383186 0.2506994188236352 0.250699418645372 0.13151369928125467 0.2506994189411458 0.1650209382899137 0.39776665819833873 0.3344623354619903 0.581709145426683
67 0.9160350296208 0.06897300491509414 0.39432391816396745 0.25618490507829117 0.20740138174276979 0.0810860748003245 0.1450741447765928 0.23114798610087253 0.2225263194302847 0.2311479864608051 0.29030844704216 0.4138856958172527 0.1450741438889427 0.14507414376449462 0.29030844748450707 0.14507414404952299 0.41388569512648943 0.08108607482679514 0.23114798619016802 0.27144495091647747
36 0.7944800638348366 0.0441532277657991 0.32421087172822977 0.5018524777977488 0.13983692113618887 0.00155731821606835 0.13512171032461923 0.16849130791191766 0.3022602950615636 0.16849130840364399 0.3336237406019065 0.4667052590531516 0.13512171000438508 0.13512170999139134 0.3336237410400353 0.1351217102068737 0.4667052585900638 0.0015573182026998433 0.168491307934553 0.27056677618215624
4 0.41388569556233495 0.02419811074367642 0.26026508477697385 0.32562426779224146 0.3831298334509578 0.057365060292707326 0.2572203231428629 0.2991929034170958 0.2554115143573427 0.2991929041636264 0.43160611980856717 0.48571923418724705 0.2572203229404135 0.25722032319512417 0.43160612013084826 0.25722032344748397 0.4857192339604826 0.05736506025379597 0.29919290382154523 0.2410945861566278
43 0.20200765738365495 0.06793660681546752 0.8637714116463376 -0.22041878926373784 0.2177129991908075 0.31003609991927483 0.14608624705473613 0.08183667209270645 0.4939146217520595 0.08183667236689905 0.06331088560375962 0.10455128474336173 0.14608624645553583 0.1460862466191606 0.06331088593114771 0.14608624662019049 0.10455128443191737 0.3100360998082723 0.08183667216942785 0.4909156940289855
27 0.9160350296208 0.06897300491509414 0.39432391816396745 0.25618490507829117 0.20740138174276979 0.0810860748003245 0.1450741447765928 0.23114798610087253 0.2225263194302847 0.2311479864608051 0.29030844704216 0.4138856958172527 0.1450741438889427 0.14507414376449462 0.29030844748450707 0.14507414404952299 0.41388569512648943 0.08108607482679514 0.23114798619016802 0.27144495091647747
46 0.6787021808175329 0.1265734933991637 0.46448937239345695 0.391579462823522 0.16797693771983815 0.10884511502701913 0.1946195264822421 0.2885608282281401 0.14220577228459885 0.2885608285424845 0.27010543797730874 0.33343899887086775 0.19461952575927774 0.19461952567309293 0.270105438449349 0.19461952606925262 0.3334389985823772 0.10884511502185429 0.2885608281898112 0.5186656326473549
21 0.23114798620621188 0.21386206672081054 0.2713144948255889 0.2258771805242647 0.27615017392106533 0.26411522650062935 0.36941287787852595 0.4202025654144798 0.21857686443222957 0.4202025659836331 0.29625093612158526 0.2991929036641108 0.36941287689883356 0.36941287680115864 0.2962509365556689 0.36941287721324845 0.2991929031937814 0.2641152264339222 0.42020256558750274 0.28725771407815
16 0.29030844719677057 0.04463826927504004 0.21314453829010863 0.39573317922692697 0.4393655786177748 0.05018600797183693 0.2987882814896637 0.29625093608737835 0.2835236626816631 0.29625093661731333 0.4395098167553748 0.4316061200760094 0.29878828090551834 0.2987882810543196 0.43950981724177235 0.29878828130102675 0.43160611972734825 0.050186007917621074 0.2962509362881522 0.23223047552699996
51 0.2074013817427121 0.04868530154885568 0.16919117499834715 0.4157768544008245 0.5115220426056285 0.04450453083087419 0.3347691637039697 0.27615017361995153 0.2915527498939954 0.2761501742847371 0.43936557849521996 0.3831298337506551 0.33476916308686355 0.33476916317112054 0.43936557883814886 0.3347691633044558 0.38312983294108904 0.04450453080841553 0.2761501739773728 0.21396205537659407
31 0.23114798620621188 0.21386206672081054 0.2713144948255889 0.2258771805242647 0.27615017392106533 0.26411522650062935 0.36941287787852595 0.4202025654144798 0.21857686443222957 0.4202025659836331 0.29625093612158526 0.2991929036641108 0.36941287689883356 0.36941287680115864 0.2962509365556689 0.36941287721324845 0.2991929031937814 0.2641152264339222 0.42020256558750274 0.28725771407815
45 0.23457037093243374 0.11511877980296517 0.23738522129974154 0.5264596076266195 0.4174258290724945 0.061101391819352466 0.3339287053213161 0.2970953044064155 0.2776248534406953 0.2970953052629677 0.3996023590752006 0.29877182657065615 0.3339287050275349 0.3339287047203166 0.399602359498988 0.33392870516615897 0.2987718258640739 0.06110139176379919 0.2970953047680937 0.35024197693462866
