id,x_0,x_1,x_2,x_3,x_4,x_5,x_6,x_7,x_8,x_9,x_10
0.0,0.4814717420379574,0.050378942763631106,0.7921757394452306,0.5909437773181743,2.220446049250313e-16,2.220446049250313e-16,0.4498243912458259,2.220446049250313e-16,2.220446049250313e-16,0.007644251273280747,2.220446049250313e-16
1.0,2.220446049250313e-16,2.220446049250313e-16,2.220446049250313e-16,0.5740429473575586,2.220446049250313e-16,2.220446049250313e-16,2.220446049250313e-16,1.1102230246251565e-16,2.220446049250313e-16,0.6314710077434728,0.5680690502543241
2.0,0.4814717420379574,0.3414039072634846,0.7554721459892627,0.3016175043705668,2.220446049250313e-16,2.220446049250313e-16,0.4498243912458258,2.220446049250313e-16,2.220446049250313e-16,2.220446049250313e-16,2.220446049250313e-16
3.0,2.220446049250313e-16,2.220446049250313e-16,2.220446049250313e-16,2.220446049250313e-16,2.220446049250313e-16,0.4940861659742545,2.220446049250313e-16,0.00309708807565099,2.220446049250313e-16,0.619708856828536,0.7441644131426375
4.0,2.220446049250313e-16,2.220446049250313e-16,2.220446049250313e-16,0.3015366094526892,2.220446049250313e-16,2.220446049250313e-16,0.0002052146867837501,0.9472376092170179,0.005540920928695411,2.220446049250313e-16,2.220446049250313e-16
5.0,2.220446049250313e-16,2.220446049250313e-16,2.220446049250313e-16,2.220446049250313e-16,2.220446049250313e-16,2.220446049250313e-16,0.5016311105944683,2.220446049250313e-16,2.220446049250313e-16,0.29201693370385506,0.8373661388762609
6.0,0.4814717420379574,0.050378942763631106,0.7921757394452306,0.5909437773181743,2.220446049250313e-16,2.220446049250313e-16,0.4498243912458259,2.220446049250313e-16,2.220446049250313e-16,0.007644251273280747,2.220446049250313e-16
7.0,2.220446049250313e-16,2.220446049250313e-16,2.220446049250313e-16,0.5740429473575586,2.220446049250313e-16,2.220446049250313e-16,2.220446049250313e-16,1.1102230246251565e-16,2.220446049250313e-16,0.6314710077434728,0.5680690502543241
8.0,0.4814717420379574,0.3414039072634846,0.7554721459892627,0.3016175043705668,2.220446049250313e-16,2.220446049250313e-16,0.4498243912458258,2.220446049250313e-16,2.220446049250313e-16,2.220446049250313e-16,2.220446049250313e-16
9.0,2.220446049250313e-16,2.220446049250313e-16,2.220446049250313e-16,2.220446049250313e-16,2.220446049250313e-16,0.4940861659742545,2.220446049250313e-16,0.00309708807565099,2.220446049250313e-16,0.619708856828536,0.7441644131426375
10.0,2.220446049250313e-16,2.220446049250313e-16,2.220446049250313e-16,0.3015366094526892,2.220446049250313e-16,2.220446049250313e-16,0.0002052146867837501,0.9472376092170179,0.005540920928695411,2.220446049250313e-16,2.220446049250313e-16
11.0,2.220446049250313e-16,2.220446049250313e-16,2.220446049250313e-16,2.220446049250313e-16,2.220446049250313e-16,2.220446049250313e-16,0.5016311105944683,2.220446049250313e-16,2.220446049250313e-16,0.29201693370385506,0.8373661388762609
12.0,0.4814717420379574,0.050378942763631106,0.7921757394452306,0.5909437773181743,2.220446049250313e-16,2.220446049250313e-16,0.4498243912458259,2.220446049250313e-16,2.220446049250313e-16,0.007644251273280747,2.220446049250313e-16
13.0,2.220446049250313e-16,2.220446049250313e-16,2.220446049250313e-16,0.5740429473575586,2.220446049250313e-16,2.220446049250313e-16,2.220446049250313e-16,1.1102230246251565e-16,2.220446049250313e-16,0.6314710077434728,0.5680690502543241
14.0,0.4814717420379574,0.3414039072634846,0.7554721459892627,0.3016175043705668,2.220446049250313e-16,2.220446049250313e-16,0.4498243912458258,2.220446049250313e-16,2.220446049250313e-16,2.220446049250313e-16,2.220446049250313e-16
15.0,2.220446049250313e-16,2.220446049250313e-16,2.220446049250313e-16,2.220446049250313e-16,2.220446049250313e-16,0.4940861659742545,2.220446049250313e-16,0.00309708807565099,2.220446049250313e-16,0.619708856828536,0.7441644131426375
16.0,2.220446049250313e-16,2.220446049250313e-16,2.220446049250313e-16,0.3015366094526892,2.220446049250313e-16,2.220446049250313e-16,0.0002052146867837501,0.9472376092170179,0.005540920928695411,2.220446049250313e-16,2.220446049250313e-16
17.0,2.220446049250313e-16,2.220446049250313e-16,2.220446049250313e-16,2.220446049250313e-16,2.220446049250313e-16,2.220446049250313e-16,0.5016311105944683,2.220446049250313e-16,2.220446049250313e-16,0.29201693370385506,0.8373661388762609
18.0,2.220446049250313e-16,2.220446049250313e-16,0.2990611372480311,0.3436249485541325,0.3666790150677608,0.490661466979291,2.220446049250313e-16,0.17899891127122383,0.013956142795275685,0.6502560907112944,0.003436924865187016
19.0,2.220446049250313e-16,0.7064855164178305,0.4499436849003849,2.220446049250313e-16,2.220446049250313e-16,2.220446049250313e-16,0.45148446827132616,0.17083172953700118,0.14763029096962985,2.220446049250313e-16,2.220446049250313e-16
20.0,2.220446049250313e-16,0.010696768339320732,2.220446049250313e-16,0.6567275677216393,0.26601882158154205,2.220446049250313e-16,1.0408340855860843e-17,2.220446049250313e-16,0.7643084186464145,0.0055607532875752265,2.220446049250313e-16
21.0,2.220446049250313e-16,0.010696768339320732,2.220446049250313e-16,0.6567275677216393,0.26601882158154205,2.220446049250313e-16,1.0408340855860843e-17,2.220446049250313e-16,0.7643084186464145,0.0055607532875752265,2.220446049250313e-16
22.0,2.220446049250313e-16,0.010696768339320732,2.220446049250313e-16,0.6567275677216393,0.26601882158154205,2.220446049250313e-16,1.0408340855860843e-17,2.220446049250313e-16,0.7643084186464145,0.0055607532875752265,2.220446049250313e-16
23.0,2.220446049250313e-16,0.36228505691701685,0.45377751223314505,0.26912642670292675,2.220446049250313e-16,2.220446049250313e-16,2.220446049250313e-16,2.220446049250313e-16,0.18672815922038152,0.6526162324519018,0.003405879772286112
24.0,2.220446049250313e-16,0.7037053034344445,0.15123318357542215,2.220446049250313e-16,2.220446049250313e-16,2.220446049250313e-16,2.220446049250313e-16,2.220446049250313e-16,0.7198888557476006,2.220446049250313e-16,2.220446049250313e-16
25.0,0.4814717420379574,0.7247486514261935,0.1485792308776906,2.220446049250313e-16,2.220446049250313e-16,2.220446049250313e-16,2.220446049250313e-16,2.220446049250313e-16,0.35527575995109,0.32579575624591517,2.220446049250313e-16
26.0,2.220446049250313e-16,0.5873569089368609,2.220446049250313e-16,2.220446049250313e-16,2.220446049250313e-16,2.220446049250313e-16,2.220446049250313e-16,0.12370563021265868,0.7547415384489603,2.220446049250313e-16,2.220446049250313e-16
27.0,2.220446049250313e-16,0.5873569089368609,2.220446049250313e-16,2.220446049250313e-16,2.220446049250313e-16,2.220446049250313e-16,2.220446049250313e-16,0.12370563021265868,0.7547415384489603,2.220446049250313e-16,2.220446049250313e-16
28.0,2.220446049250313e-16,2.220446049250313e-16,2.220446049250313e-16,2.220446049250313e-16,2.220446049250313e-16,2.220446049250313e-16,0.5246661666969045,0.5185596028976821,2.220446049250313e-16,2.220446049250313e-16,0.46692179228795533
29.0,2.220446049250313e-16,2.220446049250313e-16,2.220446049250313e-16,2.220446049250313e-16,2.220446049250313e-16,0.4756426604950062,0.00019927851806866848,0.9504055215141393,0.008590857723778728,2.220446049250313e-16,2.220446049250313e-16
30.0,2.220446049250313e-16,2.220446049250313e-16,2.220446049250313e-16,2.220446049250313e-16,2.220446049250313e-16,0.4756426604950062,0.00019927851806866848,0.9504055215141393,0.008590857723778728,2.220446049250313e-16,2.220446049250313e-16
31.0,0.4814717420379574,2.220446049250313e-16,2.220446049250313e-16,2.220446049250313e-16,2.220446049250313e-16,2.220446049250313e-16,0.5021166783193878,2.220446049250313e-16,2.220446049250313e-16,2.220446049250313e-16,0.8291998266261303
32.0,0.4814717420379574,2.220446049250313e-16,2.220446049250313e-16,2.220446049250313e-16,2.220446049250313e-16,2.220446049250313e-16,0.5021166783193878,2.220446049250313e-16,2.220446049250313e-16,2.220446049250313e-16,0.8291998266261303
33.0,2.220446049250313e-16,2.220446049250313e-16,0.2990611372480311,0.3436249485541325,0.3666790150677608,0.490661466979291,2.220446049250313e-16,0.17899891127122383,0.013956142795275685,0.6502560907112944,0.003436924865187016
34.0,2.220446049250313e-16,0.7064855164178305,0.4499436849003849,2.220446049250313e-16,2.220446049250313e-16,2.220446049250313e-16,0.45148446827132616,0.17083172953700118,0.14763029096962985,2.220446049250313e-16,2.220446049250313e-16
35.0,2.220446049250313e-16,0.010696768339320732,2.220446049250313e-16,0.6567275677216393,0.26601882158154205,2.220446049250313e-16,1.0408340855860843e-17,2.220446049250313e-16,0.7643084186464145,0.0055607532875752265,2.220446049250313e-16
36.0,2.220446049250313e-16,0.010696768339320732,2.220446049250313e-16,0.6567275677216393,0.26601882158154205,2.220446049250313e-16,1.0408340855860843e-17,2.220446049250313e-16,0.7643084186464145,0.0055607532875752265,2.220446049250313e-16
37.0,2.220446049250313e-16,0.010696768339320732,2.220446049250313e-16,0.6567275677216393,0.26601882158154205,2.220446049250313e-16,1.0408340855860843e-17,2.220446049250313e-16,0.7643084186464145,0.0055607532875752265,2.220446049250313e-16
38.0,2.220446049250313e-16,0.36228505691701685,0.45377751223314505,0.26912642670292675,2.220446049250313e-16,2.220446049250313e-16,2.220446049250313e-16,2.220446049250313e-16,0.18672815922038152,0.6526162324519018,0.003405879772286112
39.0,2.220446049250313e-16,0.7037053034344445,0.15123318357542215,2.220446049250313e-16,2.220446049250313e-16,2.220446049250313e-16,2.220446049250313e-16,2.220446049250313e-16,0.7198888557476006,2.220446049250313e-16,2.220446049250313e-16
40.0,0.4814717420379574,0.7247486514261935,0.1485792308776906,2.220446049250313e-16,2.220446049250313e-16,2.220446049250313e-16,2.220446049250313e-16,2.220446049250313e-16,0.35527575995109,0.32579575624591517,2.220446049250313e-16
41.0,2.220446049250313e-16,0.5873569089368609,2.220446049250313e-16,2.220446049250313e-16,2.220446049250313e-16,2.220446049250313e-16,2.220446049250313e-16,0.12370563021265868,0.7547415384489603,2.220446049250313e-16,2.220446049250313e-16
42.0,2.220446049250313e-16,0.5873569089368609,2.220446049250313e-16,2.220446049250313e-16,2.220446049250313e-16,2.220446049250313e-16,2.220446049250313e-16,0.12370563021265868,0.7547415384489603,2.220446049250313e-16,2.220446049250313e-16
43.0,2.220446049250313e-16,2.220446049250313e-16,2.220446049250313e-16,2.220446049250313e-16,2.220446049250313e-16,2.220446049250313e-16,0.5246661666969045,0.5185596028976821,2.220446049250313e-16,2.220446049250313e-16,0.46692179228795533
44.0,2.220446049250313e-16,2.220446049250313e-16,2.220446049250313e-16,2.220446049250313e-16,2.220446049250313e-16,0.4756426604950062,0.00019927851806866848,0.9504055215141393,0.008590857723778728,2.220446049250313e-16,2.220446049250313e-16
45.0,2.220446049250313e-16,2.220446049250313e-16,2.220446049250313e-16,2.220446049250313e-16,2.220446049250313e-16,0.4756426604950062,0.00019927851806866848,0.9504055215141393,0.008590857723778728,2.220446049250313e-16,2.220446049250313e-16
46.0,0.4814717420379574,2.220446049250313e-16,2.220446049250313e-16,2.220446049250313e-16,2.220446049250313e-16,2.220446049250313e-16,0.5021166783193878,2.220446049250313e-16,2.220446049250313e-16,2.220446049250313e-16,0.8291998266261303
47.0,0.4814717420379574,2.220446049250313e-16,2.220446049250313e-16,2.220446049250313e-16,2.220446049250313e-16,2.220446049250313e-16,0.5021166783193878,2.220446049250313e-16,2.220446049250313e-16,2.220446049250313e-16,0.8291998266261303
48.0,2.220446049250313e-16,2.220446049250313e-16,0.2990611372480311,0.34362494855413245,0.36667901506776057,0.49066146697929125,2.220446049250313e-16,0.178998911271224,0.013956142795275633,0.6502560907112944,0.00343692486518699
49.0,2.220446049250313e-16,0.7064855164178305,0.4499436849003849,2.220446049250313e-16,2.220446049250313e-16,2.220446049250313e-16,0.45148446827132616,0.17083172953700118,0.14763029096962985,2.220446049250313e-16,2.220446049250313e-16
50.0,2.220446049250313e-16,0.010696768339320732,2.220446049250313e-16,0.6567275677216393,0.26601882158154205,2.220446049250313e-16,1.0408340855860843e-17,2.220446049250313e-16,0.7643084186464145,0.0055607532875752265,2.220446049250313e-16
51.0,2.220446049250313e-16,0.010696768339320732,2.220446049250313e-16,0.6567275677216393,0.26601882158154205,2.220446049250313e-16,1.0408340855860843e-17,2.220446049250313e-16,0.7643084186464145,0.0055607532875752265,2.220446049250313e-16
52.0,2.220446049250313e-16,0.010696768339320732,2.220446049250313e-16,0.6567275677216393,0.26601882158154205,2.220446049250313e-16,1.0408340855860843e-17,2.220446049250313e-16,0.7643084186464145,0.0055607532875752265,2.220446049250313e-16
53.0,2.220446049250313e-16,0.36228505691701685,0.45377751223314505,0.26912642670292675,2.220446049250313e-16,2.220446049250313e-16,2.220446049250313e-16,2.220446049250313e-16,0.18672815922038152,0.6526162324519018,0.003405879772286112
54.0,2.220446049250313e-16,0.7037053034344445,0.15123318357542215,2.220446049250313e-16,2.220446049250313e-16,2.220446049250313e-16,2.220446049250313e-16,2.220446049250313e-16,0.7198888557476006,2.220446049250313e-16,2.220446049250313e-16
55.0,0.4814717420379574,0.7247486514261935,0.1485792308776906,2.220446049250313e-16,2.220446049250313e-16,2.220446049250313e-16,2.220446049250313e-16,2.220446049250313e-16,0.35527575995109,0.32579575624591517,2.220446049250313e-16
56.0,2.220446049250313e-16,0.5873569089368609,2.220446049250313e-16,2.220446049250313e-16,2.220446049250313e-16,2.220446049250313e-16,2.220446049250313e-16,0.12370563021265868,0.7547415384489603,2.220446049250313e-16,2.220446049250313e-16
57.0,2.220446049250313e-16,0.5873569089368609,2.220446049250313e-16,2.220446049250313e-16,2.220446049250313e-16,2.220446049250313e-16,2.220446049250313e-16,0.12370563021265868,0.7547415384489603,2.220446049250313e-16,2.220446049250313e-16
58.0,2.220446049250313e-16,2.220446049250313e-16,2.220446049250313e-16,2.220446049250313e-16,2.220446049250313e-16,2.220446049250313e-16,0.5246661666969045,0.5185596028976821,2.220446049250313e-16,2.220446049250313e-16,0.46692179228795533
59.0,2.220446049250313e-16,2.220446049250313e-16,2.220446049250313e-16,2.220446049250313e-16,2.220446049250313e-16,0.4756426604950062,0.00019927851806866848,0.9504055215141393,0.008590857723778728,2.220446049250313e-16,2.220446049250313e-16
60.0,2.220446049250313e-16,2.220446049250313e-16,2.220446049250313e-16,2.220446049250313e-16,2.220446049250313e-16,0.4756426604950062,0.00019927851806866848,0.9504055215141393,0.008590857723778728,2.220446049250313e-16,2.220446049250313e-16
61.0,0.4814717420379574,2.220446049250313e-16,2.220446049250313e-16,2.220446049250313e-16,2.220446049250313e-16,2.220446049250313e-16,0.5021166783193878,2.220446049250313e-16,2.220446049250313e-16,2.220446049250313e-16,0.8291998266261303
62.0,0.4814717420379574,2.220446049250313e-16,2.220446049250313e-16,2.220446049250313e-16,2.220446049250313e-16,2.220446049250313e-16,0.5021166783193878,2.220446049250313e-16,2.220446049250313e-16,2.220446049250313e-16,0.8291998266261303
