39 0.22447205387994973 0.37136724761139767 0.3121120981246995 0.33730820233034625 0.17312882290084056 0.3271931602837614 0.2520293400607264 0.17312882254045145 0.22447205515189894 0.44020664100593354 0.2730763329357599 0.3713672485418655 0.4402066412194477 0.32286537706574453 0.2730763328857497 0.37136724863899717 0.3713672497121181 0.3713672510681672 0.2767840567874465 0.22447205286556046
4 0.04131220525385796 0.33157163422651664 0.48284394580653006 0.5351585303949753 0.03821911874618956 0.575206877136013 0.3467637131799049 0.0382191186926306 0.04131220584530614 0.3271931602359098 0.168201776589883 0.3315716354492918 0.32719316041078755 0.33248763660746217 0.16820177658691515 0.3315716355607455 0.3315716359590822 0.331571637064996 0.3006266295663088 0.04131220433097426
29 0.07835303533940273 0.20615650978497366 0.41672346392490484 0.35954742606137 0.09624607463854094 0.30062662956630376 0.5578137388652684 0.09624607444930583 0.07835303616677021 0.27678405657057903 0.4390602642763317 0.20615651101249347 0.2767840567746575 0.18708120528858024 0.43906026443484364 0.2061565110087319 0.20615651175049735 0.2061565128136508 0.6872567820942171 0.07835303460765763
45 0.07835303533940273 0.20615650978497366 0.41672346392490484 0.35954742606137 0.09624607463854094 0.30062662956630376 0.5578137388652684 0.09624607444930583 0.07835303616677021 0.27678405657057903 0.4390602642763317 0.20615651101249347 0.2767840567746575 0.18708120528858024 0.43906026443484364 0.2061565110087319 0.20615651175049735 0.2061565128136508 0.6872567820942171 0.07835303460765763
11 0.1934840626624006 0.41744054057589525 0.3248809813641137 0.3034146543331693 0.19150451070012728 0.33157163558678726 0.17454929053831558 0.19150451041909486 0.1934840638716166 0.3713672488824227 0.23149170369294156 0.41744054178234913 0.37136724914898606 0.4237226276526045 0.23149170370762728 0.4174405418114802 0.4174405426296063 0.41744054393298785 0.206156511255137 0.1934840616864282
44 0.07835303533940273 0.20615650978497366 0.41672346392490484 0.35954742606137 0.09624607463854094 0.30062662956630376 0.5578137388652684 0.09624607444930583 0.07835303616677021 0.27678405657057903 0.4390602642763317 0.20615651101249347 0.2767840567746575 0.18708120528858024 0.43906026443484364 0.2061565110087319 0.20615651175049735 0.2061565128136508 0.6872567820942171 0.07835303460765763
43 0.05010623325161479 0.3248809798162654 0.5438000528352482 0.43795030526919176 0.06868563464589371 0.4828439458065074 0.2931027310385417 0.0686856345086218 0.0501062341433309 0.3121120983063492 0.2871696019109867 0.3248809811513543 0.31211209828140063 0.33957152319388695 0.28716960187908214 0.3248809812572622 0.32488098181277236 0.32488098284311057 0.41672346392490106 0.050106232457247005
52 0.48115161015247243 0.19150450914140668 0.06868563458650127 0.02162335357354703 0.6609732572371244 0.03821911875367125 0.0519449517557337 0.6609732567788847 0.4811516116336984 0.17312882264556845 0.23667797497978957 0.1915045096632573 0.17312882282487213 0.24031339040265454 0.23667797506830585 0.19150450999895136 0.19150451155225118 0.1915045125304127 0.09624607446709241 0.4811516083550201
31 0.2891520726187522 0.23149170216426965 0.2871696019023383 0.18628378994973982 0.2366779751959969 0.16820177660753577 0.26934552661755684 0.23667797496990814 0.2891520738076153 0.27307633272087756 0.618647236778922 0.23149170315295542 0.2730763329463444 0.20934969169554662 0.6186472368779555 0.23149170322533874 0.23149170440907818 0.23149170562080448 0.4390602643630968 0.2891520710999725
40 0.06822562588232284 0.1745492890806225 0.29310273103853884 0.46315263857844463 0.05194495185377398 0.346763713179922 0.8972938756015931 0.051944951548690284 0.06822562633158409 0.2520293399645093 0.26934552667874917 0.1745492905752554 0.25202934011115014 0.13861184324916725 0.26934552672834694 0.1745492905262379 0.1745492907198588 0.17454929161447216 0.5578137388652766 0.06822562530186263
14 0.05208790223273063 0.30341465310158294 0.4379503052692205 0.5973416148699969 0.021623353569538987 0.5351585303950119 0.4631526385784779 0.0216233535460848 0.05208790308961436 0.33730820245747273 0.18628378989002364 0.3034146542246338 0.3373082022919964 0.23424209056721257 0.18628378997853512 0.3034146543619532 0.3034146546438937 0.3034146554453388 0.35954742606140705 0.05208790196904007
19 0.009044432063415936 0.15841371770504853 0.3183376507092171 0.475717385680691 0.011026426253305242 0.3823447233543288 0.9169316001727666 0.011026426089279746 0.00904443247248403 0.09149786845016794 0.19628279928192105 0.15841372036444476 0.09149786840495926 0.1464964091208106 0.19628279934245887 0.15841372037137647 0.15841372092615855 0.15841372126777117 0.6581574587231664 0.009044431247938148
54 0.22447205387994973 0.37136724761139767 0.3121120981246995 0.33730820233034625 0.17312882290084056 0.3271931602837614 0.2520293400607264 0.17312882254045145 0.22447205515189894 0.44020664100593354 0.2730763329357599 0.3713672485418655 0.4402066412194477 0.32286537706574453 0.2730763328857497 0.37136724863899717 0.3713672497121181 0.3713672510681672 0.2767840567874465 0.22447205286556046
18 0.1687785194323446 0.423722625847976 0.3395715231939337 0.2342420905672116 0.24031339045848132 0.33248763660754543 0.13861184324920667 0.24031339027797463 0.16877852048350675 0.32286537703233825 0.20934969159833852 0.4237226272240203 0.3228653770388913 0.5198639644284033 0.20934969168643605 0.42372262730772026 0.4237226285105355 0.4237226294122471 0.18708120528865227 0.16877851854938475
51 0.48115161015247243 0.19150450914140668 0.06868563458650127 0.02162335357354703 0.6609732572371244 0.03821911875367125 0.0519449517557337 0.6609732567788847 0.4811516116336984 0.17312882264556845 0.23667797497978957 0.1915045096632573 0.17312882282487213 0.24031339040265454 0.23667797506830585 0.19150450999895136 0.19150451155225118 0.1915045125304127 0.09624607446709241 0.4811516083550201
36 0.48115161015247243 0.19150450914140668 0.06868563458650127 0.02162335357354703 0.6609732572371244 0.03821911875367125 0.0519449517557337 0.6609732567788847 0.4811516116336984 0.17312882264556845 0.23667797497978957 0.1915045096632573 0.17312882282487213 0.24031339040265454 0.23667797506830585 0.19150450999895136 0.19150451155225118 0.1915045125304127 0.09624607446709241 0.4811516083550201
42 0.5875377972843125 0.1934840603498742 0.05010623312585816 0.05208790239118777 0.481151610139932 0.041312205111531775 0.06822562574704305 0.4811516097142885 0.5875377993797883 0.22447205389343594 0.28915207247390096 0.19348406174685806 0.22447205406362514 0.16877851936101784 0.28915207256024145 0.1934840619796887 0.19348406343488023 0.19348406477365643 0.0783530352855597 0.5875377961492632
0 0.05208790223273063 0.30341465310158294 0.4379503052692205 0.5973416148699969 0.021623353569538987 0.5351585303950119 0.4631526385784779 0.0216233535460848 0.05208790308961436 0.33730820245747273 0.18628378989002364 0.3034146542246338 0.3373082022919964 0.23424209056721257 0.18628378997853512 0.3034146543619532 0.3034146546438937 0.3034146554453388 0.35954742606140705 0.05208790196904007
55 0.06822562588232284 0.1745492890806225 0.29310273103853884 0.46315263857844463 0.05194495185377398 0.346763713179922 0.8972938756015931 0.051944951548690284 0.06822562633158409 0.2520293399645093 0.26934552667874917 0.1745492905752554 0.25202934011115014 0.13861184324916725 0.26934552672834694 0.1745492905262379 0.1745492907198588 0.17454929161447216 0.5578137388652766 0.06822562530186263
50 0.48115161015247243 0.19150450914140668 0.06868563458650127 0.02162335357354703 0.6609732572371244 0.03821911875367125 0.0519449517557337 0.6609732567788847 0.4811516116336984 0.17312882264556845 0.23667797497978957 0.1915045096632573 0.17312882282487213 0.24031339040265454 0.23667797506830585 0.19150450999895136 0.19150451155225118 0.1915045125304127 0.09624607446709241 0.4811516083550201
56 0.5875377972843125 0.1934840603498742 0.05010623312585816 0.05208790239118777 0.481151610139932 0.041312205111531775 0.06822562574704305 0.4811516097142885 0.5875377993797883 0.22447205389343594 0.28915207247390096 0.19348406174685806 0.22447205406362514 0.16877851936101784 0.28915207256024145 0.1934840619796887 0.19348406343488023 0.19348406477365643 0.0783530352855597 0.5875377961492632
59 0.07835303533940273 0.20615650978497366 0.41672346392490484 0.35954742606137 0.09624607463854094 0.30062662956630376 0.5578137388652684 0.09624607444930583 0.07835303616677021 0.27678405657057903 0.4390602642763317 0.20615651101249347 0.2767840567746575 0.18708120528858024 0.43906026443484364 0.2061565110087319 0.20615651175049735 0.2061565128136508 0.6872567820942171 0.07835303460765763
62 0.2891520726187522 0.23149170216426965 0.2871696019023383 0.18628378994973982 0.2366779751959969 0.16820177660753577 0.26934552661755684 0.23667797496990814 0.2891520738076153 0.27307633272087756 0.618647236778922 0.23149170315295542 0.2730763329463444 0.20934969169554662 0.6186472368779555 0.23149170322533874 0.23149170440907818 0.23149170562080448 0.4390602643630968 0.2891520710999725
3 0.1934840626624006 0.41744054057589525 0.3248809813641137 0.3034146543331693 0.19150451070012728 0.33157163558678726 0.17454929053831558 0.19150451041909486 0.1934840638716166 0.3713672488824227 0.23149170369294156 0.41744054178234913 0.37136724914898606 0.4237226276526045 0.23149170370762728 0.4174405418114802 0.4174405426296063 0.41744054393298785 0.206156511255137 0.1934840616864282
38 0.22447205387994973 0.37136724761139767 0.3121120981246995 0.33730820233034625 0.17312882290084056 0.3271931602837614 0.2520293400607264 0.17312882254045145 0.22447205515189894 0.44020664100593354 0.2730763329357599 0.3713672485418655 0.4402066412194477 0.32286537706574453 0.2730763328857497 0.37136724863899717 0.3713672497121181 0.3713672510681672 0.2767840567874465 0.22447205286556046
13 0.1934840626624006 0.41744054057589525 0.3248809813641137 0.3034146543331693 0.19150451070012728 0.33157163558678726 0.17454929053831558 0.19150451041909486 0.1934840638716166 0.3713672488824227 0.23149170369294156 0.41744054178234913 0.37136724914898606 0.4237226276526045 0.23149170370762728 0.4174405418114802 0.4174405426296063 0.41744054393298785 0.206156511255137 0.1934840616864282
28 0.05010623325161479 0.3248809798162654 0.5438000528352482 0.43795030526919176 0.06868563464589371 0.4828439458065074 0.2931027310385417 0.0686856345086218 0.0501062341433309 0.3121120983063492 0.2871696019109867 0.3248809811513543 0.31211209828140063 0.33957152319388695 0.28716960187908214 0.3248809812572622 0.32488098181277236 0.32488098284311057 0.41672346392490106 0.050106232457247005
32 0.2891520726187522 0.23149170216426965 0.2871696019023383 0.18628378994973982 0.2366779751959969 0.16820177660753577 0.26934552661755684 0.23667797496990814 0.2891520738076153 0.27307633272087756 0.618647236778922 0.23149170315295542 0.2730763329463444 0.20934969169554662 0.6186472368779555 0.23149170322533874 0.23149170440907818 0.23149170562080448 0.4390602643630968 0.2891520710999725
34 0.009044432063415936 0.15841371770504853 0.3183376507092171 0.475717385680691 0.011026426253305242 0.3823447233543288 0.9169316001727666 0.011026426089279746 0.00904443247248403 0.09149786845016794 0.19628279928192105 0.15841372036444476 0.09149786840495926 0.1464964091208106 0.19628279934245887 0.15841372037137647 0.15841372092615855 0.15841372126777117 0.6581574587231664 0.009044431247938148
15 0.1934840626624006 0.41744054057589525 0.3248809813641137 0.3034146543331693 0.19150451070012728 0.33157163558678726 0.17454929053831558 0.19150451041909486 0.1934840638716166 0.3713672488824227 0.23149170369294156 0.41744054178234913 0.37136724914898606 0.4237226276526045 0.23149170370762728 0.4174405418114802 0.4174405426296063 0.41744054393298785 0.206156511255137 0.1934840616864282
47 0.2891520726187522 0.23149170216426965 0.2871696019023383 0.18628378994973982 0.2366779751959969 0.16820177660753577 0.26934552661755684 0.23667797496990814 0.2891520738076153 0.27307633272087756 0.618647236778922 0.23149170315295542 0.2730763329463444 0.20934969169554662 0.6186472368779555 0.23149170322533874 0.23149170440907818 0.23149170562080448 0.4390602643630968 0.2891520710999725
25 0.06822562588232284 0.1745492890806225 0.29310273103853884 0.46315263857844463 0.05194495185377398 0.346763713179922 0.8972938756015931 0.051944951548690284 0.06822562633158409 0.2520293399645093 0.26934552667874917 0.1745492905752554 0.25202934011115014 0.13861184324916725 0.26934552672834694 0.1745492905262379 0.1745492907198588 0.17454929161447216 0.5578137388652766 0.06822562530186263
23 0.22447205387994973 0.37136724761139767 0.3121120981246995 0.33730820233034625 0.17312882290084056 0.3271931602837614 0.2520293400607264 0.17312882254045145 0.22447205515189894 0.44020664100593354 0.2730763329357599 0.3713672485418655 0.4402066412194477 0.32286537706574453 0.2730763328857497 0.37136724863899717 0.3713672497121181 0.3713672510681672 0.2767840567874465 0.22447205286556046
2 0.05208790223273063 0.30341465310158294 0.4379503052692205 0.5973416148699969 0.021623353569538987 0.5351585303950119 0.4631526385784779 0.0216233535460848 0.05208790308961436 0.33730820245747273 0.18628378989002364 0.3034146542246338 0.3373082022919964 0.23424209056721257 0.18628378997853512 0.3034146543619532 0.3034146546438937 0.3034146554453388 0.35954742606140705 0.05208790196904007
9 0.1934840626624006 0.41744054057589525 0.3248809813641137 0.3034146543331693 0.19150451070012728 0.33157163558678726 0.17454929053831558 0.19150451041909486 0.1934840638716166 0.3713672488824227 0.23149170369294156 0.41744054178234913 0.37136724914898606 0.4237226276526045 0.23149170370762728 0.4174405418114802 0.4174405426296063 0.41744054393298785 0.206156511255137 0.1934840616864282
30 0.07835303549654782 0.20615650969557464 0.4167234639249031 0.3595474260613756 0.09624607471050695 0.3006266295663238 0.5578137388652653 0.09624607430305332 0.07835303619503975 0.2767840568558313 0.43906026432523504 0.2061565110925585 0.2767840568558313 0.1870812052885995 0.43906026444165036 0.20615651126718149 0.20615651164553128 0.206156512722373 0.6872567820942308 0.07835303456522524
1 0.1934840626624006 0.41744054057589525 0.3248809813641137 0.3034146543331693 0.19150451070012728 0.33157163558678726 0.17454929053831558 0.19150451041909486 0.1934840638716166 0.3713672488824227 0.23149170369294156 0.41744054178234913 0.37136724914898606 0.4237226276526045 0.23149170370762728 0.4174405418114802 0.4174405426296063 0.41744054393298785 0.206156511255137 0.1934840616864282
58 0.05010623325161479 0.3248809798162654 0.5438000528352482 0.43795030526919176 0.06868563464589371 0.4828439458065074 0.2931027310385417 0.0686856345086218 0.0501062341433309 0.3121120983063492 0.2871696019109867 0.3248809811513543 0.31211209828140063 0.33957152319388695 0.28716960187908214 0.3248809812572622 0.32488098181277236 0.32488098284311057 0.41672346392490106 0.050106232457247005
53 0.22447205387994973 0.37136724761139767 0.3121120981246995 0.33730820233034625 0.17312882290084056 0.3271931602837614 0.2520293400607264 0.17312882254045145 0.22447205515189894 0.44020664100593354 0.2730763329357599 0.3713672485418655 0.4402066412194477 0.32286537706574453 0.2730763328857497 0.37136724863899717 0.3713672497121181 0.3713672510681672 0.2767840567874465 0.22447205286556046
16 0.04131220525385796 0.33157163422651664 0.48284394580653006 0.5351585303949753 0.03821911874618956 0.575206877136013 0.3467637131799049 0.0382191186926306 0.04131220584530614 0.3271931602359098 0.168201776589883 0.3315716354492918 0.32719316041078755 0.33248763660746217 0.16820177658691515 0.3315716355607455 0.3315716359590822 0.331571637064996 0.3006266295663088 0.04131220433097426
49 0.009044432063415936 0.15841371770504853 0.3183376507092171 0.475717385680691 0.011026426253305242 0.3823447233543288 0.9169316001727666 0.011026426089279746 0.00904443247248403 0.09149786845016794 0.19628279928192105 0.15841372036444476 0.09149786840495926 0.1464964091208106 0.19628279934245887 0.15841372037137647 0.15841372092615855 0.15841372126777117 0.6581574587231664 0.009044431247938148
5 0.1934840626624006 0.41744054057589525 0.3248809813641137 0.3034146543331693 0.19150451070012728 0.33157163558678726 0.17454929053831558 0.19150451041909486 0.1934840638716166 0.3713672488824227 0.23149170369294156 0.41744054178234913 0.37136724914898606 0.4237226276526045 0.23149170370762728 0.4174405418114802 0.4174405426296063 0.41744054393298785 0.206156511255137 0.1934840616864282
48 0.1687785194323446 0.423722625847976 0.3395715231939337 0.2342420905672116 0.24031339045848132 0.33248763660754543 0.13861184324920667 0.24031339027797463 0.16877852048350675 0.32286537703233825 0.20934969159833852 0.4237226272240203 0.3228653770388913 0.5198639644284033 0.20934969168643605 0.42372262730772026 0.4237226285105355 0.4237226294122471 0.18708120528865227 0.16877851854938475
8 0.05208790223273063 0.30341465310158294 0.4379503052692205 0.5973416148699969 0.021623353569538987 0.5351585303950119 0.4631526385784779 0.0216233535460848 0.05208790308961436 0.33730820245747273 0.18628378989002364 0.3034146542246338 0.3373082022919964 0.23424209056721257 0.18628378997853512 0.3034146543619532 0.3034146546438937 0.3034146554453388 0.35954742606140705 0.05208790196904007
27 0.5875377972843125 0.1934840603498742 0.05010623312585816 0.05208790239118777 0.481151610139932 0.041312205111531775 0.06822562574704305 0.4811516097142885 0.5875377993797883 0.22447205389343594 0.28915207247390096 0.19348406174685806 0.22447205406362514 0.16877851936101784 0.28915207256024145 0.1934840619796887 0.19348406343488023 0.19348406477365643 0.0783530352855597 0.5875377961492632
12 0.05208790223273063 0.30341465310158294 0.4379503052692205 0.5973416148699969 0.021623353569538987 0.5351585303950119 0.4631526385784779 0.0216233535460848 0.05208790308961436 0.33730820245747273 0.18628378989002364 0.3034146542246338 0.3373082022919964 0.23424209056721257 0.18628378997853512 0.3034146543619532 0.3034146546438937 0.3034146554453388 0.35954742606140705 0.05208790196904007
7 0.1934840626624006 0.41744054057589525 0.3248809813641137 0.3034146543331693 0.19150451070012728 0.33157163558678726 0.17454929053831558 0.19150451041909486 0.1934840638716166 0.3713672488824227 0.23149170369294156 0.41744054178234913 0.37136724914898606 0.4237226276526045 0.23149170370762728 0.4174405418114802 0.4174405426296063 0.41744054393298785 0.206156511255137 0.1934840616864282
61 0.2891520726187522 0.23149170216426965 0.2871696019023383 0.18628378994973982 0.2366779751959969 0.16820177660753577 0.26934552661755684 0.23667797496990814 0.2891520738076153 0.27307633272087756 0.618647236778922 0.23149170315295542 0.2730763329463444 0.20934969169554662 0.6186472368779555 0.23149170322533874 0.23149170440907818 0.23149170562080448 0.4390602643630968 0.2891520710999725
6 0.05208790223273063 0.30341465310158294 0.4379503052692205 0.5973416148699969 0.021623353569538987 0.5351585303950119 0.4631526385784779 0.0216233535460848 0.05208790308961436 0.33730820245747273 0.18628378989002364 0.3034146542246338 0.3373082022919964 0.23424209056721257 0.18628378997853512 0.3034146543619532 0.3034146546438937 0.3034146554453388 0.35954742606140705 0.05208790196904007
22 0.48115161015247243 0.19150450914140668 0.06868563458650127 0.02162335357354703 0.6609732572371244 0.03821911875367125 0.0519449517557337 0.6609732567788847 0.4811516116336984 0.17312882264556845 0.23667797497978957 0.1915045096632573 0.17312882282487213 0.24031339040265454 0.23667797506830585 0.19150450999895136 0.19150451155225118 0.1915045125304127 0.09624607446709241 0.4811516083550201
24 0.22447205387994973 0.37136724761139767 0.3121120981246995 0.33730820233034625 0.17312882290084056 0.3271931602837614 0.2520293400607264 0.17312882254045145 0.22447205515189894 0.44020664100593354 0.2730763329357599 0.3713672485418655 0.4402066412194477 0.32286537706574453 0.2730763328857497 0.37136724863899717 0.3713672497121181 0.3713672510681672 0.2767840567874465 0.22447205286556046
37 0.48115161015247243 0.19150450914140668 0.06868563458650127 0.02162335357354703 0.6609732572371244 0.03821911875367125 0.0519449517557337 0.6609732567788847 0.4811516116336984 0.17312882264556845 0.23667797497978957 0.1915045096632573 0.17312882282487213 0.24031339040265454 0.23667797506830585 0.19150450999895136 0.19150451155225118 0.1915045125304127 0.09624607446709241 0.4811516083550201
57 0.5875377972843125 0.1934840603498742 0.05010623312585816 0.05208790239118777 0.481151610139932 0.041312205111531775 0.06822562574704305 0.4811516097142885 0.5875377993797883 0.22447205389343594 0.28915207247390096 0.19348406174685806 0.22447205406362514 0.16877851936101784 0.28915207256024145 0.1934840619796887 0.19348406343488023 0.19348406477365643 0.0783530352855597 0.5875377961492632
21 0.48115161015247243 0.19150450914140668 0.06868563458650127 0.02162335357354703 0.6609732572371244 0.03821911875367125 0.0519449517557337 0.6609732567788847 0.4811516116336984 0.17312882264556845 0.23667797497978957 0.1915045096632573 0.17312882282487213 0.24031339040265454 0.23667797506830585 0.19150450999895136 0.19150451155225118 0.1915045125304127 0.09624607446709241 0.4811516083550201
41 0.5875377972843125 0.1934840603498742 0.05010623312585816 0.05208790239118777 0.481151610139932 0.041312205111531775 0.06822562574704305 0.4811516097142885 0.5875377993797883 0.22447205389343594 0.28915207247390096 0.19348406174685806 0.22447205406362514 0.16877851936101784 0.28915207256024145 0.1934840619796887 0.19348406343488023 0.19348406477365643 0.0783530352855597 0.5875377961492632
60 0.07835303533940273 0.20615650978497366 0.41672346392490484 0.35954742606137 0.09624607463854094 0.30062662956630376 0.5578137388652684 0.09624607444930583 0.07835303616677021 0.27678405657057903 0.4390602642763317 0.20615651101249347 0.2767840567746575 0.18708120528858024 0.43906026443484364 0.2061565110087319 0.20615651175049735 0.2061565128136508 0.6872567820942171 0.07835303460765763
10 0.04131220525385796 0.33157163422651664 0.48284394580653006 0.5351585303949753 0.03821911874618956 0.575206877136013 0.3467637131799049 0.0382191186926306 0.04131220584530614 0.3271931602359098 0.168201776589883 0.3315716354492918 0.32719316041078755 0.33248763660746217 0.16820177658691515 0.3315716355607455 0.3315716359590822 0.331571637064996 0.3006266295663088 0.04131220433097426
26 0.5875377972843125 0.1934840603498742 0.05010623312585816 0.05208790239118777 0.481151610139932 0.041312205111531775 0.06822562574704305 0.4811516097142885 0.5875377993797883 0.22447205389343594 0.28915207247390096 0.19348406174685806 0.22447205406362514 0.16877851936101784 0.28915207256024145 0.1934840619796887 0.19348406343488023 0.19348406477365643 0.0783530352855597 0.5875377961492632
35 0.48115161015247243 0.19150450914140668 0.06868563458650127 0.02162335357354703 0.6609732572371244 0.03821911875367125 0.0519449517557337 0.6609732567788847 0.4811516116336984 0.17312882264556845 0.23667797497978957 0.1915045096632573 0.17312882282487213 0.24031339040265454 0.23667797506830585 0.19150450999895136 0.19150451155225118 0.1915045125304127 0.09624607446709241 0.4811516083550201
46 0.2891520726187522 0.23149170216426965 0.2871696019023383 0.18628378994973982 0.2366779751959969 0.16820177660753577 0.26934552661755684 0.23667797496990814 0.2891520738076153 0.27307633272087756 0.618647236778922 0.23149170315295542 0.2730763329463444 0.20934969169554662 0.6186472368779555 0.23149170322533874 0.23149170440907818 0.23149170562080448 0.4390602643630968 0.2891520710999725
17 0.1934840626624006 0.41744054057589525 0.3248809813641137 0.3034146543331693 0.19150451070012728 0.33157163558678726 0.17454929053831558 0.19150451041909486 0.1934840638716166 0.3713672488824227 0.23149170369294156 0.41744054178234913 0.37136724914898606 0.4237226276526045 0.23149170370762728 0.4174405418114802 0.4174405426296063 0.41744054393298785 0.206156511255137 0.1934840616864282
20 0.48115161015247243 0.19150450914140668 0.06868563458650127 0.02162335357354703 0.6609732572371244 0.03821911875367125 0.0519449517557337 0.6609732567788847 0.4811516116336984 0.17312882264556845 0.23667797497978957 0.1915045096632573 0.17312882282487213 0.24031339040265454 0.23667797506830585 0.19150450999895136 0.19150451155225118 0.1915045125304127 0.09624607446709241 0.4811516083550201
33 0.1687785194323446 0.423722625847976 0.3395715231939337 0.2342420905672116 0.24031339045848132 0.33248763660754543 0.13861184324920667 0.24031339027797463 0.16877852048350675 0.32286537703233825 0.20934969159833852 0.4237226272240203 0.3228653770388913 0.5198639644284033 0.20934969168643605 0.42372262730772026 0.4237226285105355 0.4237226294122471 0.18708120528865227 0.16877851854938475
