35 0.54735058596022 0.29283799228539137 0.3159845996623247 0.19280861558904502 0.11203831354937868 0.4389067322241174 0.1337189126928346 0.23958699996607305 0.19914689956524873 0.3178842353234619 0.19914689931422194 0.25097486376818584 0.19280861571934446 0.43890673195940705 0.19280861556255313 0.3178842350322339 0.4389067318826372 0.564264842914812 0.24602642647233047 0.11892982725331197
8 0.3207770578626158 0.34969139373795516 0.46280503849234 0.05277214151417507 0.3257428127149961 0.34328962811574715 0.3124736428862731 0.4399371279073157 0.1928253316131748 0.5353026347061974 0.19282533156554285 0.19760419143315663 0.052772142006114825 0.34328962771905924 0.05277214172261136 0.5353026345512193 0.3432896278115236 0.33412703155025075 0.04965062809005061 0.028708098659427923
9 0.44252831582497193 0.4141063520257105 0.2924533636239226 0.20704742979097002 0.1383621266978502 0.4486848352169015 0.21858031412472909 0.2720466666262236 0.253073651079722 0.3432896279792726 0.2530736505654355 0.25903466166649136 0.20704743020623664 0.44868483497591216 0.2070474294189085 0.3432896276920344 0.4486848348935708 0.4351024381173233 0.18759710214706332 0.13516962441470196
12 0.3207770578626158 0.34969139373795516 0.46280503849234 0.05277214151417507 0.3257428127149961 0.34328962811574715 0.3124736428862731 0.4399371279073157 0.1928253316131748 0.5353026347061974 0.19282533156554285 0.19760419143315663 0.052772142006114825 0.34328962771905924 0.05277214172261136 0.5353026345512193 0.3432896278115236 0.33412703155025075 0.04965062809005061 0.028708098659427923
60 0.349160665375054 0.2837847491140395 0.4300907931446746 0.06654986942713545 0.2776238072151648 0.3379758318207621 0.43580534696099826 0.40068790978582924 0.2886541383998142 0.4710368108398631 0.2886541381909679 0.3210586641480822 0.06654986984362579 0.3379758315273049 0.06654986945104036 0.471036810571273 0.3379758313616008 0.33147963621114473 0.05973221352994124 0.029553199983606775
49 0.3067343916962681 0.2772234821824755 0.1947823015590943 0.2953198170700287 0.1683094978159882 0.2590346619517924 0.40616506918110107 0.1837041862986408 0.45358419483797446 0.1976041916098369 0.4535841943971811 0.653072793749158 0.29531981793683043 0.2590346616179113 0.29531981732686857 0.19760419126476503 0.25903466150524557 0.25096485065962426 0.3113826061986067 0.15848894206302389
61 0.181671905170206 0.29751815205258886 0.2799668828209373 0.07654719319626421 0.5452833959806411 0.21858031435432074 0.6679278580401632 0.3525319334836028 0.4287484890973149 0.31247364309444126 0.42874848889817047 0.4061650691811074 0.07654719369181524 0.2185803139640445 0.07654719336560081 0.31247364278969575 0.21858031428988173 0.17827633838425658 0.09111880333547939 0.05882790224941229
52 0.1502930773111611 0.42119348565373665 0.28884292240132375 0.05431287158378093 0.8458186349592627 0.1538954495450639 0.546494094316287 0.39009174837791516 0.30610081699434966 0.33488823772338905 0.3061008167679003 0.1678037496981489 0.05431287209303622 0.1538954489434972 0.05431287159720023 0.33488823754090025 0.1538954490611423 0.12153746266171365 0.0944675346208344 0.06633593543041401
31 0.181671905170206 0.29751815205258886 0.2799668828209373 0.07654719319626421 0.5452833959806411 0.21858031435432074 0.6679278580401632 0.3525319334836028 0.4287484890973149 0.31247364309444126 0.42874848889817047 0.4061650691811074 0.07654719369181524 0.2185803139640445 0.07654719336560081 0.31247364278969575 0.21858031428988173 0.17827633838425658 0.09111880333547939 0.05882790224941229
6 0.2505875812456368 0.29092931572085784 0.5959092790976792 0.015940898522848326 0.4141138610184101 0.27204666691314544 0.35253193348360495 0.6464763004930015 0.16987391508570565 0.4399371279429736 0.16987391492421383 0.1837041862986419 0.015940899044601803 0.2720466665355322 0.01594089851715985 0.43993712773558624 0.27204666661425625 0.25970486241317975 0.0215945708401895 0.12042901652158443
30 0.37814113815933276 0.2701185384995399 0.45586027988112937 0.06516757410530132 0.22391486688037165 0.331998863665497 0.36234851432276033 0.39367246211132534 0.24625415757901684 0.4844399990274326 0.24625415737851442 0.3309026269512139 0.06516757449203031 0.3319988634084224 0.06516757415132261 0.4844399989308488 0.3319988634727335 0.4353211152836615 0.06426919784836592 0.0239064102512758
39 0.21022025503358308 0.21756364374058196 0.012858124193766153 0.6032911596449071 0.016705511395863713 0.20704743007521798 0.07654719350843422 0.015940898732268335 0.26235618047277137 0.05277214180238993 0.2623561800641928 0.29531981749500663 0.6032911599873814 0.20704743001892956 0.6032911596306471 0.05277214169157437 0.20704742970112483 0.19993012241048108 0.5724986260410688 0.2885430243230077
48 0.3067343916962681 0.2772234821824755 0.1947823015590943 0.2953198170700287 0.1683094978159882 0.2590346619517924 0.40616506918110107 0.1837041862986408 0.45358419483797446 0.1976041916098369 0.4535841943971811 0.653072793749158 0.29531981793683043 0.2590346616179113 0.29531981732686857 0.19760419126476503 0.25903466150524557 0.25096485065962426 0.3113826061986067 0.15848894206302389
1 0.44252831582497193 0.4141063520257105 0.2924533636239226 0.20704742979097002 0.1383621266978502 0.4486848352169015 0.21858031412472909 0.2720466666262236 0.253073651079722 0.3432896279792726 0.2530736505654355 0.25903466166649136 0.20704743020623664 0.44868483497591216 0.2070474294189085 0.3432896276920344 0.4486848348935708 0.4351024381173233 0.18759710214706332 0.13516962441470196
66 0.181671905170206 0.29751815205258886 0.2799668828209373 0.07654719319626421 0.5452833959806411 0.21858031435432074 0.6679278580401632 0.3525319334836028 0.4287484890973149 0.31247364309444126 0.42874848889817047 0.4061650691811074 0.07654719369181524 0.2185803139640445 0.07654719336560081 0.31247364278969575 0.21858031428988173 0.17827633838425658 0.09111880333547939 0.05882790224941229
14 0.3207770578626158 0.34969139373795516 0.46280503849234 0.05277214151417507 0.3257428127149961 0.34328962811574715 0.3124736428862731 0.4399371279073157 0.1928253316131748 0.5353026347061974 0.19282533156554285 0.19760419143315663 0.052772142006114825 0.34328962771905924 0.05277214172261136 0.5353026345512193 0.3432896278115236 0.33412703155025075 0.04965062809005061 0.028708098659427923
2 0.22549286356693668 0.39829059733819705 0.4233223503346631 0.04983697431903293 0.43301621453682554 0.3192679979056657 0.38206888490967367 0.4578175339718673 0.22549470393048268 0.5244253291816394 0.2254947038548321 0.14330966914006643 0.0498369746948637 0.31926799773518816 0.04983697438824995 0.5244253289692759 0.31926799760923014 0.2819436564221494 0.038881414091733894 0.03905646225021629
42 0.181671905170206 0.29751815205258886 0.2799668828209373 0.07654719319626421 0.5452833959806411 0.21858031435432074 0.6679278580401632 0.3525319334836028 0.4287484890973149 0.31247364309444126 0.42874848889817047 0.4061650691811074 0.07654719369181524 0.2185803139640445 0.07654719336560081 0.31247364278969575 0.21858031428988173 0.17827633838425658 0.09111880333547939 0.05882790224941229
5 0.12257385231777718 0.15053980979451997 0.10864561210789214 0.28854302414423516 0.010301184085287705 0.135169624485084 0.058827902249409814 0.12042901652158133 0.18531983691740953 0.0287080986606299 0.1853198366374188 0.15848894206302333 0.28854302455280995 0.1351696244896547 0.28854302428623024 0.028708098577744978 0.1351696244027687 0.1282459183197732 0.26213005534821954 1.203014019135974
69 0.2120649229961058 0.30150762178205665 0.14816261964834865 0.2623561803821223 0.23047193888613063 0.25307365124549963 0.4287484890164416 0.16987391496428178 0.6216028886710212 0.19282533186012937 0.6216028883756459 0.45358419468720784 0.26235618029042745 0.2530736509682189 0.2623561800502381 0.1928253315437077 0.2530736507792653 0.2265610616459072 0.19794726707502808 0.1853198367476198
55 0.5308183484106258 0.33296216684959723 0.3098260811721268 0.21022025482467913 0.1179083995158116 0.44252831616185995 0.1816719051701787 0.2505875812456508 0.21206492331744992 0.320777057913495 0.21206492284874018 0.3067343916962642 0.21022025532349894 0.4425283156627456 0.21022025491910534 0.32077705769055953 0.4425283159367064 0.46382901145184025 0.24822666529975757 0.12257385231777887
62 0.181671905170206 0.29751815205258886 0.2799668828209373 0.07654719319626421 0.5452833959806411 0.21858031435432074 0.6679278580401632 0.3525319334836028 0.4287484890973149 0.31247364309444126 0.42874848889817047 0.4061650691811074 0.07654719369181524 0.2185803139640445 0.07654719336560081 0.31247364278969575 0.21858031428988173 0.17827633838425658 0.09111880333547939 0.05882790224941229
24 0.24822666529975168 0.15223821177957791 0.02560449764175967 0.5724986255136632 0.024656872245984087 0.1875971023303802 0.09111880333547549 0.021594570840181827 0.19794726716097344 0.04965062812956498 0.19794726695627357 0.3113826061986052 0.5724986264352946 0.18759710223839485 0.5724986258817616 0.04965062809792754 0.18759710217887604 0.20483068803777993 0.7248510001674977 0.26213005534822115
46 0.25595261386691687 0.20494872626795257 0.477489441893082 0.014997254731553592 0.466398109428309 0.24774605702238017 0.5031656789072492 0.4877186004695093 0.19535640789420425 0.5206834621510793 0.19535640777189586 0.30244108695739924 0.014997254939918913 0.24774605661423596 0.01499725470014516 0.520683461762382 0.24774605657525195 0.24161294063839833 -0.0148496519375217 -0.024676811461480718
37 0.21022025503358308 0.21756364374058196 0.012858124193766153 0.6032911596449071 0.016705511395863713 0.20704743007521798 0.07654719350843422 0.015940898732268335 0.26235618047277137 0.05277214180238993 0.2623561800641928 0.29531981749500663 0.6032911599873814 0.20704743001892956 0.6032911596306471 0.05277214169157437 0.20704742970112483 0.19993012241048108 0.5724986260410688 0.2885430243230077
15 0.45897505510538156 0.24477706317879813 0.5127726050420505 0.04111755909332644 0.22209173415366068 0.3694104034262157 0.1590526082280662 0.38138750678970734 0.17078112852976635 0.5297777915994039 0.1707811285759915 0.17997660455659847 0.04111755933340504 0.3694104029427961 0.04111755906106174 0.5297777913709215 0.3694104029252593 0.41521769626302846 0.06776179679353281 0.019389523658086074
27 0.1502930773111611 0.42119348565373665 0.28884292240132375 0.05431287158378093 0.8458186349592627 0.1538954495450639 0.546494094316287 0.39009174837791516 0.30610081699434966 0.33488823772338905 0.3061008167679003 0.1678037496981489 0.05431287209303622 0.1538954489434972 0.05431287159720023 0.33488823754090025 0.1538954490611423 0.12153746266171365 0.0944675346208344 0.06633593543041401
26 0.3329621668495746 0.5226883352121542 0.2643198878790851 0.2175636436537019 0.18974755822620873 0.4141063525227236 0.297518152052582 0.2909293157208518 0.3015076219594014 0.3496913939115511 0.30150762173900986 0.2772234821824671 0.21756364405685497 0.4141063520210013 0.21756364381452406 0.34969139367457364 0.4141063519975959 0.3624632579019208 0.1522382117795719 0.15053980979452147
33 0.2120649229961058 0.30150762178205665 0.14816261964834865 0.2623561803821223 0.23047193888613063 0.25307365124549963 0.4287484890164416 0.16987391496428178 0.6216028886710212 0.19282533186012937 0.6216028883756459 0.45358419468720784 0.26235618029042745 0.2530736509682189 0.2623561800502381 0.1928253315437077 0.2530736507792653 0.2265610616459072 0.19794726707502808 0.1853198367476198
64 0.2120649229961058 0.30150762178205665 0.14816261964834865 0.2623561803821223 0.23047193888613063 0.25307365124549963 0.4287484890164416 0.16987391496428178 0.6216028886710212 0.19282533186012937 0.6216028883756459 0.45358419468720784 0.26235618029042745 0.2530736509682189 0.2623561800502381 0.1928253315437077 0.2530736507792653 0.2265610616459072 0.19794726707502808 0.1853198367476198
43 0.3067343916962681 0.2772234821824755 0.1947823015590943 0.2953198170700287 0.1683094978159882 0.2590346619517924 0.40616506918110107 0.1837041862986408 0.45358419483797446 0.1976041916098369 0.4535841943971811 0.653072793749158 0.29531981793683043 0.2590346616179113 0.29531981732686857 0.19760419126476503 0.25903466150524557 0.25096485065962426 0.3113826061986067 0.15848894206302389
29 0.15718180638632387 0.34570942289046713 -0.007560284759797659 0.6135866489477005 0.021502453129184966 0.22153722326895953 0.04251873563681956 0.0021041362440679615 0.3651064659893872 0.060438034279266604 0.36510646563230625 0.23374006479907186 0.6135866495954425 0.22153722312940424 0.6135866492473832 0.06043803416718313 0.22153722276242455 0.18669650718475264 0.3183024288250314 0.330387698554043
41 0.4143995321220205 0.18147148301609076 0.5334377187222494 0.01952888584849534 0.3214484854115387 0.24762830358435334 0.379358510745355 0.45321773432200146 0.13310372085513641 0.5258771644466574 0.13310372068569484 0.4423639765149629 0.0195288862676817 0.24762830331070365 0.019528886045532 0.5258771640997669 0.24762830339389888 0.2927897969489152 -0.006381126478305335 -0.03601302467118671
7 0.46382901145180366 0.36246325790191314 0.30086388315730017 0.19993012235017907 0.11823282189836323 0.4351024384748553 0.17827633838424659 0.2597048624131718 0.22656106181654218 0.3341270315735538 0.22656106169476686 0.2509648506596135 0.19993012263201748 0.4351024380977276 0.1999301224495107 0.33412703135839933 0.4351024381580644 0.5608652023612344 0.20483068803776458 0.12824591831976778
28 0.15718180638632387 0.34570942289046713 -0.007560284759797659 0.6135866489477005 0.021502453129184966 0.22153722326895953 0.04251873563681956 0.0021041362440679615 0.3651064659893872 0.060438034279266604 0.36510646563230625 0.23374006479907186 0.6135866495954425 0.22153722312940424 0.6135866492473832 0.06043803416718313 0.22153722276242455 0.18669650718475264 0.3183024288250314 0.330387698554043
20 0.5678618520489725 0.17917144439799004 0.5321785450600773 0.043255348818253526 0.18570530615021535 0.3607252265646394 0.09558569097945273 0.33563214005160885 0.15076150871546487 0.49559883432602214 0.15076150847762698 0.24136196065537227 0.04325534919419951 0.36072522625486114 0.04325534891406424 0.49559883413028977 0.36072522632983295 0.44772883742624753 0.0957926064248664 0.013089552115430312
45 0.4419633347536098 0.25166388323363387 0.46221384915084834 0.07098496819098044 0.22151928498701093 0.3399564169508088 0.36140268674017134 0.3825950875823948 0.23495360900402015 0.4695060747817224 0.2349536089161589 0.3842987653565234 0.07098496867869661 0.3399564167895977 0.07098496849247209 0.46950607465797 0.3399564166321776 0.3645982629311108 0.08040086062361271 0.020733978699709926
59 0.21022025503358308 0.21756364374058196 0.012858124193766153 0.6032911596449071 0.016705511395863713 0.20704743007521798 0.07654719350843422 0.015940898732268335 0.26235618047277137 0.05277214180238993 0.2623561800641928 0.29531981749500663 0.6032911599873814 0.20704743001892956 0.6032911596306471 0.05277214169157437 0.20704742970112483 0.19993012241048108 0.5724986260410688 0.2885430243230077
22 0.24822666529975168 0.15223821177957791 0.02560449764175967 0.5724986255136632 0.024656872245984087 0.1875971023303802 0.09111880333547549 0.021594570840181827 0.19794726716097344 0.04965062812956498 0.19794726695627357 0.3113826061986052 0.5724986264352946 0.18759710223839485 0.5724986258817616 0.04965062809792754 0.18759710217887604 0.20483068803777993 0.7248510001674977 0.26213005534822115
36 0.11790839951582621 0.18974755822622036 0.3265749685612313 0.016705511386600324 0.9771775594249837 0.1383621270883427 0.5452833959806467 0.4141138610184162 0.23047193895110707 0.32574281278547457 0.2304719388772129 0.1683094978159917 0.016705511610693106 0.1383621266112557 0.01670551140187224 0.32574281275370526 0.13836212652917468 0.11823282189837171 0.024656872245981863 0.010301184085292011
67 0.181671905170206 0.29751815205258886 0.2799668828209373 0.07654719319626421 0.5452833959806411 0.21858031435432074 0.6679278580401632 0.3525319334836028 0.4287484890973149 0.31247364309444126 0.42874848889817047 0.4061650691811074 0.07654719369181524 0.2185803139640445 0.07654719336560081 0.31247364278969575 0.21858031428988173 0.17827633838425658 0.09111880333547939 0.05882790224941229
68 0.2120649229961058 0.30150762178205665 0.14816261964834865 0.2623561803821223 0.23047193888613063 0.25307365124549963 0.4287484890164416 0.16987391496428178 0.6216028886710212 0.19282533186012937 0.6216028883756459 0.45358419468720784 0.26235618029042745 0.2530736509682189 0.2623561800502381 0.1928253315437077 0.2530736507792653 0.2265610616459072 0.19794726707502808 0.1853198367476198
3 0.46382901145180366 0.36246325790191314 0.30086388315730017 0.19993012235017907 0.11823282189836323 0.4351024384748553 0.17827633838424659 0.2597048624131718 0.22656106181654218 0.3341270315735538 0.22656106169476686 0.2509648506596135 0.19993012263201748 0.4351024380977276 0.1999301224495107 0.33412703135839933 0.4351024381580644 0.5608652023612344 0.20483068803776458 0.12824591831976778
23 0.24822666529975168 0.15223821177957791 0.02560449764175967 0.5724986255136632 0.024656872245984087 0.1875971023303802 0.09111880333547549 0.021594570840181827 0.19794726716097344 0.04965062812956498 0.19794726695627357 0.3113826061986052 0.5724986264352946 0.18759710223839485 0.5724986258817616 0.04965062809792754 0.18759710217887604 0.20483068803777993 0.7248510001674977 0.26213005534822115
19 0.44252831582497193 0.4141063520257105 0.2924533636239226 0.20704742979097002 0.1383621266978502 0.4486848352169015 0.21858031412472909 0.2720466666262236 0.253073651079722 0.3432896279792726 0.2530736505654355 0.25903466166649136 0.20704743020623664 0.44868483497591216 0.2070474294189085 0.3432896276920344 0.4486848348935708 0.4351024381173233 0.18759710214706332 0.13516962441470196
18 0.3207770578626158 0.34969139373795516 0.46280503849234 0.05277214151417507 0.3257428127149961 0.34328962811574715 0.3124736428862731 0.4399371279073157 0.1928253316131748 0.5353026347061974 0.19282533156554285 0.19760419143315663 0.052772142006114825 0.34328962771905924 0.05277214172261136 0.5353026345512193 0.3432896278115236 0.33412703155025075 0.04965062809005061 0.028708098659427923
53 0.15718180638632387 0.34570942289046713 -0.007560284759797659 0.6135866489477005 0.021502453129184966 0.22153722326895953 0.04251873563681956 0.0021041362440679615 0.3651064659893872 0.060438034279266604 0.36510646563230625 0.23374006479907186 0.6135866495954425 0.22153722312940424 0.6135866492473832 0.06043803416718313 0.22153722276242455 0.18669650718475264 0.3183024288250314 0.330387698554043
4 0.3098260811722074 0.2643198878791161 0.6509372830833783 0.012858124183613154 0.32657496856124324 0.2924533639597629 0.27996688282095306 0.5959092790976949 0.1481626198091972 0.46280503866930817 0.14816261963774688 0.19478230155910015 0.012858124527639117 0.29245336350105744 0.01285812412973668 0.46280503847767707 0.29245336365375385 0.30086388315731744 0.02560449764175029 0.10864561210789367
50 0.47513925598837436 0.2521471150889735 0.51018323302552 0.05028322771725996 0.22037260086484087 0.35949803604259317 0.18769856883956038 0.3845787561414231 0.1598873641147967 0.5196726833245571 0.15988736384995272 0.24393126563618822 0.050283228214305496 0.35949803564292554 0.0502832280489336 0.519672682902159 0.35949803553016507 0.40636406991760765 0.07607957982123587 0.017219558496266562
21 0.2503686784489625 0.15128160140273073 0.5212112911960303 0.00542500112315075 0.5350285940310753 0.18603362419594638 0.40973440779392223 0.5321840385825066 0.07546038578920572 0.5559841949273386 0.07546038575066154 0.3329673036218535 0.005425001415783667 0.1860336237681013 0.0054250010627829165 0.5559841946539614 0.1860336240200608 0.2023614375391867 -0.06700998594671888 -0.05522185768754066
32 0.181671905170206 0.29751815205258886 0.2799668828209373 0.07654719319626421 0.5452833959806411 0.21858031435432074 0.6679278580401632 0.3525319334836028 0.4287484890973149 0.31247364309444126 0.42874848889817047 0.4061650691811074 0.07654719369181524 0.2185803139640445 0.07654719336560081 0.31247364278969575 0.21858031428988173 0.17827633838425658 0.09111880333547939 0.05882790224941229
57 0.21022025503358308 0.21756364374058196 0.012858124193766153 0.6032911596449071 0.016705511395863713 0.20704743007521798 0.07654719350843422 0.015940898732268335 0.26235618047277137 0.05277214180238993 0.2623561800641928 0.29531981749500663 0.6032911599873814 0.20704743001892956 0.6032911596306471 0.05277214169157437 0.20704742970112483 0.19993012241048108 0.5724986260410688 0.2885430243230077
47 0.181671905170206 0.29751815205258886 0.2799668828209373 0.07654719319626421 0.5452833959806411 0.21858031435432074 0.6679278580401632 0.3525319334836028 0.4287484890973149 0.31247364309444126 0.42874848889817047 0.4061650691811074 0.07654719369181524 0.2185803139640445 0.07654719336560081 0.31247364278969575 0.21858031428988173 0.17827633838425658 0.09111880333547939 0.05882790224941229
56 0.11790839951582621 0.18974755822622036 0.3265749685612313 0.016705511386600324 0.9771775594249837 0.1383621270883427 0.5452833959806467 0.4141138610184162 0.23047193895110707 0.32574281278547457 0.2304719388772129 0.1683094978159917 0.016705511610693106 0.1383621266112557 0.01670551140187224 0.32574281275370526 0.13836212652917468 0.11823282189837171 0.024656872245981863 0.010301184085292011
25 0.3329621668495746 0.5226883352121542 0.2643198878790851 0.2175636436537019 0.18974755822620873 0.4141063525227236 0.297518152052582 0.2909293157208518 0.3015076219594014 0.3496913939115511 0.30150762173900986 0.2772234821824671 0.21756364405685497 0.4141063520210013 0.21756364381452406 0.34969139367457364 0.4141063519975959 0.3624632579019208 0.1522382117795719 0.15053980979452147
38 0.21022025503358308 0.21756364374058196 0.012858124193766153 0.6032911596449071 0.016705511395863713 0.20704743007521798 0.07654719350843422 0.015940898732268335 0.26235618047277137 0.05277214180238993 0.2623561800641928 0.29531981749500663 0.6032911599873814 0.20704743001892956 0.6032911596306471 0.05277214169157437 0.20704742970112483 0.19993012241048108 0.5724986260410688 0.2885430243230077
40 0.4419633347536098 0.25166388323363387 0.46221384915084834 0.07098496819098044 0.22151928498701093 0.3399564169508088 0.36140268674017134 0.3825950875823948 0.23495360900402015 0.4695060747817224 0.2349536089161589 0.3842987653565234 0.07098496867869661 0.3399564167895977 0.07098496849247209 0.46950607465797 0.3399564166321776 0.3645982629311108 0.08040086062361271 0.020733978699709926
11 0.44252831582497193 0.4141063520257105 0.2924533636239226 0.20704742979097002 0.1383621266978502 0.4486848352169015 0.21858031412472909 0.2720466666262236 0.253073651079722 0.3432896279792726 0.2530736505654355 0.25903466166649136 0.20704743020623664 0.44868483497591216 0.2070474294189085 0.3432896276920344 0.4486848348935708 0.4351024381173233 0.18759710214706332 0.13516962441470196
34 0.2120649229961058 0.30150762178205665 0.14816261964834865 0.2623561803821223 0.23047193888613063 0.25307365124549963 0.4287484890164416 0.16987391496428178 0.6216028886710212 0.19282533186012937 0.6216028883756459 0.45358419468720784 0.26235618029042745 0.2530736509682189 0.2623561800502381 0.1928253315437077 0.2530736507792653 0.2265610616459072 0.19794726707502808 0.1853198367476198
44 0.3067343916962681 0.2772234821824755 0.1947823015590943 0.2953198170700287 0.1683094978159882 0.2590346619517924 0.40616506918110107 0.1837041862986408 0.45358419483797446 0.1976041916098369 0.4535841943971811 0.653072793749158 0.29531981793683043 0.2590346616179113 0.29531981732686857 0.19760419126476503 0.25903466150524557 0.25096485065962426 0.3113826061986067 0.15848894206302389
0 0.3207770578626158 0.34969139373795516 0.46280503849234 0.05277214151417507 0.3257428127149961 0.34328962811574715 0.3124736428862731 0.4399371279073157 0.1928253316131748 0.5353026347061974 0.19282533156554285 0.19760419143315663 0.052772142006114825 0.34328962771905924 0.05277214172261136 0.5353026345512193 0.3432896278115236 0.33412703155025075 0.04965062809005061 0.028708098659427923
51 0.44252831582497193 0.4141063520257105 0.2924533636239226 0.20704742979097002 0.1383621266978502 0.4486848352169015 0.21858031412472909 0.2720466666262236 0.253073651079722 0.3432896279792726 0.2530736505654355 0.25903466166649136 0.20704743020623664 0.44868483497591216 0.2070474294189085 0.3432896276920344 0.4486848348935708 0.4351024381173233 0.18759710214706332 0.13516962441470196
17 0.44252831582497193 0.4141063520257105 0.2924533636239226 0.20704742979097002 0.1383621266978502 0.4486848352169015 0.21858031412472909 0.2720466666262236 0.253073651079722 0.3432896279792726 0.2530736505654355 0.25903466166649136 0.20704743020623664 0.44868483497591216 0.2070474294189085 0.3432896276920344 0.4486848348935708 0.4351024381173233 0.18759710214706332 0.13516962441470196
58 0.21022025503358308 0.21756364374058196 0.012858124193766153 0.6032911596449071 0.016705511395863713 0.20704743007521798 0.07654719350843422 0.015940898732268335 0.26235618047277137 0.05277214180238993 0.2623561800641928 0.29531981749500663 0.6032911599873814 0.20704743001892956 0.6032911596306471 0.05277214169157437 0.20704742970112483 0.19993012241048108 0.5724986260410688 0.2885430243230077
63 0.2120649229961058 0.30150762178205665 0.14816261964834865 0.2623561803821223 0.23047193888613063 0.25307365124549963 0.4287484890164416 0.16987391496428178 0.6216028886710212 0.19282533186012937 0.6216028883756459 0.45358419468720784 0.26235618029042745 0.2530736509682189 0.2623561800502381 0.1928253315437077 0.2530736507792653 0.2265610616459072 0.19794726707502808 0.1853198367476198
16 0.4000257970074366 0.29480297414946166 0.4926104856772207 0.04826915370821853 0.25961961003396145 0.3596531416106964 0.23240299065526135 0.4112922093888399 0.17684504568178877 0.5354302420430378 0.1768450455916156 0.19981473469384214 0.048269154180181885 0.359653141239103 0.04826915388315207 0.5354302417507358 0.35965314122073555 0.37989338108555976 0.059377439923768656 0.022554905980223527
10 0.3207770578626158 0.34969139373795516 0.46280503849234 0.05277214151417507 0.3257428127149961 0.34328962811574715 0.3124736428862731 0.4399371279073157 0.1928253316131748 0.5353026347061974 0.19282533156554285 0.19760419143315663 0.052772142006114825 0.34328962771905924 0.05277214172261136 0.5353026345512193 0.3432896278115236 0.33412703155025075 0.04965062809005061 0.028708098659427923
13 0.44252831582497193 0.4141063520257105 0.2924533636239226 0.20704742979097002 0.1383621266978502 0.4486848352169015 0.21858031412472909 0.2720466666262236 0.253073651079722 0.3432896279792726 0.2530736505654355 0.25903466166649136 0.20704743020623664 0.44868483497591216 0.2070474294189085 0.3432896276920344 0.4486848348935708 0.4351024381173233 0.18759710214706332 0.13516962441470196
65 0.349160665375054 0.2837847491140395 0.4300907931446746 0.06654986942713545 0.2776238072151648 0.3379758318207621 0.43580534696099826 0.40068790978582924 0.2886541383998142 0.4710368108398631 0.2886541381909679 0.3210586641480822 0.06654986984362579 0.3379758315273049 0.06654986945104036 0.471036810571273 0.3379758313616008 0.33147963621114473 0.05973221352994124 0.029553199983606775
54 0.15718180638632387 0.34570942289046713 -0.007560284759797659 0.6135866489477005 0.021502453129184966 0.22153722326895953 0.04251873563681956 0.0021041362440679615 0.3651064659893872 0.060438034279266604 0.36510646563230625 0.23374006479907186 0.6135866495954425 0.22153722312940424 0.6135866492473832 0.06043803416718313 0.22153722276242455 0.18669650718475264 0.3183024288250314 0.330387698554043
