8 0.0169699305094266 0.02376320201778799 0.38466873309938826 0.26132520679582794 0.506160735858092 0.4864760874687947 0.4054872432099397 0.35324333955437237 0.30803511015311896 0.36951619815720327 0.3532433387472628 0.308035109657224 0.016969931050091563 0.1558614321116357 0.226889854034242 0.2566515786358901 0.25621325295779773 0.15586143091150917 0.27443170244026627 0.49249678592950447
35 0.10246120537059886 0.04040048437553056 0.40654943492637574 0.3127668217984682 0.34569250963726944 0.3253838590147252 0.3517034884378676 0.4163610880509913 0.278903264947044 0.306595257313758 0.4163610878449724 0.27890326425698186 0.10246120723320404 0.359577104417314 0.27914087387337067 0.2703307925589269 0.3576403524901885 0.359577104290442 0.3344697723104843 0.3378951200390487
1 0.2579649095274417 0.2536520946951878 0.31382691457052936 0.489168759073251 0.2562132529577973 0.25013821177207307 0.3439177927618152 0.2622441570785258 0.1859626689592372 0.13256062092144924 0.2622441564202373 0.18596266859610103 0.25796491026017804 0.30152314284742615 0.41808935952206067 0.5094678672725472 0.506424687123453 0.3015231417055274 0.18490384318575448 0.2952575923394606
49 0.2459784149183159 0.2410842293958638 0.3037431869789045 0.5853876427950263 0.2613252067958241 0.27113683055756027 0.3517329255579193 0.2551046561108099 0.17151804769470855 0.10845935886170464 0.25510465549255956 0.17151804747182559 0.24597841549942254 0.2509440265736752 0.38302872722580655 0.5292877106770059 0.48916875907325347 0.25094402522552806 0.1721936519461304 0.3129070362296581
47 0.7172358154943324 0.6578285223374284 0.07408376927719541 0.24597841524154207 0.01696993077803871 0.019733231628236106 0.07337762799264247 0.07710986606081946 0.0419635837543232 -0.013904318429172719 0.07710986571574485 0.041963583494793025 0.717235816905058 0.34744987431627644 0.2763170561550524 0.24349400740755675 0.2579649100321648 0.34744987371626235 0.08269645793924958 0.01663754978918067
69 0.24861845121435228 0.2692836443086541 0.2929159743605012 0.5199367506037981 0.25939472654656043 0.24886501700005412 0.3438848648658617 0.2366833074632877 0.1764042213143526 0.12578540911822536 0.23668330679849434 0.17640422086950033 0.24861845187870163 0.2723678983575043 0.3681762580100536 0.5733645478175626 0.5128594670084948 0.2723678972678165 0.15810134523958858 0.33085461837658764
11 0.2579649095274417 0.2536520946951878 0.31382691457052936 0.489168759073251 0.2562132529577973 0.25013821177207307 0.3439177927618152 0.2622441570785258 0.1859626689592372 0.13256062092144924 0.2622441564202373 0.18596266859610103 0.25796491026017804 0.30152314284742615 0.41808935952206067 0.5094678672725472 0.506424687123453 0.3015231417055274 0.18490384318575448 0.2952575923394606
62 0.019733231502722843 0.03495186009653663 0.3277283980570223 0.27113683055755566 0.4864760874687874 0.6202074037353846 0.3330530917446891 0.29900746547530344 0.3253832551906957 0.35989111091326487 0.2990074647227325 0.32538325465494505 0.01973323175013256 0.22565275236284604 0.22801474251867532 0.24903481372023928 0.2501382117720769 0.2256527510566286 0.2583987950257589 0.4685833930274541
27 0.08269645765498819 0.06841883393723414 0.3570441347680777 0.1721936519461385 0.27443170244027526 0.2583987950257455 0.2827970691251882 0.47204256560364916 0.3100290891296841 0.451183877596792 0.4720425649957787 0.310029088728073 0.0826964581145769 0.27058617871231666 0.32925330665337366 0.14043025289940234 0.18490384318576494 0.27058617740469615 0.6456168102254514 0.18822705874485804
38 0.4262282705703867 0.06789114531320835 0.16139851868534733 0.27552314329943217 0.12210094818995217 0.13676205504152064 0.09557900376240777 0.37914341311590766 0.1829639646823257 0.04569392035678183 0.3791434132040946 0.18296396361404052 0.4262282763350114 0.6372482296249383 0.25727042402901434 0.2293356499692934 0.20476650048967918 0.6372482308168873 0.37039000779946324 0.1239261753560501
6 0.07337762771732521 0.07126135158832377 0.42950013687628197 0.3517329255578846 0.4054872432099062 0.33305309174467984 0.4594682805580646 0.387417931581232 0.25888535554372416 0.29024146190129435 0.38741793115043077 0.2588853550739444 0.07337762810777124 0.19041498637884402 0.32824186648790293 0.3347136673112224 0.34391779276182505 0.19041498489236489 0.2827970691251221 0.4248499594652998
34 0.24349400697405657 0.3015009742247871 0.27084812563683214 0.5292877106770079 0.2566515786358837 0.2490348137202605 0.3347136673112742 0.20201017514439568 0.17272314510048856 0.13359731811794182 0.20201017461986304 0.17272314487809756 0.24349400774585028 0.270983211906485 0.32336066545332587 0.6162736340128074 0.5094678672725647 0.27098321064316105 0.14043025289941155 0.35702155293992505
39 0.4262282705703867 0.06789114531320835 0.16139851868534733 0.27552314329943217 0.12210094818995217 0.13676205504152064 0.09557900376240777 0.37914341311590766 0.1829639646823257 0.04569392035678183 0.3791434132040946 0.18296396361404052 0.4262282763350114 0.6372482296249383 0.25727042402901434 0.2293356499692934 0.20476650048967918 0.6372482308168873 0.37039000779946324 0.1239261753560501
58 0.7172358154943324 0.6578285223374284 0.07408376927719541 0.24597841524154207 0.01696993077803871 0.019733231628236106 0.07337762799264247 0.07710986606081946 0.0419635837543232 -0.013904318429172719 0.07710986571574485 0.041963583494793025 0.717235816905058 0.34744987431627644 0.2763170561550524 0.24349400740755675 0.2579649100321648 0.34744987371626235 0.08269645793924958 0.01663754978918067
50 0.2540442663871759 0.31579235967421915 0.2836743944747824 0.4942422279334168 0.25214711159438497 0.2554781303229449 0.3283146847741923 0.202492404467555 0.18458217492435974 0.15490581610938617 0.2024924038112374 0.18458217461992404 0.25404426668366603 0.31969555077708806 0.3559423704600871 0.5617835785090757 0.5070530754956686 0.31969554942589995 0.15190208006301104 0.3298039215943848
60 0.2579649095274417 0.2536520946951878 0.31382691457052936 0.489168759073251 0.2562132529577973 0.25013821177207307 0.3439177927618152 0.2622441570785258 0.1859626689592372 0.13256062092144924 0.2622441564202373 0.18596266859610103 0.25796491026017804 0.30152314284742615 0.41808935952206067 0.5094678672725472 0.506424687123453 0.3015231417055274 0.18490384318575448 0.2952575923394606
51 -0.013904318638944396 0.004441839126976415 0.3350984305953538 0.10845935886170044 0.36951619815718617 0.3598911109132639 0.29024146190132244 0.3650382663012142 0.35748495158107446 0.7503317711742693 0.36503826562971764 0.3574849512315369 -0.013904318353834813 0.21912597812139695 0.1339767735759713 0.1335973181179374 0.13256062092145546 0.2191259769625891 0.45118387759678596 0.29524742979219387
48 0.7172358154943324 0.6578285223374284 0.07408376927719541 0.24597841524154207 0.01696993077803871 0.019733231628236106 0.07337762799264247 0.07710986606081946 0.0419635837543232 -0.013904318429172719 0.07710986571574485 0.041963583494793025 0.717235816905058 0.34744987431627644 0.2763170561550524 0.24349400740755675 0.2579649100321648 0.34744987371626235 0.08269645793924958 0.01663754978918067
37 0.13420688925624477 0.020079999580609024 0.23393712702859912 0.18062652925055267 0.18384088638047377 0.2346303753924578 0.13532851086616507 0.4484380982843526 0.3004171731696856 0.38926127826461043 0.4484380981062207 0.30041717230653386 0.1342068918265066 0.5252659932171487 0.17564710662880736 0.1491032869818327 0.20826098833593526 0.5252659938063018 0.5936850331169299 0.15482695386694947
44 0.7172358154943324 0.6578285223374284 0.07408376927719541 0.24597841524154207 0.01696993077803871 0.019733231628236106 0.07337762799264247 0.07710986606081946 0.0419635837543232 -0.013904318429172719 0.07710986571574485 0.041963583494793025 0.717235816905058 0.34744987431627644 0.2763170561550524 0.24349400740755675 0.2579649100321648 0.34744987371626235 0.08269645793924958 0.01663754978918067
5 0.0742042383022473 0.07423819683804295 0.38747437467439527 0.41410994985077176 0.4187322448371623 0.32584838703561564 0.48222588770506264 0.3302660924999873 0.23147734301560613 0.22950756362995556 0.3302660919132349 0.23147734270668513 0.07420423881503066 0.162992173805177 0.2747935015218719 0.4293772926174916 0.3698725036144907 0.16299217228368207 0.2062153287601822 0.5267517550059639
21 0.04196358339982388 0.04729236752024066 0.27663099557176013 0.1715180475042088 0.3080351099100885 0.32538325491129927 0.2588853553675677 0.28752228796795337 0.6890360594729866 0.3574849513867052 0.28752228761969106 0.6890360591467258 0.04196358371231748 0.22253732627351736 0.20728233229905949 0.17272314505979816 0.18596266876793416 0.22253732514140293 0.31002908892360853 0.27440253766247374
30 0.08522948666681793 0.10827546458223793 0.3169529002844481 0.39018311029430497 0.44233900786081126 0.4796049562205355 0.3677850618757416 0.2707855434849591 0.26406916261133206 0.20936667015641697 0.2707855430328615 0.26406916205181885 0.0852294869652126 0.2220212391435549 0.28292624226241314 0.42587443490737564 0.38697499961050014 0.22202123801647683 0.2040209750644893 0.5263810108788245
65 0.2643087183375863 0.19605469780109602 0.3391723502221772 0.4606975594891289 0.2509927641180438 0.2411617779958254 0.3500277143897694 0.3217340093860649 0.19128107024490307 0.11862561930292302 0.3217340086912771 0.1912810697626737 0.26430871914359466 0.30093020105237894 0.4859748535890214 0.4338678379319055 0.48224428085849647 0.3009301997965396 0.23874505380595487 0.24801399495032853
22 0.04196358339982388 0.04729236752024066 0.27663099557176013 0.1715180475042088 0.3080351099100885 0.32538325491129927 0.2588853553675677 0.28752228796795337 0.6890360594729866 0.3574849513867052 0.28752228761969106 0.6890360591467258 0.04196358371231748 0.22253732627351736 0.20728233229905949 0.17272314505979816 0.18596266876793416 0.22253732514140293 0.31002908892360853 0.27440253766247374
56 0.2579649095274417 0.2536520946951878 0.31382691457052936 0.489168759073251 0.2562132529577973 0.25013821177207307 0.3439177927618152 0.2622441570785258 0.1859626689592372 0.13256062092144924 0.2622441564202373 0.18596266859610103 0.25796491026017804 0.30152314284742615 0.41808935952206067 0.5094678672725472 0.506424687123453 0.3015231417055274 0.18490384318575448 0.2952575923394606
4 0.07337762771732521 0.07126135158832377 0.42950013687628197 0.3517329255578846 0.4054872432099062 0.33305309174467984 0.4594682805580646 0.387417931581232 0.25888535554372416 0.29024146190129435 0.38741793115043077 0.2588853550739444 0.07337762810777124 0.19041498637884402 0.32824186648790293 0.3347136673112224 0.34391779276182505 0.19041498489236489 0.2827970691251221 0.4248499594652998
46 0.026546982612149394 0.02574659870196817 0.25377857680633503 0.12179638458475411 0.291917585326185 0.2587475685493111 0.23150806997023937 0.4628275271649255 0.337363778800078 0.6508223347909026 0.4628275268089295 0.3373637783015106 0.02654698198824186 0.20859429456982395 0.14342954042067912 0.09481647458669344 0.13564904589960014 0.20859429379622535 0.6720846385415415 0.21533943445809178
25 0.2763170559188464 0.17421835589634346 0.3519137324886244 0.38302872722579817 0.22688985403424355 0.2280147425186725 0.32824186648794546 0.35796306922626187 0.20728233257271994 0.13397677357597662 0.357963068377387 0.20728233207520885 0.27631705628377856 0.35252636661098996 0.5515562310057953 0.32336066545330233 0.4180893595220536 0.35252636539121446 0.3292533066533713 0.18571389633287422
28 0.2643087183375863 0.19605469780109602 0.3391723502221772 0.4606975594891289 0.2509927641180438 0.2411617779958254 0.3500277143897694 0.3217340093860649 0.19128107024490307 0.11862561930292302 0.3217340086912771 0.1912810697626737 0.26430871914359466 0.30093020105237894 0.4859748535890214 0.4338678379319055 0.48224428085849647 0.3009301997965396 0.23874505380595487 0.24801399495032853
0 0.01290962037858576 0.017411366269541997 0.43403817801767974 0.2861205189771924 0.4651768479983128 0.386300194849003 0.48215435221751946 0.39263525324196386 0.28571476141896823 0.4149282047239686 0.3926352522870958 0.28571476114499633 0.01290962042251801 0.1302967320138644 0.2124601375296592 0.22786719416459691 0.22436878642383554 0.13029673045143444 0.2924416027550645 0.4682951808170588
45 0.24861845121435228 0.2692836443086541 0.2929159743605012 0.5199367506037981 0.25939472654656043 0.24886501700005412 0.3438848648658617 0.2366833074632877 0.1764042213143526 0.12578540911822536 0.23668330679849434 0.17640422086950033 0.24861845187870163 0.2723678983575043 0.3681762580100536 0.5733645478175626 0.5128594670084948 0.2723678972678165 0.15810134523958858 0.33085461837658764
13 0.2643087183375863 0.19605469780109602 0.3391723502221772 0.4606975594891289 0.2509927641180438 0.2411617779958254 0.3500277143897694 0.3217340093860649 0.19128107024490307 0.11862561930292302 0.3217340086912771 0.1912810697626737 0.26430871914359466 0.30093020105237894 0.4859748535890214 0.4338678379319055 0.48224428085849647 0.3009301997965396 0.23874505380595487 0.24801399495032853
43 0.3474498735055459 0.33717622453683865 0.21162548753643529 0.25094402595601367 0.15586143143567577 0.22565275167967092 0.19041498550029642 0.20922495971018437 0.2225373257217059 0.21912597747669954 0.20922495883107944 0.22253732542393476 0.34744987431026186 0.6324354027933266 0.35252636602048537 0.27098321126898056 0.301523142411214 0.63243540159488 0.27058617804319385 0.17099798594954285
40 0.016637549485031933 0.018969752223535252 0.3527603594723061 0.31290703622964067 0.49249678592949664 0.46858339302746543 0.4248499594653552 0.2773267500077665 0.27440253783951607 0.2952474297922043 0.27732674941166735 0.27440253737498976 0.016637549890657688 0.17099798652064813 0.18571389633286728 0.357021552939889 0.29525759233947113 0.17099798552407286 0.1882270587448751 0.6320513766551699
53 0.6578285218337251 0.7977439618520358 0.06963629276741341 0.24108422939586155 0.02376320201777644 0.03495186009653461 0.07126135158829736 0.05379960544525463 0.04729236762677383 0.004441839126981627 0.05379960493691171 0.04729236739509895 0.6578285224978663 0.3371762247416339 0.1742183558963441 0.30150097422477473 0.2536520946951737 0.33717622410366377 0.06841883393720083 0.01896975222354233
32 0.6578285218337251 0.7977439618520358 0.06963629276741341 0.24108422939586155 0.02376320201777644 0.03495186009653461 0.07126135158829736 0.05379960544525463 0.04729236762677383 0.004441839126981627 0.05379960493691171 0.04729236739509895 0.6578285224978663 0.3371762247416339 0.1742183558963441 0.30150097422477473 0.2536520946951737 0.33717622410366377 0.06841883393720083 0.01896975222354233
31 -0.009919532232755546 -0.007174185891397752 0.38556276655139976 0.17691596182209599 0.5091367961051927 0.4797119102656574 0.3813201763484308 0.3613429723371192 0.3329586713438636 0.5202425218027236 0.3613429717369049 0.3329586708593611 -0.009919531436188386 0.1349591281543188 0.16510766067417135 0.18274146772910235 0.17574597779777584 0.13495912713176506 0.3027078418896408 0.45995893758772044
16 0.07710986564159499 0.05379960514445771 0.4222412680740167 0.25510465571111723 0.3532433391220762 0.29900746504837605 0.3874179312602859 0.4764323042661991 0.2875222877704434 0.36503826588625116 0.47643230375608103 0.28752228749718367 0.0771098660134101 0.20922495980325967 0.3579630687926131 0.20201017485485723 0.2622441566711871 0.2092249586661399 0.4720425652336999 0.2773267496076154
20 0.044769503376646834 0.039559141010908246 0.387215857696536 0.37990007651200236 0.3968146077363819 0.333592038967532 0.4738750956465207 0.2897840798635807 0.4008294644327585 0.2526049022928327 0.2897840793028873 0.4008294642025177 0.0447695037477074 0.1809282724230237 0.202161030571502 0.3465408214790468 0.30774271388122 0.18092827113771867 0.17697127412665817 0.536766045712654
19 0.2579649095274417 0.2536520946951878 0.31382691457052936 0.489168759073251 0.2562132529577973 0.25013821177207307 0.3439177927618152 0.2622441570785258 0.1859626689592372 0.13256062092144924 0.2622441564202373 0.18596266859610103 0.25796491026017804 0.30152314284742615 0.41808935952206067 0.5094678672725472 0.506424687123453 0.3015231417055274 0.18490384318575448 0.2952575923394606
9 0.24861845121435228 0.2692836443086541 0.2929159743605012 0.5199367506037981 0.25939472654656043 0.24886501700005412 0.3438848648658617 0.2366833074632877 0.1764042213143526 0.12578540911822536 0.23668330679849434 0.17640422086950033 0.24861845187870163 0.2723678983575043 0.3681762580100536 0.5733645478175626 0.5128594670084948 0.2723678972678165 0.15810134523958858 0.33085461837658764
23 0.5836369715197751 0.518923043221282 0.06594416001599172 0.32285208075374927 -0.11147223562341928 -0.0896076455271024 0.01872468317460124 0.05096576746840875 0.4157357829429572 -0.15609004764847412 0.050965767423763 0.4157357826565205 0.583636974104749 0.2437214759272803 0.1935579631320641 0.1434913030385824 0.13187915480767845 0.24372147626358254 -0.02106471889508869 0.023014565929043926
55 0.07408376899586723 0.06963629276736216 0.4392853334663322 0.30374318697888086 0.3846687330993295 0.327728398057002 0.42950013687633054 0.4222412683645518 0.2766309957208323 0.3350984305953561 0.42224126802756695 0.2766309954297325 0.07408376939860063 0.21162548824112573 0.3519137324886064 0.2708481256367831 0.31382691457052225 0.21162548702541037 0.3570441347681135 0.3527603594723355
57 0.0009539829160651827 0.06707481527407791 0.4101852499753226 0.16794285910921772 0.3695499730341672 0.4058372557116541 0.3498504990810593 0.266064719505396 0.3430897096836889 0.6291099061320331 0.2660647185806941 0.34308970941014183 0.0009539839941346014 0.3234217417066149 0.23377939897806213 0.24416733785094222 0.20738007748365253 0.3234217397734309 0.32624439548081463 0.3592370426222189
26 0.2763170559188464 0.17421835589634346 0.3519137324886244 0.38302872722579817 0.22688985403424355 0.2280147425186725 0.32824186648794546 0.35796306922626187 0.20728233257271994 0.13397677357597662 0.357963068377387 0.20728233207520885 0.27631705628377856 0.35252636661098996 0.5515562310057953 0.32336066545330233 0.4180893595220536 0.35252636539121446 0.3292533066533713 0.18571389633287422
67 0.012850960469306609 0.029141322011088985 0.4168999717448557 0.1874475108348579 0.4119650409401334 0.35021843264300206 0.38525777659935784 0.4270623323266247 0.3225348548604729 0.5452059035654955 0.42706233157123547 0.32253485443397023 0.012850961024407966 0.17790801134456918 0.22030825560452996 0.16976076648199012 0.20186269116363215 0.1779080101735029 0.4187797256940361 0.34949818508444874
68 0.7172358154943324 0.6578285223374284 0.07408376927719541 0.24597841524154207 0.01696993077803871 0.019733231628236106 0.07337762799264247 0.07710986606081946 0.0419635837543232 -0.013904318429172719 0.07710986571574485 0.041963583494793025 0.717235816905058 0.34744987431627644 0.2763170561550524 0.24349400740755675 0.2579649100321648 0.34744987371626235 0.08269645793924958 0.01663754978918067
33 0.24349400697405657 0.3015009742247871 0.27084812563683214 0.5292877106770079 0.2566515786358837 0.2490348137202605 0.3347136673112742 0.20201017514439568 0.17272314510048856 0.13359731811794182 0.20201017461986304 0.17272314487809756 0.24349400774585028 0.270983211906485 0.32336066545332587 0.6162736340128074 0.5094678672725647 0.27098321064316105 0.14043025289941155 0.35702155293992505
14 0.07408376899586723 0.06963629276736216 0.4392853334663322 0.30374318697888086 0.3846687330993295 0.327728398057002 0.42950013687633054 0.4222412683645518 0.2766309957208323 0.3350984305953561 0.42224126802756695 0.2766309954297325 0.07408376939860063 0.21162548824112573 0.3519137324886064 0.2708481256367831 0.31382691457052225 0.21162548702541037 0.3570441347681135 0.3527603594723355
24 0.5836369715197751 0.518923043221282 0.06594416001599172 0.32285208075374927 -0.11147223562341928 -0.0896076455271024 0.01872468317460124 0.05096576746840875 0.4157357829429572 -0.15609004764847412 0.050965767423763 0.4157357826565205 0.583636974104749 0.2437214759272803 0.1935579631320641 0.1434913030385824 0.13187915480767845 0.24372147626358254 -0.02106471889508869 0.023014565929043926
41 0.3474498735055459 0.33717622453683865 0.21162548753643529 0.25094402595601367 0.15586143143567577 0.22565275167967092 0.19041498550029642 0.20922495971018437 0.2225373257217059 0.21912597747669954 0.20922495883107944 0.22253732542393476 0.34744987431026186 0.6324354027933266 0.35252636602048537 0.27098321126898056 0.301523142411214 0.63243540159488 0.27058617804319385 0.17099798594954285
2 0.07710986564159499 0.05379960514445771 0.4222412680740167 0.25510465571111723 0.3532433391220762 0.29900746504837605 0.3874179312602859 0.4764323042661991 0.2875222877704434 0.36503826588625116 0.47643230375608103 0.28752228749718367 0.0771098660134101 0.20922495980325967 0.3579630687926131 0.20201017485485723 0.2622441566711871 0.2092249586661399 0.4720425652336999 0.2773267496076154
36 0.13420688925624477 0.020079999580609024 0.23393712702859912 0.18062652925055267 0.18384088638047377 0.2346303753924578 0.13532851086616507 0.4484380982843526 0.3004171731696856 0.38926127826461043 0.4484380981062207 0.30041717230653386 0.1342068918265066 0.5252659932171487 0.17564710662880736 0.1491032869818327 0.20826098833593526 0.5252659938063018 0.5936850331169299 0.15482695386694947
59 0.7172358154943324 0.6578285223374284 0.07408376927719541 0.24597841524154207 0.01696993077803871 0.019733231628236106 0.07337762799264247 0.07710986606081946 0.0419635837543232 -0.013904318429172719 0.07710986571574485 0.041963583494793025 0.717235816905058 0.34744987431627644 0.2763170561550524 0.24349400740755675 0.2579649100321648 0.34744987371626235 0.08269645793924958 0.01663754978918067
3 0.2643087183375863 0.19605469780109602 0.3391723502221772 0.4606975594891289 0.2509927641180438 0.2411617779958254 0.3500277143897694 0.3217340093860649 0.19128107024490307 0.11862561930292302 0.3217340086912771 0.1912810697626737 0.26430871914359466 0.30093020105237894 0.4859748535890214 0.4338678379319055 0.48224428085849647 0.3009301997965396 0.23874505380595487 0.24801399495032853
15 0.2643087183375863 0.19605469780109602 0.3391723502221772 0.4606975594891289 0.2509927641180438 0.2411617779958254 0.3500277143897694 0.3217340093860649 0.19128107024490307 0.11862561930292302 0.3217340086912771 0.1912810697626737 0.26430871914359466 0.30093020105237894 0.4859748535890214 0.4338678379319055 0.48224428085849647 0.3009301997965396 0.23874505380595487 0.24801399495032853
54 0.6578285218337251 0.7977439618520358 0.06963629276741341 0.24108422939586155 0.02376320201777644 0.03495186009653461 0.07126135158829736 0.05379960544525463 0.04729236762677383 0.004441839126981627 0.05379960493691171 0.04729236739509895 0.6578285224978663 0.3371762247416339 0.1742183558963441 0.30150097422477473 0.2536520946951737 0.33717622410366377 0.06841883393720083 0.01896975222354233
10 0.016257358623616342 0.01712124067281848 0.4126428631908386 0.204917580465458 0.4299955036664973 0.3343277216664762 0.40739920433962135 0.46271133095406974 0.3086999109878396 0.4972616570909667 0.4627113303305997 0.3086999106507821 0.01625735890767024 0.13261334719982612 0.2139519583996249 0.16484964655056777 0.20060305396148567 0.13261334637095318 0.41708911425502865 0.3683419210841116
12 0.07710986564159499 0.05379960514445771 0.4222412680740167 0.25510465571111723 0.3532433391220762 0.29900746504837605 0.3874179312602859 0.4764323042661991 0.2875222877704434 0.36503826588625116 0.47643230375608103 0.28752228749718367 0.0771098660134101 0.20922495980325967 0.3579630687926131 0.20201017485485723 0.2622441566711871 0.2092249586661399 0.4720425652336999 0.2773267496076154
63 0.08449670685155249 0.08637382540157738 0.3264871240386105 0.41873225597949515 0.4511144728325631 0.43270807188051236 0.40798107173253767 0.2926359397917842 0.25007004645256714 0.18698550389089344 0.2926359390890368 0.25007004596424326 0.08449670715052315 0.18633498087274683 0.26982029649625067 0.4329640887918454 0.38483766611327114 0.18633497959331952 0.2071596550632944 0.5349461926382971
17 0.2643087183375863 0.19605469780109602 0.3391723502221772 0.4606975594891289 0.2509927641180438 0.2411617779958254 0.3500277143897694 0.3217340093860649 0.19128107024490307 0.11862561930292302 0.3217340086912771 0.1912810697626737 0.26430871914359466 0.30093020105237894 0.4859748535890214 0.4338678379319055 0.48224428085849647 0.3009301997965396 0.23874505380595487 0.24801399495032853
64 0.7172358154943324 0.6578285223374284 0.07408376927719541 0.24597841524154207 0.01696993077803871 0.019733231628236106 0.07337762799264247 0.07710986606081946 0.0419635837543232 -0.013904318429172719 0.07710986571574485 0.041963583494793025 0.717235816905058 0.34744987431627644 0.2763170561550524 0.24349400740755675 0.2579649100321648 0.34744987371626235 0.08269645793924958 0.01663754978918067
18 0.07710986564159499 0.05379960514445771 0.4222412680740167 0.25510465571111723 0.3532433391220762 0.29900746504837605 0.3874179312602859 0.4764323042661991 0.2875222877704434 0.36503826588625116 0.47643230375608103 0.28752228749718367 0.0771098660134101 0.20922495980325967 0.3579630687926131 0.20201017485485723 0.2622441566711871 0.2092249586661399 0.4720425652336999 0.2773267496076154
42 0.008086823087876572 0.03268006669366672 0.4316350097407584 0.20645675582569356 0.40440211231561846 0.38729384953205265 0.38195454877632257 0.3470906293575543 0.3259442478284987 0.5405493893867529 0.34709062883483327 0.32594424725997906 0.008086824184583669 0.2671742459099343 0.21403946970999108 0.2273680419651193 0.24167160831354734 0.2671742447251968 0.3308772561339925 0.3951139192725285
7 0.2579649095274417 0.2536520946951878 0.31382691457052936 0.489168759073251 0.2562132529577973 0.25013821177207307 0.3439177927618152 0.2622441570785258 0.1859626689592372 0.13256062092144924 0.2622441564202373 0.18596266859610103 0.25796491026017804 0.30152314284742615 0.41808935952206067 0.5094678672725472 0.506424687123453 0.3015231417055274 0.18490384318575448 0.2952575923394606
61 0.021782278607643295 0.016268618800126405 0.3379581051611407 0.31679176473862763 0.5095984959724762 0.5487298404653691 0.4004692353921675 0.3194151827449704 0.2911049442332914 0.28514396280018245 0.3194151822682106 0.2911049437529786 0.021782278731620974 0.15787041473800276 0.20235212750883658 0.2872399391814289 0.26949677401312117 0.15787041351323858 0.22964080126663644 0.5562559850399866
52 0.6578285218337251 0.7977439618520358 0.06963629276741341 0.24108422939586155 0.02376320201777644 0.03495186009653461 0.07126135158829736 0.05379960544525463 0.04729236762677383 0.004441839126981627 0.05379960493691171 0.04729236739509895 0.6578285224978663 0.3371762247416339 0.1742183558963441 0.30150097422477473 0.2536520946951737 0.33717622410366377 0.06841883393720083 0.01896975222354233
29 0.7728346353193938 0.408667351708074 0.08022022646116915 0.24622716490439558 -0.008374242663360074 -0.0039922331559567705 0.08256300315298074 0.1192645829040822 0.033033304755260416 -0.052876644953548976 0.11926458248235984 0.033033304480234844 0.7728346384857792 0.3422110834700285 0.4527624539812267 0.17542656856363575 0.20713083916013095 0.34221108275327106 0.13067704581350612 0.01456838617053686
66 0.07358428009150884 0.08927547039000061 0.39140970295003585 0.4047137602213586 0.4123276569882664 0.3353763553137552 0.47217227847463683 0.30656467762830997 0.23886852873904474 0.2531403106350867 0.3065646769641448 0.23886852850310844 0.07358428042812881 0.19197116491003471 0.27650124970561474 0.431923112870099 0.3753125584260895 0.19197116347079685 0.20250363961380197 0.5234729768511946
