0 0.1634398944232431 0.41604664729621815 0.5283599978585685 0.3852766968074069 0.0822010735126814 0.2513627360981947 0.3252912426167517 0.5551054791138264 0.08220107344217771 0.060383168015853333 0.25978483119765206 0.08220107367929454 0.163439889743175 0.08220107372779671 0.38527669630391953 0.21448444622770024 0.2513627383709691 0.43577808773351995 0.42826661347247247 0.37367865557993263
35 0.20543620199358179 0.4813863288627456 0.506332757979527 0.38988066014890377 0.09880085288316763 0.2655214786367807 0.25535892608196675 0.5913383074963318 0.09880085293408505 0.04044666734425485 0.3518520676053851 0.0988008529524855 0.20543619439090258 0.0988008528379703 0.38988065985809744 0.1689749187884682 0.265521482214935 0.4249655410561316 0.29874004695736256 0.3235797228767125
1 0.25319012516100947 0.5048675505801024 0.40206640600052207 0.5053569239766156 0.2117842506054204 0.21925801435783707 0.1617687890124593 0.325371115665675 0.21178425040595777 0.2313454087679415 0.2690242721724174 0.2117842505487743 0.25319012450052025 0.21178425038259874 0.5053569235704088 0.1364638319770491 0.219258014920985 0.2642470540888946 0.3409718051927091 0.4541698985748872
54 0.32894307033393405 0.17817212872384505 0.06353035475385067 0.2313454086152151 0.4879788706983254 0.09196222691667784 0.02726904483980038 -0.005789002443292844 0.48797887020965813 0.716683527287574 0.25179621854377876 0.48797887053069644 0.3289430696829298 0.4879788707241739 0.23134540871095455 0.024817442194382085 0.09196222754098249 0.007816079892416429 0.09547202857716931 0.2894077699241414
43 0.5865020988572197 0.22167075921716853 0.1719789813243072 0.2531901250696531 0.2434145504734318 0.39670248654323104 0.16576118059924252 0.14735498396611998 0.24341455036409598 0.32894306986787614 0.4390690166971528 0.243414550615845 0.5865020983947945 0.24341455069984522 0.25319012478630604 0.20119828506718415 0.3967024871325043 0.1921146037776086 0.2087889887323603 0.2867055720914473
58 0.2434145507201833 0.23754427827565167 0.07012580800958797 0.21178425036721837 0.577653734720545 0.0929945620230984 0.031043987145392558 0.01798279225502467 0.577653734537397 0.4879788704431792 0.3065178027469663 0.577653734609914 0.24341455038606682 0.5776537347524678 0.21178425045296612 0.02590633899660078 0.09299456299644379 0.022842547161657345 0.05830699776587852 0.20114934679032329
4 0.1719789818161538 0.40677995817058094 0.5476356064155636 0.4020664061719524 0.0701258081962204 0.22993165208327737 0.2781597470930135 0.5670399162517726 0.07012580783751649 0.06353035475556452 0.19160719814324004 0.07012580804929444 0.1719789813518071 0.07012580804191691 0.40206640575211866 0.23564638277086147 0.22993165236480143 0.4225428746574892 0.46962351907518185 0.363970945537294
20 0.14735498425909552 0.370625726679812 0.5670399162493585 0.32537111572685457 0.017982792152494084 0.22371785054429538 0.28987718604691004 0.7168734565171462 0.017982792131924517 -0.00578900244293995 0.20683491518442257 0.01798279237360401 0.14735498390707732 0.017982792457167385 0.3253711154449043 0.24740042374495172 0.22371785081787937 0.4943099249383366 0.41497142670485204 0.2569992843291057
60 0.22167076000123256 0.5808926383545717 0.4067799581670275 0.5048675507651038 0.23754427812165352 0.1903343099200337 0.15092807327645205 0.37062572667882965 0.2375442781493033 0.17817212872345653 0.30749874833220225 0.23754427824447086 0.2216707587722586 0.23754427834348096 0.5048675503514 0.12186398727773617 0.19033431053746333 0.2509673057976505 0.26269950797465674 0.39696609742048894
18 0.2087889891004002 0.2626995079738516 0.4696235190708502 0.34097180520813186 0.05830699781367536 0.3274725182819256 0.3972267843821648 0.4149714267035601 0.05830699757522299 0.0954720285765365 0.13114080037065476 0.05830699788159936 0.20878898856464623 0.0583069976465035 0.3409718048910423 0.35794486145662413 0.32747251876795996 0.4356137972450142 0.568881762660149 0.4060105682523136
61 0.2011982851156221 0.12186398727838225 0.2356463827691961 0.1364638321941578 0.02590633887254345 0.4373813333459607 0.6143755974069829 0.24740042374507543 0.0259063388627143 0.02481744219475187 0.1169959995077756 0.02590633912565856 0.20119828514470925 0.025906339044686512 0.13646383185566155 0.828324311447947 0.4373813332911916 0.3649426136704347 0.35794486145797766 0.16039690534506684
14 0.1719789818161538 0.40677995817058094 0.5476356064155636 0.4020664061719524 0.0701258081962204 0.22993165208327737 0.2781597470930135 0.5670399162517726 0.07012580783751649 0.06353035475556452 0.19160719814324004 0.07012580804929444 0.1719789813518071 0.07012580804191691 0.40206640575211866 0.23564638277086147 0.22993165236480143 0.4225428746574892 0.46962351907518185 0.363970945537294
49 0.5865020988572197 0.22167075921716853 0.1719789813243072 0.2531901250696531 0.2434145504734318 0.39670248654323104 0.16576118059924252 0.14735498396611998 0.24341455036409598 0.32894306986787614 0.4390690166971528 0.243414550615845 0.5865020983947945 0.24341455069984522 0.25319012478630604 0.20119828506718415 0.3967024871325043 0.1921146037776086 0.2087889887323603 0.2867055720914473
5 0.16561311302256573 0.45424226164031367 0.5729602736517071 0.4193194328153581 0.06973226737427678 0.1882661880681898 0.21789927845598742 0.6191253923543156 0.06973226708237705 0.052012699082260444 0.1822396103293136 0.06973226725713604 0.16561311395760273 0.0697322672966242 0.4193194325641695 0.22430672237311663 0.18826618770797435 0.38945825767043607 0.4365068861370652 0.3305849298232143
32 0.3967024867799566 0.19033431024787084 0.22993165216108413 0.2192580147486043 0.09299456234845141 0.5355594741189063 0.4264683598305571 0.2237178506393279 0.0929945621835486 0.09196222714938897 0.35779059374476707 0.092994562276274 0.39670248665287 0.0929945624895232 0.21925801428890454 0.43738133338956836 0.5355594746134563 0.3816469786489599 0.32747251854740117 0.28138826174357084
52 0.2615826320711719 0.15726072048123232 0.2723899129536724 0.14702033724683794 0.07009457738643118 0.4757333032986068 0.5905620006354593 0.19873762427325006 0.07009457776122335 0.10297699858926376 0.1369286132275851 0.07009457802003276 0.26158262296544044 0.07009457790767082 0.14702033733663858 0.6848237917670489 0.47573330745897857 0.24447481922802408 0.43953320868131757 0.3303630023407368
28 0.2434145507201833 0.23754427827565167 0.07012580800958797 0.21178425036721837 0.577653734720545 0.0929945620230984 0.031043987145392558 0.01798279225502467 0.577653734537397 0.4879788704431792 0.3065178027469663 0.577653734609914 0.24341455038606682 0.5776537347524678 0.21178425045296612 0.02590633899660078 0.09299456299644379 0.022842547161657345 0.05830699776587852 0.20114934679032329
57 0.2434145507201833 0.23754427827565167 0.07012580800958797 0.21178425036721837 0.577653734720545 0.0929945620230984 0.031043987145392558 0.01798279225502467 0.577653734537397 0.4879788704431792 0.3065178027469663 0.577653734609914 0.24341455038606682 0.5776537347524678 0.21178425045296612 0.02590633899660078 0.09299456299644379 0.022842547161657345 0.05830699776587852 0.20114934679032329
66 0.28670557271112784 0.3969660974232738 0.36397094553672105 0.45416989881125414 0.2011493468365444 0.2813882613367884 0.21791060235034365 0.25699928433076025 0.201149346568414 0.28940776992538986 0.2889687008192823 0.20114934683920183 0.2867055720632834 0.2011493469285739 0.45416989834957633 0.1603969053461043 0.2813882621726491 0.26482564871867 0.4060105682556241 0.5208661583926641
50 0.28670557271112784 0.3969660974232738 0.36397094553672105 0.45416989881125414 0.2011493468365444 0.2813882613367884 0.21791060235034365 0.25699928433076025 0.201149346568414 0.28940776992538986 0.2889687008192823 0.20114934683920183 0.2867055720632834 0.2011493469285739 0.45416989834957633 0.1603969053461043 0.2813882621726491 0.26482564871867 0.4060105682556241 0.5208661583926641
23 0.5865020988572197 0.22167075921716853 0.1719789813243072 0.2531901250696531 0.2434145504734318 0.39670248654323104 0.16576118059924252 0.14735498396611998 0.24341455036409598 0.32894306986787614 0.4390690166971528 0.243414550615845 0.5865020983947945 0.24341455069984522 0.25319012478630604 0.20119828506718415 0.3967024871325043 0.1921146037776086 0.2087889887323603 0.2867055720914473
62 0.2434145507201833 0.23754427827565167 0.07012580800958797 0.21178425036721837 0.577653734720545 0.0929945620230984 0.031043987145392558 0.01798279225502467 0.577653734537397 0.4879788704431792 0.3065178027469663 0.577653734609914 0.24341455038606682 0.5776537347524678 0.21178425045296612 0.02590633899660078 0.09299456299644379 0.022842547161657345 0.05830699776587852 0.20114934679032329
34 0.4390690173247745 0.3074987483327065 0.19160719814093014 0.2690242723047687 0.3065178026591315 0.3577905935145898 0.22912464516406672 0.20683491518388583 0.3065178025317534 0.25179621854372813 0.6152265119675819 0.3065178027646782 0.4390690168804063 0.3065178027410717 0.2690242719785255 0.11699599950744527 0.35779059413617176 0.23453431227126265 0.13114080037142994 0.288968700817601
48 0.5865020988572197 0.22167075921716853 0.1719789813243072 0.2531901250696531 0.2434145504734318 0.39670248654323104 0.16576118059924252 0.14735498396611998 0.24341455036409598 0.32894306986787614 0.4390690166971528 0.243414550615845 0.5865020983947945 0.24341455069984522 0.25319012478630604 0.20119828506718415 0.3967024871325043 0.1921146037776086 0.2087889887323603 0.2867055720914473
59 0.2434145507201833 0.23754427827565167 0.07012580800958797 0.21178425036721837 0.577653734720545 0.0929945620230984 0.031043987145392558 0.01798279225502467 0.577653734537397 0.4879788704431792 0.3065178027469663 0.577653734609914 0.24341455038606682 0.5776537347524678 0.21178425045296612 0.02590633899660078 0.09299456299644379 0.022842547161657345 0.05830699776587852 0.20114934679032329
69 0.32894307033393405 0.17817212872384505 0.06353035475385067 0.2313454086152151 0.4879788706983254 0.09196222691667784 0.02726904483980038 -0.005789002443292844 0.48797887020965813 0.716683527287574 0.25179621854377876 0.48797887053069644 0.3289430696829298 0.4879788707241739 0.23134540871095455 0.024817442194382085 0.09196222754098249 0.007816079892416429 0.09547202857716931 0.2894077699241414
64 0.2434145507201833 0.23754427827565167 0.07012580800958797 0.21178425036721837 0.577653734720545 0.0929945620230984 0.031043987145392558 0.01798279225502467 0.577653734537397 0.4879788704431792 0.3065178027469663 0.577653734609914 0.24341455038606682 0.5776537347524678 0.21178425045296612 0.02590633899660078 0.09299456299644379 0.022842547161657345 0.05830699776587852 0.20114934679032329
8 0.18509153355422034 0.3421469532145111 0.512470217849118 0.37610990543306677 0.06737152072658192 0.27862111227953057 0.3436104542165226 0.49752201200949675 0.06737152043301674 0.07838075355462902 0.1824268648025986 0.06737152067997335 0.1850915319194298 0.06737152051284348 0.3761099049903311 0.2733383768384527 0.27862111317247273 0.44412005378258734 0.5139033526182315 0.3929210900909733
45 0.27921167267756186 0.3514223482315446 0.4436574397290702 0.3666668971680438 0.08416207176532739 0.3621249212581569 0.2922157443983574 0.4691600176938603 0.08416207214192949 0.06987703167537934 0.28886159582538373 0.08416207228125712 0.2792116677410631 0.08416207198253586 0.36666689664236946 0.24061879033643124 0.3621249237285799 0.47415444754641284 0.3978439584931224 0.35977255367244865
27 0.2434145507201833 0.23754427827565167 0.07012580800958797 0.21178425036721837 0.577653734720545 0.0929945620230984 0.031043987145392558 0.01798279225502467 0.577653734537397 0.4879788704431792 0.3065178027469663 0.577653734609914 0.24341455038606682 0.5776537347524678 0.21178425045296612 0.02590633899660078 0.09299456299644379 0.022842547161657345 0.05830699776587852 0.20114934679032329
13 0.16561311302256573 0.45424226164031367 0.5729602736517071 0.4193194328153581 0.06973226737427678 0.1882661880681898 0.21789927845598742 0.6191253923543156 0.06973226708237705 0.052012699082260444 0.1822396103293136 0.06973226725713604 0.16561311395760273 0.0697322672966242 0.4193194325641695 0.22430672237311663 0.18826618770797435 0.38945825767043607 0.4365068861370652 0.3305849298232143
37 0.19211460400921743 0.2509673057990583 0.4225428746559992 0.26424705429802775 0.02284254694626877 0.3816469786138739 0.4743680074926731 0.4943099249387232 0.022842547061447255 0.007816079892893004 0.2345343122721544 0.022842547058627923 0.19211460360255292 0.022842547124960384 0.2642470537718451 0.3649426136706338 0.38164697875771836 0.5780121606555053 0.43561379724702176 0.26482564871768266
11 0.1575547255799273 0.4967248538494232 0.5822681790880971 0.4226790925091379 0.07497784468473052 0.1662185442898874 0.19185124304962844 0.6538797641246225 0.07497784468744983 0.0409876913282975 0.20361672045273163 0.07497784487808434 0.1575547261168588 0.07497784475708265 0.4226790917890001 0.2126518876054693 0.16621854433881952 0.3643056667403681 0.3875319537471584 0.30642485529977065
3 0.25319012516100947 0.5048675505801024 0.40206640600052207 0.5053569239766156 0.2117842506054204 0.21925801435783707 0.1617687890124593 0.325371115665675 0.21178425040595777 0.2313454087679415 0.2690242721724174 0.2117842505487743 0.25319012450052025 0.21178425038259874 0.5053569235704088 0.1364638319770491 0.219258014920985 0.2642470540888946 0.3409718051927091 0.4541698985748872
42 0.3967024867799566 0.19033431024787084 0.22993165216108413 0.2192580147486043 0.09299456234845141 0.5355594741189063 0.4264683598305571 0.2237178506393279 0.0929945621835486 0.09196222714938897 0.35779059374476707 0.092994562276274 0.39670248665287 0.0929945624895232 0.21925801428890454 0.43738133338956836 0.5355594746134563 0.3816469786489599 0.32747251854740117 0.28138826174357084
25 0.22167076000123256 0.5808926383545717 0.4067799581670275 0.5048675507651038 0.23754427812165352 0.1903343099200337 0.15092807327645205 0.37062572667882965 0.2375442781493033 0.17817212872345653 0.30749874833220225 0.23754427824447086 0.2216707587722586 0.23754427834348096 0.5048675503514 0.12186398727773617 0.19033431053746333 0.2509673057976505 0.26269950797465674 0.39696609742048894
56 0.1657611808658047 0.15092807327851418 0.2781597470919999 0.16176878912481402 0.031043986853724906 0.4264683596438583 0.6927651797628542 0.28987718604787427 0.03104398703271569 0.027269044840637142 0.22912464516547668 0.03104398719110218 0.16576118080495847 0.031043987055236345 0.1617687888035656 0.614375597407655 0.4264683599239598 0.4743680074930951 0.3972267843842576 0.21791060235022336
10 0.1719789818161538 0.40677995817058094 0.5476356064155636 0.4020664061719524 0.0701258081962204 0.22993165208327737 0.2781597470930135 0.5670399162517726 0.07012580783751649 0.06353035475556452 0.19160719814324004 0.07012580804929444 0.1719789813518071 0.07012580804191691 0.40206640575211866 0.23564638277086147 0.22993165236480143 0.4225428746574892 0.46962351907518185 0.363970945537294
2 0.2087889891004002 0.2626995079738516 0.4696235190708502 0.34097180520813186 0.05830699781367536 0.3274725182819256 0.3972267843821648 0.4149714267035601 0.05830699757522299 0.0954720285765365 0.13114080037065476 0.05830699788159936 0.20878898856464623 0.0583069976465035 0.3409718048910423 0.35794486145662413 0.32747251876795996 0.4356137972450142 0.568881762660149 0.4060105682523136
53 0.32894307033393405 0.17817212872384505 0.06353035475385067 0.2313454086152151 0.4879788706983254 0.09196222691667784 0.02726904483980038 -0.005789002443292844 0.48797887020965813 0.716683527287574 0.25179621854377876 0.48797887053069644 0.3289430696829298 0.4879788707241739 0.23134540871095455 0.024817442194382085 0.09196222754098249 0.007816079892416429 0.09547202857716931 0.2894077699241414
47 0.3967024867799566 0.19033431024787084 0.22993165216108413 0.2192580147486043 0.09299456234845141 0.5355594741189063 0.4264683598305571 0.2237178506393279 0.0929945621835486 0.09196222714938897 0.35779059374476707 0.092994562276274 0.39670248665287 0.0929945624895232 0.21925801428890454 0.43738133338956836 0.5355594746134563 0.3816469786489599 0.32747251854740117 0.28138826174357084
7 0.25319012516100947 0.5048675505801024 0.40206640600052207 0.5053569239766156 0.2117842506054204 0.21925801435783707 0.1617687890124593 0.325371115665675 0.21178425040595777 0.2313454087679415 0.2690242721724174 0.2117842505487743 0.25319012450052025 0.21178425038259874 0.5053569235704088 0.1364638319770491 0.219258014920985 0.2642470540888946 0.3409718051927091 0.4541698985748872
9 0.25319012516100947 0.5048675505801024 0.40206640600052207 0.5053569239766156 0.2117842506054204 0.21925801435783707 0.1617687890124593 0.325371115665675 0.21178425040595777 0.2313454087679415 0.2690242721724174 0.2117842505487743 0.25319012450052025 0.21178425038259874 0.5053569235704088 0.1364638319770491 0.219258014920985 0.2642470540888946 0.3409718051927091 0.4541698985748872
55 0.15367475088723617 0.5270651591989208 0.5901944054406463 0.4255987814725363 0.07687495759926889 0.1455899625526257 0.1638488988825883 0.6806086154351587 0.07687495730574116 0.03288637560394618 0.20759378940457632 0.07687495749883878 0.1536747518728265 0.0768749575783742 0.42559878111544386 0.21245335551124492 0.145589962341395 0.3371054559185592 0.35448088014483603 0.2822339667820372
36 0.16439906805148724 0.3112451071133718 0.46488779700183264 0.27765157319306843 0.026434806690650084 0.3383662144036242 0.4618405558354351 0.566022281609823 0.026434806711247563 0.0037712841989578044 0.2907658089741957 0.026434806972961744 0.16439906392007894 0.026434806778983418 0.2776515727358143 0.2806558063040231 0.3383662164776795 0.5667485782756477 0.39357689556752556 0.2718106476992844
63 0.2434145507201833 0.23754427827565167 0.07012580800958797 0.21178425036721837 0.577653734720545 0.0929945620230984 0.031043987145392558 0.01798279225502467 0.577653734537397 0.4879788704431792 0.3065178027469663 0.577653734609914 0.24341455038606682 0.5776537347524678 0.21178425045296612 0.02590633899660078 0.09299456299644379 0.022842547161657345 0.05830699776587852 0.20114934679032329
41 0.3967024867799566 0.19033431024787084 0.22993165216108413 0.2192580147486043 0.09299456234845141 0.5355594741189063 0.4264683598305571 0.2237178506393279 0.0929945621835486 0.09196222714938897 0.35779059374476707 0.092994562276274 0.39670248665287 0.0929945624895232 0.21925801428890454 0.43738133338956836 0.5355594746134563 0.3816469786489599 0.32747251854740117 0.28138826174357084
39 0.35163918360146973 0.4137743119418504 0.2352714550106258 0.3169998234395219 0.32355976110625256 0.3081965198185378 0.2253980420755349 0.27349517314750843 0.32355976119463353 0.19572985177689942 0.624401916267322 0.3235597613815744 0.35163918165547015 0.3235597615016777 0.3169998232915674 0.0877711848452615 0.3081965208549739 0.24770214604916918 0.09674119749331328 0.2901990353791478
16 0.2087889891004002 0.2626995079738516 0.4696235190708502 0.34097180520813186 0.05830699781367536 0.3274725182819256 0.3972267843821648 0.4149714267035601 0.05830699757522299 0.0954720285765365 0.13114080037065476 0.05830699788159936 0.20878898856464623 0.0583069976465035 0.3409718048910423 0.35794486145662413 0.32747251876795996 0.4356137972450142 0.568881762660149 0.4060105682523136
30 0.23409732895828558 0.425751721794408 0.47586797277164117 0.37785727001649894 0.09556551601638716 0.31276825474974085 0.2852631202713438 0.5352939616544345 0.09556551618300009 0.053155438698675075 0.3447339364798787 0.09556551630026021 0.23409732138754874 0.0955655160842371 0.3778572696670009 0.1874893999358268 0.3127682581558494 0.456086102698911 0.33599838543167543 0.3454089984860091
29 0.2434145507201833 0.23754427827565167 0.07012580800958797 0.21178425036721837 0.577653734720545 0.0929945620230984 0.031043987145392558 0.01798279225502467 0.577653734537397 0.4879788704431792 0.3065178027469663 0.577653734609914 0.24341455038606682 0.5776537347524678 0.21178425045296612 0.02590633899660078 0.09299456299644379 0.022842547161657345 0.05830699776587852 0.20114934679032329
38 0.35163918360146973 0.4137743119418504 0.2352714550106258 0.3169998234395219 0.32355976110625256 0.3081965198185378 0.2253980420755349 0.27349517314750843 0.32355976119463353 0.19572985177689942 0.624401916267322 0.3235597613815744 0.35163918165547015 0.3235597615016777 0.3169998232915674 0.0877711848452615 0.3081965208549739 0.24770214604916918 0.09674119749331328 0.2901990353791478
65 0.28670557271112784 0.3969660974232738 0.36397094553672105 0.45416989881125414 0.2011493468365444 0.2813882613367884 0.21791060235034365 0.25699928433076025 0.201149346568414 0.28940776992538986 0.2889687008192823 0.20114934683920183 0.2867055720632834 0.2011493469285739 0.45416989834957633 0.1603969053461043 0.2813882621726491 0.26482564871867 0.4060105682556241 0.5208661583926641
22 0.3083391890314012 0.27186145825805375 0.26505144258983154 0.23604632268753228 0.12034149270002881 0.479634152353122 0.49600248094060523 0.2901253519953983 0.1203414923749137 0.07626435871716986 0.5403952563382096 0.12034149279315362 0.30833918719462267 0.12034149235943878 0.23604632236315154 0.26702525662803045 0.4796341534491167 0.4246032628661619 0.2618392312700685 0.29672618557114216
33 0.4390690173247745 0.3074987483327065 0.19160719814093014 0.2690242723047687 0.3065178026591315 0.3577905935145898 0.22912464516406672 0.20683491518388583 0.3065178025317534 0.25179621854372813 0.6152265119675819 0.3065178027646782 0.4390690168804063 0.3065178027410717 0.2690242719785255 0.11699599950744527 0.35779059413617176 0.23453431227126265 0.13114080037142994 0.288968700817601
51 0.28670557271112784 0.3969660974232738 0.36397094553672105 0.45416989881125414 0.2011493468365444 0.2813882613367884 0.21791060235034365 0.25699928433076025 0.201149346568414 0.28940776992538986 0.2889687008192823 0.20114934683920183 0.2867055720632834 0.2011493469285739 0.45416989834957633 0.1603969053461043 0.2813882621726491 0.26482564871867 0.4060105682556241 0.5208661583926641
6 0.1719789818161538 0.40677995817058094 0.5476356064155636 0.4020664061719524 0.0701258081962204 0.22993165208327737 0.2781597470930135 0.5670399162517726 0.07012580783751649 0.06353035475556452 0.19160719814324004 0.07012580804929444 0.1719789813518071 0.07012580804191691 0.40206640575211866 0.23564638277086147 0.22993165236480143 0.4225428746574892 0.46962351907518185 0.363970945537294
17 0.25319012516100947 0.5048675505801024 0.40206640600052207 0.5053569239766156 0.2117842506054204 0.21925801435783707 0.1617687890124593 0.325371115665675 0.21178425040595777 0.2313454087679415 0.2690242721724174 0.2117842505487743 0.25319012450052025 0.21178425038259874 0.5053569235704088 0.1364638319770491 0.219258014920985 0.2642470540888946 0.3409718051927091 0.4541698985748872
19 0.25319012516100947 0.5048675505801024 0.40206640600052207 0.5053569239766156 0.2117842506054204 0.21925801435783707 0.1617687890124593 0.325371115665675 0.21178425040595777 0.2313454087679415 0.2690242721724174 0.2117842505487743 0.25319012450052025 0.21178425038259874 0.5053569235704088 0.1364638319770491 0.219258014920985 0.2642470540888946 0.3409718051927091 0.4541698985748872
24 0.5865020988572197 0.22167075921716853 0.1719789813243072 0.2531901250696531 0.2434145504734318 0.39670248654323104 0.16576118059924252 0.14735498396611998 0.24341455036409598 0.32894306986787614 0.4390690166971528 0.243414550615845 0.5865020983947945 0.24341455069984522 0.25319012478630604 0.20119828506718415 0.3967024871325043 0.1921146037776086 0.2087889887323603 0.2867055720914473
44 0.5865020988572197 0.22167075921716853 0.1719789813243072 0.2531901250696531 0.2434145504734318 0.39670248654323104 0.16576118059924252 0.14735498396611998 0.24341455036409598 0.32894306986787614 0.4390690166971528 0.243414550615845 0.5865020983947945 0.24341455069984522 0.25319012478630604 0.20119828506718415 0.3967024871325043 0.1921146037776086 0.2087889887323603 0.2867055720914473
31 0.19211460400921743 0.2509673057990583 0.4225428746559992 0.26424705429802775 0.02284254694626877 0.3816469786138739 0.4743680074926731 0.4943099249387232 0.022842547061447255 0.007816079892893004 0.2345343122721544 0.022842547058627923 0.19211460360255292 0.022842547124960384 0.2642470537718451 0.3649426136706338 0.38164697875771836 0.5780121606555053 0.43561379724702176 0.26482564871768266
12 0.1719789818161538 0.40677995817058094 0.5476356064155636 0.4020664061719524 0.0701258081962204 0.22993165208327737 0.2781597470930135 0.5670399162517726 0.07012580783751649 0.06353035475556452 0.19160719814324004 0.07012580804929444 0.1719789813518071 0.07012580804191691 0.40206640575211866 0.23564638277086147 0.22993165236480143 0.4225428746574892 0.46962351907518185 0.363970945537294
15 0.25319012516100947 0.5048675505801024 0.40206640600052207 0.5053569239766156 0.2117842506054204 0.21925801435783707 0.1617687890124593 0.325371115665675 0.21178425040595777 0.2313454087679415 0.2690242721724174 0.2117842505487743 0.25319012450052025 0.21178425038259874 0.5053569235704088 0.1364638319770491 0.219258014920985 0.2642470540888946 0.3409718051927091 0.4541698985748872
26 0.2011982851156221 0.12186398727838225 0.2356463827691961 0.1364638321941578 0.02590633887254345 0.4373813333459607 0.6143755974069829 0.24740042374507543 0.0259063388627143 0.02481744219475187 0.1169959995077756 0.02590633912565856 0.20119828514470925 0.025906339044686512 0.13646383185566155 0.828324311447947 0.4373813332911916 0.3649426136704347 0.35794486145797766 0.16039690534506684
40 0.27921167267756186 0.3514223482315446 0.4436574397290702 0.3666668971680438 0.08416207176532739 0.3621249212581569 0.2922157443983574 0.4691600176938603 0.08416207214192949 0.06987703167537934 0.28886159582538373 0.08416207228125712 0.2792116677410631 0.08416207198253586 0.36666689664236946 0.24061879033643124 0.3621249237285799 0.47415444754641284 0.3978439584931224 0.35977255367244865
46 0.3967024867799566 0.19033431024787084 0.22993165216108413 0.2192580147486043 0.09299456234845141 0.5355594741189063 0.4264683598305571 0.2237178506393279 0.0929945621835486 0.09196222714938897 0.35779059374476707 0.092994562276274 0.39670248665287 0.0929945624895232 0.21925801428890454 0.43738133338956836 0.5355594746134563 0.3816469786489599 0.32747251854740117 0.28138826174357084
21 0.3083391890314012 0.27186145825805375 0.26505144258983154 0.23604632268753228 0.12034149270002881 0.479634152353122 0.49600248094060523 0.2901253519953983 0.1203414923749137 0.07626435871716986 0.5403952563382096 0.12034149279315362 0.30833918719462267 0.12034149235943878 0.23604632236315154 0.26702525662803045 0.4796341534491167 0.4246032628661619 0.2618392312700685 0.29672618557114216
68 0.32894307033393405 0.17817212872384505 0.06353035475385067 0.2313454086152151 0.4879788706983254 0.09196222691667784 0.02726904483980038 -0.005789002443292844 0.48797887020965813 0.716683527287574 0.25179621854377876 0.48797887053069644 0.3289430696829298 0.4879788707241739 0.23134540871095455 0.024817442194382085 0.09196222754098249 0.007816079892416429 0.09547202857716931 0.2894077699241414
67 0.2615826320711719 0.15726072048123232 0.2723899129536724 0.14702033724683794 0.07009457738643118 0.4757333032986068 0.5905620006354593 0.19873762427325006 0.07009457776122335 0.10297699858926376 0.1369286132275851 0.07009457802003276 0.26158262296544044 0.07009457790767082 0.14702033733663858 0.6848237917670489 0.47573330745897857 0.24447481922802408 0.43953320868131757 0.3303630023407368
