38 0.5306992628704508 0.5306992605749846 0.07039283235822141 0.17834611709146464 0.14635380166110004 0.5306992627780287 0.24486481460384338 0.03721398957988168 -0.022857907608281536 0.052469220303119804 0.530699263164631 0.530699262792125 0.1846300809786567 0.16904331228449315 0.3031165025195659 0.12150132839537159 -0.025797034006269547 0.3031165012852827 0.3367480918517775 0.30311650113858735
39 0.0513535455495448 0.05135354625734742 0.37097960132378993 0.30316125459515847 0.2400198499739838 0.051353546772819 0.06752885586707222 0.5330213392158063 0.5490150115480162 0.34790106912400875 0.05135354706399399 0.05135354676318803 0.3221539631306491 0.2783671339924008 0.3834842258986732 0.2666227410649716 0.48124142710191403 0.3834842245962098 0.2518223759204651 0.38348422448378605
29 0.5196764300338069 0.5196764297128835 0.06061501939992564 0.20062431550664692 0.19303219602946067 0.5196764319139296 0.49509973105567556 0.05135354652146547 0.0013172813544656456 0.06528949444695206 0.5196764320871472 0.5196764318067603 0.2192752224339285 0.19565745719555486 0.19978884724731105 0.2079538787216261 -0.018025130456951546 0.19978884654048404 0.25843953148545096 0.19978884612711276
2 0.0639925063347723 0.06399250463444867 0.2461291077377313 0.30458367297935063 0.210757572915284 0.06399250588101084 0.0912080085587963 0.49488094994278453 0.5171207045253122 0.5667898022399463 0.0639925062481747 0.06399250594160198 0.37777142360691773 0.27113211401265414 0.3603948546805033 0.26575530200458497 0.4091655329193308 0.3603948507706476 0.3056116511191403 0.3603948507848108
6 0.053197728604343235 0.053197728876787184 0.4405482434765727 0.3392324818917382 0.28610353902077934 0.05319772937108632 0.06027014994905816 0.4849995108183738 0.4892374819169401 0.4045371537038338 0.053197729446480234 0.053197729325637974 0.31250420819161456 0.3271237378264744 0.352934198347411 0.2931880169157372 0.4970690311714925 0.35293419689394206 0.20383081499622668 0.3529341967838821
59 0.5306992628704508 0.5306992605749846 0.07039283235822141 0.17834611709146464 0.14635380166110004 0.5306992627780287 0.24486481460384338 0.03721398957988168 -0.022857907608281536 0.052469220303119804 0.530699263164631 0.530699262792125 0.1846300809786567 0.16904331228449315 0.3031165025195659 0.12150132839537159 -0.025797034006269547 0.3031165012852827 0.3367480918517775 0.30311650113858735
57 0.04630971691940013 0.04630972670594314 0.0716131923116724 -0.0705540945852262 0.282720400623422 0.046309724562520575 0.1462486503589307 0.5387891409637745 0.789079334698575 0.11257365971518986 0.04630972461132747 0.046309724279693223 0.16153921682130562 -0.037430027659365865 0.39496907538696946 0.21029563131880544 0.24940512999182088 0.3949690862382554 0.5743432309650461 0.39496908619503573
67 0.20795387810530014 0.20795387861291303 0.3654490358524755 0.41289721593221335 0.4687491610063034 0.20795387949297675 0.24429240972792987 0.26662274127074514 0.2284889722246169 0.3710533233596353 0.20795387979778193 0.2079538792278065 0.40934475656354474 0.43342381000010005 0.30180993035616743 0.46440685609603755 0.21987687508688672 0.3018099295194077 0.21599118359434255 0.301809929433229
32 0.5196764300338069 0.5196764297128835 0.06061501939992564 0.20062431550664692 0.19303219602946067 0.5196764319139296 0.49509973105567556 0.05135354652146547 0.0013172813544656456 0.06528949444695206 0.5196764320871472 0.5196764318067603 0.2192752224339285 0.19565745719555486 0.19978884724731105 0.2079538787216261 -0.018025130456951546 0.19978884654048404 0.25843953148545096 0.19978884612711276
8 0.0513535455495448 0.05135354625734742 0.37097960132378993 0.30316125459515847 0.2400198499739838 0.051353546772819 0.06752885586707222 0.5330213392158063 0.5490150115480162 0.34790106912400875 0.05135354706399399 0.05135354676318803 0.3221539631306491 0.2783671339924008 0.3834842258986732 0.2666227410649716 0.48124142710191403 0.3834842245962098 0.2518223759204651 0.38348422448378605
66 -0.017801476568188104 -0.01780147529589198 0.3017608989849871 0.16631107891570848 0.17965518482824108 -0.017801475852227733 -0.007190148889677879 0.5610565653882582 0.7996667164211375 0.32132653414305007 -0.017801475665984428 -0.017801475787421098 0.26529561578151056 0.15406715729717077 0.24252317866614148 0.21145495985810778 0.6517935729383152 0.2425231796016248 0.22300320926989248 0.24252317939952409
10 0.0013172807766472514 0.001317281404905662 0.3865097048506286 0.24214200881388984 0.20938139533726802 0.001317281506332015 0.01907345532946778 0.549015011548101 0.6661630483566199 0.3711800720473154 0.0013172815283915746 0.0013172813972042315 0.2676526856550773 0.22678158815470256 0.2975859166947647 0.22848897208012298 0.618957413247345 0.29758591612153035 0.20185055628575788 0.29758591588450845
14 0.053197728604343235 0.053197728876787184 0.4405482434765727 0.3392324818917382 0.28610353902077934 0.05319772937108632 0.06027014994905816 0.4849995108183738 0.4892374819169401 0.4045371537038338 0.053197729446480234 0.053197729325637974 0.31250420819161456 0.3271237378264744 0.352934198347411 0.2931880169157372 0.4970690311714925 0.35293419689394206 0.20383081499622668 0.3529341967838821
36 0.05582353278167094 0.05582353378292588 0.5277670248616374 0.3618149293798562 0.3688860795975561 0.05582353396184618 0.056232124445434434 0.40262546891438983 0.4110397154566637 0.47630064895033225 0.055823534253475304 0.05582353387339781 0.2804182899941211 0.37817487058528443 0.30159002731040524 0.32998299604641457 0.5003550061949783 0.3015900265273334 0.15505925496322798 0.30159002643393834
20 0.07244459815038422 0.07244459973122652 0.4047662436525397 0.3508151140524306 0.2566888670962403 0.07244460069178088 0.09860962713406829 0.4470753805620009 0.4582141261330419 0.39485578607453226 0.0724446009389826 0.07244460060860497 0.43021330153740706 0.3015414093632331 0.307815411914387 0.3949973156464358 0.42640368963947145 0.30781541250487326 0.38224153269132755 0.307815412369662
44 0.5196764300338069 0.5196764297128835 0.06061501939992564 0.20062431550664692 0.19303219602946067 0.5196764319139296 0.49509973105567556 0.05135354652146547 0.0013172813544656456 0.06528949444695206 0.5196764320871472 0.5196764318067603 0.2192752224339285 0.19565745719555486 0.19978884724731105 0.2079538787216261 -0.018025130456951546 0.19978884654048404 0.25843953148545096 0.19978884612711276
22 0.07142793442382268 0.07142794114945886 0.11499273189343774 0.1403062550371304 0.16097144491797666 0.07142793991573038 0.16564610879465147 0.45929290284177865 0.6198293162065195 0.16370028402497358 0.07142793991418674 0.07142793970316474 0.34481770640107734 0.09093095865359357 0.34090234047446794 0.28599219259506137 0.23682493702355692 0.3409023485194384 0.8030727526436079 0.3409023484863917
17 0.20795387810530014 0.20795387861291303 0.3654490358524755 0.41289721593221335 0.4687491610063034 0.20795387949297675 0.24429240972792987 0.26662274127074514 0.2284889722246169 0.3710533233596353 0.20795387979778193 0.2079538792278065 0.40934475656354474 0.43342381000010005 0.30180993035616743 0.46440685609603755 0.21987687508688672 0.3018099295194077 0.21599118359434255 0.301809929433229
28 0.5196764300338069 0.5196764297128835 0.06061501939992564 0.20062431550664692 0.19303219602946067 0.5196764319139296 0.49509973105567556 0.05135354652146547 0.0013172813544656456 0.06528949444695206 0.5196764320871472 0.5196764318067603 0.2192752224339285 0.19565745719555486 0.19978884724731105 0.2079538787216261 -0.018025130456951546 0.19978884654048404 0.25843953148545096 0.19978884612711276
25 0.20062431435031547 0.2006243141886662 0.3552027314002644 0.432922307200096 0.4186039111934424 0.20062431518231869 0.19104501010102 0.30316125390717324 0.24214200836184674 0.3513117838926562 0.2006243153555812 0.20062431506099254 0.3768395158215638 0.4380745152649301 0.36031000422118 0.4128972149682215 0.23033791212792348 0.36031000340784886 0.22922686955469088 0.3603100031975841
40 0.199788845871808 0.19978884580814338 0.273541273730741 0.36031000420916826 0.263462633069139 0.19978884713054867 0.14023366200136067 0.3834842249325874 0.2975859161934107 0.25964213081434806 0.1997888474870706 0.19978884687589016 0.38349782510340447 0.323265403858386 0.47927120490930974 0.30180992945679463 0.22450468741267038 0.4792712040944025 0.34856706678019245 0.4792712037888123
45 0.19565745727391087 0.1956574572666643 0.3798040245640811 0.438074516751437 0.4800014822546415 0.19565745848760122 0.20280782614094076 0.2783671348287839 0.22678158864365075 0.3766696910901346 0.19565745870134787 0.19565745848663926 0.34739924653482634 0.46701831571068103 0.3232654050449304 0.43342381070139613 0.2288488900366128 0.32326540410860316 0.19385006932232182 0.32326540386521213
13 0.06061501854757055 0.06061501914595302 0.548121909971018 0.35520273167504607 0.4023861832130814 0.060615019592467546 0.06397258643885445 0.37097960132383645 0.386509704850583 0.49772057613171683 0.060615019835043894 0.06061501945584001 0.30075190282375464 0.3798040241065546 0.27354127412145723 0.3654490356887311 0.48822596645161004 0.2735412737010656 0.1522467943927529 0.27354127349092866
21 0.07142793442382268 0.07142794114945886 0.11499273189343774 0.1403062550371304 0.16097144491797666 0.07142793991573038 0.16564610879465147 0.45929290284177865 0.6198293162065195 0.16370028402497358 0.07142793991418674 0.07142793970316474 0.34481770640107734 0.09093095865359357 0.34090234047446794 0.28599219259506137 0.23682493702355692 0.3409023485194384 0.8030727526436079 0.3409023484863917
42 0.006694603975347583 0.006694605884933189 0.17022040856762724 0.10300331240065498 0.19646314111127683 0.006694604880944358 0.05400929093555584 0.5895666604424478 0.8393636911321418 0.2197083668974273 0.006694605085520554 0.006694604830181076 0.347815145144192 0.0906689709869189 0.2958945360048533 0.24358083601880684 0.48272873076346745 0.29589453846709657 0.36437058537248596 0.29589453826583223
41 0.21927522117810427 0.21927522177981684 0.30075190280341907 0.37683951634849366 0.32775204782793166 0.21927522285912 0.22554963600319275 0.3221539630961015 0.26765268563205313 0.3048586303267268 0.21927522314928105 0.21927522285335704 0.47722499916099864 0.34739924581453374 0.3834978255857862 0.40934475630131 0.2175234037969827 0.3834978248739743 0.30976918873912396 0.3834978246173586
30 0.20062431435031547 0.2006243141886662 0.3552027314002644 0.432922307200096 0.4186039111934424 0.20062431518231869 0.19104501010102 0.30316125390717324 0.24214200836184674 0.3513117838926562 0.2006243153555812 0.20062431506099254 0.3768395158215638 0.4380745152649301 0.36031000422118 0.4128972149682215 0.23033791212792348 0.36031000340784886 0.22922686955469088 0.3603100031975841
49 0.5196764300338069 0.5196764297128835 0.06061501939992564 0.20062431550664692 0.19303219602946067 0.5196764319139296 0.49509973105567556 0.05135354652146547 0.0013172813544656456 0.06528949444695206 0.5196764320871472 0.5196764318067603 0.2192752224339285 0.19565745719555486 0.19978884724731105 0.2079538787216261 -0.018025130456951546 0.19978884654048404 0.25843953148545096 0.19978884612711276
34 0.5196764300338069 0.5196764297128835 0.06061501939992564 0.20062431550664692 0.19303219602946067 0.5196764319139296 0.49509973105567556 0.05135354652146547 0.0013172813544656456 0.06528949444695206 0.5196764320871472 0.5196764318067603 0.2192752224339285 0.19565745719555486 0.19978884724731105 0.2079538787216261 -0.018025130456951546 0.19978884654048404 0.25843953148545096 0.19978884612711276
23 0.25843953029018324 0.258439530837247 0.1522467943927654 0.22922687026720748 0.1626597271220343 0.25843953193850555 0.2046938728120208 0.25182237592049656 0.20185055628573148 0.17016525693809012 0.2584395320710309 0.25843953160984945 0.30976918877673554 0.19385006867534255 0.3485670674323327 0.21599118334627462 0.13274198465407258 0.34856706664600556 0.9091448916183771 0.34856706634922063
3 0.06047819895761645 0.06047819803385137 0.3670863811383533 0.3481662920707175 0.27782951585830284 0.0604781991002613 0.07176946749482883 0.4494677757534014 0.45949808790331276 0.5786587184326052 0.06047819928678643 0.06047819924325758 0.32127246826497413 0.33273634841772454 0.3354487183207872 0.2964389979279448 0.44761999333076163 0.3354487159667723 0.2329282273723008 0.33544871595587333
54 0.19674936186707775 0.19674936239566498 0.39053917341814903 0.42485908362843294 0.5230638664034171 0.1967493634357379 0.23098663002882616 0.25451704470397807 0.2168639237571484 0.39175360033295537 0.1967493636204748 0.1967493632859507 0.34918508541599236 0.4697365876697594 0.2855601484016018 0.4607728066678005 0.22247327731898786 0.2855601475918955 0.17935867255761256 0.28556014735859975
52 0.5196764300338069 0.5196764297128835 0.06061501939992564 0.20062431550664692 0.19303219602946067 0.5196764319139296 0.49509973105567556 0.05135354652146547 0.0013172813544656456 0.06528949444695206 0.5196764320871472 0.5196764318067603 0.2192752224339285 0.19565745719555486 0.19978884724731105 0.2079538787216261 -0.018025130456951546 0.19978884654048404 0.25843953148545096 0.19978884612711276
4 0.0513535455495448 0.05135354625734742 0.37097960132378993 0.30316125459515847 0.2400198499739838 0.051353546772819 0.06752885586707222 0.5330213392158063 0.5490150115480162 0.34790106912400875 0.05135354706399399 0.05135354676318803 0.3221539631306491 0.2783671339924008 0.3834842258986732 0.2666227410649716 0.48124142710191403 0.3834842245962098 0.2518223759204651 0.38348422448378605
11 0.20062431435031547 0.2006243141886662 0.3552027314002644 0.432922307200096 0.4186039111934424 0.20062431518231869 0.19104501010102 0.30316125390717324 0.24214200836184674 0.3513117838926562 0.2006243153555812 0.20062431506099254 0.3768395158215638 0.4380745152649301 0.36031000422118 0.4128972149682215 0.23033791212792348 0.36031000340784886 0.22922686955469088 0.3603100031975841
26 0.006694603975347583 0.006694605884933189 0.17022040856762724 0.10300331240065498 0.19646314111127683 0.006694604880944358 0.05400929093555584 0.5895666604424478 0.8393636911321418 0.2197083668974273 0.006694605085520554 0.006694604830181076 0.347815145144192 0.0906689709869189 0.2958945360048533 0.24358083601880684 0.48272873076346745 0.29589453846709657 0.36437058537248596 0.29589453826583223
1 0.06432884343793699 0.0643288427087924 0.39533529828205555 0.3485003247249865 0.3163973788416982 0.06432884386343639 0.07643311440140863 0.41576132224175977 0.426252342479864 0.6166183378156995 0.06432884404751277 0.06432884373129164 0.3384901915566353 0.345171151301737 0.30539693610264684 0.32558931922646994 0.4442139965166388 0.30539693340555707 0.20940236193862374 0.3053969331791157
50 0.20062431435031547 0.2006243141886662 0.3552027314002644 0.432922307200096 0.4186039111934424 0.20062431518231869 0.19104501010102 0.30316125390717324 0.24214200836184674 0.3513117838926562 0.2006243153555812 0.20062431506099254 0.3768395158215638 0.4380745152649301 0.36031000422118 0.4128972149682215 0.23033791212792348 0.36031000340784886 0.22922686955469088 0.3603100031975841
18 -0.01802513100867804 -0.01802513033802235 0.48822596645159594 0.23033791262071704 0.2195743069878031 -0.018025130385426587 -0.023227719613865175 0.48124142710194956 0.618957413247292 0.4527242102863576 -0.01802513023100766 -0.018025130367862414 0.2175234038175067 0.22884888943982115 0.224504688058034 0.2198768749499557 0.7222745576169154 0.2245046871315533 0.13274198465405632 0.22450468698875914
0 0.0046395964293655155 0.004639596484188079 0.42237497159250315 0.27585623962938205 0.23300439721393318 0.004639597123132907 0.01436377878748439 0.49084481141274217 0.5747533218701074 0.535827140688032 0.004639597403121385 0.0046395971128278275 0.2676955259151269 0.26510326000445367 0.2735254305296191 0.24785503724510405 0.6108703064477078 0.27352542859554085 0.17482176851752845 0.2735254285039467
7 0.052667610501451224 0.05266761051784426 0.4950235831237433 0.359279430322621 0.33069916368949615 0.05266761100270572 0.05330050575323304 0.4396056958274305 0.44344295814842366 0.44692132068881546 0.05266761131473859 0.052667610786800954 0.27788783722558674 0.3643708288763778 0.32901105960677 0.30189352120843604 0.5057087356512324 0.329011058617451 0.16895066026963027 0.329011058573644
9 0.20062431435031547 0.2006243141886662 0.3552027314002644 0.432922307200096 0.4186039111934424 0.20062431518231869 0.19104501010102 0.30316125390717324 0.24214200836184674 0.3513117838926562 0.2006243153555812 0.20062431506099254 0.3768395158215638 0.4380745152649301 0.36031000422118 0.4128972149682215 0.23033791212792348 0.36031000340784886 0.22922686955469088 0.3603100031975841
65 0.1930321948022963 0.19303219491055063 0.40238618306911056 0.41860391172981976 0.5606382518576718 0.19303219604939534 0.23933266274033263 0.24001984969782844 0.20938139523071667 0.40378975989457194 0.19303219625263585 0.19303219604202745 0.32775204764626714 0.4800014810262064 0.2634626335186386 0.4687491605905841 0.2195743068268621 0.263462632476108 0.16265972685558544 0.26346263234037526
46 0.002384321784448868 0.002384333829326897 0.04483724901385875 -0.06864347060453922 0.2891980476662504 0.0023843281369749707 0.09026925806040491 0.4639356941057277 0.9784561785370983 0.11501136912505995 0.002384328225387038 0.0023843281932636727 0.11208787511580318 -0.021560257237329516 0.28185152654290413 0.20597004353202628 0.2898390745578599 0.281851545299266 0.5481880330692492 0.28185154548975583
31 0.0014893376261882613 0.0014893444242098156 0.10590226068530062 0.03921675969609537 0.2146452504258899 0.0014893413389912525 0.06877432007279273 0.5588920431038396 0.9209122552806512 0.16276728087838105 0.0014893414995824502 0.0014893412663627074 0.21751555755388627 0.046368058532400974 0.3079595589777891 0.2035048563178955 0.41526279951924044 0.30795956875045954 0.4369608769994849 0.3079595687083767
47 0.5196764300338069 0.5196764297128835 0.06061501939992564 0.20062431550664692 0.19303219602946067 0.5196764319139296 0.49509973105567556 0.05135354652146547 0.0013172813544656456 0.06528949444695206 0.5196764320871472 0.5196764318067603 0.2192752224339285 0.19565745719555486 0.19978884724731105 0.2079538787216261 -0.018025130456951546 0.19978884654048404 0.25843953148545096 0.19978884612711276
27 0.059540947391144766 0.05954094835521866 0.5717278900188784 0.3560695891426776 0.43009998744778066 0.05954094837549013 0.06127886687370445 0.3437471381881928 0.36652804661684996 0.5153260829868235 0.05954094872332559 0.059540948330867066 0.26980984002743214 0.3937128480012787 0.2608186606452708 0.3643057291375779 0.48727774279934544 0.2608186609211368 0.1404110114903675 0.26081866092384326
33 0.19565745727391087 0.1956574572666643 0.3798040245640811 0.438074516751437 0.4800014822546415 0.19565745848760122 0.20280782614094076 0.2783671348287839 0.22678158864365075 0.3766696910901346 0.19565745870134787 0.19565745848663926 0.34739924653482634 0.46701831571068103 0.3232654050449304 0.43342381070139613 0.2288488900366128 0.32326540410860316 0.19385006932232182 0.32326540386521213
48 0.5196764300338069 0.5196764297128835 0.06061501939992564 0.20062431550664692 0.19303219602946067 0.5196764319139296 0.49509973105567556 0.05135354652146547 0.0013172813544656456 0.06528949444695206 0.5196764320871472 0.5196764318067603 0.2192752224339285 0.19565745719555486 0.19978884724731105 0.2079538787216261 -0.018025130456951546 0.19978884654048404 0.25843953148545096 0.19978884612711276
19 0.06528949388845647 0.06528949414899222 0.497720576131708 0.3513117844264113 0.4037897600930249 0.06528949465694557 0.07327241936066749 0.34790106912404867 0.37118007204725534 0.6096383417844956 0.06528949494895095 0.06528949465556608 0.3048586303557518 0.37666969052818255 0.25964213126408764 0.3710533231477429 0.45272421028634824 0.2596421307206998 0.17016525693808038 0.2596421304107279
69 0.49509972983321476 0.4950997299871682 0.063972586438856 0.19104501087074238 0.2393326630635879 0.4950997316273603 0.6427283231508855 0.0675288558671049 0.019073455329450817 0.07327241936067608 0.4950997321438211 0.4950997317933758 0.22554963603898656 0.20280782530037006 0.14023366255016947 0.24429240944368116 -0.02322771961385807 0.14023366184885847 0.2046938728120488 0.1402336614777203
5 0.1954254360469033 0.1954254362839917 0.32983218755348576 0.4264152202629996 0.35239848269736485 0.19542543727644374 0.146132606309253 0.3436347747141054 0.2634898516646304 0.3172223438015944 0.19542543754463867 0.19542543733179157 0.3567316644514726 0.414030397579558 0.4231234101750146 0.3514451584851177 0.23492501155741763 0.4231234091089576 0.2650692486146594 0.42312340882946575
24 0.25843953029018324 0.258439530837247 0.1522467943927654 0.22922687026720748 0.1626597271220343 0.25843953193850555 0.2046938728120208 0.25182237592049656 0.20185055628573148 0.17016525693809012 0.2584395320710309 0.25843953160984945 0.30976918877673554 0.19385006867534255 0.3485670674323327 0.21599118334627462 0.13274198465407258 0.34856706664600556 0.9091448916183771 0.34856706634922063
68 0.06061501854757055 0.06061501914595302 0.548121909971018 0.35520273167504607 0.4023861832130814 0.060615019592467546 0.06397258643885445 0.37097960132383645 0.386509704850583 0.49772057613171683 0.060615019835043894 0.06061501945584001 0.30075190282375464 0.3798040241065546 0.27354127412145723 0.3654490356887311 0.48822596645161004 0.2735412737010656 0.1522467943927529 0.27354127349092866
55 0.199788845871808 0.19978884580814338 0.273541273730741 0.36031000420916826 0.263462633069139 0.19978884713054867 0.14023366200136067 0.3834842249325874 0.2975859161934107 0.25964213081434806 0.1997888474870706 0.19978884687589016 0.38349782510340447 0.323265403858386 0.47927120490930974 0.30180992945679463 0.22450468741267038 0.4792712040944025 0.34856706678019245 0.4792712037888123
56 0.199788845871808 0.19978884580814338 0.273541273730741 0.36031000420916826 0.263462633069139 0.19978884713054867 0.14023366200136067 0.3834842249325874 0.2975859161934107 0.25964213081434806 0.1997888474870706 0.19978884687589016 0.38349782510340447 0.323265403858386 0.47927120490930974 0.30180992945679463 0.22450468741267038 0.4792712040944025 0.34856706678019245 0.4792712037888123
62 0.5196764300338069 0.5196764297128835 0.06061501939992564 0.20062431550664692 0.19303219602946067 0.5196764319139296 0.49509973105567556 0.05135354652146547 0.0013172813544656456 0.06528949444695206 0.5196764320871472 0.5196764318067603 0.2192752224339285 0.19565745719555486 0.19978884724731105 0.2079538787216261 -0.018025130456951546 0.19978884654048404 0.25843953148545096 0.19978884612711276
63 0.5196764300338069 0.5196764297128835 0.06061501939992564 0.20062431550664692 0.19303219602946067 0.5196764319139296 0.49509973105567556 0.05135354652146547 0.0013172813544656456 0.06528949444695206 0.5196764320871472 0.5196764318067603 0.2192752224339285 0.19565745719555486 0.19978884724731105 0.2079538787216261 -0.018025130456951546 0.19978884654048404 0.25843953148545096 0.19978884612711276
64 0.5196764300338069 0.5196764297128835 0.06061501939992564 0.20062431550664692 0.19303219602946067 0.5196764319139296 0.49509973105567556 0.05135354652146547 0.0013172813544656456 0.06528949444695206 0.5196764320871472 0.5196764318067603 0.2192752224339285 0.19565745719555486 0.19978884724731105 0.2079538787216261 -0.018025130456951546 0.19978884654048404 0.25843953148545096 0.19978884612711276
35 0.05582353278167094 0.05582353378292588 0.5277670248616374 0.3618149293798562 0.3688860795975561 0.05582353396184618 0.056232124445434434 0.40262546891438983 0.4110397154566637 0.47630064895033225 0.055823534253475304 0.05582353387339781 0.2804182899941211 0.37817487058528443 0.30159002731040524 0.32998299604641457 0.5003550061949783 0.3015900265273334 0.15505925496322798 0.30159002643393834
12 0.0513535455495448 0.05135354625734742 0.37097960132378993 0.30316125459515847 0.2400198499739838 0.051353546772819 0.06752885586707222 0.5330213392158063 0.5490150115480162 0.34790106912400875 0.05135354706399399 0.05135354676318803 0.3221539631306491 0.2783671339924008 0.3834842258986732 0.2666227410649716 0.48124142710191403 0.3834842245962098 0.2518223759204651 0.38348422448378605
16 0.0513535455495448 0.05135354625734742 0.37097960132378993 0.30316125459515847 0.2400198499739838 0.051353546772819 0.06752885586707222 0.5330213392158063 0.5490150115480162 0.34790106912400875 0.05135354706399399 0.05135354676318803 0.3221539631306491 0.2783671339924008 0.3834842258986732 0.2666227410649716 0.48124142710191403 0.3834842245962098 0.2518223759204651 0.38348422448378605
51 2.9953409286926666e-05 2.9956818560312813e-05 0.2086136005412407 0.13690350619176814 0.18512141085699796 2.995553524425255e-05 0.04668544972150098 0.5899858091008322 0.8319168289711182 0.23825747501857522 2.9955578818882375e-05 2.995552461920716e-05 0.25194772268931787 0.12367342080091588 0.3181049558328035 0.2031195033180121 0.5196805115593128 0.3181049599169775 0.32947442366863144 0.3181049598526558
61 0.002384321784448868 0.002384333829326897 0.04483724901385875 -0.06864347060453922 0.2891980476662504 0.0023843281369749707 0.09026925806040491 0.4639356941057277 0.9784561785370983 0.11501136912505995 0.002384328225387038 0.0023843281932636727 0.11208787511580318 -0.021560257237329516 0.28185152654290413 0.20597004353202628 0.2898390745578599 0.281851545299266 0.5481880330692492 0.28185154548975583
60 0.20062431435031547 0.2006243141886662 0.3552027314002644 0.432922307200096 0.4186039111934424 0.20062431518231869 0.19104501010102 0.30316125390717324 0.24214200836184674 0.3513117838926562 0.2006243153555812 0.20062431506099254 0.3768395158215638 0.4380745152649301 0.36031000422118 0.4128972149682215 0.23033791212792348 0.36031000340784886 0.22922686955469088 0.3603100031975841
37 0.06226072738300761 0.06226072724875144 0.33929509151830506 0.2726152172865724 0.23776420531208356 0.06226072837123574 0.09173444072062902 0.5343159962450151 0.556203962277085 0.33446104828215595 0.06226072850013273 0.06226072832932125 0.4270750758486263 0.2385705127352869 0.3608059044485606 0.3201191296938301 0.4530094056275858 0.3608059023162179 0.2861304114500734 0.36080590207927915
15 0.052667610501451224 0.05266761051784426 0.4950235831237433 0.359279430322621 0.33069916368949615 0.05266761100270572 0.05330050575323304 0.4396056958274305 0.44344295814842366 0.44692132068881546 0.05266761131473859 0.052667610786800954 0.27788783722558674 0.3643708288763778 0.32901105960677 0.30189352120843604 0.5057087356512324 0.329011058617451 0.16895066026963027 0.329011058573644
58 0.5306992628704508 0.5306992605749846 0.07039283235822141 0.17834611709146464 0.14635380166110004 0.5306992627780287 0.24486481460384338 0.03721398957988168 -0.022857907608281536 0.052469220303119804 0.530699263164631 0.530699262792125 0.1846300809786567 0.16904331228449315 0.3031165025195659 0.12150132839537159 -0.025797034006269547 0.3031165012852827 0.3367480918517775 0.30311650113858735
53 0.20062431435031547 0.2006243141886662 0.3552027314002644 0.432922307200096 0.4186039111934424 0.20062431518231869 0.19104501010102 0.30316125390717324 0.24214200836184674 0.3513117838926562 0.2006243153555812 0.20062431506099254 0.3768395158215638 0.4380745152649301 0.36031000422118 0.4128972149682215 0.23033791212792348 0.36031000340784886 0.22922686955469088 0.3603100031975841
43 0.5196764300338069 0.5196764297128835 0.06061501939992564 0.20062431550664692 0.19303219602946067 0.5196764319139296 0.49509973105567556 0.05135354652146547 0.0013172813544656456 0.06528949444695206 0.5196764320871472 0.5196764318067603 0.2192752224339285 0.19565745719555486 0.19978884724731105 0.2079538787216261 -0.018025130456951546 0.19978884654048404 0.25843953148545096 0.19978884612711276
