id,x_0,x_1,x_2,x_3,x_4,x_5,x_6,x_7,x_8,x_9,x_10,x_11,x_12,x_13,x_14,x_15,x_16,x_17,x_18
0.0,2.220446049250313e-16,0.6034675942875796,0.09380636108743101,0.5478362537442728,0.5809551226048603,2.220446049250313e-16,0.8054357863077507,2.220446049250313e-16,2.220446049250313e-16,0.4747105554562222,2.220446049250313e-16,2.220446049250313e-16,5.551115123125783e-17,0.4145122961777034,2.220446049250313e-16,0.5142422211003985,2.220446049250313e-16,2.220446049250313e-16,2.220446049250313e-16
1.0,0.10224909929783606,0.3629856593999463,2.220446049250313e-16,0.769148439735627,0.616489319934538,2.220446049250313e-16,2.220446049250313e-16,0.7981442486060434,2.220446049250313e-16,2.220446049250313e-16,2.220446049250313e-16,0.616498362096414,2.220446049250313e-16,2.220446049250313e-16,2.220446049250313e-16,0.6286324022074997,2.220446049250313e-16,2.220446049250313e-16,2.220446049250313e-16
2.0,2.220446049250313e-16,2.220446049250313e-16,0.746220545987529,4.440892098500626e-16,0.008053763223429829,1.0356435464558904,2.220446049250313e-16,2.220446049250313e-16,0.06770783555499665,2.220446049250313e-16,2.220446049250313e-16,0.32459645487754163,0.48436155112895496,2.220446049250313e-16,0.08685150722064153,2.220446049250313e-16,0.7601422415991776,2.220446049250313e-16,2.220446049250313e-16
3.0,2.220446049250313e-16,2.220446049250313e-16,2.220446049250313e-16,2.220446049250313e-16,0.3747768301886227,2.220446049250313e-16,2.220446049250313e-16,0.33123041224225036,1.024526038755833,2.220446049250313e-16,2.220446049250313e-16,2.220446049250313e-16,2.220446049250313e-16,0.3789011343809366,0.4422835765873892,0.003937266388589514,2.220446049250313e-16,0.30457359944823703,0.6057655626734885
4.0,2.220446049250313e-16,2.220446049250313e-16,0.03264663761406604,2.220446049250313e-16,0.0004934532670877179,1.0857518419848047,0.7682891570106113,0.01582452925051672,0.0496557903261571,2.220446049250313e-16,2.220446049250313e-16,2.220446049250313e-16,2.220446049250313e-16,2.220446049250313e-16,0.5270469197354196,2.220446049250313e-16,0.9024015886381009,2.220446049250313e-16,2.220446049250313e-16
5.0,2.220446049250313e-16,2.220446049250313e-16,2.220446049250313e-16,2.220446049250313e-16,0.051339229731556,2.220446049250313e-16,2.220446049250313e-16,0.727394251489792,0.8692810089605627,1.1102230246251565e-16,2.220446049250313e-16,2.220446049250313e-16,2.220446049250313e-16,0.7744626811479098,0.44854454660602006,0.007308908834795873,2.220446049250313e-16,0.30615031084637506,0.6057655626734885
6.0,2.220446049250313e-16,2.220446049250313e-16,0.37929256290235047,2.220446049250313e-16,0.0070827583162274,1.072758891448069,0.3829150538076197,2.220446049250313e-16,0.0654831929101076,2.220446049250313e-16,2.220446049250313e-16,0.3245970977955864,0.4846608541522912,2.220446049250313e-16,0.08552261141365297,2.220446049250313e-16,0.7584156632243101,2.220446049250313e-16,2.220446049250313e-16
7.0,1.06405400052476,0.10648324415705901,2.220446049250313e-16,0.3925798012354907,2.220446049250313e-16,2.220446049250313e-16,2.220446049250313e-16,0.36947308766277354,0.043551765025657586,0.4747105554562223,0.31940618952790933,2.220446049250313e-16,2.220446049250313e-16,2.220446049250313e-16,2.220446049250313e-16,2.220446049250313e-16,0.8734478499916922,2.220446049250313e-16,2.220446049250313e-16
8.0,2.220446049250313e-16,2.220446049250313e-16,0.8700955710935561,2.220446049250313e-16,2.220446049250313e-16,0.8407748009612195,0.004354909972472547,2.220446049250313e-16,2.220446049250313e-16,0.47471055545622237,2.220446049250313e-16,2.220446049250313e-16,2.220446049250313e-16,2.220446049250313e-16,2.220446049250313e-16,0.7648756124563058,2.220446049250313e-16,0.6226040961146027,2.220446049250313e-16
9.0,0.9385159699868548,0.09378481134390548,2.220446049250313e-16,0.6756113096321087,2.220446049250313e-16,0.006959014301882033,2.220446049250313e-16,0.7590007510100575,2.220446049250313e-16,0.4747105554562224,2.220446049250313e-16,0.2836526759769824,2.220446049250313e-16,2.220446049250313e-16,2.220446049250313e-16,2.220446049250313e-16,0.6712693841027731,2.220446049250313e-16,2.220446049250313e-16
10.0,0.006579821183043825,0.13422862856860407,0.964292785782182,2.220446049250313e-16,0.01146701006139761,0.6294731027164642,0.006682617267669159,2.220446049250313e-16,2.220446049250313e-16,1.6653345369377348e-16,0.6234512089670039,2.220446049250313e-16,0.4934709512079538,2.220446049250313e-16,0.1230957429713769,0.08640862673153167,0.37255477533154496,2.220446049250313e-16,0.6057655626734886
11.0,0.5447566708640235,2.220446049250313e-16,2.220446049250313e-16,0.3408164621157824,0.48700396481998276,2.220446049250313e-16,2.220446049250313e-16,0.40427503442846885,0.08640044725610882,2.220446049250313e-16,0.2961287006988719,0.6232944040489445,2.220446049250313e-16,2.220446049250313e-16,2.220446049250313e-16,0.792238252823373,2.220446049250313e-16,2.220446049250313e-16,2.220446049250313e-16
12.0,2.220446049250313e-16,0.6467377433141316,0.7185561412947571,0.28096999075472184,0.13369834533117136,0.2936504189672612,2.220446049250313e-16,2.220446049250313e-16,2.220446049250313e-16,2.220446049250313e-16,2.220446049250313e-16,0.6281755670874537,5.551115123125783e-17,0.36009467816593405,0.4273022344898286,2.220446049250313e-16,0.15572987995375828,0.31209189514109936,0.3123386430138408
13.0,0.34293984764771973,2.220446049250313e-16,2.220446049250313e-16,0.09012967665853516,0.5095065051745565,2.220446049250313e-16,2.220446049250313e-16,0.8857310511747581,2.220446049250313e-16,2.220446049250313e-16,0.6151602878323115,0.612416206471772,2.220446049250313e-16,2.220446049250313e-16,2.220446049250313e-16,0.7895475308505779,2.220446049250313e-16,2.220446049250313e-16,2.220446049250313e-16
14.0,0.007014980860031687,0.1380235932968203,0.7782814666926142,2.220446049250313e-16,0.005015693205574213,0.8971609287685517,2.220446049250313e-16,2.220446049250313e-16,2.220446049250313e-16,2.220446049250313e-16,2.220446049250313e-16,0.6282448983781367,1.1102230246251565e-16,2.220446049250313e-16,0.5638173257056686,2.220446049250313e-16,0.34542894896172066,0.6220497263718989,2.220446049250313e-16
15.0,0.08030768028208264,2.220446049250313e-16,2.220446049250313e-16,2.220446049250313e-16,0.9351644446065495,2.220446049250313e-16,2.220446049250313e-16,0.8119946569859523,0.10624788038918938,2.220446049250313e-16,0.6080743108348748,2.220446049250313e-16,2.220446049250313e-16,2.220446049250313e-16,0.5589556713439431,2.220446049250313e-16,0.7535120675902701,2.220446049250313e-16,2.220446049250313e-16
16.0,0.016412375141443353,0.12702975909234693,0.8871670527091298,2.220446049250313e-16,2.220446049250313e-16,0.8410499899415961,0.0029172680591579296,2.220446049250313e-16,2.220446049250313e-16,0.474710555456222,2.220446049250313e-16,2.220446049250313e-16,5.551115123125783e-17,2.220446049250313e-16,2.220446049250313e-16,0.5858216924462382,2.220446049250313e-16,0.6226013905476452,2.220446049250313e-16
17.0,2.220446049250313e-16,2.220446049250313e-16,2.220446049250313e-16,2.220446049250313e-16,1.0001496113732364,2.220446049250313e-16,0.38061609517447625,0.5324791797058378,0.10512322215211613,2.220446049250313e-16,0.6069924952401792,0.2904519649181184,2.220446049250313e-16,2.220446049250313e-16,0.5669618750457823,2.220446049250313e-16,0.5788652053007247,2.220446049250313e-16,2.220446049250313e-16
18.0,0.009822087613458088,0.8998446230994204,2.220446049250313e-16,2.220446049250313e-16,2.220446049250313e-16,2.220446049250313e-16,0.7847389913933909,0.004235759245344507,2.220446049250313e-16,0.4747105554562224,0.6236421016110667,0.6281420505316814,2.220446049250313e-16,0.78762564388539,2.220446049250313e-16,2.220446049250313e-16,2.220446049250313e-16,2.220446049250313e-16,0.6057655626734885
19.0,0.007688371604956752,0.05181680293346147,0.5185543908887407,2.220446049250313e-16,0.002357935743903199,0.0037308038897200307,0.4186685184341203,2.220446049250313e-16,2.220446049250313e-16,5.551115123125783e-16,0.6236028487817522,0.004758230522717935,2.220446049250313e-16,0.8171411061333341,2.220446049250313e-16,0.9313395822323136,2.220446049250313e-16,2.220446049250313e-16,0.6057655626734884
20.0,2.220446049250313e-16,0.6111086035669248,0.0942343248777574,0.5478789817495558,0.8877467935119413,2.220446049250313e-16,0.8086160245327595,2.220446049250313e-16,2.220446049250313e-16,0.4747105554562221,2.220446049250313e-16,2.220446049250313e-16,1.6653345369377348e-16,0.01873741015686362,2.220446049250313e-16,0.508982904446369,2.220446049250313e-16,2.220446049250313e-16,2.220446049250313e-16
21.0,2.220446049250313e-16,0.9186618378930496,0.5102732401319863,0.2701045457089265,0.43462491059219027,2.220446049250313e-16,0.41433939815989707,2.220446049250313e-16,2.220446049250313e-16,0.47471055545622226,0.2970006608786835,2.220446049250313e-16,5.551115123125783e-17,0.3950843593734629,2.220446049250313e-16,0.11564757285206068,2.220446049250313e-16,2.220446049250313e-16,0.2934269196596476
22.0,2.220446049250313e-16,0.058124551969783146,0.14841132001440072,0.26321050458742856,0.7511076781681905,0.037741469160198035,0.8100010282328894,2.220446049250313e-16,2.220446049250313e-16,2.220446049250313e-16,0.29173213560667494,0.0039642625747166255,5.551115123125783e-17,0.23634330883064394,2.220446049250313e-16,0.9642232328435505,2.220446049250313e-16,2.220446049250313e-16,2.220446049250313e-16
23.0,0.05053333760472626,0.04458897628612779,0.4011164277096758,0.7850838398110329,0.705212927546198,2.220446049250313e-16,0.43578236154818395,0.09566038894469953,0.2346833945524295,2.220446049250313e-16,2.220446049250313e-16,2.220446049250313e-16,0.46189668930234234,0.040385682696908586,0.1314565301858094,0.05598660685446104,0.4219469469408671,2.220446049250313e-16,2.220446049250313e-16
24.0,2.220446049250313e-16,0.05801833028103482,0.8671692870066893,0.5446963862436254,0.44117169589763044,2.220446049250313e-16,0.034141401911286416,2.220446049250313e-16,2.220446049250313e-16,2.220446049250313e-16,2.220446049250313e-16,0.0047789243125753245,2.220446049250313e-16,0.6401036942189247,2.220446049250313e-16,0.9007231094053914,2.220446049250313e-16,2.220446049250313e-16,2.220446049250313e-16
25.0,0.059025897963764104,2.220446049250313e-16,2.220446049250313e-16,2.220446049250313e-16,0.8737626862611054,0.0245376583523385,2.220446049250313e-16,0.11503411961328111,0.8617687070793368,0.4747105554562224,2.220446049250313e-16,2.220446049250313e-16,2.220446049250313e-16,2.220446049250313e-16,0.13702236029494227,0.002759219895762687,0.2375740029746361,0.3059853617249809,0.31233864301384084
26.0,2.220446049250313e-16,2.220446049250313e-16,0.8472152408589789,2.220446049250313e-16,2.220446049250313e-16,0.9980560087094019,2.220446049250313e-16,2.220446049250313e-16,0.1835793172228723,2.220446049250313e-16,5.551115123125783e-17,2.220446049250313e-16,0.4744580391585542,2.220446049250313e-16,2.220446049250313e-16,0.15212401039402737,0.5043510890785738,2.220446049250313e-16,2.220446049250313e-16
27.0,2.220446049250313e-16,0.0035157573994889072,2.220446049250313e-16,2.220446049250313e-16,0.9758384013136734,2.220446049250313e-16,2.220446049250313e-16,0.8974791160934016,0.209196907186305,2.220446049250313e-16,2.220446049250313e-16,2.220446049250313e-16,2.220446049250313e-16,2.220446049250313e-16,0.5684670313280229,2.220446049250313e-16,0.5593619877771497,0.6287456540646881,2.220446049250313e-16
28.0,2.220446049250313e-16,2.220446049250313e-16,2.220446049250313e-16,2.220446049250313e-16,0.5541617120759311,0.06770619792767363,2.220446049250313e-16,0.5165039537842167,0.6788573229879729,0.4747105554562223,2.220446049250313e-16,2.220446049250313e-16,2.220446049250313e-16,0.3928508314575197,0.14115363851714513,0.006664581817967104,0.24476432569449677,0.30833101939512353,0.3123386430138408
29.0,0.6450916450544747,2.220446049250313e-16,1.1102230246251565e-16,0.020263493782715525,0.4270505661582789,2.220446049250313e-16,2.220446049250313e-16,2.220446049250313e-16,1.0019743088153885,1.1102230246251565e-16,2.220446049250313e-16,2.220446049250313e-16,0.3643513234445486,2.220446049250313e-16,2.220446049250313e-16,2.220446049250313e-16,2.220446049250313e-16,0.6206939878246589,2.220446049250313e-16
30.0,0.0013759121057479219,0.9441663928415185,2.220446049250313e-16,2.220446049250313e-16,2.220446049250313e-16,0.33529980084461186,0.019233157495056035,0.7618624276307909,0.0006407809802990024,0.474710555456222,2.220446049250313e-16,2.220446049250313e-16,2.220446049250313e-16,0.3998506689627785,2.220446049250313e-16,2.220446049250313e-16,0.2812546866940088,0.3125882821849675,0.6057655626734885
31.0,0.009828430763009434,2.220446049250313e-16,2.220446049250313e-16,2.220446049250313e-16,0.0719842342778263,0.32054168131289323,2.220446049250313e-16,0.1632812580333299,1.1422575998577404,2.220446049250313e-16,2.220446049250313e-16,2.220446049250313e-16,2.220446049250313e-16,0.7743989131742025,0.4357147730779307,0.005219150524693024,2.220446049250313e-16,2.220446049250313e-16,2.220446049250313e-16
32.0,2.220446049250313e-16,2.220446049250313e-16,0.04119130936580135,2.220446049250313e-16,2.220446049250313e-16,1.0178889995098372,0.7682363929397817,0.039746482983923824,0.5422315751517676,2.220446049250313e-16,2.220446049250313e-16,2.220446049250313e-16,0.4262050285589666,2.220446049250313e-16,2.220446049250313e-16,2.220446049250313e-16,0.30018593120638615,2.220446049250313e-16,2.220446049250313e-16
33.0,0.23412340090766515,2.220446049250313e-16,2.220446049250313e-16,2.220446049250313e-16,2.220446049250313e-16,0.32548289894394067,2.220446049250313e-16,2.220446049250313e-16,1.167468686926243,2.220446049250313e-16,2.220446049250313e-16,2.220446049250313e-16,0.34208573942935366,0.7746212569740547,2.220446049250313e-16,2.220446049250313e-16,2.220446049250313e-16,2.220446049250313e-16,2.220446049250313e-16
34.0,0.23412340090766515,2.220446049250313e-16,2.220446049250313e-16,2.220446049250313e-16,2.220446049250313e-16,0.32548289894394067,2.220446049250313e-16,2.220446049250313e-16,1.167468686926243,2.220446049250313e-16,2.220446049250313e-16,2.220446049250313e-16,0.34208573942935366,0.7746212569740547,2.220446049250313e-16,2.220446049250313e-16,2.220446049250313e-16,2.220446049250313e-16,2.220446049250313e-16
35.0,0.0023533966529178884,0.931654103258486,0.003439160260969883,2.220446049250313e-16,2.220446049250313e-16,2.220446049250313e-16,0.015413582383072232,0.7612580151017054,2.220446049250313e-16,0.4747105554562224,2.7755575615628914e-17,2.220446049250313e-16,5.551115123125783e-17,0.7948319898490297,2.220446049250313e-16,2.220446049250313e-16,0.29777522987601557,0.6308703156300266,0.6057655626734885
36.0,2.220446049250313e-16,0.3580758134424399,2.220446049250313e-16,2.220446049250313e-16,2.220446049250313e-16,0.979668382053986,0.7652991682991651,0.025141086265769885,2.220446049250313e-16,2.220446049250313e-16,2.220446049250313e-16,2.220446049250313e-16,2.220446049250313e-16,2.220446049250313e-16,0.5417389685086443,2.220446049250313e-16,0.703161004052014,0.3062595715530108,2.220446049250313e-16
37.0,2.220446049250313e-16,0.3580758134424399,2.220446049250313e-16,2.220446049250313e-16,2.220446049250313e-16,0.979668382053986,0.7652991682991651,0.025141086265769885,2.220446049250313e-16,2.220446049250313e-16,2.220446049250313e-16,2.220446049250313e-16,2.220446049250313e-16,2.220446049250313e-16,0.5417389685086443,2.220446049250313e-16,0.703161004052014,0.3062595715530108,2.220446049250313e-16
38.0,2.220446049250313e-16,0.081946241088984,2.220446049250313e-16,2.220446049250313e-16,0.0188810634906863,2.220446049250313e-16,0.02957283062760603,0.8455251500286797,0.4733700134793245,2.220446049250313e-16,2.220446049250313e-16,2.220446049250313e-16,0.435469650743342,0.8203102905587916,2.220446049250313e-16,0.007474543925609926,0.3067884745585854,0.6260626390379074,0.6057655626734884
39.0,0.006845043923895964,0.9171692011622368,2.220446049250313e-16,2.220446049250313e-16,2.220446049250313e-16,2.220446049250313e-16,0.7843455276838595,2.220446049250313e-16,0.00022782540371252236,0.4747105554562222,2.220446049250313e-16,0.32458630031771135,2.220446049250313e-16,0.7871060935834349,2.220446049250313e-16,2.220446049250313e-16,0.1725523831435044,0.6308680017723076,0.6057655626734886
40.0,1.134698224136782,0.09190625451556544,2.220446049250313e-16,0.105172297853209,2.220446049250313e-16,2.220446049250313e-16,2.220446049250313e-16,2.220446049250313e-16,0.4592444531846113,2.220446049250313e-16,0.30423591208315737,0.01020733637994054,2.220446049250313e-16,2.220446049250313e-16,2.220446049250313e-16,0.09806438905599801,0.5412800675546028,0.3103147553506388,2.220446049250313e-16
41.0,2.220446049250313e-16,0.17081091484852018,0.7524661691200071,1.1102230246251565e-16,0.0016649530781977996,0.9670789008260203,2.220446049250313e-16,2.220446049250313e-16,0.5463239112678409,2.220446049250313e-16,2.220446049250313e-16,0.32460068501200645,0.4256544463902491,2.220446049250313e-16,2.220446049250313e-16,2.220446049250313e-16,2.220446049250313e-16,2.220446049250313e-16,2.220446049250313e-16
42.0,0.8155085403493566,2.220446049250313e-16,2.220446049250313e-16,2.220446049250313e-16,2.220446049250313e-16,0.07631752703947625,2.220446049250313e-16,2.220446049250313e-16,1.089991768961314,2.220446049250313e-16,9.860761315262648e-32,2.220446049250313e-16,0.3525094701075705,2.220446049250313e-16,2.220446049250313e-16,2.220446049250313e-16,2.220446049250313e-16,2.220446049250313e-16,0.6057655626734884
43.0,0.8155085403493566,2.220446049250313e-16,2.220446049250313e-16,2.220446049250313e-16,2.220446049250313e-16,0.07631752703947625,2.220446049250313e-16,2.220446049250313e-16,1.089991768961314,2.220446049250313e-16,9.860761315262648e-32,2.220446049250313e-16,0.3525094701075705,2.220446049250313e-16,2.220446049250313e-16,2.220446049250313e-16,2.220446049250313e-16,2.220446049250313e-16,0.6057655626734884
44.0,0.8155085403493566,2.220446049250313e-16,2.220446049250313e-16,2.220446049250313e-16,2.220446049250313e-16,0.07631752703947625,2.220446049250313e-16,2.220446049250313e-16,1.089991768961314,2.220446049250313e-16,9.860761315262648e-32,2.220446049250313e-16,0.3525094701075705,2.220446049250313e-16,2.220446049250313e-16,2.220446049250313e-16,2.220446049250313e-16,2.220446049250313e-16,0.6057655626734884
45.0,0.3886747445720244,2.220446049250313e-16,0.07611496043772159,0.7344840991726526,0.3722098552356992,2.220446049250313e-16,0.3919962674959535,0.5351900052310553,2.220446049250313e-16,2.220446049250313e-16,2.220446049250313e-16,2.220446049250313e-16,2.220446049250313e-16,2.220446049250313e-16,2.220446049250313e-16,0.9625661596630789,2.220446049250313e-16,2.220446049250313e-16,2.220446049250313e-16
46.0,0.008219965541302993,2.220446049250313e-16,0.8894603461061084,2.220446049250313e-16,2.220446049250313e-16,0.5834952468711543,0.0031309656947928846,2.220446049250313e-16,2.220446049250313e-16,2.220446049250313e-16,0.6236421016110666,0.005169230097408347,2.220446049250313e-16,2.220446049250313e-16,2.220446049250313e-16,0.8885537249411191,2.220446049250313e-16,2.220446049250313e-16,0.6057655626734885
47.0,2.220446049250313e-16,0.9129202029192263,0.8587065218973514,0.5513306504673351,0.26898215979345985,2.220446049250313e-16,0.025674676929771385,2.220446049250313e-16,2.220446049250313e-16,2.220446049250313e-16,2.220446049250313e-16,2.220446049250313e-16,2.220446049250313e-16,0.7944585514444891,0.44433150564244955,0.0841229407993114,2.220446049250313e-16,2.220446049250313e-16,2.220446049250313e-16
48.0,2.220446049250313e-16,0.6123643859300282,2.220446049250313e-16,2.220446049250313e-16,0.8977623822593283,2.220446049250313e-16,0.8087517344912918,2.220446049250313e-16,2.220446049250313e-16,2.220446049250313e-16,0.6086969472969191,0.3324002634336226,2.220446049250313e-16,0.018667070606118552,2.220446049250313e-16,0.5546083051902342,2.220446049250313e-16,2.220446049250313e-16,2.220446049250313e-16
49.0,0.6817080278975205,2.220446049250313e-16,0.0747059054775151,0.7025227434793965,0.07837615353537176,2.220446049250313e-16,0.7760007621355665,0.17730364423527492,2.220446049250313e-16,2.220446049250313e-16,2.220446049250313e-16,2.220446049250313e-16,2.220446049250313e-16,2.220446049250313e-16,2.220446049250313e-16,0.9534903864899451,2.220446049250313e-16,2.220446049250313e-16,2.220446049250313e-16
50.0,0.006352974370008051,0.3215514544120538,2.220446049250313e-16,2.220446049250313e-16,0.9644769876561646,2.220446049250313e-16,0.37149925373609377,0.5040869515130028,2.220446049250313e-16,2.220446049250313e-16,0.6075863415371252,0.6251691065228824,1.6653345369377348e-16,2.220446049250313e-16,2.220446049250313e-16,0.4458171060098428,2.220446049250313e-16,2.220446049250313e-16,2.220446049250313e-16
51.0,2.220446049250313e-16,2.220446049250313e-16,0.9279269850060702,2.220446049250313e-16,2.220446049250313e-16,0.32605684781689426,2.220446049250313e-16,2.220446049250313e-16,2.220446049250313e-16,0.4747105554562223,0.6236421016110667,2.220446049250313e-16,2.220446049250313e-16,0.39456251766258466,2.220446049250313e-16,0.7660988573916,2.220446049250313e-16,2.220446049250313e-16,0.6057655626734885
52.0,2.220446049250313e-16,0.5077575576180069,0.7240595531211843,2.220446049250313e-16,0.002307562780866996,0.5919490219036007,2.220446049250313e-16,2.220446049250313e-16,2.220446049250313e-16,2.220446049250313e-16,2.220446049250313e-16,0.6282625630483651,2.220446049250313e-16,0.37920571130332914,0.5857681931843721,2.220446049250313e-16,0.15572668510909615,0.6250504688037399,2.220446049250313e-16
53.0,2.220446049250313e-16,2.220446049250313e-16,2.220446049250313e-16,2.220446049250313e-16,0.9814713161929544,2.220446049250313e-16,2.220446049250313e-16,0.9063277035127035,0.09571558358564079,1.1102230246251565e-16,0.6073034349824888,0.2816544150752802,2.220446049250313e-16,2.220446049250313e-16,0.5681956429256686,2.220446049250313e-16,0.5624225683589665,2.220446049250313e-16,2.220446049250313e-16
54.0,0.031708072606652274,0.9173712012463592,2.220446049250313e-16,2.220446049250313e-16,0.8951382074209403,2.220446049250313e-16,0.6012863256647958,0.12104227018203782,2.220446049250313e-16,2.220446049250313e-16,0.6087406322392619,0.6374644020445693,1.6653345369377348e-16,0.01165738739561671,2.220446049250313e-16,0.10405181879767574,2.220446049250313e-16,2.220446049250313e-16,2.220446049250313e-16
55.0,0.019598202447618257,0.8471072690639876,2.220446049250313e-16,2.220446049250313e-16,2.220446049250313e-16,0.04485257476919958,2.220446049250313e-16,0.8645513975277671,0.048660565228640526,2.220446049250313e-16,1.3877787807814457e-16,2.220446049250313e-16,2.220446049250313e-16,0.7490129242378926,2.220446049250313e-16,0.11614390335237822,0.29347582971306463,0.3140437830444191,0.6057655626734886
56.0,2.220446049250313e-16,2.220446049250313e-16,0.8419975503321007,2.220446049250313e-16,0.009050261737514886,1.041101022314314,2.220446049250313e-16,2.220446049250313e-16,0.06718509808772292,2.220446049250313e-16,2.220446049250313e-16,0.30221467555304077,0.48443188013425714,2.220446049250313e-16,0.10678778147702364,0.15020809650414993,0.3799525763034502,2.220446049250313e-16,2.220446049250313e-16
57.0,0.9317859851018745,2.220446049250313e-16,3.3306690738754696e-16,2.220446049250313e-16,0.12198344781533087,2.220446049250313e-16,2.220446049250313e-16,2.220446049250313e-16,0.9677837234305092,2.220446049250313e-16,2.220446049250313e-16,2.220446049250313e-16,0.36895131868369685,2.220446049250313e-16,2.220446049250313e-16,2.220446049250313e-16,2.220446049250313e-16,0.6210412368525765,2.220446049250313e-16
58.0,1.1360063166386711,0.27036610349559875,0.002623103035863219,0.38584975512224445,2.220446049250313e-16,2.220446049250313e-16,2.220446049250313e-16,0.020664396101264984,0.222589566196311,2.220446049250313e-16,0.31940618952790933,0.009734128046855424,2.220446049250313e-16,2.220446049250313e-16,2.220446049250313e-16,0.09632254395259578,0.6684711291611958,2.220446049250313e-16,2.220446049250313e-16
59.0,0.9317859851018745,2.220446049250313e-16,3.3306690738754696e-16,2.220446049250313e-16,0.12198344781533087,2.220446049250313e-16,2.220446049250313e-16,2.220446049250313e-16,0.9677837234305092,2.220446049250313e-16,2.220446049250313e-16,2.220446049250313e-16,0.36895131868369685,2.220446049250313e-16,2.220446049250313e-16,2.220446049250313e-16,2.220446049250313e-16,0.6210412368525765,2.220446049250313e-16
60.0,1.1076743557335809,0.27583770041264155,0.0021049942084767166,0.6603634733048603,2.220446049250313e-16,2.220446049250313e-16,2.220446049250313e-16,2.220446049250313e-16,0.34044766110182667,2.220446049250313e-16,2.220446049250313e-16,0.010244981117071438,2.220446049250313e-16,2.220446049250313e-16,2.220446049250313e-16,0.10051265538797023,0.5104049073280641,2.220446049250313e-16,2.220446049250313e-16
61.0,2.220446049250313e-16,0.14651422128122812,0.9017002227358891,2.220446049250313e-16,2.220446049250313e-16,1.0075392474966747,0.004000906584684785,2.220446049250313e-16,0.054348545639272904,2.220446049250313e-16,2.220446049250313e-16,2.220446049250313e-16,2.220446049250313e-16,2.220446049250313e-16,0.5779574195917091,0.4034694567237978,2.220446049250313e-16,2.220446049250313e-16,2.220446049250313e-16
62.0,0.7555257893432095,0.11141043788051935,2.220446049250313e-16,0.14806305621954868,0.27765229420321624,2.220446049250313e-16,2.220446049250313e-16,0.37576745788484395,0.10883984059299799,0.47471055545622204,0.6190199917248169,2.220446049250313e-16,2.220446049250313e-16,2.220446049250313e-16,2.220446049250313e-16,2.220446049250313e-16,0.8769309731488084,2.220446049250313e-16,2.220446049250313e-16
63.0,0.9432123749807348,2.220446049250313e-16,2.220446049250313e-16,0.6806362554845404,2.220446049250313e-16,2.220446049250313e-16,2.7755575615628914e-17,2.220446049250313e-16,0.9678545290638358,2.220446049250313e-16,2.220446049250313e-16,2.220446049250313e-16,0.36894179250646003,2.220446049250313e-16,2.220446049250313e-16,2.220446049250313e-16,2.220446049250313e-16,2.220446049250313e-16,2.220446049250313e-16
64.0,0.9432123749807348,2.220446049250313e-16,2.220446049250313e-16,0.6806362554845404,2.220446049250313e-16,2.220446049250313e-16,2.7755575615628914e-17,2.220446049250313e-16,0.9678545290638358,2.220446049250313e-16,2.220446049250313e-16,2.220446049250313e-16,0.36894179250646003,2.220446049250313e-16,2.220446049250313e-16,2.220446049250313e-16,2.220446049250313e-16,2.220446049250313e-16,2.220446049250313e-16
65.0,0.009814962530622244,0.8998448302540498,2.220446049250313e-16,2.220446049250313e-16,2.220446049250313e-16,0.0027987466186573055,0.7847389866886397,0.004235786568615329,2.220446049250313e-16,0.4747105554562222,0.3194061895279092,0.6281420660084772,2.220446049250313e-16,0.7876256376729873,2.220446049250313e-16,2.220446049250313e-16,2.220446049250313e-16,0.3158638304285496,0.6057655626734885
66.0,2.220446049250313e-16,2.220446049250313e-16,0.8698904142882693,2.220446049250313e-16,2.220446049250313e-16,0.8424054386467135,0.004356220430558803,2.220446049250313e-16,2.220446049250313e-16,0.4747105554562224,0.31940618952790945,2.220446049250313e-16,2.220446049250313e-16,2.220446049250313e-16,2.220446049250313e-16,0.764874108488746,2.220446049250313e-16,0.3076090953734689,2.220446049250313e-16
67.0,0.7032873538883387,2.220446049250313e-16,3.3306690738754696e-16,0.7028184195431014,0.011882413402422893,2.220446049250313e-16,2.220446049250313e-16,0.8434513349058481,0.5121126750433633,2.220446049250313e-16,2.220446049250313e-16,0.2821869012905338,0.4302572199896611,2.220446049250313e-16,2.220446049250313e-16,2.220446049250313e-16,2.220446049250313e-16,2.220446049250313e-16,2.220446049250313e-16
68.0,0.8040298470144207,2.220446049250313e-16,2.220446049250313e-16,0.6848358949196841,0.000392379194501094,2.220446049250313e-16,2.220446049250313e-16,0.8022462047951989,2.220446049250313e-16,2.220446049250313e-16,2.220446049250313e-16,0.6137330045666368,2.220446049250313e-16,2.220446049250313e-16,2.220446049250313e-16,0.7837571746719425,2.220446049250313e-16,2.220446049250313e-16,2.220446049250313e-16
69.0,0.4018175694810278,2.220446049250313e-16,2.220446049250313e-16,0.7371141575001273,0.38767848646557823,2.220446049250313e-16,0.7605422351083091,0.16533495017690522,2.220446049250313e-16,2.220446049250313e-16,2.220446049250313e-16,0.6294108743826679,2.220446049250313e-16,2.220446049250313e-16,2.220446049250313e-16,0.7821767661446828,2.220446049250313e-16,2.220446049250313e-16,2.220446049250313e-16
