52 0.23096711500571335 0.5490599845981946 0.3265731631488391 0.09463080632488577 0.3255134360137202 0.20717535822270494 0.16430944963501765 0.3019021589017292 0.16694787339832434 0.10736088153008971 0.17452506185351263 0.6904976983517175 0.1906211377957146 0.16385287286449696 0.2115037023021738 0.33234828590037346 0.35250717391177483 0.09463080631353267 0.5939689490606567 0.10736088161312884
9 0.3635207457842885 0.20872327869919247 0.2906088240501503 0.11010776226747788 0.207629949714241 0.30981283683832433 0.4155422758912969 0.30080214339824346 0.4786656055928615 0.08304032981763707 0.4598406548674537 0.16284497619029129 0.4133035439290679 0.4958347300483055 0.5191098196028668 0.32198675241701546 0.12495697315727011 0.11010776221729018 0.1643598015670705 0.08304032996473135
68 0.3926853527844024 0.2792128417007623 0.36192871457298065 0.11362616757827623 0.2757613919337376 0.3122705886173923 0.417020006873368 0.3541247870830016 0.41486217667646996 0.10191387514516567 0.3891040916029469 0.3186899110677858 0.3521089575202492 0.35071527438548705 0.45434252847322604 0.32099039032811216 0.2861229055724097 0.11362616759985303 0.23237452993113628 0.10191387516736594
2 0.34930636509293966 0.37442388156356454 0.3010542863644914 0.04620106018933588 0.062325771398570796 0.3165689935790963 0.35417282733150873 0.42499194989085537 0.45365975869636516 0.06360265116947587 0.3507982380656628 0.24173822383277474 0.47302793820372757 0.46797900722991564 0.3446492981772896 0.40864176092746096 0.10505297833213757 0.0462010602958374 0.1765096111168929 0.06360265115174835
26 0.31562716205138874 0.4861145497879808 0.3814230885320618 0.10083246265011779 0.32905718427738395 0.2501421524361258 0.28294629973592467 0.3595850589846974 0.2593268873403519 0.11771469047511353 0.23509455906781157 0.5887653188754125 0.23834218869767906 0.17342901790079823 0.2654794619760371 0.3338180982349775 0.3934305538412425 0.10083246279628583 0.4445001357760425 0.11771469047652004
1 0.27318888301421906 0.3356606420292739 0.233386053875094 0.14552898094949018 0.1370770378431606 0.4781725394204125 0.36340970201337786 0.3156773321711399 0.44285111527154913 0.18503313926848605 0.5007866542089192 0.22976518924181275 0.3005100640901699 0.29215962944091806 0.3601896004169643 0.24666225456622107 0.16433401574601975 0.14552898079090312 0.22211936411318184 0.18503313944640726
28 0.21392310806924617 0.23604705211387267 0.2467002294226746 0.31645004252077863 0.534206393472154 0.33646994127864044 0.24085277828035004 0.19601071544686835 0.18432693796645336 0.3130708482626 0.24926487208921586 0.39343055384757053 0.10796519257015916 0.09107740623165969 0.24796760709930932 0.1350614558116096 0.5683051560426297 0.3164500429944746 0.5222854678121062 0.3130708484283104
17 0.23371057610342955 0.3410500859355033 0.22685341765369293 0.23484901009502784 0.21112476824820975 0.3572348707931834 0.4081683695031983 0.24919045820764463 0.461225988996601 0.29524306103086667 0.5814398426286499 0.2894285874701469 0.22303130859613152 0.20517158084770284 0.4035681670273518 0.19958817009082305 0.28765917349616743 0.234849009890412 0.2832128326200649 0.2952430604601991
6 0.39855256360712793 0.3834953301897669 0.3766522674887254 0.027318545214084892 0.11816511368950544 0.3027925312200992 0.3633389666902309 0.45304203573045465 0.39522725285225624 0.03583583694642203 0.27519593051948105 0.28135960511809194 0.46289312485056505 0.46133874925206986 0.3417637911581797 0.45069603209767356 0.14309976995977247 0.0273185451774618 0.15166326312019904 0.035835836888104204
66 0.3692999382219893 0.4046457877968175 0.42783031100231966 0.11395558123778225 0.4026372928368239 0.2926469009513162 0.35906341725175883 0.35679627430450656 0.28708295218707547 0.11348823272452789 0.25664267803491697 0.4902929408151906 0.24339593060884274 0.196785568725768 0.317592828101223 0.3176945243023242 0.4079850790844727 0.11395558097618179 0.3259421891240655 0.11348823274443899
12 0.41489168556759626 0.25752761189607454 0.3461290761168112 0.0012276191173226534 0.10672327353744986 0.1874031188899645 0.36436493279130944 0.39905543453021763 0.4076960105330194 0.00313782195583602 0.23951706561793615 0.17342901791402024 0.550202149858297 0.6056797013603921 0.3957297147800844 0.4523185740979615 0.09107740621198197 0.001227619075804277 0.10236190283664712 0.0031378217271390983
18 0.37480853756829585 0.42293815793110323 0.35793496207402065 0.09758728367014473 0.19047380334385233 0.2744292368516968 0.41775875800465656 0.3854500654471611 0.4457056984045174 0.11388149237719071 0.38661506833707876 0.3210523236424401 0.37365716893142353 0.3538888267428204 0.37696867966113934 0.3596973023558187 0.22042796577169899 0.09758728359007376 0.19162908196512685 0.11388149230955119
10 0.3872349419140855 0.2871926479846369 0.34337786792002234 0.11071557227574673 0.23723090143663514 0.3077528086573036 0.4358109591332876 0.3382367056718834 0.45389914128254355 0.09599629644751936 0.420436224708932 0.22982694157532058 0.38339583669166183 0.42240825013144917 0.4682508520998814 0.3315869133309334 0.1913682510422482 0.11071557247390618 0.15660778054096106 0.0959962963618546
14 0.3398260376542797 0.5152144845163759 0.33081646997644765 0.08302141492915029 0.11565849523442263 0.23775228351535962 0.37800438590361307 0.40446726989207293 0.4503825386203864 0.12244712032173267 0.37752252449312834 0.3733782495117655 0.3835402042642947 0.3377277389585936 0.31654023850914653 0.3831465067915512 0.19594512482644016 0.08302141477908677 0.24112518363637958 0.12244712039846065
33 0.03169205927406438 0.1255385982512962 0.031121681589866057 0.5346628302941099 0.2634632996923756 0.2541835361202177 0.1035760231607128 0.03292840682036635 0.10513184490991989 0.6851233603665605 0.26684229839544105 0.11771469039376825 0.0004615650395862758 0.003137821753625758 0.09380437713116407 -0.002248165212222375 0.3130708482931368 0.534662829595618 0.3506764107987692 0.6851233608322218
36 0.4426555226371233 0.3807156137957872 0.48709237238331643 0.03361145444129946 0.287835700825051 0.24038090280346724 0.38587242007155825 0.4127642130788751 0.32791779186102527 0.03112168163813683 0.22179012272187415 0.3814230886173722 0.36490745749993747 0.34612907621385003 0.34711975185897426 0.43791284030176497 0.246700229339733 0.033611454512641255 0.17165046835769784 0.031121681421876053
40 0.2466266990633568 0.25958355016645057 0.24505251401355674 0.2756175001922149 0.2787370629360237 0.3859319926128974 0.4216916441859852 0.21909039063584757 0.4438038865203293 0.2566086093885782 0.5870602528322572 0.24309149894634122 0.21246049040942971 0.2257504440811848 0.4575189276718462 0.2014451352469529 0.27066563090296963 0.27561749995738055 0.23598988859686218 0.2566086087503083
41 0.3872349419140855 0.2871926479846369 0.34337786792002234 0.11071557227574673 0.23723090143663514 0.3077528086573036 0.4358109591332876 0.3382367056718834 0.45389914128254355 0.09599629644751936 0.420436224708932 0.22982694157532058 0.38339583669166183 0.42240825013144917 0.4682508520998814 0.3315869133309334 0.1913682510422482 0.11071557247390618 0.15660778054096106 0.0959962963618546
39 0.2429127955395295 0.19175691511964363 0.2750720136346198 0.3483382963965732 0.5601295112206959 0.37719376481800226 0.3055521585726146 0.18922298228281975 0.22195617921897162 0.278116620815961 0.31279012441938264 0.3374829869469977 0.11670199571919752 0.11960531383122304 0.32430690856467886 0.14630017238728768 0.5270617269169191 0.3483382962010136 0.3907671934861316 0.27811662072010535
37 0.3679190308338312 0.514838774900257 0.4325512590569408 0.03605922395695544 0.18234390459675354 0.18464255190062065 0.28112674677697136 0.4330871375678286 0.3037094212208103 0.026920167856969882 0.20515822626380206 0.5227960146009971 0.3640410551420333 0.29766091507550163 0.26953524742952073 0.49999008516041765 0.21446012882550997 0.036059223863485576 0.2776361678210271 0.026920167621754386
4 0.33564408275775104 0.5103297621403398 0.345338505638878 0.043791925178018276 0.06755398282889806 0.350420997260302 0.32362663273555964 0.4105014922292969 0.404615692156424 0.06840144539213665 0.2541009783144924 0.36958482241810386 0.41781648974664254 0.365392141831992 0.26450704047767265 0.4505591645026357 0.14231131224021737 0.04379192522685965 0.2194225295651695 0.0684014451423409
23 0.2429127955395295 0.19175691511964363 0.2750720136346198 0.3483382963965732 0.5601295112206959 0.37719376481800226 0.3055521585726146 0.18922298228281975 0.22195617921897162 0.278116620815961 0.31279012441938264 0.3374829869469977 0.11670199571919752 0.11960531383122304 0.32430690856467886 0.14630017238728768 0.5270617269169191 0.3483382962010136 0.3907671934861316 0.27811662072010535
59 0.03435201281998235 0.08736931716791814 0.033611454612443074 0.6832446382483659 0.366886557346768 0.2910372389140996 0.112574629054811 0.031737685092708856 0.09938429244374668 0.5346628295194351 0.2440777355820605 0.10083246254960722 0.003297044136780891 0.0012276190018028082 0.11680668598042793 0.003910167967968781 0.31645004274228633 0.6832446377322468 0.24137615401620252 0.5346628300688248
38 0.2429127955395295 0.19175691511964363 0.2750720136346198 0.3483382963965732 0.5601295112206959 0.37719376481800226 0.3055521585726146 0.18922298228281975 0.22195617921897162 0.278116620815961 0.31279012441938264 0.3374829869469977 0.11670199571919752 0.11960531383122304 0.32430690856467886 0.14630017238728768 0.5270617269169191 0.3483382962010136 0.3907671934861316 0.27811662072010535
27 0.4450913887703587 0.32674178067117565 0.4426555226069133 0.034352012870832636 0.24129663118695555 0.24382477942109973 0.39982712717287483 0.40876910357709234 0.3716312109288707 0.03169205937706783 0.25874414252812 0.3156271619461707 0.4140256680931759 0.4148916854628863 0.39238742068572496 0.4223725851367886 0.21392310799256198 0.03435201285474643 0.1543742730495352 0.0316920593338711
30 0.25874414255450573 0.28138211113640565 0.22179012275210652 0.2440777357628444 0.2315003520324753 0.3855292954651903 0.3789224824052537 0.2805298586520268 0.4242378319177667 0.26684229839822854 0.6644959468175458 0.23509455899993148 0.22875036702108567 0.23951706559732133 0.41066452184658836 0.19046059333769552 0.24926487210221554 0.24407773564465982 0.2550920217602508 0.26684229852519425
63 0.03169205927406438 0.1255385982512962 0.031121681589866057 0.5346628302941099 0.2634632996923756 0.2541835361202177 0.1035760231607128 0.03292840682036635 0.10513184490991989 0.6851233603665605 0.26684229839544105 0.11771469039376825 0.0004615650395862758 0.003137821753625758 0.09380437713116407 -0.002248165212222375 0.3130708482931368 0.534662829595618 0.3506764107987692 0.6851233608322218
31 0.3872349419140855 0.2871926479846369 0.34337786792002234 0.11071557227574673 0.23723090143663514 0.3077528086573036 0.4358109591332876 0.3382367056718834 0.45389914128254355 0.09599629644751936 0.420436224708932 0.22982694157532058 0.38339583669166183 0.42240825013144917 0.4682508520998814 0.3315869133309334 0.1913682510422482 0.11071557247390618 0.15660778054096106 0.0959962963618546
55 0.3716312109827282 0.34590733190351486 0.32791779177210345 0.09938429251111389 0.1754353030542685 0.28510166363640566 0.42015330189511485 0.36474432039336474 0.47426723452964265 0.1051318450043452 0.4242378319205808 0.25932688736803017 0.4005042732178113 0.4076960105291602 0.42840699140157285 0.3499505579278274 0.18432693795297284 0.09938429237152549 0.1801916251821456 0.10513184492102282
7 0.2438247794194477 0.2205565147797802 0.24038090279498983 0.2910372391755563 0.37386370839242894 0.7598881907302721 0.30635802613759355 0.21966160768418355 0.2851016636261801 0.2541835359646507 0.3855292954651815 0.25014215241423393 0.1764430209808177 0.1874031188976592 0.32094764700674216 0.16957334040225322 0.3364699412689783 0.29103723870078174 0.2692087366897548 0.25418353621670803
34 0.03169205927406438 0.1255385982512962 0.031121681589866057 0.5346628302941099 0.2634632996923756 0.2541835361202177 0.1035760231607128 0.03292840682036635 0.10513184490991989 0.6851233603665605 0.26684229839544105 0.11771469039376825 0.0004615650395862758 0.003137821753625758 0.09380437713116407 -0.002248165212222375 0.3130708482931368 0.534662829595618 0.3506764107987692 0.6851233608322218
42 0.326741780585102 0.6394627986181514 0.380715613836436 0.08736931721519403 0.19701617101053592 0.22055651473328564 0.34652519730863973 0.39316179089761183 0.34590733189169004 0.12553859811318518 0.281382111097423 0.48611454970832013 0.30120512057678583 0.25752761182742356 0.23347062970414748 0.38667220105702177 0.2360470520658954 0.08736931712730592 0.2802808744908129 0.1255385982926932
25 0.3843750297973912 0.2933964263028273 0.34292243248924403 0.10438692515683039 0.24432097662367688 0.31023313748512665 0.39565355293598303 0.4100195016447703 0.40381702303118183 0.10451636118802597 0.4286708897151025 0.3144181220805418 0.3625179443306445 0.3614391959526305 0.4268077622821428 0.31803337281615945 0.2725675494051781 0.10438692508997006 0.24289200361818564 0.1045163614014717
0 0.22405003090350234 0.48118134102577453 0.22593921110497028 0.1164988261062414 0.115163650500191 0.5583773703219936 0.3136180310136948 0.2879922546482612 0.3972462226408099 0.22492846935403285 0.3192510621080279 0.3547769607806973 0.2670576340239867 0.20806829893669757 0.23447097626817123 0.2475516861031686 0.22538388116911007 0.11649882605457998 0.3283489872463522 0.22492846935275945
51 0.4223725851934419 0.3866722010126048 0.43791284015589804 0.003910167886295277 0.12983384818073793 0.16957334037679672 0.33534559118469065 0.44872963725563914 0.3499505578731488 -0.002248165044105911 0.19046059333279022 0.33381809822729186 0.4811334992843579 0.45231857402884146 0.3142947046941829 0.5272433601032139 0.1350614557364988 0.003910168018603187 0.13994912614025243 -0.0022481653191550157
67 0.4087691036293751 0.3931617908802165 0.41276421302507516 0.03173768504246267 0.17122286533343392 0.219661607684174 0.35555177765816687 0.4778407922220317 0.3647443204024936 0.03292840691180934 0.2805298586520123 0.3595850589774527 0.428524800009366 0.3990554345253432 0.33248172569528006 0.4487296373477312 0.19601071542439125 0.03173768509312464 0.1929213909090889 0.03292840673707009
32 0.2734130692461519 0.7521202891864157 0.40866748026666766 0.09501396974142383 0.3247019648463306 0.1959720549435448 0.2652325466729395 0.32168479815748596 0.1878284850318174 0.11429397345819144 0.1540826743081983 0.5952605498938327 0.1867795196644423 0.20210602944604988 0.14407379032378193 0.3771647634797242 0.23118702697821183 0.09501396965464738 0.35377446188546247 0.1142939734476981
45 0.41402566812025127 0.30120512047123005 0.36490745737092944 0.0032970439529070934 0.09184744804853474 0.17644302092791972 0.3492491478998674 0.42852480007213484 0.4005042733014645 0.00046156501248170376 0.22875036700189696 0.23834218870165794 0.5424139719362006 0.550202149891268 0.36542465022036247 0.48113349943115497 0.10796519251807109 0.0032970440131075483 0.1278601195125271 0.0004615648728977852
47 0.39612687887349907 0.3303546882742174 0.4594754531063119 0.12698686058240258 0.4928060536721612 0.325727837660623 0.39908173158745064 0.32617966033411344 0.2814416966675274 0.10342831385663807 0.25649053284693596 0.4100553680665081 0.2290178115194617 0.22289675972652045 0.35626743085620444 0.29692909695089936 0.40538245681641755 0.12698686032376427 0.24467721269440681 0.10342831373789191
11 0.25707963029915676 0.20233689466322233 0.26295517124646356 0.3141411770780391 0.3605266537262244 0.4070228739751794 0.4281751640887598 0.18978331772391724 0.40832054320637345 0.2236773068737179 0.5648426078808355 0.21203036649748758 0.19579744506518246 0.23702805183859046 0.48834617942556935 0.19601683780838058 0.26294575185489555 0.31414117710244743 0.20024862546931646 0.22367730599286093
13 0.25707963029915676 0.20233689466322233 0.26295517124646356 0.3141411770780391 0.3605266537262244 0.4070228739751794 0.4281751640887598 0.18978331772391724 0.40832054320637345 0.2236773068737179 0.5648426078808355 0.21203036649748758 0.19579744506518246 0.23702805183859046 0.48834617942556935 0.19601683780838058 0.26294575185489555 0.31414117710244743 0.20024862546931646 0.22367730599286093
49 0.3481760556543258 0.40996415916559564 0.338288933872387 0.09481472668349197 0.19458883796400367 0.26268066643844556 0.3480511629445821 0.39570539252939246 0.39340621833574363 0.11921437647311198 0.35301857625765076 0.46161504434156203 0.34352793000944637 0.27307724154010155 0.3567239962631378 0.3478894878668831 0.3220685060010722 0.0948147265703874 0.3580536811531123 0.11921437656325515
48 0.15437427299637582 0.2802808745328598 0.17165046843728607 0.24137615411662036 0.36601544870292396 0.269208736693482 0.15447744609219588 0.1929213909095313 0.18019162516503257 0.3506764106580328 0.2550920217667061 0.44450013574432046 0.12786011960692065 0.10236190278804772 0.20676222975200434 0.13994912608095536 0.522285467827762 0.24137615400834275 0.7622899451470762 0.3506764108849773
5 0.256008658838655 0.21836616819222435 0.22966169770470013 0.26989401617461556 0.26112234711024224 0.3990647222311655 0.39322932393428445 0.2380840800012301 0.4312716353432913 0.233157546149279 0.6647591318535379 0.19408003869413137 0.22464761365142977 0.2636460269180873 0.46746263525071224 0.19958713175739734 0.20910924567867265 0.2698940162843856 0.2307470499161744 0.23315754582890266
60 0.4058705820764142 0.23220346856981655 0.3203596964503205 0.0008545162395656744 0.10048116285852374 0.1890520158135089 0.3592285465557237 0.3868922411190844 0.4159153421372226 0.00261787496576267 0.24918481997716008 0.1538629333669283 0.5623888694172059 0.6323650061023619 0.4110594217260444 0.43827362161764316 0.0825701217186584 0.0008545162610665046 0.10652043763655838 0.0026178748380311875
22 0.4101755380086723 0.3646491526187791 0.42870235012059854 0.019013644771322096 0.21065018600583926 0.37457464633410675 0.3522951162630611 0.49174826716205794 0.3239523854939471 0.03122574356336612 0.2463512165796425 0.3460811515406304 0.3974161152518285 0.38107588101980217 0.3174754543847294 0.42764262066791037 0.21785749375205135 0.019013644689978505 0.1876400005193337 0.031225743361896742
24 0.37999357404962547 0.2565374843698767 0.37134863792907685 0.10285222483264835 0.3266960800449243 0.556117902192146 0.3786573996056716 0.3621862524085379 0.33892848295499867 0.09891737516769854 0.3100384984596471 0.31670049151933816 0.3112639452828655 0.31669520200186224 0.39751691106743614 0.30118267376752167 0.31481845773865286 0.10285222465439156 0.2387023681835484 0.09891737509821047
69 0.21392310806924617 0.23604705211387267 0.2467002294226746 0.31645004252077863 0.534206393472154 0.33646994127864044 0.24085277828035004 0.19601071544686835 0.18432693796645336 0.3130708482626 0.24926487208921586 0.39343055384757053 0.10796519257015916 0.09107740623165969 0.24796760709930932 0.1350614558116096 0.5683051560426297 0.3164500429944746 0.5222854678121062 0.3130708484283104
43 0.23371057610342955 0.3410500859355033 0.22685341765369293 0.23484901009502784 0.21112476824820975 0.3572348707931834 0.4081683695031983 0.24919045820764463 0.461225988996601 0.29524306103086667 0.5814398426286499 0.2894285874701469 0.22303130859613152 0.20517158084770284 0.4035681670273518 0.19958817009082305 0.28765917349616743 0.234849009890412 0.2832128326200649 0.2952430604601991
46 0.39612687887349907 0.3303546882742174 0.4594754531063119 0.12698686058240258 0.4928060536721612 0.325727837660623 0.39908173158745064 0.32617966033411344 0.2814416966675274 0.10342831385663807 0.25649053284693596 0.4100553680665081 0.2290178115194617 0.22289675972652045 0.35626743085620444 0.29692909695089936 0.40538245681641755 0.12698686032376427 0.24467721269440681 0.10342831373789191
61 0.25707963029915676 0.20233689466322233 0.26295517124646356 0.3141411770780391 0.3605266537262244 0.4070228739751794 0.4281751640887598 0.18978331772391724 0.40832054320637345 0.2236773068737179 0.5648426078808355 0.21203036649748758 0.19579744506518246 0.23702805183859046 0.48834617942556935 0.19601683780838058 0.26294575185489555 0.31414117710244743 0.20024862546931646 0.22367730599286093
29 0.38128961444163456 0.33802692997165323 0.36413543467206 0.10702544638844508 0.25522050557178577 0.2947453131771421 0.3953147836271586 0.3766056310019231 0.4017376071069007 0.11082799038811368 0.36769312595050024 0.38463205432419023 0.34237493099374283 0.30577250722331856 0.40886528813808787 0.33154024643386243 0.3164865107472384 0.10702544613978687 0.2786842267640939 0.11082799042232315
44 0.03169205927406438 0.1255385982512962 0.031121681589866057 0.5346628302941099 0.2634632996923756 0.2541835361202177 0.1035760231607128 0.03292840682036635 0.10513184490991989 0.6851233603665605 0.26684229839544105 0.11771469039376825 0.0004615650395862758 0.003137821753625758 0.09380437713116407 -0.002248165212222375 0.3130708482931368 0.534662829595618 0.3506764107987692 0.6851233608322218
58 0.03435201281998235 0.08736931716791814 0.033611454612443074 0.6832446382483659 0.366886557346768 0.2910372389140996 0.112574629054811 0.031737685092708856 0.09938429244374668 0.5346628295194351 0.2440777355820605 0.10083246254960722 0.003297044136780891 0.0012276190018028082 0.11680668598042793 0.003910167967968781 0.31645004274228633 0.6832446377322468 0.24137615401620252 0.5346628300688248
8 0.377963340206054 0.43620870395617534 0.3644885146332813 0.029054477174060366 0.08701119444185644 0.2621553663991857 0.33573010863822905 0.4715696333840054 0.3873726971565509 0.036163715568553884 0.2799498726909869 0.32089560130938066 0.4615291389684178 0.44715683891646185 0.31252589458189484 0.472554125853117 0.1331629795278589 0.029054477110756677 0.1754953841816428 0.0361637153768477
16 0.3998271272558383 0.34652519741094856 0.38587241998095134 0.11257462924172844 0.27969591791066206 0.3063580261837252 0.4436322139768323 0.35555177762553103 0.42015330185680216 0.10357602327894984 0.37892248245926247 0.28294629959109885 0.34924914780046523 0.3643649326800828 0.42404111271640393 0.3353455911650068 0.2408527781749469 0.11257462909674433 0.15447744610743333 0.10357602309383351
54 0.24129663114920352 0.1970161710546351 0.28783570082543625 0.36688655707625456 0.6632149968848287 0.37386370839251093 0.27969591778712216 0.17122286531902464 0.17543530302620305 0.2634632995186487 0.2315003520234201 0.32905718425285035 0.0918474481873773 0.10672327347131123 0.2760861692258613 0.1298338481873392 0.5342063934792987 0.36688655717744517 0.3660154487016896 0.2634632998579717
50 0.40162899182949674 0.19537866555952849 0.36326281417368717 0.1263250439675684 0.3374734500182427 0.33799837946794803 0.4350753587483999 0.30407026630507333 0.40463254866677634 0.08522214320414104 0.3996609694330377 0.23637856800087859 0.3450825976882545 0.40934956452240734 0.5144524799783441 0.29957532819901267 0.24474953046159112 0.12632504421149787 0.17874541070347097 0.085222143041085
57 0.03435201281998235 0.08736931716791814 0.033611454612443074 0.6832446382483659 0.366886557346768 0.2910372389140996 0.112574629054811 0.031737685092708856 0.09938429244374668 0.5346628295194351 0.2440777355820605 0.10083246254960722 0.003297044136780891 0.0012276190018028082 0.11680668598042793 0.003910167967968781 0.31645004274228633 0.6832446377322468 0.24137615401620252 0.5346628300688248
65 0.42486798116396934 0.24576838871823498 0.36018545024573345 0.034574582022769855 0.1806446718224325 0.24451270189134527 0.396342444558972 0.38253951462816044 0.4238054404304943 0.029999975815633333 0.3088440731267513 0.22109498599092517 0.4780461492162746 0.5219180116014134 0.4500559724513764 0.3967155062199275 0.15367474853817412 0.03457458184738506 0.14478684131688896 0.02999997593101775
62 0.1740588440011191 0.834434940380933 0.3022269359474709 0.09102367543208383 0.22941649365524638 0.13877200766390219 0.14044334743575276 0.2319727486370986 0.10436313438970198 0.0894952451229826 0.13446538656482904 0.6600383771967774 0.1694994964941288 0.29618776750024567 0.15701389408560798 0.3874454976966136 0.06107507996822787 0.09102367526362619 0.49445722333101083 0.0894952450023506
64 0.03169205927406438 0.1255385982512962 0.031121681589866057 0.5346628302941099 0.2634632996923756 0.2541835361202177 0.1035760231607128 0.03292840682036635 0.10513184490991989 0.6851233603665605 0.26684229839544105 0.11771469039376825 0.0004615650395862758 0.003137821753625758 0.09380437713116407 -0.002248165212222375 0.3130708482931368 0.534662829595618 0.3506764107987692 0.6851233608322218
20 0.40097304152324154 0.3776903035283175 0.4012618444626244 0.05845836156450634 0.2012194762016734 0.3143661099956809 0.38117482082815457 0.4019809901568881 0.3848073983362419 0.06166408572278346 0.2776508807057528 0.35845349447321817 0.3871947937799976 0.3515342098014074 0.35793037164873737 0.3975347934381978 0.22843486644112793 0.05845836153046624 0.205945389405508 0.061664085525587595
56 0.2509878019355431 0.7329817163817671 0.4504566785795975 0.04422171750279825 0.27792911356823113 0.1392335499928181 0.14196609514435068 0.3103475964776287 0.11683493608076881 0.01445246831011751 0.09575855414971944 0.633400637367195 0.2030525229063061 0.26645911697824454 0.14877343813502328 0.5618816962418637 0.1086710157423943 0.044221717684333216 0.30577939485648525 0.01445246748207188
35 0.3923874206396293 0.2334706295873185 0.34711975185924454 0.11680668606384487 0.2760861691367396 0.3209476469047947 0.42404111266772676 0.332481725662908 0.42840699139484445 0.09380437695484413 0.4106645218299061 0.2654794620124379 0.36542465025257725 0.39572971484486025 0.4906579861100735 0.31429470480280364 0.24796760702390974 0.11680668583541678 0.20676222960871413 0.09380437698919618
3 0.26239051625078125 0.2743642036169743 0.2363493853968306 0.1607801732220533 0.15258339923540562 0.5547909565343662 0.37415795071009106 0.24857300635084628 0.4616211796250744 0.16888643524619748 0.45043144055075557 0.2033455939179651 0.29755598272612194 0.3023702844063151 0.40726190587239003 0.25625663692047856 0.1496044517647574 0.16078017322780336 0.21357799211153278 0.16888643507498888
19 0.2451557582037393 0.3736169352557068 0.19101986655160816 0.18726823513020008 0.15011520221988514 0.3512750469062874 0.33675213585016794 0.33108848153238396 0.43315987342894546 0.30773862428738447 0.6790150089034869 0.2738379238836153 0.24435736350185533 0.22511620819250638 0.3262495194467359 0.18359169091723623 0.2489806290915938 0.18726823476406337 0.3148417410902048 0.3077386250653819
21 0.43674507347274927 0.2888802804771488 0.4077872970901307 0.032866939164337854 0.21814022963414942 0.2493031211053012 0.3984815643657673 0.42644756085311336 0.3832930815824707 0.031195856506522738 0.295013197536878 0.26562208261661757 0.4392475512565067 0.4668758139802951 0.41163898423585293 0.40517236976978604 0.18680834217247935 0.03286693904213091 0.14526102380927863 0.03119585648459527
53 0.24129663114920352 0.1970161710546351 0.28783570082543625 0.36688655707625456 0.6632149968848287 0.37386370839251093 0.27969591778712216 0.17122286531902464 0.17543530302620305 0.2634632995186487 0.2315003520234201 0.32905718425285035 0.0918474481873773 0.10672327347131123 0.2760861692258613 0.1298338481873392 0.5342063934792987 0.36688655717744517 0.3660154487016896 0.2634632998579717
15 0.23371057610342955 0.3410500859355033 0.22685341765369293 0.23484901009502784 0.21112476824820975 0.3572348707931834 0.4081683695031983 0.24919045820764463 0.461225988996601 0.29524306103086667 0.5814398426286499 0.2894285874701469 0.22303130859613152 0.20517158084770284 0.4035681670273518 0.19958817009082305 0.28765917349616743 0.234849009890412 0.2832128326200649 0.2952430604601991
