id,x_0,x_1,x_2,x_3,x_4,x_5,x_6,x_7,x_8,x_9,x_10,x_11,x_12,x_13,x_14,x_15,x_16,x_17,x_18,x_19
0.0,0.524664342858296,2.220446049250313e-16,0.7692388320906607,0.30838040690982815,2.220446049250313e-16,2.220446049250313e-16,0.011913304776737675,2.220446049250313e-16,0.40104186964976246,2.220446049250313e-16,2.220446049250313e-16,0.00871012235138117,2.220446049250313e-16,0.7622602867307561,0.4279163522165896,0.13989496183252995,2.220446049250313e-16,0.8089560330497568,0.06745140914425832,0.7123470256569694
1.0,0.5694190747396174,2.220446049250313e-16,2.220446049250313e-16,0.23529121768339234,0.4748619188377439,2.220446049250313e-16,2.220446049250313e-16,0.41499542599283173,0.40067536748895927,2.220446049250313e-16,2.220446049250313e-16,0.3096393732947399,0.842817045755387,2.220446049250313e-16,2.220446049250313e-16,2.220446049250313e-16,2.220446049250313e-16,0.7584527986075527,0.39958486282432426,2.220446049250313e-16
2.0,2.220446049250313e-16,2.220446049250313e-16,0.7724830282570617,0.9747086687244537,0.47079142701404675,0.0005569446419286078,2.220446049250313e-16,2.220446049250313e-16,3.3306690738754696e-16,2.220446049250313e-16,0.4748147712042006,2.220446049250313e-16,0.7800880531506594,0.7552541250573318,0.2191119689569024,2.220446049250313e-16,2.220446049250313e-16,0.6860749351404686,0.15856222879905077,0.01730076038831676
3.0,0.8933050502730142,2.220446049250313e-16,2.220446049250313e-16,0.027195464984872464,2.220446049250313e-16,2.220446049250313e-16,2.220446049250313e-16,0.4207027149294516,2.220446049250313e-16,2.220446049250313e-16,2.220446049250313e-16,0.6501657116716812,0.8894685138790368,2.220446049250313e-16,0.211195412346191,2.220446049250313e-16,2.220446049250313e-16,0.37209520973848803,2.220446049250313e-16,2.220446049250313e-16
4.0,0.006598900280484627,0.7712603616658602,2.220446049250313e-16,0.866063203831037,2.220446049250313e-16,0.006778713046930229,2.220446049250313e-16,2.220446049250313e-16,2.220446049250313e-16,0.13139602814980786,2.220446049250313e-16,2.220446049250313e-16,2.220446049250313e-16,0.29473382785253693,0.09320282019834011,2.220446049250313e-16,0.004444402876696681,0.9829287774763784,0.006314746806479732,1.1559251047666068
5.0,2.220446049250313e-16,0.07184318382398529,0.032210005943600434,2.220446049250313e-16,2.220446049250313e-16,2.220446049250313e-16,0.5623656914567224,0.6432091481378167,0.6458392963992267,2.220446049250313e-16,2.220446049250313e-16,1.1462149100043346,0.07464621664419127,2.220446049250313e-16,2.220446049250313e-16,0.3475291901220737,2.220446049250313e-16,2.220446049250313e-16,0.01743350254532655,0.31366896006775447
6.0,0.017568282256458977,2.220446049250313e-16,2.220446049250313e-16,0.9177566870648137,2.220446049250313e-16,2.220446049250313e-16,2.220446049250313e-16,2.220446049250313e-16,2.220446049250313e-16,1.0715388152036696,4.440892098500626e-16,0.00835853155450699,2.220446049250313e-16,2.220446049250313e-16,2.220446049250313e-16,0.00018500390403739195,0.04496498488105103,0.8979561898166686,2.220446049250313e-16,0.8738877983024511
7.0,2.220446049250313e-16,2.220446049250313e-16,0.7542308100070693,2.220446049250313e-16,2.220446049250313e-16,2.220446049250313e-16,0.7528932139126883,0.5396421850555981,0.4878832767294425,2.220446049250313e-16,0.475269053829669,1.1880114508821167,2.220446049250313e-16,0.08758371281981114,2.220446049250313e-16,2.220446049250313e-16,2.220446049250313e-16,2.220446049250313e-16,2.220446049250313e-16,0.29654877991091255
8.0,0.0415457246323464,2.220446049250313e-16,2.220446049250313e-16,0.919294222571577,2.220446049250313e-16,2.220446049250313e-16,0.012702782497913035,2.220446049250313e-16,2.220446049250313e-16,1.0480639425519442,2.220446049250313e-16,2.220446049250313e-16,2.220446049250313e-16,2.220446049250313e-16,2.220446049250313e-16,0.37418525247105516,0.1133406408467999,0.9491454441693997,2.220446049250313e-16,0.44795693373428713
9.0,0.6116394141482154,0.4361930185009639,0.4766180741602815,2.220446049250313e-16,2.220446049250313e-16,0.07789880454369036,2.220446049250313e-16,2.220446049250313e-16,2.220446049250313e-16,2.220446049250313e-16,2.220446049250313e-16,1.1227834545073971,0.7973907100521017,0.09448474974672606,2.220446049250313e-16,0.3741910930642274,2.220446049250313e-16,2.220446049250313e-16,0.029134112255196434,2.220446049250313e-16
10.0,0.7527263519020231,2.220446049250313e-16,2.220446049250313e-16,0.40779788023043606,0.0012299034715021547,0.6300076350129614,2.220446049250313e-16,2.220446049250313e-16,2.220446049250313e-16,0.4372315166641309,2.220446049250313e-16,0.04811765344878341,0.0013442507303769345,2.220446049250313e-16,0.21963947175710627,2.220446049250313e-16,2.220446049250313e-16,2.220446049250313e-16,0.8622091953374997,0.9524996102638473
11.0,0.02384247831757858,0.7960120388078444,2.220446049250313e-16,0.1105163695669347,0.47152511252680507,2.220446049250313e-16,0.17557682314732284,0.04512622590375254,0.625972856452188,2.220446049250313e-16,2.220446049250313e-16,1.1663289754102506,0.053773362730032054,0.09041215237661705,2.220446049250313e-16,0.7789222772774261,2.220446049250313e-16,2.220446049250313e-16,2.220446049250313e-16,0.24762457879630345
12.0,2.220446049250313e-16,2.220446049250313e-16,2.220446049250313e-16,1.0090014132788925,2.220446049250313e-16,0.01567240138840731,2.220446049250313e-16,0.0017432701483244709,2.220446049250313e-16,0.5440976193865211,2.220446049250313e-16,2.220446049250313e-16,0.8622748324434322,2.220446049250313e-16,0.6095596809575571,2.220446049250313e-16,2.220446049250313e-16,2.220446049250313e-16,0.553703141453009,0.17094089650339286
13.0,0.006832820114243019,0.03610330555331975,0.820127885039222,0.014271560321682975,2.220446049250313e-16,2.220446049250313e-16,0.7849770601360909,0.4335361702627431,0.4698842366679178,0.006880149712846881,2.220446049250313e-16,1.0351976846150948,2.220446049250313e-16,0.4052975194243088,2.220446049250313e-16,0.3054707135087991,2.220446049250313e-16,2.220446049250313e-16,0.04872203677111076,2.220446049250313e-16
14.0,0.5414398375134822,0.3999454898634176,2.220446049250313e-16,2.220446049250313e-16,2.220446049250313e-16,2.220446049250313e-16,0.29685871133383773,2.220446049250313e-16,0.6966380784627492,0.6825157586549638,2.220446049250313e-16,0.006666085674085005,2.220446049250313e-16,2.220446049250313e-16,2.220446049250313e-16,2.220446049250313e-16,0.8680619530889758,0.9430901907967707,2.220446049250313e-16,2.220446049250313e-16
15.0,2.220446049250313e-16,2.220446049250313e-16,0.4151248134670244,0.010603128129141659,2.220446049250313e-16,0.7389123259563192,2.220446049250313e-16,0.7800962162815207,2.220446049250313e-16,2.220446049250313e-16,2.220446049250313e-16,2.220446049250313e-16,2.220446049250313e-16,2.220446049250313e-16,0.835513927495109,0.07974605206302772,1.0650129231630168,2.220446049250313e-16,0.03938714551186018,0.04478317541941491
16.0,0.8049328236912107,0.8074492437897658,2.220446049250313e-16,2.220446049250313e-16,2.220446049250313e-16,2.220446049250313e-16,0.5213537064877398,2.220446049250313e-16,0.09834975071784266,0.4042182615667847,2.220446049250313e-16,2.220446049250313e-16,2.220446049250313e-16,2.220446049250313e-16,1.1143383360801822,0.5231625439460986,0.04429889864100544,0.035279272557221915,0.0045977791054414305,0.3362333885609772
17.0,2.220446049250313e-16,0.0426540802774601,0.8817652553599306,0.0033236360306218293,2.220446049250313e-16,0.7311723984465865,0.2130216210570207,0.3256116049638237,2.220446049250313e-16,0.10134864468013456,2.220446049250313e-16,2.220446049250313e-16,2.220446049250313e-16,2.220446049250313e-16,0.9221643698839378,0.36072517205371124,0.7861031246354117,2.220446049250313e-16,0.06894183606932525,0.08638508360054352
18.0,0.6657457339766859,0.3799075749591896,2.220446049250313e-16,2.220446049250313e-16,2.220446049250313e-16,2.220446049250313e-16,0.7905084060785731,2.220446049250313e-16,0.478467424474069,0.9123697464988683,3.3306690738754696e-16,0.0021856317581885124,2.220446049250313e-16,2.220446049250313e-16,2.220446049250313e-16,0.4035819406273083,0.12444730453583988,0.9906518400974098,2.220446049250313e-16,2.220446049250313e-16
19.0,0.028636113898607873,2.220446049250313e-16,0.005729297524285859,0.0015326833553675574,2.220446049250313e-16,0.052752266763944775,0.3946132753521292,0.6501073644287212,2.220446049250313e-16,0.07758119467240326,2.220446049250313e-16,2.220446049250313e-16,0.01683859425279133,0.7522245083856689,1.0570127043102402,1.0951341324460697,0.3035477164589949,2.220446049250313e-16,0.025144999984526302,2.220446049250313e-16
20.0,2.220446049250313e-16,2.220446049250313e-16,0.7632149007211966,0.906020051227372,0.4748798871507182,2.220446049250313e-16,2.220446049250313e-16,2.220446049250313e-16,2.220446049250313e-16,2.220446049250313e-16,2.220446049250313e-16,0.2768068713887352,0.9074349422779163,0.4320371424377465,0.17874554762110648,2.220446049250313e-16,2.220446049250313e-16,0.3459933515427832,0.3947053223375696,2.220446049250313e-16
21.0,2.220446049250313e-16,0.358095401516252,2.220446049250313e-16,1.0297096166686113,0.0009188378087886984,0.5806454581300893,2.220446049250313e-16,2.220446049250313e-16,2.220446049250313e-16,0.14244637060742768,2.220446049250313e-16,0.09432586099726199,0.8263499633659,0.691671295377347,2.220446049250313e-16,2.220446049250313e-16,2.220446049250313e-16,2.220446049250313e-16,0.9331168425527869,2.220446049250313e-16
22.0,2.220446049250313e-16,0.7711657497217995,2.220446049250313e-16,1.0058393167693804,2.220446049250313e-16,0.5812557286091566,2.220446049250313e-16,2.220446049250313e-16,2.220446049250313e-16,2.220446049250313e-16,0.4734506247187692,0.042309252317593485,0.7939623091645721,0.7231873578675695,0.12503117905546557,2.220446049250313e-16,2.220446049250313e-16,0.015721944481201604,0.6347021800363675,2.220446049250313e-16
23.0,0.03769734027822631,0.3951147217300177,2.220446049250313e-16,0.18201926379630606,0.4715249029779929,0.6717753502144996,0.2011990255849665,0.03207153031756215,0.19820249702524476,0.17245449011741412,2.220446049250313e-16,0.9401495110351736,0.06639472736371596,0.12064038899108674,2.220446049250313e-16,1.0742181968213167,2.220446049250313e-16,2.220446049250313e-16,2.220446049250313e-16,0.06373743940758371
24.0,0.9294549281677703,0.7910773371397581,2.220446049250313e-16,2.220446049250313e-16,0.47151141552901893,0.0948867056405549,2.220446049250313e-16,2.220446049250313e-16,2.220446049250313e-16,0.003415839652583603,2.220446049250313e-16,1.0551243108102288,0.8091476390393937,0.10519656824443505,2.220446049250313e-16,0.07135102973863763,2.220446049250313e-16,2.220446049250313e-16,2.220446049250313e-16,2.220446049250313e-16
25.0,1.0716090236420943,2.220446049250313e-16,0.7569423932679522,2.220446049250313e-16,0.4732093445362475,0.5693787423135602,2.220446049250313e-16,2.220446049250313e-16,2.220446049250313e-16,2.220446049250313e-16,2.220446049250313e-16,0.11861867650500059,0.4582489952247606,0.7210120171915838,2.220446049250313e-16,2.220446049250313e-16,2.220446049250313e-16,0.008584652770532272,0.758520992037527,0.3546801868160165
26.0,0.9404934339604781,2.220446049250313e-16,2.220446049250313e-16,2.220446049250313e-16,2.220446049250313e-16,0.00440595175262859,0.5543095685191904,2.220446049250313e-16,0.08121861313865207,1.0647545436912933,2.220446049250313e-16,0.002392775270400354,0.036758139120975725,2.220446049250313e-16,0.30665847866029866,0.4344749976106056,0.1277296883967734,0.5704570657663064,0.0005303022157062878,2.220446049250313e-16
27.0,0.13025513783286186,2.220446049250313e-16,2.220446049250313e-16,0.8538182414858092,2.220446049250313e-16,0.019760160322749232,2.220446049250313e-16,2.220446049250313e-16,2.220446049250313e-16,0.46628677745670527,0.47306626016614656,2.220446049250313e-16,0.83004571418817,0.21084286926838713,0.42834270581480266,0.01287579962728711,2.220446049250313e-16,2.220446049250313e-16,0.7688602937705732,0.10487317335728458
28.0,2.220446049250313e-16,0.8218663157918652,0.034516564844275566,0.010680259183374419,0.4723844221914572,0.5702585524961702,0.6915704160976509,0.19629201694056614,0.06735059772310448,2.220446049250313e-16,0.4725582975995626,0.03766721938640176,2.220446049250313e-16,0.7198242862965829,2.220446049250313e-16,0.9490592683674992,0.07976788105996181,2.220446049250313e-16,0.9461589008237614,2.220446049250313e-16
29.0,0.49433393585176694,0.8163791130484892,0.06546637518316209,0.006564793396089113,0.000451739143876278,0.6550303760012837,0.20861007669162004,2.220446049250313e-16,2.220446049250313e-16,0.0011658114135832838,2.220446049250313e-16,2.220446049250313e-16,2.220446049250313e-16,0.46688927123494545,2.220446049250313e-16,0.41282001436157884,2.220446049250313e-16,2.220446049250313e-16,1.033946834917482,0.9425326545868444
30.0,0.008021837676929485,2.220446049250313e-16,0.3593927103627689,2.220446049250313e-16,0.4727746933739908,0.08248183234539327,0.6612632394655108,0.3411227462930649,0.05845474789116924,0.0034968850353142393,0.47280769568262654,0.013504022253563864,0.008228606400488728,0.7108063904665778,2.220446049250313e-16,1.1824769469438858,0.04527482748045155,0.3355459524700748,0.8591093116658226,2.220446049250313e-16
31.0,0.4728594504106422,0.038388476579348296,0.48502409870432833,0.001728390044139329,0.47385487695997214,2.220446049250313e-16,2.220446049250313e-16,0.20066273075787133,0.13983733272801382,0.007565975629186945,2.220446049250313e-16,2.220446049250313e-16,2.220446049250313e-16,2.220446049250313e-16,0.5055959252662079,0.44254140378519113,0.16802361309656152,2.220446049250313e-16,0.6195636306499266,1.0529537960166278
32.0,0.38126345981079374,0.8481877910380595,0.05200449371009956,0.07327327669695023,2.220446049250313e-16,2.220446049250313e-16,2.220446049250313e-16,2.220446049250313e-16,0.5603961458993093,0.33086953883585446,2.220446049250313e-16,2.220446049250313e-16,2.220446049250313e-16,2.220446049250313e-16,2.220446049250313e-16,0.014836361506333126,1.0832175392555208,0.9588350252443915,0.021216242854657636,2.220446049250313e-16
33.0,2.220446049250313e-16,2.220446049250313e-16,2.220446049250313e-16,2.220446049250313e-16,0.4715254731340088,0.3251795445834137,0.003144830938625942,1.0835064606593598,2.220446049250313e-16,0.10568508253106965,2.220446049250313e-16,2.220446049250313e-16,2.220446049250313e-16,2.220446049250313e-16,0.6909861172426983,2.220446049250313e-16,1.1359353374287111,0.08665932753931044,2.220446049250313e-16,2.220446049250313e-16
34.0,2.220446049250313e-16,2.220446049250313e-16,2.220446049250313e-16,2.220446049250313e-16,0.4715254731340088,0.3251795445834137,0.003144830938625942,1.0835064606593598,2.220446049250313e-16,0.10568508253106965,2.220446049250313e-16,2.220446049250313e-16,2.220446049250313e-16,2.220446049250313e-16,0.6909861172426983,2.220446049250313e-16,1.1359353374287111,0.08665932753931044,2.220446049250313e-16,2.220446049250313e-16
35.0,0.5128815632183598,2.220446049250313e-16,0.7844168430193881,2.220446049250313e-16,2.220446049250313e-16,0.0768985801238444,0.18158320997175514,0.030014201291274183,2.220446049250313e-16,2.220446049250313e-16,2.220446049250313e-16,1.1419013577310526,0.7605216037958861,0.0945754734953619,2.220446049250313e-16,0.34184829237118847,2.220446049250313e-16,2.220446049250313e-16,2.220446049250313e-16,2.220446049250313e-16
36.0,2.220446049250313e-16,2.220446049250313e-16,2.220446049250313e-16,1.0266010754411588,6.661338147750939e-16,2.220446049250313e-16,2.220446049250313e-16,2.220446049250313e-16,2.220446049250313e-16,1.1025034621336234,0.47526905382966905,0.009215147789593009,0.16293303394962247,2.220446049250313e-16,0.7360257392583714,2.220446049250313e-16,0.028629851707825702,0.07589689509431628,2.220446049250313e-16,0.5158387328947255
37.0,0.05580743517553124,2.220446049250313e-16,2.220446049250313e-16,0.9200371458786489,2.220446049250313e-16,2.220446049250313e-16,0.20365935638277302,2.220446049250313e-16,2.220446049250313e-16,1.048997073522284,1.1102230246251565e-16,2.220446049250313e-16,2.220446049250313e-16,2.220446049250313e-16,2.220446049250313e-16,0.42103447194415944,0.11241150553593371,0.949236427540947,2.220446049250313e-16,0.25102517010000347
38.0,2.220446049250313e-16,2.220446049250313e-16,0.7534679608738872,2.220446049250313e-16,2.220446049250313e-16,2.220446049250313e-16,0.7454172430082953,0.423090311401125,0.6592060976223597,2.220446049250313e-16,8.326672684688674e-17,1.2451417288803575,0.04354077958918081,0.08016830744916396,2.220446049250313e-16,0.008247229013335567,2.220446049250313e-16,2.220446049250313e-16,2.220446049250313e-16,0.29345569334205185
39.0,2.220446049250313e-16,2.220446049250313e-16,0.7534679608738872,2.220446049250313e-16,2.220446049250313e-16,2.220446049250313e-16,0.7454172430082953,0.423090311401125,0.6592060976223597,2.220446049250313e-16,8.326672684688674e-17,1.2451417288803575,0.04354077958918081,0.08016830744916396,2.220446049250313e-16,0.008247229013335567,2.220446049250313e-16,2.220446049250313e-16,2.220446049250313e-16,0.29345569334205185
40.0,2.220446049250313e-16,0.3943514631558292,0.4626827985718227,2.220446049250313e-16,0.472600516992779,0.6741204524050666,0.6776472687954601,0.23155230467879848,2.220446049250313e-16,0.09613235822034516,2.220446049250313e-16,0.008430893430706469,2.220446049250313e-16,0.7082506413416108,2.220446049250313e-16,1.0280742771909315,0.059577857695863295,2.220446049250313e-16,0.8970558894887943,2.220446049250313e-16
41.0,0.46878870741626133,0.4309226320973152,0.4726969154830443,2.220446049250313e-16,0.0019693350412832893,2.220446049250313e-16,2.220446049250313e-16,2.220446049250313e-16,0.12935923652049477,0.0942190571582244,2.220446049250313e-16,2.220446049250313e-16,2.220446049250313e-16,2.220446049250313e-16,0.5917526881721933,0.5305608243818697,0.06352346306983728,2.220446049250313e-16,0.6988027938763662,1.0453990334601888
42.0,0.4968151880356446,0.45138579500356735,0.430762954300475,2.220446049250313e-16,2.220446049250313e-16,2.220446049250313e-16,2.220446049250313e-16,2.220446049250313e-16,0.5671255009931432,0.33380560362054795,2.220446049250313e-16,2.220446049250313e-16,2.220446049250313e-16,2.220446049250313e-16,2.220446049250313e-16,0.0018769396817416091,1.0816785973083098,0.9741008396012203,0.01056500742794669,2.220446049250313e-16
43.0,2.220446049250313e-16,2.220446049250313e-16,0.0109875892164957,2.220446049250313e-16,2.220446049250313e-16,0.0924966512539303,2.220446049250313e-16,1.0138858180433479,2.220446049250313e-16,0.2666765205643956,2.220446049250313e-16,2.220446049250313e-16,2.220446049250313e-16,2.220446049250313e-16,0.5056268188517746,0.07789497924326658,1.0381824577448378,0.43400739542018474,0.04136968433720246,2.220446049250313e-16
44.0,2.220446049250313e-16,2.220446049250313e-16,2.220446049250313e-16,2.220446049250313e-16,0.4715254731340088,0.3251795445834137,0.003144830938625942,1.0835064606593596,2.220446049250313e-16,0.10568508253106973,2.220446049250313e-16,2.220446049250313e-16,2.220446049250313e-16,2.220446049250313e-16,0.6909861172426983,2.220446049250313e-16,1.1359353374287111,0.08665932753931048,2.220446049250313e-16,2.220446049250313e-16
45.0,0.08738208122585228,0.7811916112916798,2.220446049250313e-16,0.7657290903435324,2.220446049250313e-16,0.6342163081154191,2.220446049250313e-16,2.220446049250313e-16,2.220446049250313e-16,2.220446049250313e-16,2.220446049250313e-16,2.220446049250313e-16,0.8419816557224173,2.220446049250313e-16,0.6175785526970262,0.05387881037931683,2.220446049250313e-16,2.220446049250313e-16,0.4307127704062143,0.26849656856581733
46.0,0.8683421496278192,0.8196752287013543,0.0454227942935296,0.004165578144485261,0.00045455491640985563,0.7357236157553539,2.220446049250313e-16,2.220446049250313e-16,2.220446049250313e-16,2.220446049250313e-16,0.4723119096747181,0.0076316715561375184,0.009597759675053557,2.220446049250313e-16,0.08702508899935206,0.004011165530197953,2.220446049250313e-16,2.220446049250313e-16,1.0321578281928758,0.9601085825234176
47.0,0.8683421496278192,0.8196752287013543,0.0454227942935296,0.004165578144485261,0.00045455491640985563,0.7357236157553539,2.220446049250313e-16,2.220446049250313e-16,2.220446049250313e-16,2.220446049250313e-16,0.4723119096747181,0.0076316715561375184,0.009597759675053557,2.220446049250313e-16,0.08702508899935206,0.004011165530197953,2.220446049250313e-16,2.220446049250313e-16,1.0321578281928758,0.9601085825234176
48.0,0.12899573930066574,0.00702172217473096,0.018690832527923584,0.030820807145584255,2.220446049250313e-16,0.07803980919758452,2.220446049250313e-16,0.10719780894421681,0.11072908751618499,1.0444610428663552,5.551115123125783e-17,0.008604841270281015,0.04951548290403607,0.0007004030530234331,0.8925674243433137,0.7639886216755878,0.6184991165688468,2.220446049250313e-16,2.220446049250313e-16,2.220446049250313e-16
49.0,1.062441275749202,2.220446049250313e-16,2.220446049250313e-16,0.019131433937487174,2.220446049250313e-16,2.220446049250313e-16,0.4762341760723768,2.220446049250313e-16,2.220446049250313e-16,1.2469954852477185,3.885780586188048e-16,2.220446049250313e-16,0.023976932383767007,0.0002593192733651788,0.7688689502037876,0.4300442457709897,0.001909549764960665,0.0700679567809121,2.220446049250313e-16,0.021947861697138554
50.0,0.36250186254077893,0.04061566997133048,0.8559659411519892,0.15655039699142406,2.220446049250313e-16,0.07613914469609692,2.220446049250313e-16,2.220446049250313e-16,2.220446049250313e-16,2.220446049250313e-16,2.220446049250313e-16,1.0810596673273234,0.8956734958874693,2.220446049250313e-16,2.220446049250313e-16,0.37142473001985826,2.220446049250313e-16,2.220446049250313e-16,0.02211924713351888,2.220446049250313e-16
51.0,2.220446049250313e-16,2.220446049250313e-16,2.220446049250313e-16,0.954024663729712,2.220446049250313e-16,2.220446049250313e-16,2.220446049250313e-16,2.220446049250313e-16,2.220446049250313e-16,1.0927493959989205,5.551115123125783e-17,2.220446049250313e-16,0.7457098387288448,0.000733018526862403,0.16172081909445646,2.220446049250313e-16,2.220446049250313e-16,0.7926618184425102,2.220446049250313e-16,0.06245975023029419
52.0,0.22851277434098818,2.220446049250313e-16,2.220446049250313e-16,0.6060162526893873,2.220446049250313e-16,2.220446049250313e-16,0.3284937198864667,2.220446049250313e-16,0.5299168178263162,1.0338312185305831,2.220446049250313e-16,0.009856348230475277,2.220446049250313e-16,2.220446049250313e-16,2.220446049250313e-16,2.220446049250313e-16,0.49123042546839135,0.9196536912828256,2.220446049250313e-16,2.220446049250313e-16
53.0,2.220446049250313e-16,2.220446049250313e-16,0.1550177896530353,2.220446049250313e-16,2.220446049250313e-16,2.220446049250313e-16,0.7516780775438126,0.8818560150462176,0.487152525095445,2.220446049250313e-16,0.475269053829669,1.1699754497527461,2.220446049250313e-16,0.08992543476844451,2.220446049250313e-16,2.220446049250313e-16,2.220446049250313e-16,2.220446049250313e-16,2.220446049250313e-16,0.2974137835696733
54.0,2.220446049250313e-16,2.220446049250313e-16,0.15501778965303534,2.220446049250313e-16,2.220446049250313e-16,2.220446049250313e-16,0.7516780775438128,0.8818560150462176,0.4871525250954452,2.220446049250313e-16,0.4752690538296691,1.169975449752746,2.220446049250313e-16,0.08992543476844457,2.220446049250313e-16,2.220446049250313e-16,2.220446049250313e-16,2.220446049250313e-16,2.220446049250313e-16,0.29741378356967335
55.0,0.502742584193976,0.0030401988573391936,0.0046064990003317355,2.220446049250313e-16,0.4715177919109031,2.220446049250313e-16,0.2550206596786639,0.5038032766232621,0.1048943046470857,0.03969982796884528,5.551115123125783e-17,2.220446049250313e-16,0.1710651668069371,2.220446049250313e-16,0.9252717525200838,0.7230835625727652,0.5128766417334875,0.1270712719771845,2.220446049250313e-16,0.09319617550912963
56.0,0.07937713481385437,2.220446049250313e-16,2.220446049250313e-16,0.6890671413750804,2.220446049250313e-16,2.220446049250313e-16,0.06904213439173641,2.220446049250313e-16,0.1275635466527298,0.8339253161371678,6.938893903907228e-17,0.023612734417502307,2.220446049250313e-16,2.220446049250313e-16,2.220446049250313e-16,2.220446049250313e-16,0.9406685086128381,0.8948146921065617,2.220446049250313e-16,2.220446049250313e-16
57.0,2.220446049250313e-16,2.220446049250313e-16,2.220446049250313e-16,2.220446049250313e-16,2.220446049250313e-16,2.220446049250313e-16,2.220446049250313e-16,1.0926939400804334,2.220446049250313e-16,2.220446049250313e-16,2.220446049250313e-16,0.756948782852606,2.220446049250313e-16,0.42296227845668216,2.220446049250313e-16,0.00775699798355606,0.856317258627718,2.220446049250313e-16,0.09240019084864409,0.00872048887455173
58.0,2.220446049250313e-16,2.220446049250313e-16,2.220446049250313e-16,2.220446049250313e-16,2.220446049250313e-16,2.220446049250313e-16,2.220446049250313e-16,1.0926939400804334,2.220446049250313e-16,2.220446049250313e-16,2.220446049250313e-16,0.756948782852606,2.220446049250313e-16,0.42296227845668216,2.220446049250313e-16,0.00775699798355606,0.856317258627718,2.220446049250313e-16,0.09240019084864409,0.00872048887455173
59.0,2.220446049250313e-16,2.220446049250313e-16,2.220446049250313e-16,2.220446049250313e-16,2.220446049250313e-16,2.220446049250313e-16,2.220446049250313e-16,1.0926939400804334,2.220446049250313e-16,2.220446049250313e-16,2.220446049250313e-16,0.756948782852606,2.220446049250313e-16,0.42296227845668216,2.220446049250313e-16,0.00775699798355606,0.856317258627718,2.220446049250313e-16,0.09240019084864409,0.00872048887455173
60.0,0.02185904827257876,0.3586105408054543,2.220446049250313e-16,0.888202366228191,0.0007797668852842288,0.018538255069451157,2.220446049250313e-16,2.220446049250313e-16,2.220446049250313e-16,0.2571596711124708,0.47250825361051485,2.220446049250313e-16,0.7891790679137249,0.4203627376057409,0.31286860954614837,0.11129748438848136,2.220446049250313e-16,2.220446049250313e-16,0.9636261910009131,2.220446049250313e-16
61.0,2.220446049250313e-16,2.220446049250313e-16,2.220446049250313e-16,0.0014953754359452814,2.220446049250313e-16,0.692338118392258,0.3550420512919883,1.0276012819432094,0.08122632317636871,2.220446049250313e-16,0.4745653364349537,0.4382678650058306,2.220446049250313e-16,0.7056507528039881,2.220446049250313e-16,0.3845878604538449,0.15774002363162867,2.220446049250313e-16,0.24562462285622835,0.13959406886655892
62.0,0.425601824462514,0.40115438873365505,2.220446049250313e-16,0.057428421364899604,2.220446049250313e-16,2.220446049250313e-16,2.220446049250313e-16,2.220446049250313e-16,0.5630286616256265,0.6537420645860483,2.220446049250313e-16,2.220446049250313e-16,2.220446049250313e-16,2.220446049250313e-16,2.220446049250313e-16,0.058071353703900465,1.0529117426987085,0.9207307842971891,2.220446049250313e-16,2.220446049250313e-16
63.0,2.220446049250313e-16,2.220446049250313e-16,2.220446049250313e-16,2.220446049250313e-16,2.220446049250313e-16,0.6357151427262515,0.0022044110287851026,1.1182505799443558,2.220446049250313e-16,2.220446049250313e-16,2.220446049250313e-16,0.050072087404061195,2.220446049250313e-16,2.220446049250313e-16,0.6217450424158496,2.220446049250313e-16,1.1082868120612654,0.08866985028338449,2.220446049250313e-16,0.05533799720235736
64.0,2.220446049250313e-16,2.220446049250313e-16,2.220446049250313e-16,2.220446049250313e-16,2.220446049250313e-16,0.6357151427262515,0.0022044110287851026,1.1182505799443558,2.220446049250313e-16,2.220446049250313e-16,2.220446049250313e-16,0.050072087404061195,2.220446049250313e-16,2.220446049250313e-16,0.6217450424158496,2.220446049250313e-16,1.1082868120612654,0.08866985028338449,2.220446049250313e-16,0.05533799720235736
65.0,0.33865746037800587,0.44135731616124707,0.4136647277796772,0.5046521646447119,0.475114898441457,2.220446049250313e-16,2.220446049250313e-16,2.220446049250313e-16,2.220446049250313e-16,2.220446049250313e-16,2.220446049250313e-16,0.5809182475125058,0.8240482155975741,0.6975387009566922,2.220446049250313e-16,2.220446049250313e-16,2.220446049250313e-16,0.023325058011819912,0.3431919084667216,2.220446049250313e-16
66.0,1.0416575099658727,2.220446049250313e-16,2.220446049250313e-16,0.14516516830933068,2.220446049250313e-16,2.220446049250313e-16,0.2155864814637466,2.220446049250313e-16,2.220446049250313e-16,1.0769895530297642,0.47524013333751025,2.220446049250313e-16,0.0006534494651270772,0.017772208234280915,0.7614769208185359,0.28918653539552813,0.020432046021997947,0.10178430272800976,0.010094371736162466,0.17680827330982382
67.0,2.220446049250313e-16,2.220446049250313e-16,2.220446049250313e-16,1.0598250530641482,2.220446049250313e-16,0.03089120587325489,2.220446049250313e-16,2.220446049250313e-16,2.220446049250313e-16,0.6032804215508449,0.4751588654909273,0.0010688503914736559,0.142246124732739,0.011494303318375922,0.6467674854072819,2.220446049250313e-16,2.220446049250313e-16,0.45218525734675,0.038459997365150135,0.8205862920927856
68.0,0.6251036514094144,0.020031273494054425,0.8582015551558348,2.220446049250313e-16,0.4743773803359177,0.07008332150849185,2.220446049250313e-16,2.220446049250313e-16,2.220446049250313e-16,2.220446049250313e-16,0.4738285902576809,0.6275467718152883,0.6136807192236824,0.345771846910038,2.220446049250313e-16,0.39049587651770673,2.220446049250313e-16,2.220446049250313e-16,0.5027775698944063,0.13666085199297368
69.0,0.08811905951594745,0.4210485851039889,0.41026563674816713,0.00972695015857197,0.47232102234831985,2.220446049250313e-16,0.4254074559484937,0.11688911755725764,0.4917441088870075,2.220446049250313e-16,0.4725231745180865,0.33667978081308425,0.016882489160782218,0.3990478226983522,2.220446049250313e-16,0.9095933473795176,0.0579363626651997,2.220446049250313e-16,0.9584182164326537,2.220446049250313e-16
