37 0.17105502253014912 0.24332662804554253 0.5658102801513986 0.11980943613548728 0.3749413102261593 0.1275449771287197 0.17105502483407883 0.3788481282367108 0.17315784034037884 0.4859229143200962 0.3692670716971247 -0.04740326741551444 0.37127644854627123 0.24332662687084644 -0.024669019202613687 0.37884812803351775 0.11980943498595456 0.48762689176023816 0.35860085086367954 0.34616165563103146
35 0.3215368117930358 0.20057631689765482 0.31864705647358865 0.2937681064957079 0.4331616567438362 0.24889017700308186 0.321536810685019 0.359369326444122 0.3954096130512918 0.36845984877513116 0.32179801634589744 0.06371411403311188 0.26013969228158845 0.2005763168402609 0.07836622935846331 0.359369326272655 0.29376810663818254 0.4299749302086134 0.46220222981718595 0.24231175161008214
45 0.3215368117930358 0.20057631689765482 0.31864705647358865 0.2937681064957079 0.4331616567438362 0.24889017700308186 0.321536810685019 0.359369326444122 0.3954096130512918 0.36845984877513116 0.32179801634589744 0.06371411403311188 0.26013969228158845 0.2005763168402609 0.07836622935846331 0.359369326272655 0.29376810663818254 0.4299749302086134 0.46220222981718595 0.24231175161008214
22 0.31882371749200844 0.24325063423653115 0.33398947661215383 0.31109063772469847 0.3636343597090065 0.27720765860853713 0.31882371711355456 0.3536620156410531 0.3631887879711859 0.34208929835660634 0.35130120846657603 0.06836144145791849 0.2810985657953191 0.24325063399599178 0.08107184319869033 0.35366201563642174 0.3110906380091964 0.40354316312382543 0.4655257833663573 0.2680714816414392
33 0.31037658047906463 0.12665837445927633 -0.06666488946594676 0.3131060160402599 0.06691909917822997 0.3865080969972893 0.31037658007532315 0.08279427643783123 0.22865342165527364 -0.00229086592944767 0.09086863729374264 0.9104354536468406 0.11495869534068387 0.12665837427439697 0.698712833078314 0.08279427629926926 0.3131060160294987 -0.006867230458443324 0.06836144145869197 0.1076272161721093
64 0.25091315623740806 0.2885960308266475 0.13072121435082007 0.5808656247220454 0.19000992666137823 0.4904607530932127 0.25091315595081654 0.16210659728247814 0.34065912772711493 0.11014065031985089 0.36571173734935214 0.3131060160615488 0.17958992085686729 0.28859603049821736 0.3943400270723443 0.16210659704983194 0.580865624888634 0.15611866173858344 0.3110906378076765 0.13240981619455588
61 0.16149186100129198 0.2947636299260475 0.605513800461836 0.13120026964343556 0.31381222272546694 0.13201442989007106 0.16149186424249515 0.3641762764150136 0.15909583086289006 0.44120387661381355 0.41204001711917815 -0.05316626632443441 0.3978523527296835 0.2947636285597108 -0.01993379471355904 0.36417627619650667 0.13120026784576116 0.436620661959576 0.34112084569829654 0.36356004006681336
13 0.32698978928352557 0.15614447142564358 0.28421971756947007 0.18331266221633077 0.5488068503651343 0.17955288816479822 0.3269897910603437 0.3747183477715001 0.3633800295607774 0.40538417680658306 0.4009698542584889 0.07414031530378279 0.344495152241848 0.1561444703130892 0.09100889925336356 0.3747183474177549 0.1833126613151988 0.42526602440553396 0.35718998466445373 0.2776670277590908
38 0.30228332154517024 0.2324892292001114 0.14003540542024392 0.5381685116010873 0.26987816161672673 0.437293850396025 0.30228332295269766 0.18895255923081913 0.43669800724515667 0.13782634500069801 0.34987448064237525 0.271172445500749 0.17306713525546513 0.23248922837820496 0.3999284213261902 0.18895255915340692 0.5381685108805726 0.19971515187174949 0.3536347936753441 0.11972317709139262
9 0.4796396943735907 0.17020023480892987 0.13195270943256063 0.28950442661420156 0.3760582351603725 0.2718218140303542 0.4796396942093528 0.33381568087364943 0.5153990438347941 0.24607449835728723 0.251264490840401 0.2641119044340936 0.2546819252834815 0.1702002346493506 0.2888703556074371 0.3338156806630918 0.2895044266766872 0.26210038850581086 0.3448067146527324 0.2525280313881168
10 0.25038300793544793 0.19661264780201923 0.46491679725484325 0.11014065041613558 0.423621293081285 0.11970597141673167 0.250383007685675 0.42550962480024224 0.2327043617905431 0.5260752107262587 0.22969667328680385 -0.002290865930653833 0.32594513957677884 0.19661264691125524 0.007441559231105487 0.4255096243940998 0.11014065034146342 0.5018183579770537 0.34208929835639457 0.3770650574423668
28 0.15547497924625112 0.05274015692601988 -0.05099435637212371 0.4546269988204476 0.11132179446986279 0.2747402313898947 0.1554749869051949 0.09019102011543506 0.4370834341405946 -0.0013780033301662926 0.11169532735569795 0.47480730240943547 0.05247037240167396 0.05274015454766621 0.9927756631330097 0.09019102000359373 0.4546269941309528 -0.004941124634629156 0.06364575980299801 0.0676985627284265
47 0.21248321372565984 0.6521599307622331 0.28741933841524664 0.28859603057765726 0.12392671248752628 0.3767867620643369 0.2124832132696385 0.2337244760355281 0.14368642460335737 0.19661264726192718 0.2980632709066078 0.12665837439299538 0.356925129434102 0.6521599306749918 0.08595385458819013 0.23372447549534983 0.2885960307641769 0.19358176635308766 0.24325063387184326 0.38431274436522983
29 0.15547497924625112 0.05274015692601988 -0.05099435637212371 0.4546269988204476 0.11132179446986279 0.2747402313898947 0.1554749869051949 0.09019102011543506 0.4370834341405946 -0.0013780033301662926 0.11169532735569795 0.47480730240943547 0.05247037240167396 0.05274015454766621 0.9927756631330097 0.09019102000359373 0.4546269941309528 -0.004941124634629156 0.06364575980299801 0.0676985627284265
7 0.5019608391683682 0.21248321390741173 0.11960424846833889 0.2509131563893915 0.3185199735505452 0.2856790012498108 0.5019608393017393 0.35308760881216744 0.44196071729834385 0.25038300791472506 0.24457002976028666 0.3103765803692217 0.29851448509486667 0.21248321352676638 0.2520445161964339 0.3530876086088308 0.25091315618981447 0.24828102397124258 0.31882371743874865 0.3210059215924247
31 0.34780111678330533 0.19264495819448943 0.3425030869224936 0.1917436017836316 0.4194438632334605 0.1770732906331752 0.3478011155870756 0.41678393017870785 0.3496715755595807 0.42579349208298295 0.2630875213442756 0.07408713196274862 0.3139799080676575 0.19264495824828098 0.07154673622018731 0.41678393016254306 0.19174360213754657 0.42737363021652386 0.3866296798749657 0.3524087519450933
63 0.25091315623740806 0.2885960308266475 0.13072121435082007 0.5808656247220454 0.19000992666137823 0.4904607530932127 0.25091315595081654 0.16210659728247814 0.34065912772711493 0.11014065031985089 0.36571173734935214 0.3131060160615488 0.17958992085686729 0.28859603049821736 0.3943400270723443 0.16210659704983194 0.580865624888634 0.15611866173858344 0.3110906378076765 0.13240981619455588
51 0.1594260211445138 0.24926180970054632 0.6538161652410968 0.17017860915786667 0.3015203307757259 0.10848779223068039 0.15942601557676028 0.37240591787927696 0.1930628243390272 0.46307202250832785 0.32062150524758115 -0.04373689638003713 0.32603120827843746 0.24926181074714554 -0.04625340578551511 0.37240591750744706 0.17017861094326467 0.4403322343531576 0.39033417392763736 0.3851509552239342
67 0.21248321372565984 0.6521599307622331 0.28741933841524664 0.28859603057765726 0.12392671248752628 0.3767867620643369 0.2124832132696385 0.2337244760355281 0.14368642460335737 0.19661264726192718 0.2980632709066078 0.12665837439299538 0.356925129434102 0.6521599306749918 0.08595385458819013 0.23372447549534983 0.2885960307641769 0.19358176635308766 0.24325063387184326 0.38431274436522983
54 0.3297281673504517 0.11838869668231453 0.27444624810056767 0.18609558128184864 0.5984742227836359 0.14463228941584297 0.32972816296211227 0.39344275373329873 0.43344272364069536 0.4623209914532505 0.19568604313899676 0.06392584164232923 0.23318992083321063 0.11838869730907897 0.06488581147363927 0.39344275383843924 0.18609558262664525 0.47705125582276175 0.3718640086376624 0.2298204795036391
20 0.24974156115141305 0.22779885625087198 0.45289138494136294 0.1486088991095759 0.40330543977920946 0.1639622414366683 0.24974156253590143 0.41073908095849665 0.24491336957957055 0.4886387765911995 0.27187915005510926 -0.009748491787657052 0.316256045229009 0.22779885533525165 0.0012963461648033043 0.41073908087567196 0.14860889828309917 0.5048997533784817 0.3940415254418823 0.335061191457039
34 0.44196071738533915 0.14368642482086535 0.14428562517237087 0.3406591278578021 0.41003384850130975 0.26237907891694806 0.44196071682491633 0.3056634163376342 0.5673697812339398 0.23270436179231407 0.26300387194734365 0.22865342165543046 0.21570426366114215 0.14368642422335448 0.32316018814791825 0.30566341639875383 0.3406591274752454 0.2647325059059847 0.36318878797202825 0.2020891305004857
41 0.1518496091676583 0.5772554730606273 0.6232990567659753 0.14821556715507828 0.18437186550095627 0.056298910919563155 0.15184961558602966 0.2728351619856822 0.11155166298384998 0.28671018450436775 0.21206594870434003 -0.004486115938144107 0.40459657843890906 0.5772554709593593 0.049296483956761214 0.2728351619477243 0.14821556496026136 0.21623371649650405 0.16451300068017846 0.5379302255636317
49 0.25091315623740806 0.2885960308266475 0.13072121435082007 0.5808656247220454 0.19000992666137823 0.4904607530932127 0.25091315595081654 0.16210659728247814 0.34065912772711493 0.11014065031985089 0.36571173734935214 0.3131060160615488 0.17958992085686729 0.28859603049821736 0.3943400270723443 0.16210659704983194 0.580865624888634 0.15611866173858344 0.3110906378076765 0.13240981619455588
53 0.19624346860119019 0.06440576876257044 -0.0481877974220301 0.43436724401708454 0.1003578313995913 0.30717788849374583 0.19624347245084217 0.07960256999899186 0.39211047761020024 0.004014590039876427 0.11105976652675406 0.560734219374263 0.0650743802989001 0.06440576734231857 0.9608705495994352 0.07960256997883941 0.4343672414959447 -0.005231968370804617 0.07365918020934077 0.06649829567335352
36 0.2360220407127523 0.2826711611990122 0.5026064044180861 0.19144580484245116 0.31831292905126973 0.18369573320872148 0.2360220410499447 0.3913338053983871 0.23550659509422514 0.430688440245679 0.32501566485097455 -0.014679323177148786 0.3313838823347388 0.28267116047344737 -0.0014178468170208474 0.3913338049673552 0.1914458046809247 0.4522726704008012 0.4176053680505109 0.35488708264904073
58 0.285679001125363 0.3767867626092284 0.07722715806290534 0.49046075297313213 0.16020492360749378 0.5800268093444703 0.28567900128669993 0.17639431637364994 0.2623790789169609 0.11970597141773133 0.3291693528342975 0.3865080969974994 0.22220987654641872 0.37678676203279127 0.34921565420400785 0.17639431597721422 0.49046075320374555 0.15730815843576698 0.27720765860956265 0.16616952035988994
52 0.19624346860119019 0.06440576876257044 -0.0481877974220301 0.43436724401708454 0.1003578313995913 0.30717788849374583 0.19624347245084217 0.07960256999899186 0.39211047761020024 0.004014590039876427 0.11105976652675406 0.560734219374263 0.0650743802989001 0.06440576734231857 0.9608705495994352 0.07960256997883941 0.4343672414959447 -0.005231968370804617 0.07365918020934077 0.06649829567335352
24 0.24441612551036077 0.33948160361989504 0.4977063228725435 0.13330455410943517 0.2902228610338518 0.17591274743068525 0.24441613091467898 0.40443768910834177 0.19137950221176925 0.4401272067762145 0.28619336054485167 -0.016206600909080077 0.3638810668071624 0.33948160166304325 0.021494215135578237 0.4044376895605638 0.13330455131976998 0.4461060725835576 0.3521684625198154 0.3950289350040916
46 0.16700115896047893 0.2739089654284002 0.62135421682148 0.16760458074692544 0.30277017147986873 0.13234225807126584 0.167001157208102 0.3747352659500835 0.19073199972852686 0.45736710932889313 0.325271579987013 -0.05107075026087128 0.3237869425264894 0.27390896538645526 -0.04396973032724055 0.3747352657634973 0.16760458084978308 0.4617392209664107 0.4015296089468338 0.35594155923241233
21 0.31882371749200844 0.24325063423653115 0.33398947661215383 0.31109063772469847 0.3636343597090065 0.27720765860853713 0.31882371711355456 0.3536620156410531 0.3631887879711859 0.34208929835660634 0.35130120846657603 0.06836144145791849 0.2810985657953191 0.24325063399599178 0.08107184319869033 0.35366201563642174 0.3110906380091964 0.40354316312382543 0.4655257833663573 0.2680714816414392
15 0.4796396943735907 0.17020023480892987 0.13195270943256063 0.28950442661420156 0.3760582351603725 0.2718218140303542 0.4796396942093528 0.33381568087364943 0.5153990438347941 0.24607449835728723 0.251264490840401 0.2641119044340936 0.2546819252834815 0.1702002346493506 0.2888703556074371 0.3338156806630918 0.2895044266766872 0.26210038850581086 0.3448067146527324 0.2525280313881168
55 0.24828102392116252 0.19358176659986584 0.4321745189982794 0.15611866166093283 0.4509005906746964 0.15730815843753101 0.24828102390037024 0.40595384336242935 0.2647325059077876 0.5018183579795596 0.2611196914883494 -0.0068672304569337385 0.2953016298828158 0.19358176620803613 -0.006198814695082807 0.40595384329095247 0.15611866178802788 0.522609622211892 0.40354316312667926 0.30861810766067405
14 0.23558444944878712 0.14075756564377812 0.40634436245960154 0.14392076126831668 0.5443393027878082 0.127420663547667 0.23558444908911363 0.3863902491464479 0.27277025427926416 0.5086473996406292 0.3204576396584002 0.0017203612671741822 0.3126148265024574 0.14075756530992853 -0.0032664314977651674 0.38639024902400226 0.14392076202013018 0.5195235724797043 0.3756613870145218 0.29450684664759813
25 0.39986747573990056 0.12729053699778806 0.15476555531143898 0.39043927229995223 0.43018911534602694 0.25457432488119175 0.399867475172469 0.27760762889626295 0.602025108214207 0.21759817721605962 0.2738233562931873 0.2022875028928094 0.18261297888171563 0.12729053638233556 0.3506158688747569 0.2776076286759665 0.3904392722028621 0.26011291542769593 0.37191804143276697 0.16438386155089668
40 0.4796396943735907 0.17020023480892987 0.13195270943256063 0.28950442661420156 0.3760582351603725 0.2718218140303542 0.4796396942093528 0.33381568087364943 0.5153990438347941 0.24607449835728723 0.251264490840401 0.2641119044340936 0.2546819252834815 0.1702002346493506 0.2888703556074371 0.3338156806630918 0.2895044266766872 0.26210038850581086 0.3448067146527324 0.2525280313881168
59 0.33631711185929125 0.2978802901938628 0.32429367470373055 0.2577774250079134 0.31957820629121947 0.29333906216851124 0.3363171145684824 0.3747877685141873 0.3132217978481108 0.35032434171847926 0.33279348478075826 0.07804408875877203 0.31993092027216125 0.2978802889852029 0.08406440034275967 0.3747877687503893 0.2577774236676509 0.39938048906361834 0.4292033982070781 0.31356231510033866
60 0.24457002977915376 0.2980632709227731 0.3028949660547274 0.36571173720092925 0.34420300583555113 0.3291693528342574 0.24457002950646062 0.25616276668907484 0.2630038719473223 0.22969667328797216 0.6644990619706657 0.09086863729383961 0.39096265160639404 0.2980632708097194 0.10662654875772937 0.25616276637150387 0.3657117371954055 0.26111969148768877 0.3513012084678257 0.2404587424907274
23 0.33631711185929125 0.2978802901938628 0.32429367470373055 0.2577774250079134 0.31957820629121947 0.29333906216851124 0.3363171145684824 0.3747877685141873 0.3132217978481108 0.35032434171847926 0.33279348478075826 0.07804408875877203 0.31993092027216125 0.2978802889852029 0.08406440034275967 0.3747877687503893 0.2577774236676509 0.39938048906361834 0.4292033982070781 0.31356231510033866
68 0.285679001125363 0.3767867626092284 0.07722715806290534 0.49046075297313213 0.16020492360749378 0.5800268093444703 0.28567900128669993 0.17639431637364994 0.2623790789169609 0.11970597141773133 0.3291693528342975 0.3865080969974994 0.22220987654641872 0.37678676203279127 0.34921565420400785 0.17639431597721422 0.49046075320374555 0.15730815843576698 0.27720765860956265 0.16616952035988994
62 0.21248321372565984 0.6521599307622331 0.28741933841524664 0.28859603057765726 0.12392671248752628 0.3767867620643369 0.2124832132696385 0.2337244760355281 0.14368642460335737 0.19661264726192718 0.2980632709066078 0.12665837439299538 0.356925129434102 0.6521599306749918 0.08595385458819013 0.23372447549534983 0.2885960307641769 0.19358176635308766 0.24325063387184326 0.38431274436522983
3 0.33785536006215927 0.14283083489139148 0.3072818770375876 0.20045795455645488 0.5215967830385184 0.1626080522890857 0.337855357001013 0.401427689530734 0.40509602757679747 0.4425846672379768 0.23524125089919917 0.06600102168836978 0.2641306174281097 0.1428308353131715 0.0686306192434349 0.40142768958282976 0.2004579551764564 0.45878294606024833 0.393433439784277 0.2754976444063011
26 0.11960424866472616 0.28741933853518803 0.7400634476969592 0.1307212144172711 0.2645123036004971 0.07722715806299417 0.119604247997121 0.35375181755031504 0.14428562517255686 0.46491679725581797 0.30289496605482935 -0.06666488946578539 0.33383822548548525 0.28741933848789725 -0.04925092628457463 0.3537518173831465 0.13072121443497967 0.4321745189977302 0.33398947661281264 0.39081388108566006
65 0.33436648590832885 0.23924417627960862 0.3191796948329818 0.2667627909661361 0.3867675924772945 0.26638846044109427 0.33436648685635023 0.3739827082985706 0.3579039080669559 0.36835402237137965 0.3218534999835054 0.07001205990007764 0.2900880762857828 0.2392441755411076 0.08095107827267431 0.3739827084016281 0.2667627901934414 0.4232125292081578 0.44560798173049093 0.27711594014918384
6 0.353087609047948 0.23372447597708843 0.3537518174748347 0.1621065971760348 0.3664787643233671 0.1763943161575806 0.3530876085732502 0.4295499654307372 0.3056634162910993 0.4255096244605012 0.25616276654607695 0.08279427642169264 0.3482336145848018 0.2337244755368749 0.07158812248431715 0.4295499652888924 0.16210659715386863 0.40595384352412783 0.35366201593557023 0.4074664586564151
5 0.355862654317966 0.190563918304394 0.32605180566125025 0.15511997395693752 0.43954579134716804 0.1668413319126044 0.35586265306203163 0.43097438396679966 0.34131013285789136 0.44872795359140877 0.23317376409338061 0.07704779813899189 0.31781616755168074 0.19056391801843148 0.06911125478298408 0.4309743837866706 0.15511997409292383 0.4369036647243719 0.3552517352557628 0.3551308555968639
17 0.3431248690967382 0.22421990525208838 0.07027773675478426 0.3657713029066957 0.3809638820126678 0.35790522306978045 0.3431248701068519 0.2015818533603835 0.3280444067358035 0.14448356172712465 0.5920422408998106 0.34067496358238897 0.4258110598946413 0.2242199046799918 0.36163693695120186 0.20158185304971485 0.36577130288331045 0.14680977040117812 0.22185720712713103 0.1947340428356189
4 0.353087609047948 0.23372447597708843 0.3537518174748347 0.1621065971760348 0.3664787643233671 0.1763943161575806 0.3530876085732502 0.4295499654307372 0.3056634162910993 0.4255096244605012 0.25616276654607695 0.08279427642169264 0.3482336145848018 0.2337244755368749 0.07158812248431715 0.4295499652888924 0.16210659715386863 0.40595384352412783 0.35366201593557023 0.4074664586564151
2 0.34275692269385183 0.2969929240265978 0.379070855315727 0.1591803382528434 0.2890882635563553 0.17935288150321965 0.3427569227799198 0.422722623506116 0.2583637497327092 0.3996067379890217 0.2654253655205626 0.09255269534637994 0.38307012302079074 0.2969929237523084 0.07313824828891456 0.42272262329650023 0.1591803380416824 0.36243851436267505 0.32986869481912773 0.47265743467583965
18 0.22862341913848389 0.18668859877003408 0.46613889549300536 0.16188034644688484 0.4473269965515192 0.14014745501628348 0.22862341834187896 0.38414897685355326 0.25068638327102355 0.465761311860167 0.3794248789692703 -0.002379570739280418 0.3649033477615677 0.18668859855358239 0.0012695009356767553 0.3841489771982328 0.16188034680840238 0.469505744633076 0.38543473192562705 0.3387469159898096
27 0.15547497924625112 0.05274015692601988 -0.05099435637212371 0.4546269988204476 0.11132179446986279 0.2747402313898947 0.1554749869051949 0.09019102011543506 0.4370834341405946 -0.0013780033301662926 0.11169532735569795 0.47480730240943547 0.05247037240167396 0.05274015454766621 0.9927756631330097 0.09019102000359373 0.4546269941309528 -0.004941124634629156 0.06364575980299801 0.0676985627284265
0 0.34032197663575026 0.23833238873853932 0.37574663904714317 0.212219675781718 0.3369759434102218 0.19001907865794204 0.3403219760745592 0.409294784589597 0.31446862843809115 0.39395740410741564 0.29571211322066837 0.07951295247950342 0.34280483741614726 0.23833238836027928 0.07415331247196756 0.4092947843680287 0.2122196759367363 0.38952668575334815 0.3910950519982919 0.40401941385082124
8 0.32100592155459395 0.38431274461534315 0.3908138810857338 0.13240981631386717 0.22965093349157684 0.16616952036017096 0.32100592139899575 0.4074664586380361 0.20208913050070976 0.37706505744358765 0.2404587424910254 0.10762721617250293 0.4176363605383928 0.38431274422543993 0.07296354482483913 0.4074664584887484 0.1324098163388232 0.30861810765998143 0.2680714816426075 0.5468405285407698
1 0.5019608391683682 0.21248321390741173 0.11960424846833889 0.2509131563893915 0.3185199735505452 0.2856790012498108 0.5019608393017393 0.35308760881216744 0.44196071729834385 0.25038300791472506 0.24457002976028666 0.3103765803692217 0.29851448509486667 0.21248321352676638 0.2520445161964339 0.3530876086088308 0.25091315618981447 0.24828102397124258 0.31882371743874865 0.3210059215924247
16 0.29851448509851103 0.35692512952761696 0.33383822548538084 0.17958992077826086 0.2814301075833472 0.2222098765462784 0.2985144848622679 0.3482336148713911 0.2157042636610244 0.32594513957792987 0.3909626516063359 0.11495869534077535 0.5943137119496528 0.35692512914958574 0.08506702492572803 0.34823361446897505 0.17958992096455934 0.29530162988166186 0.2810985657962369 0.41763636053808495
32 0.2918893456728684 0.39929909136249625 0.4294422449111699 0.22398733519832456 0.17121686488549176 0.1892991897353465 0.29188934398563304 0.36682391419532295 0.21130064794703438 0.317998548911228 0.3079743530412787 0.10384789608150143 0.4069959331171544 0.39929909136493624 0.07571268642255016 0.36682391369839984 0.22398733612456423 0.26870791075777434 0.3211679829651571 0.5418089032137604
39 0.3215368117930358 0.20057631689765482 0.31864705647358865 0.2937681064957079 0.4331616567438362 0.24889017700308186 0.321536810685019 0.359369326444122 0.3954096130512918 0.36845984877513116 0.32179801634589744 0.06371411403311188 0.26013969228158845 0.2005763168402609 0.07836622935846331 0.359369326272655 0.29376810663818254 0.4299749302086134 0.46220222981718595 0.24231175161008214
57 0.22573410322082862 0.17527627394899808 0.45318310112332355 0.242166482882607 0.45145697506193116 0.1704801868491601 0.2257340975383213 0.3679300965632646 0.30708378186895346 0.45346921508644117 0.31683868607371096 -0.006742435665692982 0.261555373816565 0.1752762751681219 -0.03160649238606194 0.3679300963285268 0.2421664850988933 0.4956433668669272 0.4728109290323748 0.26714948718879694
19 0.4796396943735907 0.17020023480892987 0.13195270943256063 0.28950442661420156 0.3760582351603725 0.2718218140303542 0.4796396942093528 0.33381568087364943 0.5153990438347941 0.24607449835728723 0.251264490840401 0.2641119044340936 0.2546819252834815 0.1702002346493506 0.2888703556074371 0.3338156806630918 0.2895044266766872 0.26210038850581086 0.3448067146527324 0.2525280313881168
12 0.23203608289652383 0.13996326884155708 0.4160336857722018 0.17301433377376205 0.5319407397871084 0.13152200426799657 0.23203608011536597 0.38019261249603636 0.2927826728679541 0.5002390033165827 0.2915135397321485 0.0009241418780414266 0.3046306604884365 0.13996326937735437 -0.01485513013798454 0.3801926120115247 0.1730143352584568 0.5217965360040779 0.40852619417504854 0.27851251263768045
44 0.4651364210629195 0.14289088687462376 0.13239560559221697 0.28708944431059885 0.4358052463663251 0.24914304776324026 0.4651364180714842 0.3306335688328767 0.5715885592384039 0.25401815226320684 0.23435465663682659 0.2334935327726257 0.22398940194939088 0.14289088714814804 0.2980477981205995 0.3306335685135687 0.28708944490534133 0.2700870731845976 0.34358683944598506 0.20681636440708137
66 0.21858211549597917 0.43777890028301103 0.5408461817185404 0.17729202616349943 0.20135584027512518 0.19037421715566274 0.21858212100816074 0.36151720123104114 0.16956203537470282 0.3600303831545022 0.3219586650174394 -0.020261507260538412 0.3773528220121231 0.4377788983934665 0.02242859242610212 0.3615172007046561 0.17729202308750605 0.3676224055178101 0.34160612448904093 0.41280423527488525
69 0.285679001125363 0.3767867626092284 0.07722715806290534 0.49046075297313213 0.16020492360749378 0.5800268093444703 0.28567900128669993 0.17639431637364994 0.2623790789169609 0.11970597141773133 0.3291693528342975 0.3865080969974994 0.22220987654641872 0.37678676203279127 0.34921565420400785 0.17639431597721422 0.49046075320374555 0.15730815843576698 0.27720765860956265 0.16616952035988994
30 0.5019608391683682 0.21248321390741173 0.11960424846833889 0.2509131563893915 0.3185199735505452 0.2856790012498108 0.5019608393017393 0.35308760881216744 0.44196071729834385 0.25038300791472506 0.24457002976028666 0.3103765803692217 0.29851448509486667 0.21248321352676638 0.2520445161964339 0.3530876086088308 0.25091315618981447 0.24828102397124258 0.31882371743874865 0.3210059215924247
11 0.31851997363131135 0.1239267128195907 0.26451230360020805 0.19000992691578428 0.620221836532187 0.16020492360727093 0.31851997318306163 0.366478764611059 0.4100338485011052 0.42362129308241736 0.344203005835357 0.06691909917820955 0.28143010758325304 0.12392671213724427 0.08500351298303509 0.3664787644037081 0.19000992665201016 0.4509005906733596 0.3636343597101411 0.22965093349106347
42 0.25204451613621776 0.08595385491771823 -0.04925092628468935 0.3943400270584905 0.08500351298313147 0.34921565420390904 0.2520445161107661 0.07158812238115608 0.32316018814785047 0.007441559232499851 0.10662654875772512 0.6987128330784386 0.0850670249257392 0.08595385490054465 0.8843542628528567 0.07158812239764817 0.39434002711167926 -0.00619881469649983 0.08107184319947035 0.07296354482454019
56 0.27796600691278683 0.393011968315224 0.3597438465371891 0.36881401354259974 0.18389035730577705 0.3478755987323987 0.2779660056061837 0.3053263520786916 0.2666555579530016 0.25370432098710693 0.40725561104532737 0.08766977507134555 0.3207895490228514 0.39301196822365037 0.08349409785203447 0.30532635196774277 0.3688140139879454 0.29679002043222136 0.426660139243744 0.32371863820103086
50 0.43956147932308526 0.12530754598403027 0.1371221806634824 0.3088907803175823 0.4696520844956733 0.2363484505924267 0.4395614753831747 0.31546161356021046 0.6117193930443632 0.24974600559906726 0.232375158595344 0.2091428199852131 0.1965807601483228 0.12530754617705706 0.31464294225928835 0.3154616132458097 0.3088907809092962 0.27186336342507084 0.3484080945143792 0.17267750329305073
43 0.25204451613621776 0.08595385491771823 -0.04925092628468935 0.3943400270584905 0.08500351298313147 0.34921565420390904 0.2520445161107661 0.07158812238115608 0.32316018814785047 0.007441559232499851 0.10662654875772512 0.6987128330784386 0.0850670249257392 0.08595385490054465 0.8843542628528567 0.07158812239764817 0.39434002711167926 -0.00619881469649983 0.08107184319947035 0.07296354482454019
48 0.25091315623740806 0.2885960308266475 0.13072121435082007 0.5808656247220454 0.19000992666137823 0.4904607530932127 0.25091315595081654 0.16210659728247814 0.34065912772711493 0.11014065031985089 0.36571173734935214 0.3131060160615488 0.17958992085686729 0.28859603049821736 0.3943400270723443 0.16210659704983194 0.580865624888634 0.15611866173858344 0.3110906378076765 0.13240981619455588
