id,x_0,x_1,x_2,x_3,x_4,x_5,x_6,x_7,x_8,x_9,x_10,x_11,x_12,x_13
0.0,2.220446049250313e-16,0.44632474771368846,0.11482244848470358,2.220446049250313e-16,0.4512476809310948,2.220446049250313e-16,0.39838516237164173,2.220446049250313e-16,0.5480253426800265,1.21653570442027,2.220446049250313e-16,0.05229891486699347,2.220446049250313e-16,2.220446049250313e-16
1.0,2.220446049250313e-16,0.09523998970682448,2.220446049250313e-16,2.220446049250313e-16,2.220446049250313e-16,0.010456240264044014,2.220446049250313e-16,2.220446049250313e-16,0.6828186847924432,2.220446049250313e-16,0.0007150456602816674,0.32482624490226664,1.3497795150573084,0.540571849650576
2.0,0.0022284828144178296,0.4463247477136876,0.13576528441809982,2.220446049250313e-16,0.6269441900004646,2.220446049250313e-16,0.4009879032576308,0.023944310627234972,0.5497561831480473,1.1423621570162934,2.220446049250313e-16,0.04056478918308209,2.220446049250313e-16,2.220446049250313e-16
3.0,0.745580726811636,2.220446049250313e-16,0.6880670644447326,2.220446049250313e-16,0.22815956436985152,2.220446049250313e-16,2.220446049250313e-16,2.220446049250313e-16,2.220446049250313e-16,0.049159803520069094,0.6406923634325663,0.9399140918503758,0.6132587971902296,2.220446049250313e-16
4.0,0.4183927711921977,4.440892098500626e-16,2.220446049250313e-16,2.220446049250313e-16,2.220446049250313e-16,2.220446049250313e-16,2.220446049250313e-16,1.0062191765401691,2.220446049250313e-16,0.23864040899073816,0.15604382721733334,0.5144461166040429,2.220446049250313e-16,0.7770398188828805
5.0,0.8339856480024043,2.220446049250313e-16,2.220446049250313e-16,2.220446049250313e-16,0.6409449477938844,2.220446049250313e-16,0.39384221254309426,0.6997794209851802,2.220446049250313e-16,2.220446049250313e-16,0.1757013143328278,0.356715603861476,2.220446049250313e-16,0.8702593995926158
6.0,2.220446049250313e-16,2.220446049250313e-16,0.10955437874369149,0.01775028012730262,0.7236173545965123,2.220446049250313e-16,0.39748170133865374,2.220446049250313e-16,0.5469243022267526,1.2173126305677588,2.220446049250313e-16,0.04882610241701889,0.006666441841467752,2.220446049250313e-16
7.0,0.07892376996046697,0.5502977717962763,2.220446049250313e-16,2.220446049250313e-16,2.220446049250313e-16,0.01319641799852159,2.220446049250313e-16,2.220446049250313e-16,0.6957920686074192,0.0025271066257792347,2.220446049250313e-16,2.220446049250313e-16,1.1460424473643631,0.9291651543141051
8.0,0.8750302278825897,2.220446049250313e-16,2.220446049250313e-16,0.05172313532036138,0.6633894715922168,2.220446049250313e-16,0.4042648247063833,2.220446049250313e-16,0.7440550080923709,0.6502135699282712,2.220446049250313e-16,2.220446049250313e-16,0.12062851239144884,0.13067487472764358
9.0,0.9058518081968663,2.220446049250313e-16,0.7109395744097506,0.042252807371983926,0.7897024177641206,2.220446049250313e-16,0.6060787433901482,2.220446049250313e-16,2.220446049250313e-16,0.20684217130245422,2.220446049250313e-16,2.220446049250313e-16,2.220446049250313e-16,0.8501370963997367
10.0,0.3913428824178029,2.220446049250313e-16,2.220446049250313e-16,0.042474520105234004,0.6210112907425732,2.220446049250313e-16,0.40166095731219154,2.220446049250313e-16,0.7332304141917417,1.0261691110479239,2.220446049250313e-16,2.220446049250313e-16,0.12054540530328568,2.220446049250313e-16
11.0,0.596112077839478,2.220446049250313e-16,2.220446049250313e-16,0.8611354644122353,2.220446049250313e-16,0.029507796138350816,0.048730396447447456,2.220446049250313e-16,2.220446049250313e-16,0.358275373031071,2.220446049250313e-16,2.220446049250313e-16,0.60452417373218,0.3554006881696774
12.0,0.9575505434415352,0.43722602102426844,2.220446049250313e-16,0.8788025259320574,0.2634041654483343,0.07675029873768421,0.043464473030282724,0.0032886586871967694,2.220446049250313e-16,0.3944871236799641,2.220446049250313e-16,2.220446049250313e-16,0.10496198722634967,0.2785801913128785
13.0,0.8503091285347252,2.220446049250313e-16,0.33802745892329655,2.220446049250313e-16,2.220446049250313e-16,0.0019483710164581278,0.608943139641172,0.7070732836591135,2.220446049250313e-16,0.014801980834984177,2.220446049250313e-16,0.012078373698753378,2.220446049250313e-16,1.096872378290052
14.0,0.8603936696528031,2.220446049250313e-16,2.220446049250313e-16,2.220446049250313e-16,0.2588442494937774,2.220446049250313e-16,2.220446049250313e-16,1.0422693900922588,2.220446049250313e-16,2.220446049250313e-16,0.38093495353878265,0.4161371742067199,2.220446049250313e-16,0.6947149550961234
15.0,0.8554799935913127,2.220446049250313e-16,2.220446049250313e-16,2.220446049250313e-16,0.5351924483006143,2.220446049250313e-16,2.220446049250313e-16,0.9224032681896202,2.220446049250313e-16,2.220446049250313e-16,0.1602666734754008,0.5196025324673766,2.220446049250313e-16,0.7505674366609291
16.0,2.220446049250313e-16,0.44632474771368846,0.11034881646526949,2.220446049250313e-16,0.7264021446018709,2.220446049250313e-16,0.3997365134961701,2.220446049250313e-16,0.5486752489879533,1.171255540407848,2.220446049250313e-16,0.05106890875269026,2.220446049250313e-16,2.220446049250313e-16
17.0,0.38250162745521554,2.220446049250313e-16,0.02008543045369282,2.220446049250313e-16,0.08929135001221054,2.220446049250313e-16,2.220446049250313e-16,2.220446049250313e-16,0.7081744743701254,0.03217560696837458,2.220446049250313e-16,0.20821806462873363,0.9311876038679932,0.7948273073665876
18.0,0.0023998008908686134,2.220446049250313e-16,0.7387225274713675,2.220446049250313e-16,0.6077785666635521,2.220446049250313e-16,0.5989814280250614,0.07081454117927766,2.220446049250313e-16,0.5231231442936869,2.220446049250313e-16,0.08660277716802169,2.220446049250313e-16,0.942244997924975
19.0,0.8641599984916726,2.220446049250313e-16,0.7891288947404513,0.00030448218205066834,0.6951244958403316,0.0005091401119715406,0.15059797133892483,0.23127810059815804,0.002041962251046478,2.220446049250313e-16,2.220446049250313e-16,0.05676310048952319,2.220446049250313e-16,1.0928299491692088
20.0,0.02425957599407213,2.220446049250313e-16,0.13749862126464457,2.220446049250313e-16,2.220446049250313e-16,0.29790578449070876,2.220446049250313e-16,0.1373979294573686,2.220446049250313e-16,0.022663791541855435,2.220446049250313e-16,1.2295432803435091,0.755926877648899,0.01762103366878001
21.0,2.220446049250313e-16,2.220446049250313e-16,0.38374582785437245,0.018384106527623567,0.01932537935624346,2.220446049250313e-16,2.220446049250313e-16,0.4454549605305457,0.234234443361689,1.2366539073044998,2.220446049250313e-16,0.006526035268959207,2.220446049250313e-16,2.220446049250313e-16
22.0,0.0033774506445022018,0.5493601302463414,0.5472212031914748,0.06773161868999239,0.2585958699388395,0.09284697492454931,2.220446049250313e-16,2.220446049250313e-16,0.14922735779595334,2.220446049250313e-16,2.220446049250313e-16,0.1965534686374813,1.0601529430577405,0.5517283252731795
23.0,0.0025797563833876514,2.220446049250313e-16,0.03377720323838024,2.220446049250313e-16,0.1311470784676865,0.9656900321603834,0.5904151100240643,0.39687202627005685,2.220446049250313e-16,2.220446049250313e-16,0.8136998221498276,2.220446049250313e-16,0.046291960297831815,0.001798429182559684
24.0,0.013032965525323674,0.09600983452850909,0.55321558750475,0.05006923003829306,2.220446049250313e-16,0.05045409727807848,2.220446049250313e-16,2.220446049250313e-16,0.1351383226102597,0.04099871320682616,2.220446049250313e-16,0.16785859158486136,1.2782286218990413,0.536778785061634
25.0,0.04745341529277553,0.5730686180621256,2.220446049250313e-16,0.007758005533676644,0.5448123202591613,0.010182332650128743,2.220446049250313e-16,0.8738640798875392,2.220446049250313e-16,2.220446049250313e-16,2.220446049250313e-16,0.15409366368144065,0.6285047258550308,0.756244741266007
26.0,2.220446049250313e-16,2.220446049250313e-16,2.220446049250313e-16,0.018084510111828184,0.71317788133641,2.220446049250313e-16,0.39997463328142285,2.220446049250313e-16,0.7329890611587508,1.2033752253133276,2.220446049250313e-16,2.220446049250313e-16,0.03907057091369474,2.220446049250313e-16
27.0,2.220446049250313e-16,2.220446049250313e-16,2.220446049250313e-16,0.018084510111828184,0.71317788133641,2.220446049250313e-16,0.39997463328142285,2.220446049250313e-16,0.7329890611587508,1.2033752253133276,2.220446049250313e-16,2.220446049250313e-16,0.03907057091369474,2.220446049250313e-16
28.0,2.220446049250313e-16,0.5419566207682416,2.220446049250313e-16,2.220446049250313e-16,2.220446049250313e-16,0.008434008042052299,2.220446049250313e-16,2.220446049250313e-16,0.6833950144228446,2.220446049250313e-16,0.007226441466997329,0.06664101152966125,1.343528769328091,0.6199269127106584
29.0,2.220446049250313e-16,0.5419566207682416,2.220446049250313e-16,2.220446049250313e-16,2.220446049250313e-16,0.008434008042052299,2.220446049250313e-16,2.220446049250313e-16,0.6833950144228446,2.220446049250313e-16,0.007226441466997329,0.06664101152966125,1.343528769328091,0.6199269127106584
30.0,0.006942418676376331,2.220446049250313e-16,2.220446049250313e-16,2.220446049250313e-16,0.6433706526928649,0.02075872181393272,2.220446049250313e-16,0.8791770986376781,2.220446049250313e-16,2.220446049250313e-16,0.7353289880486743,0.7492716544893461,0.5080236418287482,2.220446049250313e-16
31.0,2.220446049250313e-16,2.220446049250313e-16,2.220446049250313e-16,0.6451965179311155,0.01793854882614898,2.220446049250313e-16,2.220446049250313e-16,0.1631612884009545,2.220446049250313e-16,1.2780510597132786,2.220446049250313e-16,2.220446049250313e-16,0.0994763400502525,2.220446049250313e-16
32.0,2.220446049250313e-16,0.08198711178309928,2.220446049250313e-16,0.7283704949795382,2.220446049250313e-16,1.236997409448793,2.220446049250313e-16,2.220446049250313e-16,2.220446049250313e-16,2.220446049250313e-16,0.004895967271270079,0.23195355117121408,2.220446049250313e-16,0.04168892862275082
33.0,2.220446049250313e-16,0.08198711178309928,2.220446049250313e-16,0.7283704949795382,2.220446049250313e-16,1.236997409448793,2.220446049250313e-16,2.220446049250313e-16,2.220446049250313e-16,2.220446049250313e-16,0.004895967271270079,0.23195355117121408,2.220446049250313e-16,0.04168892862275082
34.0,2.220446049250313e-16,0.08198711178309928,2.220446049250313e-16,0.7283704949795382,2.220446049250313e-16,1.236997409448793,2.220446049250313e-16,2.220446049250313e-16,2.220446049250313e-16,2.220446049250313e-16,0.004895967271270079,0.23195355117121408,2.220446049250313e-16,0.04168892862275082
35.0,2.220446049250313e-16,0.539371121358075,0.0938927068699702,2.220446049250313e-16,2.220446049250313e-16,0.7826634830410808,2.220446049250313e-16,0.19832347622036037,0.001747569196869697,0.036322226764521716,2.220446049250313e-16,0.8840842952385433,0.3591053248006153,2.220446049250313e-16
36.0,2.220446049250313e-16,2.220446049250313e-16,2.220446049250313e-16,0.6451965179311155,0.01793854882614898,2.220446049250313e-16,2.220446049250313e-16,0.1631612884009545,2.220446049250313e-16,1.2780510597132786,2.220446049250313e-16,2.220446049250313e-16,0.0994763400502525,2.220446049250313e-16
37.0,2.220446049250313e-16,0.531056823054945,2.220446049250313e-16,0.7344048355973698,2.220446049250313e-16,1.1903517639349557,2.220446049250313e-16,2.220446049250313e-16,2.220446049250313e-16,2.220446049250313e-16,0.07385790809071816,0.1884627837601852,2.220446049250313e-16,2.220446049250313e-16
38.0,0.017224440116303294,2.220446049250313e-16,0.7434247301710417,0.007371656713330882,0.13317617733598855,0.009630653940890877,2.220446049250313e-16,2.220446049250313e-16,2.220446049250313e-16,0.014494122732907254,2.220446049250313e-16,1.0782797608934596,1.0829051277024637,2.220446049250313e-16
39.0,2.220446049250313e-16,0.531056823054945,2.220446049250313e-16,0.7344048355973698,2.220446049250313e-16,1.1903517639349557,2.220446049250313e-16,2.220446049250313e-16,2.220446049250313e-16,2.220446049250313e-16,0.07385790809071816,0.1884627837601852,2.220446049250313e-16,2.220446049250313e-16
40.0,1.0153187680103952,2.220446049250313e-16,2.220446049250313e-16,0.9219013000895303,2.220446049250313e-16,0.07991295468813994,0.04075784031901162,2.220446049250313e-16,2.220446049250313e-16,0.36440931095003326,2.220446049250313e-16,2.220446049250313e-16,0.22389093685322534,0.35403043164560605
41.0,0.4250897139875118,0.10893798534270505,2.220446049250313e-16,2.220446049250313e-16,2.220446049250313e-16,0.018070211734277558,2.220446049250313e-16,2.220446049250313e-16,0.7031771045526861,0.0006338203268465494,2.220446049250313e-16,0.3439356917263809,1.0257427125353415,0.6053762462170434
42.0,2.220446049250313e-16,0.44632474771368846,0.5662274987013547,2.220446049250313e-16,2.220446049250313e-16,2.220446049250313e-16,2.220446049250313e-16,0.7210433928494329,2.220446049250313e-16,1.1318218700760827,2.220446049250313e-16,2.220446049250313e-16,2.220446049250313e-16,2.220446049250313e-16
43.0,0.36799189367575363,2.220446049250313e-16,2.220446049250313e-16,0.8304597340934196,2.220446049250313e-16,0.48797417700705603,2.220446049250313e-16,2.220446049250313e-16,2.220446049250313e-16,2.220446049250313e-16,0.747291442745306,0.4069635964679923,0.3995854931771031,2.220446049250313e-16
44.0,0.7675848011783281,2.220446049250313e-16,0.6874035761339142,0.011438502331000418,0.12910204776827228,2.220446049250313e-16,2.220446049250313e-16,2.220446049250313e-16,2.220446049250313e-16,0.018256260113283424,0.41351582765982914,1.0151071539972136,0.6881315833031533,2.220446049250313e-16
45.0,2.220446049250313e-16,2.220446049250313e-16,0.18893000844156643,2.220446049250313e-16,0.14104477745441113,1.026868457750012,0.45208380568052337,0.20070058975120933,0.01954344514525787,0.054932142783067496,0.21869835160536993,0.2528497149446157,0.113891927038137,0.06703987408165915
46.0,2.220446049250313e-16,2.220446049250313e-16,0.009747960094350864,0.44377484500047415,0.057994305033192306,2.220446049250313e-16,2.220446049250313e-16,0.42245101544654606,0.15647674141094825,1.2042657906728405,2.220446049250313e-16,2.220446049250313e-16,2.220446049250313e-16,2.220446049250313e-16
47.0,2.220446049250313e-16,2.220446049250313e-16,0.5787007714923286,0.0950862728399999,2.220446049250313e-16,1.1699753073663477,2.220446049250313e-16,2.220446049250313e-16,0.18179548491188527,2.220446049250313e-16,0.8083219955195822,2.220446049250313e-16,2.220446049250313e-16,2.220446049250313e-16
48.0,2.220446049250313e-16,2.220446049250313e-16,0.5787007714923286,0.0950862728399999,2.220446049250313e-16,1.1699753073663477,2.220446049250313e-16,2.220446049250313e-16,0.18179548491188527,2.220446049250313e-16,0.8083219955195822,2.220446049250313e-16,2.220446049250313e-16,2.220446049250313e-16
49.0,2.220446049250313e-16,2.220446049250313e-16,0.5787007714923286,0.0950862728399999,2.220446049250313e-16,1.1699753073663477,2.220446049250313e-16,2.220446049250313e-16,0.18179548491188527,2.220446049250313e-16,0.8083219955195822,2.220446049250313e-16,2.220446049250313e-16,2.220446049250313e-16
50.0,0.7501017058638959,2.220446049250313e-16,2.220446049250313e-16,2.220446049250313e-16,2.220446049250313e-16,0.004421388347265132,0.5243727221869376,0.8911210967480845,2.220446049250313e-16,0.3075000268650212,0.8978399348920615,0.23787611528566852,2.220446049250313e-16,2.220446049250313e-16
51.0,2.220446049250313e-16,2.220446049250313e-16,0.032354812442481146,2.220446049250313e-16,2.220446049250313e-16,2.220446049250313e-16,2.220446049250313e-16,0.9939702379677273,2.220446049250313e-16,0.8374726910732685,0.17287255646935906,2.220446049250313e-16,2.220446049250313e-16,0.4609645860831946
52.0,2.220446049250313e-16,2.220446049250313e-16,0.45364477994510727,0.1193446531311042,0.0007692495551977303,0.9476435156560484,2.220446049250313e-16,0.14849521729489748,0.2663143493770027,2.220446049250313e-16,0.8276061717381414,2.220446049250313e-16,0.14822956315899172,2.220446049250313e-16
53.0,2.220446049250313e-16,2.220446049250313e-16,0.02535694455421156,2.220446049250313e-16,0.4032905401653366,0.2899588295745921,0.0036484301774541462,0.5398324603020844,2.220446049250313e-16,2.220446049250313e-16,0.8861677059555536,0.025912354348443436,0.8586106354269986,2.220446049250313e-16
54.0,0.0999261634881164,2.220446049250313e-16,2.220446049250313e-16,2.220446049250313e-16,2.220446049250313e-16,0.07922772326297634,0.08007456952465362,1.172206820776224,2.220446049250313e-16,0.08894173325521866,0.8912943267848811,2.220446049250313e-16,0.3578340447091613,0.233377933420931
55.0,0.8124252268362743,2.220446049250313e-16,0.011194234820396054,2.220446049250313e-16,0.25771138541550614,2.220446049250313e-16,2.220446049250313e-16,1.019263486552063,2.220446049250313e-16,2.220446049250313e-16,0.1553659686372416,0.8004893934645289,0.01850702652771102,0.39018608706263314
56.0,0.018373241963835916,2.220446049250313e-16,0.6348162534107212,2.220446049250313e-16,2.220446049250313e-16,2.220446049250313e-16,0.6060594920674524,0.5828303618520672,2.220446049250313e-16,0.46764144232932997,0.1941909976229489,2.220446049250313e-16,2.220446049250313e-16,0.9221334940537365
57.0,0.018373241963835916,2.220446049250313e-16,0.6348162534107212,2.220446049250313e-16,2.220446049250313e-16,2.220446049250313e-16,0.6060594920674524,0.5828303618520672,2.220446049250313e-16,0.46764144232932997,0.1941909976229489,2.220446049250313e-16,2.220446049250313e-16,0.9221334940537365
58.0,0.782200898686341,2.220446049250313e-16,0.46468437450770583,2.220446049250313e-16,0.2650146986282975,2.220446049250313e-16,2.220446049250313e-16,0.027561295890191295,0.27335726833245444,0.011341974741770278,0.20153259764860923,0.7279538166684344,0.5588196884404848,0.3369638388925938
59.0,0.009470837050536841,2.220446049250313e-16,2.220446049250313e-16,2.220446049250313e-16,0.2635962744634779,0.021982355237764463,2.220446049250313e-16,1.0981565129542084,2.220446049250313e-16,2.220446049250313e-16,0.7244072835207681,0.7287802593157053,0.5001079307593964,2.220446049250313e-16
60.0,2.220446049250313e-16,0.5401678792940608,0.3930048037669768,2.220446049250313e-16,2.220446049250313e-16,0.6327158478617666,2.220446049250313e-16,0.05546125080557541,2.220446049250313e-16,0.03322676451980014,2.220446049250313e-16,0.8944864898425864,0.5429812519444878,2.220446049250313e-16
61.0,0.011170444580752496,2.220446049250313e-16,2.220446049250313e-16,0.6669090441360994,2.220446049250313e-16,2.220446049250313e-16,2.220446049250313e-16,0.1609576851197207,2.220446049250313e-16,1.2452945984531631,2.220446049250313e-16,2.220446049250313e-16,0.1833993088360693,2.220446049250313e-16
62.0,2.220446049250313e-16,2.220446049250313e-16,0.25217088504905544,0.010647214852999909,2.220446049250313e-16,0.12581710960114822,2.220446049250313e-16,2.220446049250313e-16,0.41691561289249496,0.12395789529495625,2.220446049250313e-16,0.06763032035274734,1.055831961600365,0.7326415920083333
63.0,0.0002114091249571676,0.08444464052390899,2.220446049250313e-16,0.7776516737130297,2.220446049250313e-16,1.195236194024558,2.220446049250313e-16,2.220446049250313e-16,2.220446049250313e-16,0.0329631386613159,0.0732559433100831,0.18708284322732877,2.220446049250313e-16,2.220446049250313e-16
64.0,0.0002114091249571676,0.08444464052390899,2.220446049250313e-16,0.7776516737130297,2.220446049250313e-16,1.195236194024558,2.220446049250313e-16,2.220446049250313e-16,2.220446049250313e-16,0.0329631386613159,0.0732559433100831,0.18708284322732877,2.220446049250313e-16,2.220446049250313e-16
65.0,0.011204022890180423,2.220446049250313e-16,2.220446049250313e-16,2.220446049250313e-16,0.6403546203170857,0.003220361119369015,2.220446049250313e-16,0.8663810717051263,2.220446049250313e-16,2.220446049250313e-16,0.16826861387020844,1.1863105735972561,0.452199076337547,0.010226148715102574
66.0,2.220446049250313e-16,2.220446049250313e-16,2.220446049250313e-16,0.6451965179311155,0.01793854882614898,2.220446049250313e-16,2.220446049250313e-16,0.1631612884009545,2.220446049250313e-16,1.2780510597132786,2.220446049250313e-16,2.220446049250313e-16,0.0994763400502525,2.220446049250313e-16
67.0,2.220446049250313e-16,0.5288563702091365,2.220446049250313e-16,0.7303265441667361,2.220446049250313e-16,1.2277444437432112,2.220446049250313e-16,2.220446049250313e-16,2.220446049250313e-16,2.220446049250313e-16,0.008280918387216635,0.1406064873276198,2.220446049250313e-16,2.220446049250313e-16
68.0,2.220446049250313e-16,0.5288563702091365,2.220446049250313e-16,0.7303265441667361,2.220446049250313e-16,1.2277444437432112,2.220446049250313e-16,2.220446049250313e-16,2.220446049250313e-16,2.220446049250313e-16,0.008280918387216635,0.1406064873276198,2.220446049250313e-16,2.220446049250313e-16
69.0,2.220446049250313e-16,0.5288563702091365,2.220446049250313e-16,0.7303265441667361,2.220446049250313e-16,1.2277444437432112,2.220446049250313e-16,2.220446049250313e-16,2.220446049250313e-16,2.220446049250313e-16,0.008280918387216635,0.1406064873276198,2.220446049250313e-16,2.220446049250313e-16
