id,x_0,x_1,x_2,x_3,x_4,x_5,x_6,x_7,x_8,x_9,x_10,x_11,x_12
0.0,2.220446049250313e-16,2.220446049250313e-16,2.220446049250313e-16,2.220446049250313e-16,2.220446049250313e-16,0.7921035304513934,2.220446049250313e-16,0.3124118824722326,0.6066962970654266,0.43301270189240476,0.002563002316421573,2.220446049250313e-16,0.0729176011296264
1.0,0.6092950350480357,0.3225242379837779,2.7755575615628914e-17,2.220446049250313e-16,0.46306777287932266,2.220446049250313e-16,2.220446049250313e-16,0.27386067894846056,0.6066962970654267,0.43301270189240465,2.220446049250313e-16,2.220446049250313e-16,2.220446049250313e-16
2.0,2.220446049250313e-16,0.0005531505483425885,2.220446049250313e-16,2.220446049250313e-16,1.1102230246251565e-16,0.752974818372075,2.220446049250313e-16,2.220446049250313e-16,0.6066962970654267,0.43301270189240476,0.003360459654854265,2.220446049250313e-16,0.4963448951078192
3.0,0.5888894135561488,2.220446049250313e-16,2.220446049250313e-16,0.23865001047547985,0.46349434395911004,2.220446049250313e-16,2.220446049250313e-16,0.5932190732125172,0.6066962970654268,2.220446049250313e-16,2.220446049250313e-16,2.220446049250313e-16,2.220446049250313e-16
4.0,2.220446049250313e-16,0.0003213793314417593,2.220446049250313e-16,0.20016958938798426,2.220446049250313e-16,0.7536306852754192,2.220446049250313e-16,2.220446049250313e-16,0.2882184720371299,0.4330127018924047,0.0033505329443817363,2.220446049250313e-16,0.4892512453804568
5.0,0.5888894135561488,2.220446049250313e-16,2.220446049250313e-16,0.23865001047547985,0.46349434395911004,2.220446049250313e-16,2.220446049250313e-16,0.5932190732125172,0.6066962970654268,2.220446049250313e-16,2.220446049250313e-16,2.220446049250313e-16,2.220446049250313e-16
6.0,2.220446049250313e-16,2.220446049250313e-16,2.220446049250313e-16,0.7538675033239309,2.220446049250313e-16,0.09741907402765415,0.6468323846409059,2.220446049250313e-16,2.220446049250313e-16,2.220446049250313e-16,2.220446049250313e-16,2.220446049250313e-16,0.6454353191871351
7.0,0.5888894135561485,2.220446049250313e-16,2.220446049250313e-16,0.6888306096506207,0.4634943439591109,2.220446049250313e-16,2.220446049250313e-16,0.593219073212517,2.220446049250313e-16,2.220446049250313e-16,2.220446049250313e-16,2.220446049250313e-16,2.220446049250313e-16
8.0,2.220446049250313e-16,2.220446049250313e-16,2.220446049250313e-16,0.7538675033239309,2.220446049250313e-16,0.09741907402765415,0.6468323846409059,2.220446049250313e-16,2.220446049250313e-16,2.220446049250313e-16,2.220446049250313e-16,2.220446049250313e-16,0.6454353191871351
9.0,0.5888894135561488,2.220446049250313e-16,2.220446049250313e-16,0.23865001047547985,0.46349434395911004,2.220446049250313e-16,2.220446049250313e-16,0.5932190732125172,0.6066962970654268,2.220446049250313e-16,2.220446049250313e-16,2.220446049250313e-16,2.220446049250313e-16
10.0,2.220446049250313e-16,0.0003213793314417593,2.220446049250313e-16,0.20016958938798426,2.220446049250313e-16,0.7536306852754192,2.220446049250313e-16,2.220446049250313e-16,0.2882184720371299,0.4330127018924047,0.0033505329443817363,2.220446049250313e-16,0.4892512453804568
11.0,0.6092950350480357,0.3225242379837779,2.7755575615628914e-17,2.220446049250313e-16,0.46306777287932266,2.220446049250313e-16,2.220446049250313e-16,0.27386067894846056,0.6066962970654267,0.43301270189240465,2.220446049250313e-16,2.220446049250313e-16,2.220446049250313e-16
12.0,2.220446049250313e-16,2.220446049250313e-16,2.220446049250313e-16,2.220446049250313e-16,2.220446049250313e-16,0.7921035304513934,2.220446049250313e-16,0.3124118824722326,0.6066962970654266,0.43301270189240476,0.002563002316421573,2.220446049250313e-16,0.0729176011296264
13.0,0.6059584079799869,0.3197133986649489,2.220446049250313e-16,2.220446049250313e-16,2.220446049250313e-16,2.220446049250313e-16,0.3468311204013131,0.2741894097504875,0.6066962970654267,0.43301270189240465,2.220446049250313e-16,2.220446049250313e-16,2.220446049250313e-16
14.0,2.220446049250313e-16,2.220446049250313e-16,2.220446049250313e-16,2.220446049250313e-16,2.220446049250313e-16,0.7921035304513934,2.220446049250313e-16,0.3124118824722326,0.6066962970654266,0.43301270189240476,0.002563002316421573,2.220446049250313e-16,0.0729176011296264
15.0,0.6092950350480357,0.3225242379837779,2.7755575615628914e-17,2.220446049250313e-16,0.46306777287932266,2.220446049250313e-16,2.220446049250313e-16,0.27386067894846056,0.6066962970654267,0.43301270189240465,2.220446049250313e-16,2.220446049250313e-16,2.220446049250313e-16
16.0,2.220446049250313e-16,0.0005531505483425885,2.220446049250313e-16,2.220446049250313e-16,1.1102230246251565e-16,0.752974818372075,2.220446049250313e-16,2.220446049250313e-16,0.6066962970654267,0.43301270189240476,0.003360459654854265,2.220446049250313e-16,0.4963448951078192
17.0,0.5888894135561485,2.220446049250313e-16,2.220446049250313e-16,2.220446049250313e-16,0.46349434395911027,2.220446049250313e-16,2.220446049250313e-16,0.5932190732125175,0.6066962970654268,0.43301270189240454,2.220446049250313e-16,2.220446049250313e-16,2.220446049250313e-16
18.0,2.220446049250313e-16,0.0005531505483425885,2.220446049250313e-16,2.220446049250313e-16,1.1102230246251565e-16,0.752974818372075,2.220446049250313e-16,2.220446049250313e-16,0.6066962970654267,0.43301270189240476,0.003360459654854265,2.220446049250313e-16,0.4963448951078192
19.0,0.6092950350480357,0.3225242379837779,2.7755575615628914e-17,2.220446049250313e-16,0.46306777287932266,2.220446049250313e-16,2.220446049250313e-16,0.27386067894846056,0.6066962970654267,0.43301270189240465,2.220446049250313e-16,2.220446049250313e-16,2.220446049250313e-16
20.0,0.3395405881486446,0.6350751411433038,2.220446049250313e-16,2.220446049250313e-16,2.220446049250313e-16,2.220446049250313e-16,0.6908194727653003,0.2917108931417821,2.220446049250313e-16,2.220446049250313e-16,0.4165705789585293,2.220446049250313e-16,2.220446049250313e-16
21.0,0.33973475016024185,0.5979274573891769,0.09391373118737822,2.220446049250313e-16,2.220446049250313e-16,0.2126543332620595,0.27728927702847966,0.29229494732094013,2.220446049250313e-16,2.220446049250313e-16,0.6189364637092388,2.220446049250313e-16,2.220446049250313e-16
22.0,0.013237920825503477,0.27856412016240917,0.09419936826070352,2.220446049250313e-16,2.220446049250313e-16,0.5776255511543787,2.220446049250313e-16,0.6375903395027122,2.220446049250313e-16,2.220446049250313e-16,0.6163001600560872,2.220446049250313e-16,0.10390396663107743
23.0,0.5679175187217935,2.220446049250313e-16,0.6825949227837621,2.220446049250313e-16,2.220446049250313e-16,2.220446049250313e-16,0.3496140974312613,2.220446049250313e-16,2.220446049250313e-16,2.220446049250313e-16,0.4833536402452912,2.220446049250313e-16,2.220446049250313e-16
24.0,0.5679175187217935,2.220446049250313e-16,0.6825949227837621,2.220446049250313e-16,2.220446049250313e-16,2.220446049250313e-16,0.3496140974312613,2.220446049250313e-16,2.220446049250313e-16,2.220446049250313e-16,0.4833536402452912,2.220446049250313e-16,2.220446049250313e-16
25.0,0.0017620459892881998,0.7259697313666126,2.220446049250313e-16,0.24002007695418362,0.47576799880737386,0.20141539354131932,2.220446049250313e-16,2.220446049250313e-16,2.220446049250313e-16,0.43301270189240476,2.220446049250313e-16,0.3116411678756193,2.220446049250313e-16
26.0,2.220446049250313e-16,2.220446049250313e-16,0.09575287338886274,2.220446049250313e-16,2.220446049250313e-16,0.7446479093051593,2.220446049250313e-16,2.220446049250313e-16,0.3184778250282969,2.220446049250313e-16,0.6019619959064372,2.220446049250313e-16,0.49754791207343296
27.0,2.220446049250313e-16,2.220446049250313e-16,0.7724128010675969,2.220446049250313e-16,2.220446049250313e-16,2.220446049250313e-16,2.220446049250313e-16,2.220446049250313e-16,2.220446049250313e-16,0.4330127018924045,0.05425260219555167,0.6463861976535089,1.9677735008856132e-16
28.0,2.220446049250313e-16,2.220446049250313e-16,0.7724128010675969,2.220446049250313e-16,2.220446049250313e-16,2.220446049250313e-16,2.220446049250313e-16,2.220446049250313e-16,2.220446049250313e-16,0.4330127018924045,0.05425260219555167,0.6463861976535089,1.9677735008856132e-16
29.0,2.220446049250313e-16,2.220446049250313e-16,0.7724128010675969,2.220446049250313e-16,2.220446049250313e-16,2.220446049250313e-16,2.220446049250313e-16,2.220446049250313e-16,2.220446049250313e-16,0.4330127018924045,0.05425260219555167,0.6463861976535089,1.9677735008856132e-16
30.0,2.220446049250313e-16,0.7241162348249225,2.220446049250313e-16,0.47864635660151245,2.220446049250313e-16,0.20141866959456703,2.220446049250313e-16,2.220446049250313e-16,2.220446049250313e-16,2.220446049250313e-16,2.220446049250313e-16,0.5661870665735372,2.220446049250313e-16
31.0,2.220446049250313e-16,2.220446049250313e-16,0.09575287338886274,2.220446049250313e-16,2.220446049250313e-16,0.7446479093051593,2.220446049250313e-16,2.220446049250313e-16,0.3184778250282969,2.220446049250313e-16,0.6019619959064372,2.220446049250313e-16,0.49754791207343296
32.0,2.220446049250313e-16,2.220446049250313e-16,0.7724128010675969,2.220446049250313e-16,2.220446049250313e-16,2.220446049250313e-16,2.220446049250313e-16,2.220446049250313e-16,2.220446049250313e-16,0.4330127018924045,0.05425260219555167,0.6463861976535089,1.9677735008856132e-16
33.0,2.220446049250313e-16,2.220446049250313e-16,0.7724128010675969,2.220446049250313e-16,2.220446049250313e-16,2.220446049250313e-16,2.220446049250313e-16,2.220446049250313e-16,2.220446049250313e-16,0.4330127018924045,0.05425260219555167,0.6463861976535089,1.9677735008856132e-16
34.0,2.220446049250313e-16,2.220446049250313e-16,0.7724128010675969,2.220446049250313e-16,2.220446049250313e-16,2.220446049250313e-16,2.220446049250313e-16,2.220446049250313e-16,2.220446049250313e-16,0.4330127018924045,0.05425260219555167,0.6463861976535089,1.9677735008856132e-16
35.0,0.5712416096501444,2.220446049250313e-16,2.220446049250313e-16,0.7629617998688377,0.46386326400259176,2.220446049250313e-16,0.015910152336995664,2.220446049250313e-16,2.220446049250313e-16,2.220446049250313e-16,2.220446049250313e-16,2.220446049250313e-16,0.47710226543000067
36.0,2.220446049250313e-16,2.220446049250313e-16,2.220446049250313e-16,0.7538675033239309,2.220446049250313e-16,0.09741907402765415,0.6468323846409059,2.220446049250313e-16,2.220446049250313e-16,2.220446049250313e-16,2.220446049250313e-16,2.220446049250313e-16,0.6454353191871351
37.0,2.220446049250313e-16,2.220446049250313e-16,2.220446049250313e-16,0.7538675033239309,2.220446049250313e-16,0.09741907402765415,0.6468323846409059,2.220446049250313e-16,2.220446049250313e-16,2.220446049250313e-16,2.220446049250313e-16,2.220446049250313e-16,0.6454353191871351
38.0,0.5888894135561485,2.220446049250313e-16,2.220446049250313e-16,0.6888306096506207,0.4634943439591109,2.220446049250313e-16,2.220446049250313e-16,0.593219073212517,2.220446049250313e-16,2.220446049250313e-16,2.220446049250313e-16,2.220446049250313e-16,2.220446049250313e-16
39.0,0.5888894135561485,2.220446049250313e-16,2.220446049250313e-16,0.6888306096506207,0.4634943439591109,2.220446049250313e-16,2.220446049250313e-16,0.593219073212517,2.220446049250313e-16,2.220446049250313e-16,2.220446049250313e-16,2.220446049250313e-16,2.220446049250313e-16
40.0,0.5712416096501444,2.220446049250313e-16,2.220446049250313e-16,0.7629617998688377,0.46386326400259176,2.220446049250313e-16,0.015910152336995664,2.220446049250313e-16,2.220446049250313e-16,2.220446049250313e-16,2.220446049250313e-16,2.220446049250313e-16,0.47710226543000067
41.0,2.220446049250313e-16,2.220446049250313e-16,2.220446049250313e-16,0.7538675033239309,2.220446049250313e-16,0.09741907402765415,0.6468323846409059,2.220446049250313e-16,2.220446049250313e-16,2.220446049250313e-16,2.220446049250313e-16,2.220446049250313e-16,0.6454353191871351
42.0,2.220446049250313e-16,2.220446049250313e-16,2.220446049250313e-16,0.7538675033239309,2.220446049250313e-16,0.09741907402765415,0.6468323846409059,2.220446049250313e-16,2.220446049250313e-16,2.220446049250313e-16,2.220446049250313e-16,2.220446049250313e-16,0.6454353191871351
43.0,0.5888894135561485,2.220446049250313e-16,2.220446049250313e-16,0.6888306096506207,0.4634943439591109,2.220446049250313e-16,2.220446049250313e-16,0.593219073212517,2.220446049250313e-16,2.220446049250313e-16,2.220446049250313e-16,2.220446049250313e-16,2.220446049250313e-16
44.0,0.5888894135561485,2.220446049250313e-16,2.220446049250313e-16,0.6888306096506207,0.4634943439591109,2.220446049250313e-16,2.220446049250313e-16,0.593219073212517,2.220446049250313e-16,2.220446049250313e-16,2.220446049250313e-16,2.220446049250313e-16,2.220446049250313e-16
45.0,2.220446049250313e-16,0.7241162348249225,2.220446049250313e-16,0.47864635660151245,2.220446049250313e-16,0.20141866959456703,2.220446049250313e-16,2.220446049250313e-16,2.220446049250313e-16,2.220446049250313e-16,2.220446049250313e-16,0.5661870665735372,2.220446049250313e-16
46.0,2.220446049250313e-16,2.220446049250313e-16,0.09575287338886274,2.220446049250313e-16,2.220446049250313e-16,0.7446479093051593,2.220446049250313e-16,2.220446049250313e-16,0.3184778250282969,2.220446049250313e-16,0.6019619959064372,2.220446049250313e-16,0.49754791207343296
47.0,2.220446049250313e-16,2.220446049250313e-16,0.7724128010675969,2.220446049250313e-16,2.220446049250313e-16,2.220446049250313e-16,2.220446049250313e-16,2.220446049250313e-16,2.220446049250313e-16,0.4330127018924045,0.05425260219555167,0.6463861976535089,1.9677735008856132e-16
48.0,2.220446049250313e-16,2.220446049250313e-16,0.7724128010675969,2.220446049250313e-16,2.220446049250313e-16,2.220446049250313e-16,2.220446049250313e-16,2.220446049250313e-16,2.220446049250313e-16,0.4330127018924045,0.05425260219555167,0.6463861976535089,1.9677735008856132e-16
49.0,2.220446049250313e-16,2.220446049250313e-16,0.7724128010675969,2.220446049250313e-16,2.220446049250313e-16,2.220446049250313e-16,2.220446049250313e-16,2.220446049250313e-16,2.220446049250313e-16,0.4330127018924045,0.05425260219555167,0.6463861976535089,1.9677735008856132e-16
50.0,0.3395405881486446,0.6350751411433038,2.220446049250313e-16,2.220446049250313e-16,2.220446049250313e-16,2.220446049250313e-16,0.6908194727653003,0.2917108931417821,2.220446049250313e-16,2.220446049250313e-16,0.4165705789585293,2.220446049250313e-16,2.220446049250313e-16
51.0,0.33973475016024185,0.5979274573891769,0.09391373118737822,2.220446049250313e-16,2.220446049250313e-16,0.2126543332620595,0.27728927702847966,0.29229494732094013,2.220446049250313e-16,2.220446049250313e-16,0.6189364637092388,2.220446049250313e-16,2.220446049250313e-16
52.0,0.013237920825503477,0.27856412016240917,0.09419936826070352,2.220446049250313e-16,2.220446049250313e-16,0.5776255511543787,2.220446049250313e-16,0.6375903395027122,2.220446049250313e-16,2.220446049250313e-16,0.6163001600560872,2.220446049250313e-16,0.10390396663107743
53.0,0.5679175187217935,2.220446049250313e-16,0.6825949227837621,2.220446049250313e-16,2.220446049250313e-16,2.220446049250313e-16,0.3496140974312613,2.220446049250313e-16,2.220446049250313e-16,2.220446049250313e-16,0.4833536402452912,2.220446049250313e-16,2.220446049250313e-16
54.0,0.5679175187217935,2.220446049250313e-16,0.6825949227837621,2.220446049250313e-16,2.220446049250313e-16,2.220446049250313e-16,0.3496140974312613,2.220446049250313e-16,2.220446049250313e-16,2.220446049250313e-16,0.4833536402452912,2.220446049250313e-16,2.220446049250313e-16
55.0,0.3395405881486446,0.6350751411433038,2.220446049250313e-16,2.220446049250313e-16,2.220446049250313e-16,2.220446049250313e-16,0.6908194727653003,0.2917108931417821,2.220446049250313e-16,2.220446049250313e-16,0.4165705789585293,2.220446049250313e-16,2.220446049250313e-16
56.0,0.3397347501602419,0.5979274573891766,0.09391373118737822,2.220446049250313e-16,2.220446049250313e-16,0.2126543332620596,0.2772892770284798,0.29229494732093997,2.220446049250313e-16,2.220446049250313e-16,0.6189364637092389,2.220446049250313e-16,2.220446049250313e-16
57.0,0.013237920825503477,0.27856412016240917,0.09419936826070352,2.220446049250313e-16,2.220446049250313e-16,0.5776255511543787,2.220446049250313e-16,0.6375903395027122,2.220446049250313e-16,2.220446049250313e-16,0.6163001600560872,2.220446049250313e-16,0.10390396663107743
58.0,0.5679175187217935,2.220446049250313e-16,0.6825949227837621,2.220446049250313e-16,2.220446049250313e-16,2.220446049250313e-16,0.3496140974312613,2.220446049250313e-16,2.220446049250313e-16,2.220446049250313e-16,0.4833536402452912,2.220446049250313e-16,2.220446049250313e-16
59.0,0.5679175187217935,2.220446049250313e-16,0.6825949227837621,2.220446049250313e-16,2.220446049250313e-16,2.220446049250313e-16,0.3496140974312613,2.220446049250313e-16,2.220446049250313e-16,2.220446049250313e-16,0.4833536402452912,2.220446049250313e-16,2.220446049250313e-16
60.0,0.0017620459892881998,0.7259697313666126,2.220446049250313e-16,0.24002007695418362,0.47576799880737386,0.20141539354131932,2.220446049250313e-16,2.220446049250313e-16,2.220446049250313e-16,0.43301270189240476,2.220446049250313e-16,0.3116411678756193,2.220446049250313e-16
61.0,2.220446049250313e-16,2.220446049250313e-16,0.09575287338886274,2.220446049250313e-16,2.220446049250313e-16,0.7446479093051593,2.220446049250313e-16,2.220446049250313e-16,0.3184778250282969,2.220446049250313e-16,0.6019619959064372,2.220446049250313e-16,0.49754791207343296
62.0,2.220446049250313e-16,2.220446049250313e-16,0.7724128010675969,2.220446049250313e-16,2.220446049250313e-16,2.220446049250313e-16,2.220446049250313e-16,2.220446049250313e-16,2.220446049250313e-16,0.4330127018924045,0.05425260219555167,0.6463861976535089,1.9677735008856132e-16
63.0,2.220446049250313e-16,2.220446049250313e-16,0.7724128010675969,2.220446049250313e-16,2.220446049250313e-16,2.220446049250313e-16,2.220446049250313e-16,2.220446049250313e-16,2.220446049250313e-16,0.4330127018924045,0.05425260219555167,0.6463861976535089,1.9677735008856132e-16
64.0,2.220446049250313e-16,2.220446049250313e-16,0.7724128010675969,2.220446049250313e-16,2.220446049250313e-16,2.220446049250313e-16,2.220446049250313e-16,2.220446049250313e-16,2.220446049250313e-16,0.4330127018924045,0.05425260219555167,0.6463861976535089,1.9677735008856132e-16
65.0,0.0017620459892881998,0.7259697313666126,2.220446049250313e-16,0.24002007695418362,0.47576799880737386,0.20141539354131932,2.220446049250313e-16,2.220446049250313e-16,2.220446049250313e-16,0.43301270189240476,2.220446049250313e-16,0.3116411678756193,2.220446049250313e-16
66.0,2.220446049250313e-16,2.220446049250313e-16,0.09575287338886274,2.220446049250313e-16,2.220446049250313e-16,0.7446479093051593,2.220446049250313e-16,2.220446049250313e-16,0.3184778250282969,2.220446049250313e-16,0.6019619959064372,2.220446049250313e-16,0.49754791207343296
67.0,2.220446049250313e-16,2.220446049250313e-16,0.7724128010675969,2.220446049250313e-16,2.220446049250313e-16,2.220446049250313e-16,2.220446049250313e-16,2.220446049250313e-16,2.220446049250313e-16,0.4330127018924045,0.05425260219555167,0.6463861976535089,1.9677735008856132e-16
68.0,2.220446049250313e-16,2.220446049250313e-16,0.7724128010675969,2.220446049250313e-16,2.220446049250313e-16,2.220446049250313e-16,2.220446049250313e-16,2.220446049250313e-16,2.220446049250313e-16,0.4330127018924045,0.05425260219555167,0.6463861976535089,1.9677735008856132e-16
69.0,2.220446049250313e-16,2.220446049250313e-16,0.7724128010675969,2.220446049250313e-16,2.220446049250313e-16,2.220446049250313e-16,2.220446049250313e-16,2.220446049250313e-16,2.220446049250313e-16,0.4330127018924045,0.05425260219555167,0.6463861976535089,1.9677735008856132e-16
