62 0.26854031230323017 0.363631445208739 0.10281699894039775 0.3297445698650687 0.1028169975579658 0.28780840873062186 0.26854031294351444 0.07851611105505511 0.30427516945724165 0.3042751695479069 0.3636314448849589 0.2958895136544015 0.3636314448503981 0.2685403123614378 0.4434566699776781 0.3410933096311055 0.44410874939057976 0.2663868730078264 0.2904760598642855 0.47939075078465976
26 0.45725600992379767 0.3041316119965728 0.24140218738712352 0.16027750045869998 0.24140218680532388 0.1106460356142814 0.4572560102997294 0.22312994864223387 0.41657900973448364 0.4165790098255498 0.30413161189880955 0.18926724142100626 0.3041316114952896 0.45725601010487255 0.20412409071630797 0.23552108239003836 0.2543744888471271 0.21573308928701093 0.4640428207328359 0.29047605964269446
1 0.45725600992379767 0.3041316119965728 0.24140218738712352 0.16027750045869998 0.24140218680532388 0.1106460356142814 0.4572560102997294 0.22312994864223387 0.41657900973448364 0.4165790098255498 0.30413161189880955 0.18926724142100626 0.3041316114952896 0.45725601010487255 0.20412409071630797 0.23552108239003836 0.2543744888471271 0.21573308928701093 0.4640428207328359 0.29047605964269446
18 0.5209581302870849 0.27302956070274736 0.21452323818573843 0.1453234472435661 0.21452323754506242 0.1082909921296286 0.5209581312135492 0.2724306438940939 0.36670011115586804 0.36670011131284236 0.27302956007664375 0.18286444878210004 0.27302955987045524 0.5209581310116758 0.17503374746904754 0.18463783295743638 0.2671561697717021 0.20830997951562094 0.45725601028934393 0.26854031238351594
50 0.2724306438615249 0.02992649128654227 0.6263916024526894 0.015636197761030313 0.6263916023183537 0.024890621953269933 0.2724306438712225 0.8681608706751696 0.21157502087258562 0.21157502105746592 0.029926491130430156 0.12060893108847026 0.029926491190142533 0.2724306438193713 0.12389503235515932 0.05833023600231318 0.12712523758939723 0.20104270519040515 0.2231299486422178 0.07851611089611675
44 0.17503374735020255 0.2516010450775863 0.14345319436432788 0.337749617312208 0.14345319346799082 0.42432244052053963 0.17503374763717963 0.12389503235514082 0.2626313218746005 0.2626313219588206 0.251601045102969 0.3958174097123893 0.2516010448273029 0.175033747116731 0.6184775978527394 0.3552771392500695 0.475098744823551 0.3164661767908522 0.2041240907163346 0.44345666989859006
34 0.14532344717036813 0.3823704593503948 0.0010866903612322416 0.5939481287990612 0.0010866894750855031 0.5709792175194617 0.14532344742538286 0.015636197761007553 0.16951388346977544 0.16951388351412636 0.38237045929825464 0.43087347279163374 0.38237045887887655 0.14532344698669306 0.33774961731219066 0.4264765097537291 0.3331764424322991 0.18568118801664646 0.1602775004586755 0.329744569741422
60 0.26715616919634266 0.2977550061257746 0.11272399872478271 0.33317644224659243 0.1127239977148132 0.27966341068915757 0.26715616952341886 0.12712523738961182 0.2818079836304563 0.2818079837591946 0.2977550059327284 0.421164595474779 0.2977550053833512 0.26715616918951335 0.4750987447207046 0.30607293020946513 0.5339389116130416 0.2940679310018748 0.254374488493957 0.44410874926274607
51 0.2724306438615249 0.02992649128654227 0.6263916024526894 0.015636197761030313 0.6263916023183537 0.024890621953269933 0.2724306438712225 0.8681608706751696 0.21157502087258562 0.21157502105746592 0.029926491130430156 0.12060893108847026 0.029926491190142533 0.2724306438193713 0.12389503235515932 0.05833023600231318 0.12712523758939723 0.20104270519040515 0.2231299486422178 0.07851611089611675
11 0.5209581302870849 0.27302956070274736 0.21452323818573843 0.1453234472435661 0.21452323754506242 0.1082909921296286 0.5209581312135492 0.2724306438940939 0.36670011115586804 0.36670011131284236 0.27302956007664375 0.18286444878210004 0.27302955987045524 0.5209581310116758 0.17503374746904754 0.18463783295743638 0.2671561697717021 0.20830997951562094 0.45725601028934393 0.26854031238351594
16 0.3542114512804187 0.4718472161622754 0.045821564677734766 0.33474222816151694 0.0458215637050297 0.22105816188160457 0.3542114517670457 0.03407448120940357 0.2974659948049538 0.2974659947438414 0.47184721608556635 0.2904191599049629 0.47184721567127486 0.354211451698526 0.18949151621557814 0.3289884294095378 0.33330704875843764 0.18557974998799842 0.32610096748053385 0.3634107375816754
56 0.21452323766245568 0.05988072130167395 0.752696108862841 0.0010866899544514604 0.7526961082101336 0.021764102835222458 0.21452323795017353 0.6263916024881719 0.2827036251721627 0.28270362531394216 0.05988072132994502 0.09787898580972418 0.05988072125672584 0.21452323771422638 0.1434531940933207 0.085185998641672 0.11272399865520877 0.21546827835713825 0.2414021871580777 0.10281699813177753
2 0.2730295600189053 0.4705891430040827 0.05988072185047134 0.382370459116603 0.05988072086573108 0.2925744015088509 0.27302956070956463 0.029926491242127307 0.31260526073428385 0.3126052607864645 0.4705891430307123 0.3182794312841529 0.4705891424752184 0.27302956005205853 0.25160104497104235 0.402681250864854 0.29775500577990077 0.1911678065388026 0.304131611689259 0.36363144521344354
53 0.45725600992379767 0.3041316119965728 0.24140218738712352 0.16027750045869998 0.24140218680532388 0.1106460356142814 0.4572560102997294 0.22312994864223387 0.41657900973448364 0.4165790098255498 0.30413161189880955 0.18926724142100626 0.3041316114952896 0.45725601010487255 0.20412409071630797 0.23552108239003836 0.2543744888471271 0.21573308928701093 0.4640428207328359 0.29047605964269446
5 0.4967590604940258 0.29912999395312345 0.21993321630566556 0.15290110922231528 0.21993321560656018 0.10523296772632779 0.49675906033084993 0.22803013950445852 0.38598506252762266 0.38598506268505733 0.299129993718932 0.15069485354505702 0.2991299933690084 0.4967590602898148 0.18009382473344918 0.19875291390885444 0.2344030946093439 0.20442489705644584 0.4829095599242367 0.2719128759158583
6 0.2730295600189053 0.4705891430040827 0.05988072185047134 0.382370459116603 0.05988072086573108 0.2925744015088509 0.27302956070956463 0.029926491242127307 0.31260526073428385 0.3126052607864645 0.4705891430307123 0.3182794312841529 0.4705891424752184 0.27302956005205853 0.25160104497104235 0.402681250864854 0.29775500577990077 0.1911678065388026 0.304131611689259 0.36363144521344354
40 0.18463783247057503 0.4026812510413944 0.08518599888810881 0.42647650972055284 0.08518599782078676 0.4245447416523675 0.1846378327575521 0.05833023579166737 0.29695611946072364 0.29695611964595453 0.4026812507084362 0.43370984677217084 0.4026812505037107 0.18463783246993412 0.35527713915421183 0.4785784489872135 0.30607292993525065 0.21449736641060227 0.23552108205864505 0.3410933096532272
39 0.36670011113616613 0.31260526109064135 0.2827036256138872 0.1695138834056318 0.28270362460131326 0.13057906232809216 0.3667001115757615 0.21157502097652958 0.45876199160968384 0.45876199179066446 0.31260526084590873 0.2681708450577549 0.31260526047215426 0.36670011120326196 0.2626313219165258 0.2969561198025267 0.2818079838537106 0.23978813714852423 0.4165790098473742 0.3042751693888373
32 0.4708961470393944 0.39467350823321246 0.051239705787106064 0.2167935608335774 0.05123970405113239 0.17718138161190922 0.47089614911783767 0.062094966247916356 0.24943129235267383 0.24943129258346966 0.39467350752898706 0.21834624525131227 0.3946735073237075 0.4708961486624969 0.21012600766510078 0.19269316417897972 0.43144389442690323 0.23590776316394238 0.32960973534256305 0.4114214151421641
23 0.36670011113616613 0.31260526109064135 0.2827036256138872 0.1695138834056318 0.28270362460131326 0.13057906232809216 0.3667001115757615 0.21157502097652958 0.45876199160968384 0.45876199179066446 0.31260526084590873 0.2681708450577549 0.31260526047215426 0.36670011120326196 0.2626313219165258 0.2969561198025267 0.2818079838537106 0.23978813714852423 0.4165790098473742 0.3042751693888373
19 0.14532344717036813 0.3823704593503948 0.0010866903612322416 0.5939481287990612 0.0010866894750855031 0.5709792175194617 0.14532344742538286 0.015636197761007553 0.16951388346977544 0.16951388351412636 0.38237045929825464 0.43087347279163374 0.38237045887887655 0.14532344698669306 0.33774961731219066 0.4264765097537291 0.3331764424322991 0.18568118801664646 0.1602775004586755 0.329744569741422
52 0.2724306438615249 0.02992649128654227 0.6263916024526894 0.015636197761030313 0.6263916023183537 0.024890621953269933 0.2724306438712225 0.8681608706751696 0.21157502087258562 0.21157502105746592 0.029926491130430156 0.12060893108847026 0.029926491190142533 0.2724306438193713 0.12389503235515932 0.05833023600231318 0.12712523758939723 0.20104270519040515 0.2231299486422178 0.07851611089611675
27 0.21452323766245568 0.05988072130167395 0.752696108862841 0.0010866899544514604 0.7526961082101336 0.021764102835222458 0.21452323795017353 0.6263916024881719 0.2827036251721627 0.28270362531394216 0.05988072132994502 0.09787898580972418 0.05988072125672584 0.21452323771422638 0.1434531940933207 0.085185998641672 0.11272399865520877 0.21546827835713825 0.2414021871580777 0.10281699813177753
28 0.20830997940195548 0.19116780684877133 0.2154682784688344 0.18568118801665817 0.21546827794287812 0.196901428515837 0.2083099795491655 0.20104270519039782 0.23978813710174263 0.23978813724312972 0.19116780651946086 0.2499627265827075 0.19116780631723296 0.20830997937631635 0.3164661767908585 0.21449736651909482 0.29406793112243995 1.0129411412893226 0.21573308928700702 0.26638687288149276
54 0.3542114512804187 0.4718472161622754 0.045821564677734766 0.33474222816151694 0.0458215637050297 0.22105816188160457 0.3542114517670457 0.03407448120940357 0.2974659948049538 0.2974659947438414 0.47184721608556635 0.2904191599049629 0.47184721567127486 0.354211451698526 0.18949151621557814 0.3289884294095378 0.33330704875843764 0.18557974998799842 0.32610096748053385 0.3634107375816754
33 0.5209581302870849 0.27302956070274736 0.21452323818573843 0.1453234472435661 0.21452323754506242 0.1082909921296286 0.5209581312135492 0.2724306438940939 0.36670011115586804 0.36670011131284236 0.27302956007664375 0.18286444878210004 0.27302955987045524 0.5209581310116758 0.17503374746904754 0.18463783295743638 0.2671561697717021 0.20830997951562094 0.45725601028934393 0.26854031238351594
35 0.2724306438615249 0.02992649128654227 0.6263916024526894 0.015636197761030313 0.6263916023183537 0.024890621953269933 0.2724306438712225 0.8681608706751696 0.21157502087258562 0.21157502105746592 0.029926491130430156 0.12060893108847026 0.029926491190142533 0.2724306438193713 0.12389503235515932 0.05833023600231318 0.12712523758939723 0.20104270519040515 0.2231299486422178 0.07851611089611675
30 0.2358950347170321 0.3370477808639407 0.017759085807483643 0.4370288880487365 0.017759084701538086 0.311474860082555 0.23589503578841686 0.04285423686972045 0.21844683395465836 0.21844683430390432 0.33704778039827943 0.3685665301163681 0.33704778039827943 0.23589503520634025 0.2979977783215233 0.3449454058572883 0.4311518659524154 0.5813580593578075 0.21536444708777935 0.41271534902625717
3 0.4967590604940258 0.29912999395312345 0.21993321630566556 0.15290110922231528 0.21993321560656018 0.10523296772632779 0.49675906033084993 0.22803013950445852 0.38598506252762266 0.38598506268505733 0.299129993718932 0.15069485354505702 0.2991299933690084 0.4967590602898148 0.18009382473344918 0.19875291390885444 0.2344030946093439 0.20442489705644584 0.4829095599242367 0.2719128759158583
9 0.5209581302870849 0.27302956070274736 0.21452323818573843 0.1453234472435661 0.21452323754506242 0.1082909921296286 0.5209581312135492 0.2724306438940939 0.36670011115586804 0.36670011131284236 0.27302956007664375 0.18286444878210004 0.27302955987045524 0.5209581310116758 0.17503374746904754 0.18463783295743638 0.2671561697717021 0.20830997951562094 0.45725601028934393 0.26854031238351594
48 0.5209581302870849 0.27302956070274736 0.21452323818573843 0.1453234472435661 0.21452323754506242 0.1082909921296286 0.5209581312135492 0.2724306438940939 0.36670011115586804 0.36670011131284236 0.27302956007664375 0.18286444878210004 0.27302955987045524 0.5209581310116758 0.17503374746904754 0.18463783295743638 0.2671561697717021 0.20830997951562094 0.45725601028934393 0.26854031238351594
14 0.2730295600189053 0.4705891430040827 0.05988072185047134 0.382370459116603 0.05988072086573108 0.2925744015088509 0.27302956070956463 0.029926491242127307 0.31260526073428385 0.3126052607864645 0.4705891430307123 0.3182794312841529 0.4705891424752184 0.27302956005205853 0.25160104497104235 0.402681250864854 0.29775500577990077 0.1911678065388026 0.304131611689259 0.36363144521344354
17 0.45725600992379767 0.3041316119965728 0.24140218738712352 0.16027750045869998 0.24140218680532388 0.1106460356142814 0.4572560102997294 0.22312994864223387 0.41657900973448364 0.4165790098255498 0.30413161189880955 0.18926724142100626 0.3041316114952896 0.45725601010487255 0.20412409071630797 0.23552108239003836 0.2543744888471271 0.21573308928701093 0.4640428207328359 0.29047605964269446
36 0.2724306438615249 0.02992649128654227 0.6263916024526894 0.015636197761030313 0.6263916023183537 0.024890621953269933 0.2724306438712225 0.8681608706751696 0.21157502087258562 0.21157502105746592 0.029926491130430156 0.12060893108847026 0.029926491190142533 0.2724306438193713 0.12389503235515932 0.05833023600231318 0.12712523758939723 0.20104270519040515 0.2231299486422178 0.07851611089611675
55 0.18286444869991256 0.3182794313110833 0.0978789865631223 0.4308734728229214 0.09787898539774174 0.41410925574970264 0.18286444924188522 0.12060893125882131 0.2681708452953225 0.26817084535207214 0.3182794315639395 0.5942140413077114 0.3182794311545108 0.18286444881576086 0.3958174097878719 0.4337098470262017 0.42116459573276516 0.24996272674550477 0.18926724170403444 0.295889513698216
0 0.2730295600189053 0.4705891430040827 0.05988072185047134 0.382370459116603 0.05988072086573108 0.2925744015088509 0.27302956070956463 0.029926491242127307 0.31260526073428385 0.3126052607864645 0.4705891430307123 0.3182794312841529 0.4705891424752184 0.27302956005205853 0.25160104497104235 0.402681250864854 0.29775500577990077 0.1911678065388026 0.304131611689259 0.36363144521344354
31 0.27106869712691656 0.1445130631503033 0.41768893883846575 0.06584692382433599 0.41768893790766526 0.17419556709854533 0.2710686972417461 0.3616688317147856 0.2790818130851554 0.27908181330831305 0.1445130633872364 0.22912973727566044 0.14451306315032467 0.271068696806616 0.5834079120754594 0.10189279101529405 0.4478624731540948 0.4345802444637244 0.2598616132718789 0.34855280049159765
29 0.16724060687132508 0.2533420714444886 0.140245144431067 0.3183831567153483 0.14024514385993048 0.3583297127290526 0.16724060675047 0.11832192508724079 0.27231726145706986 0.27231726148621405 0.25334207177917634 0.3257078414735923 0.2533420713369165 0.1672406065651772 0.5760161576792083 0.2883214704909494 0.45121567779958327 0.5216747491503205 0.2205353532405516 0.4220352517791021
41 0.36670011113616613 0.31260526109064135 0.2827036256138872 0.1695138834056318 0.28270362460131326 0.13057906232809216 0.3667001115757615 0.21157502097652958 0.45876199160968384 0.45876199179066446 0.31260526084590873 0.2681708450577549 0.31260526047215426 0.36670011120326196 0.2626313219165258 0.2969561198025267 0.2818079838537106 0.23978813714852423 0.4165790098473742 0.3042751693888373
7 0.45725600992379767 0.3041316119965728 0.24140218738712352 0.16027750045869998 0.24140218680532388 0.1106460356142814 0.4572560102997294 0.22312994864223387 0.41657900973448364 0.4165790098255498 0.30413161189880955 0.18926724142100626 0.3041316114952896 0.45725601010487255 0.20412409071630797 0.23552108239003836 0.2543744888471271 0.21573308928701093 0.4640428207328359 0.29047605964269446
21 0.2724306438615249 0.02992649128654227 0.6263916024526894 0.015636197761030313 0.6263916023183537 0.024890621953269933 0.2724306438712225 0.8681608706751696 0.21157502087258562 0.21157502105746592 0.029926491130430156 0.12060893108847026 0.029926491190142533 0.2724306438193713 0.12389503235515932 0.05833023600231318 0.12712523758939723 0.20104270519040515 0.2231299486422178 0.07851611089611675
37 0.4550324454778708 0.25821210487607443 0.25088907189308823 0.1535801992615622 0.2508890703326146 0.10459649484627312 0.45503244675110166 0.31849169584865744 0.39839862110477553 0.39839862122851966 0.258212104581854 0.2961506174571524 0.25821210428353086 0.4550324464814593 0.21779817902961607 0.20447072223697965 0.35212007086225683 0.24057670334595316 0.40245110109378357 0.2805630218628169
47 0.2273243444581539 0.16836745602133615 0.44223216703427115 0.06523603909832396 0.4422321658578789 0.20610049405646963 0.22732434523811104 0.2938216559816232 0.30298636207863305 0.3029863622397183 0.16836745609188372 0.20633212629214265 0.16836745594441033 0.22732434497905124 0.6648868419040546 0.18844897408093655 0.4061681738529522 0.3771238490294084 0.24727864409991726 0.39221019944326685
57 0.21452323766245568 0.05988072130167395 0.752696108862841 0.0010866899544514604 0.7526961082101336 0.021764102835222458 0.21452323795017353 0.6263916024881719 0.2827036251721627 0.28270362531394216 0.05988072132994502 0.09787898580972418 0.05988072125672584 0.21452323771422638 0.1434531940933207 0.085185998641672 0.11272399865520877 0.21546827835713825 0.2414021871580777 0.10281699813177753
8 0.2730295600189053 0.4705891430040827 0.05988072185047134 0.382370459116603 0.05988072086573108 0.2925744015088509 0.27302956070956463 0.029926491242127307 0.31260526073428385 0.3126052607864645 0.4705891430307123 0.3182794312841529 0.4705891424752184 0.27302956005205853 0.25160104497104235 0.402681250864854 0.29775500577990077 0.1911678065388026 0.304131611689259 0.36363144521344354
24 0.36670011113616613 0.31260526109064135 0.2827036256138872 0.1695138834056318 0.28270362460131326 0.13057906232809216 0.3667001115757615 0.21157502097652958 0.45876199160968384 0.45876199179066446 0.31260526084590873 0.2681708450577549 0.31260526047215426 0.36670011120326196 0.2626313219165258 0.2969561198025267 0.2818079838537106 0.23978813714852423 0.4165790098473742 0.3042751693888373
58 0.356492664352619 0.3938568230016142 0.07663125861941164 0.29546452901135656 0.07663125780163908 0.21214926480475788 0.35649266549206454 0.07025064780398006 0.29375210486042574 0.29375210485099357 0.3938568227083388 0.2732540807369634 0.39385682220751006 0.3564926650318597 0.3267882936875816 0.2847576370011783 0.4478934253524689 0.24076166508701993 0.3192865501001758 0.45687206232931815
38 0.36670011113616613 0.31260526109064135 0.2827036256138872 0.1695138834056318 0.28270362460131326 0.13057906232809216 0.3667001115757615 0.21157502097652958 0.45876199160968384 0.45876199179066446 0.31260526084590873 0.2681708450577549 0.31260526047215426 0.36670011120326196 0.2626313219165258 0.2969561198025267 0.2818079838537106 0.23978813714852423 0.4165790098473742 0.3042751693888373
20 0.5209581302870849 0.27302956070274736 0.21452323818573843 0.1453234472435661 0.21452323754506242 0.1082909921296286 0.5209581312135492 0.2724306438940939 0.36670011115586804 0.36670011131284236 0.27302956007664375 0.18286444878210004 0.27302955987045524 0.5209581310116758 0.17503374746904754 0.18463783295743638 0.2671561697717021 0.20830997951562094 0.45725601028934393 0.26854031238351594
49 0.10829099196342047 0.29257440161060605 0.021764103178378295 0.5709792175194707 0.02176410234282597 0.7762097838081689 0.10829099225066949 0.024890621953265357 0.1305790623468754 0.13057906238784364 0.29257440163940196 0.4141092556450149 0.29257440135259405 0.10829099183966444 0.42432244052053103 0.42454474177061147 0.2796634107598492 0.19690142851583753 0.11064603561428232 0.2878084087621546
43 0.42793413369134864 0.38359552124820756 0.06129580020346977 0.2581862527907267 0.06129579871511049 0.17500321085879322 0.42793413547592657 0.07998444860268514 0.26585813726847013 0.26585813733969016 0.3835955209097311 0.2899799552876229 0.38359552056294544 0.4279341351628343 0.25528753495165624 0.22597481296395092 0.4719307040724354 0.2304075137253287 0.3199929597983628 0.42197406872285725
13 0.45725600992379767 0.3041316119965728 0.24140218738712352 0.16027750045869998 0.24140218680532388 0.1106460356142814 0.4572560102997294 0.22312994864223387 0.41657900973448364 0.4165790098255498 0.30413161189880955 0.18926724142100626 0.3041316114952896 0.45725601010487255 0.20412409071630797 0.23552108239003836 0.2543744888471271 0.21573308928701093 0.4640428207328359 0.29047605964269446
46 0.2273243444581539 0.16836745602133615 0.44223216703427115 0.06523603909832396 0.4422321658578789 0.20610049405646963 0.22732434523811104 0.2938216559816232 0.30298636207863305 0.3029863622397183 0.16836745609188372 0.20633212629214265 0.16836745594441033 0.22732434497905124 0.6648868419040546 0.18844897408093655 0.4061681738529522 0.3771238490294084 0.24727864409991726 0.39221019944326685
59 0.26715616919634266 0.2977550061257746 0.11272399872478271 0.33317644224659243 0.1127239977148132 0.27966341068915757 0.26715616952341886 0.12712523738961182 0.2818079836304563 0.2818079837591946 0.2977550059327284 0.421164595474779 0.2977550053833512 0.26715616918951335 0.4750987447207046 0.30607293020946513 0.5339389116130416 0.2940679310018748 0.254374488493957 0.44410874926274607
45 0.17503374735020255 0.2516010450775863 0.14345319436432788 0.337749617312208 0.14345319346799082 0.42432244052053963 0.17503374763717963 0.12389503235514082 0.2626313218746005 0.2626313219588206 0.251601045102969 0.3958174097123893 0.2516010448273029 0.175033747116731 0.6184775978527394 0.3552771392500695 0.475098744823551 0.3164661767908522 0.2041240907163346 0.44345666989859006
4 0.3159242451421396 0.4800440549015819 -0.011631497344289195 0.3994160773740428 -0.011631498949760321 0.25311378941757834 0.315924246776011 -0.00893378512805616 0.2221314651173709 0.2221314652773522 0.4800440544271732 0.27370692145750253 0.48004405414264406 0.3159242464135193 0.12532767499064199 0.3302105878729584 0.31556335777932487 0.3485308916223229 0.25627287035205143 0.35966501775821513
22 0.2724306438615249 0.02992649128654227 0.6263916024526894 0.015636197761030313 0.6263916023183537 0.024890621953269933 0.2724306438712225 0.8681608706751696 0.21157502087258562 0.21157502105746592 0.029926491130430156 0.12060893108847026 0.029926491190142533 0.2724306438193713 0.12389503235515932 0.05833023600231318 0.12712523758939723 0.20104270519040515 0.2231299486422178 0.07851611089611675
25 0.18463783247057503 0.4026812510413944 0.08518599888810881 0.42647650972055284 0.08518599782078676 0.4245447416523675 0.1846378327575521 0.05833023579166737 0.29695611946072364 0.29695611964595453 0.4026812507084362 0.43370984677217084 0.4026812505037107 0.18463783246993412 0.35527713915421183 0.4785784489872135 0.30607292993525065 0.21449736641060227 0.23552108205864505 0.3410933096532272
10 0.3722209536441114 0.536005145509153 -0.04050724528215333 0.37238696944022215 -0.04050724706612355 0.2384293036820612 0.37222095676249967 -0.04825188835249495 0.1678563081636829 0.16785630829692597 0.5360051454380246 0.2371012767916152 0.5360051451659054 0.3722209565304234 0.09981566638186538 0.2560252100821066 0.351263045619758 0.1462602424833743 0.231920509600381 0.3660333591657552
15 0.45725600992379767 0.3041316119965728 0.24140218738712352 0.16027750045869998 0.24140218680532388 0.1106460356142814 0.4572560102997294 0.22312994864223387 0.41657900973448364 0.4165790098255498 0.30413161189880955 0.18926724142100626 0.3041316114952896 0.45725601010487255 0.20412409071630797 0.23552108239003836 0.2543744888471271 0.21573308928701093 0.4640428207328359 0.29047605964269446
42 0.21452323766245568 0.05988072130167395 0.752696108862841 0.0010866899544514604 0.7526961082101336 0.021764102835222458 0.21452323795017353 0.6263916024881719 0.2827036251721627 0.28270362531394216 0.05988072132994502 0.09787898580972418 0.05988072125672584 0.21452323771422638 0.1434531940933207 0.085185998641672 0.11272399865520877 0.21546827835713825 0.2414021871580777 0.10281699813177753
12 0.2730295600189053 0.4705891430040827 0.05988072185047134 0.382370459116603 0.05988072086573108 0.2925744015088509 0.27302956070956463 0.029926491242127307 0.31260526073428385 0.3126052607864645 0.4705891430307123 0.3182794312841529 0.4705891424752184 0.27302956005205853 0.25160104497104235 0.402681250864854 0.29775500577990077 0.1911678065388026 0.304131611689259 0.36363144521344354
61 0.2273243444581539 0.16836745602133615 0.44223216703427115 0.06523603909832396 0.4422321658578789 0.20610049405646963 0.22732434523811104 0.2938216559816232 0.30298636207863305 0.3029863622397183 0.16836745609188372 0.20633212629214265 0.16836745594441033 0.22732434497905124 0.6648868419040546 0.18844897408093655 0.4061681738529522 0.3771238490294084 0.24727864409991726 0.39221019944326685
