id,x_0,x_1,x_2,x_3,x_4,x_5,x_6,x_7,x_8,x_9
0.0,2.220446049250313e-16,0.20499287801715596,2.220446049250313e-16,1.0619772324174668,2.220446049250313e-16,0.11358657344491147,2.220446049250313e-16,0.0014261557160605218,2.220446049250313e-16,0.0570977086840408
1.0,0.00398906280368309,0.2221489747832459,2.220446049250313e-16,2.220446049250313e-16,2.220446049250313e-16,1.0103321021525242,2.220446049250313e-16,0.008253285942368497,0.5901389102086917,2.220446049250313e-16
2.0,0.0458166161834351,0.4099792835370393,0.47471055545615787,0.9157890895994083,2.220446049250313e-16,2.220446049250313e-16,2.220446049250313e-16,0.005571954981941266,2.220446049250313e-16,2.220446049250313e-16
3.0,2.220446049250313e-16,0.42553707997383067,2.220446049250313e-16,0.02569265117642483,2.220446049250313e-16,0.8018506479191783,2.220446049250313e-16,0.006063357791926894,0.5725346938138751,2.220446049250313e-16
4.0,0.0458166161834351,0.4099792835370393,0.47471055545615787,0.9157890895994083,2.220446049250313e-16,2.220446049250313e-16,2.220446049250313e-16,0.005571954981941266,2.220446049250313e-16,2.220446049250313e-16
5.0,0.00398906280368309,0.2221489747832459,2.220446049250313e-16,2.220446049250313e-16,2.220446049250313e-16,1.0103321021525242,2.220446049250313e-16,0.008253285942368497,0.5901389102086917,2.220446049250313e-16
6.0,2.220446049250313e-16,0.20499287801715596,2.220446049250313e-16,1.0619772324174668,2.220446049250313e-16,0.11358657344491147,2.220446049250313e-16,0.0014261557160605218,2.220446049250313e-16,0.0570977086840408
7.0,0.7518336626656714,2.220446049250313e-16,0.474710555456158,0.08302671414576916,2.220446049250313e-16,2.220446049250313e-16,2.220446049250313e-16,2.220446049250313e-16,2.220446049250313e-16,0.6276988501563757
8.0,2.220446049250313e-16,0.18753460698388108,2.220446049250313e-16,0.005352583377410791,2.220446049250313e-16,0.12512293424041526,2.220446049250313e-16,2.220446049250313e-16,0.29552227317333507,0.9911080782249594
9.0,0.7518336626656714,2.220446049250313e-16,0.474710555456158,0.08302671414576916,2.220446049250313e-16,2.220446049250313e-16,2.220446049250313e-16,2.220446049250313e-16,2.220446049250313e-16,0.6276988501563757
10.0,2.220446049250313e-16,0.21517520717861596,2.220446049250313e-16,0.9305131817209351,2.220446049250313e-16,0.09243837150051978,2.220446049250313e-16,0.006494958225917049,2.220446049250313e-16,0.24149331140829983
11.0,0.022917383688860662,0.057213913201820454,2.220446049250313e-16,0.11502494908839589,2.220446049250313e-16,0.9832704926121383,2.220446049250313e-16,2.220446049250313e-16,0.6170582182051141,2.220446049250313e-16
12.0,0.004548048710104961,0.21520291921302082,0.4747105554561574,0.9833882694508584,2.220446049250313e-16,0.11922349379244146,2.220446049250313e-16,0.004358724828306151,2.220446049250313e-16,2.220446049250313e-16
13.0,0.00398906280368309,0.2221489747832459,2.220446049250313e-16,2.220446049250313e-16,2.220446049250313e-16,1.0103321021525242,2.220446049250313e-16,0.008253285942368497,0.5901389102086917,2.220446049250313e-16
14.0,2.220446049250313e-16,0.20499287801715596,2.220446049250313e-16,1.0619772324174668,2.220446049250313e-16,0.11358657344491147,2.220446049250313e-16,0.0014261557160605218,2.220446049250313e-16,0.0570977086840408
15.0,0.030284546009743618,2.220446049250313e-16,0.4747105554561575,0.12500252652456115,0.0010845251047424005,0.8905784926001533,2.220446049250313e-16,2.220446049250313e-16,0.6278190043098271,2.220446049250313e-16
16.0,2.220446049250313e-16,0.08866459707975252,2.220446049250313e-16,0.2098351810874136,2.220446049250313e-16,0.32622932175945757,2.220446049250313e-16,2.220446049250313e-16,2.220446049250313e-16,0.8319103900444874
17.0,0.027340509399485406,2.220446049250313e-16,0.4747105554561578,0.12814471517152667,2.220446049250313e-16,0.6961622264473727,1.1102230246251565e-16,2.220446049250313e-16,0.6348359363070682,0.15246357673699246
18.0,0.007231146122364077,0.016377099824359198,2.220446049250313e-16,0.8809467279913985,0.00011531605339917048,0.30237324572234986,2.220446049250313e-16,0.00956262315504028,2.220446049250313e-16,0.2433077185034644
19.0,0.022917383688860662,0.057213913201820454,2.220446049250313e-16,0.11502494908839589,2.220446049250313e-16,0.9832704926121383,2.220446049250313e-16,2.220446049250313e-16,0.6170582182051141,2.220446049250313e-16
20.0,0.5091829066870313,0.18541724377918423,2.220446049250313e-16,0.11576967012169737,2.220446049250313e-16,0.8402351165215548,2.220446049250313e-16,0.004660377649662819,2.220446049250313e-16,2.220446049250313e-16
21.0,0.017911448870855856,2.220446049250313e-16,2.220446049250313e-16,0.8710112980721098,2.220446049250313e-16,2.220446049250313e-16,2.220446049250313e-16,0.6948366630869584,0.0022584471829873993,0.07359904459288802
22.0,0.7654206669810117,0.1323329101562042,2.220446049250313e-16,2.220446049250313e-16,0.6906725888575799,0.31266728084616424,2.220446049250313e-16,2.220446049250313e-16,2.220446049250313e-16,2.220446049250313e-16
23.0,0.7654206669810117,0.1323329101562042,2.220446049250313e-16,2.220446049250313e-16,0.6906725888575799,0.31266728084616424,2.220446049250313e-16,2.220446049250313e-16,2.220446049250313e-16,2.220446049250313e-16
24.0,0.7654206669810117,0.1323329101562042,2.220446049250313e-16,2.220446049250313e-16,0.6906725888575799,0.31266728084616424,2.220446049250313e-16,2.220446049250313e-16,2.220446049250313e-16,2.220446049250313e-16
25.0,0.001238490175572182,1.1567107250961588,5.551115123125783e-17,0.024815514729395863,0.11854190990475952,0.037298773470392496,0.42326351181999505,0.00347136403541965,0.161219857285101,0.003976998325083501
26.0,2.220446049250313e-16,0.22898165735123802,1.1102230246251565e-16,0.11861926133159269,0.6601806049463491,2.220446049250313e-16,2.220446049250313e-16,0.7223132758467323,0.27906695714725266,0.025607704270295923
27.0,2.220446049250313e-16,0.15937780894446882,0.4747105554561576,0.5128571391970789,0.20949670433286138,0.0036374135108907064,2.220446049250313e-16,0.7222456853030677,2.220446049250313e-16,2.220446049250313e-16
28.0,2.220446049250313e-16,0.03659473282530075,2.220446049250313e-16,2.220446049250313e-16,0.6815195749332981,2.220446049250313e-16,0.4830279386381847,0.6838028781404212,0.5985245677073397,2.220446049250313e-16
29.0,2.220446049250313e-16,0.03659473282530075,2.220446049250313e-16,2.220446049250313e-16,0.6815195749332981,2.220446049250313e-16,0.4830279386381847,0.6838028781404212,0.5985245677073397,2.220446049250313e-16
30.0,0.001238490175572182,1.1567107250961588,5.551115123125783e-17,0.024815514729395863,0.11854190990475952,0.037298773470392496,0.42326351181999505,0.00347136403541965,0.161219857285101,0.003976998325083501
31.0,0.001238490175572182,1.1567107250961588,5.551115123125783e-17,0.024815514729395863,0.11854190990475952,0.037298773470392496,0.42326351181999505,0.00347136403541965,0.161219857285101,0.003976998325083501
32.0,2.220446049250313e-16,0.25061628919258117,0.4747105554561576,0.5053976279548639,2.220446049250313e-16,0.14654897294570218,2.220446049250313e-16,0.49671590143330124,2.220446049250313e-16,2.220446049250313e-16
33.0,2.220446049250313e-16,0.3559829776772015,2.220446049250313e-16,0.08302038770070108,0.6467662010121941,0.12267764888805291,2.220446049250313e-16,0.21665988769250977,0.5721902175494517,0.014055586102108887
34.0,0.019470566458430812,0.9862713808979569,1.1102230246251565e-16,0.16352747958305722,0.1374181613997101,0.009214030119724128,0.4323574001168872,2.220446049250313e-16,0.18879867546062937,0.0016255676423674276
35.0,0.001238490175572182,1.1567107250961588,5.551115123125783e-17,0.024815514729395863,0.11854190990475952,0.037298773470392496,0.42326351181999505,0.00347136403541965,0.161219857285101,0.003976998325083501
36.0,0.015120318792672845,0.6294053177141619,1.942890293094024e-16,2.220446049250313e-16,0.6347625309280774,2.220446049250313e-16,0.451398192199326,0.22710911299859532,0.22907735020734885,0.019494535832008702
37.0,2.220446049250313e-16,0.15937780894446882,0.4747105554561576,0.5128571391970789,0.20949670433286138,0.0036374135108907064,2.220446049250313e-16,0.7222456853030677,2.220446049250313e-16,2.220446049250313e-16
38.0,2.220446049250313e-16,0.03659473282530075,2.220446049250313e-16,2.220446049250313e-16,0.6815195749332981,2.220446049250313e-16,0.4830279386381847,0.6838028781404212,0.5985245677073397,2.220446049250313e-16
39.0,2.220446049250313e-16,0.03659473282530075,2.220446049250313e-16,2.220446049250313e-16,0.6815195749332981,2.220446049250313e-16,0.4830279386381847,0.6838028781404212,0.5985245677073397,2.220446049250313e-16
40.0,0.6959079339157025,2.220446049250313e-16,2.220446049250313e-16,0.007469523167108916,2.220446049250313e-16,2.220446049250313e-16,2.220446049250313e-16,2.220446049250313e-16,2.220446049250313e-16,0.8871475299495
41.0,2.220446049250313e-16,0.08866459707975252,2.220446049250313e-16,0.2098351810874136,2.220446049250313e-16,0.32622932175945757,2.220446049250313e-16,2.220446049250313e-16,2.220446049250313e-16,0.8319103900444874
42.0,2.220446049250313e-16,0.08866459707975252,2.220446049250313e-16,0.2098351810874136,2.220446049250313e-16,0.32622932175945757,2.220446049250313e-16,2.220446049250313e-16,2.220446049250313e-16,0.8319103900444874
43.0,2.220446049250313e-16,2.220446049250313e-16,0.4747105554561577,0.000362299288787388,2.220446049250313e-16,0.4740869018011429,2.220446049250313e-16,2.220446049250313e-16,0.6371245938536809,0.5276983207222539
44.0,2.220446049250313e-16,2.220446049250313e-16,0.4747105554561577,0.000362299288787388,2.220446049250313e-16,0.4740869018011429,2.220446049250313e-16,2.220446049250313e-16,0.6371245938536809,0.5276983207222539
45.0,0.7874258057267692,0.21703443548464557,2.220446049250313e-16,0.06335123975087725,2.220446049250313e-16,0.4503540851316325,2.220446049250313e-16,0.007670576893341097,2.220446049250313e-16,0.09929814987122138
46.0,0.017911448870855856,2.220446049250313e-16,2.220446049250313e-16,0.8710112980721098,2.220446049250313e-16,2.220446049250313e-16,2.220446049250313e-16,0.6948366630869584,0.0022584471829873993,0.07359904459288802
47.0,0.7654206669810117,0.1323329101562042,2.220446049250313e-16,2.220446049250313e-16,0.6906725888575799,0.31266728084616424,2.220446049250313e-16,2.220446049250313e-16,2.220446049250313e-16,2.220446049250313e-16
48.0,0.7654206669810117,0.1323329101562042,2.220446049250313e-16,2.220446049250313e-16,0.6906725888575799,0.31266728084616424,2.220446049250313e-16,2.220446049250313e-16,2.220446049250313e-16,2.220446049250313e-16
49.0,0.7654206669810117,0.1323329101562042,2.220446049250313e-16,2.220446049250313e-16,0.6906725888575799,0.31266728084616424,2.220446049250313e-16,2.220446049250313e-16,2.220446049250313e-16,2.220446049250313e-16
50.0,0.001238490175572182,1.1567107250961588,5.551115123125783e-17,0.024815514729395863,0.11854190990475952,0.037298773470392496,0.42326351181999505,0.00347136403541965,0.161219857285101,0.003976998325083501
51.0,2.220446049250313e-16,0.22898165735123802,1.1102230246251565e-16,0.11861926133159269,0.6601806049463491,2.220446049250313e-16,2.220446049250313e-16,0.7223132758467323,0.27906695714725266,0.025607704270295923
52.0,2.220446049250313e-16,0.15937780894446882,0.4747105554561576,0.5128571391970789,0.20949670433286138,0.0036374135108907064,2.220446049250313e-16,0.7222456853030677,2.220446049250313e-16,2.220446049250313e-16
53.0,2.220446049250313e-16,0.03659473282530075,2.220446049250313e-16,2.220446049250313e-16,0.6815195749332981,2.220446049250313e-16,0.4830279386381847,0.6838028781404212,0.5985245677073397,2.220446049250313e-16
54.0,2.220446049250313e-16,0.03659473282530075,2.220446049250313e-16,2.220446049250313e-16,0.6815195749332981,2.220446049250313e-16,0.4830279386381847,0.6838028781404212,0.5985245677073397,2.220446049250313e-16
55.0,0.001238490175572182,1.1567107250961588,5.551115123125783e-17,0.024815514729395863,0.11854190990475952,0.037298773470392496,0.42326351181999505,0.00347136403541965,0.161219857285101,0.003976998325083501
56.0,2.220446049250313e-16,0.22898165735123802,1.1102230246251565e-16,0.11861926133159269,0.6601806049463491,2.220446049250313e-16,2.220446049250313e-16,0.7223132758467323,0.27906695714725266,0.025607704270295923
57.0,2.220446049250313e-16,0.15937780894446882,0.4747105554561576,0.5128571391970789,0.20949670433286138,0.0036374135108907064,2.220446049250313e-16,0.7222456853030677,2.220446049250313e-16,2.220446049250313e-16
58.0,2.220446049250313e-16,0.03659473282530075,2.220446049250313e-16,2.220446049250313e-16,0.6815195749332981,2.220446049250313e-16,0.4830279386381847,0.6838028781404212,0.5985245677073397,2.220446049250313e-16
59.0,2.220446049250313e-16,0.03659473282530075,2.220446049250313e-16,2.220446049250313e-16,0.6815195749332981,2.220446049250313e-16,0.4830279386381847,0.6838028781404212,0.5985245677073397,2.220446049250313e-16
60.0,0.6959079339157025,2.220446049250313e-16,2.220446049250313e-16,0.007469523167108916,2.220446049250313e-16,2.220446049250313e-16,2.220446049250313e-16,2.220446049250313e-16,2.220446049250313e-16,0.8871475299495
61.0,0.23674971588258495,2.220446049250313e-16,2.220446049250313e-16,0.023031999342212672,2.220446049250313e-16,2.220446049250313e-16,2.220446049250313e-16,2.220446049250313e-16,0.2920623073965702,0.9270408228608223
62.0,2.220446049250313e-16,0.18753460698388108,2.220446049250313e-16,0.005352583377410791,2.220446049250313e-16,0.12512293424041526,2.220446049250313e-16,2.220446049250313e-16,0.29552227317333507,0.9911080782249594
63.0,0.6959079339157025,2.220446049250313e-16,2.220446049250313e-16,0.007469523167108916,2.220446049250313e-16,2.220446049250313e-16,2.220446049250313e-16,2.220446049250313e-16,2.220446049250313e-16,0.8871475299495
64.0,0.7518336626656714,2.220446049250313e-16,0.474710555456158,0.08302671414576916,2.220446049250313e-16,2.220446049250313e-16,2.220446049250313e-16,2.220446049250313e-16,2.220446049250313e-16,0.6276988501563757
65.0,0.7314156562644145,2.220446049250313e-16,0.4747105554561577,0.06336271742857874,2.220446049250313e-16,2.220446049250313e-16,2.220446049250313e-16,2.220446049250313e-16,0.002953103103013663,0.5885642826554282
66.0,0.030815481221414427,2.220446049250313e-16,2.220446049250313e-16,0.420561071387912,0.0008690772772745869,0.14441001684199875,0.4849804714535006,2.220446049250313e-16,2.220446049250313e-16,0.7206147874749156
67.0,0.7765913598425315,2.220446049250313e-16,0.4747105554561577,0.21359638254699853,2.220446049250313e-16,2.220446049250313e-16,2.220446049250313e-16,2.220446049250313e-16,0.0029103938674680165,0.44210481914797123
68.0,0.7384989489121893,2.220446049250313e-16,2.220446049250313e-16,0.06998302088139413,0.462885004702209,2.220446049250313e-16,2.220446049250313e-16,2.220446049250313e-16,0.0033913732521183015,0.45121504283221864
69.0,0.7384989489121893,2.220446049250313e-16,2.220446049250313e-16,0.06998302088139413,0.462885004702209,2.220446049250313e-16,2.220446049250313e-16,2.220446049250313e-16,0.0033913732521183015,0.45121504283221864
