27 0.2208036939823188 0.2576540012275395 0.5911055431435822 0.2915865556727442 0.03900813543713704 0.1203298443939736 0.10440171124896257 0.04106577809920929 0.11364788532333625 0.036014039302556575 0.12415618996839484 0.6275870581628807 0.02835862140039 0.029291952909669825 0.4159254246496906 0.6275870581208256 0.021073950641610648 0.18818199306129446 0.6275870582675301 0.01037876892379732
15 0.4987828985136541 0.47241883384046707 0.23561505382249046 0.4386346178258531 0.1566733705989715 0.3447081653574181 0.3434957180871495 0.24788157087820784 0.2112882173981556 0.27564460030166377 0.32810324845501926 0.22080369400053665 0.25779618464387594 0.2726690010993593 0.27887828274052195 0.2208036942250496 0.27651030104446483 0.5023199980385723 0.22080369404493053 0.18819018463201093
29 0.2208036939823188 0.2576540012275395 0.5911055431435822 0.2915865556727442 0.03900813543713704 0.1203298443939736 0.10440171124896257 0.04106577809920929 0.11364788532333625 0.036014039302556575 0.12415618996839484 0.6275870581628807 0.02835862140039 0.029291952909669825 0.4159254246496906 0.6275870581208256 0.021073950641610648 0.18818199306129446 0.6275870582675301 0.01037876892379732
58 0.2646831423052865 0.2786361144128666 0.3739802903966493 0.3233846956637854 0.13657029917969768 0.3279120580296275 0.3889731828945015 0.195901823280309 0.6684055295168817 0.10328721540852526 0.4404769925065033 0.30520989694207046 0.1473630092691644 0.09858833022778354 0.4616143051659487 0.3052098967450894 0.10840404915257716 0.26316815620324735 0.30520989672594123 0.18858627113195223
59 0.34349571821125624 0.32662390793100643 0.11749747816626599 0.307571966807259 0.26455443198541184 0.3907763242011345 0.4306645494090712 0.38719555828443447 0.37694057090934097 0.3301658919322237 0.41457821191343636 0.10440171116873151 0.37952657073807017 0.3643569462066933 0.1328320118545464 0.10440171119725737 0.33014594092346944 0.3599520222755511 0.10440171189810027 0.34664578843942434
63 0.22896041707631534 0.2928738510152314 0.3975876964542397 0.409673350530714 0.12823739402970113 0.38151975814480954 0.344644760819983 0.22098851078013768 0.539918689418276 0.12765258832621698 0.5183492466966964 0.36051376757213327 0.0976098868410447 0.07795398152062798 0.35529142762750693 0.36051376751747655 0.08158590175275529 0.2122918373003153 0.36051376674177676 0.2152005481594221
32 0.27665709925016235 0.2115434828188008 0.07532135833597382 0.17712537073249926 0.5550812448428505 0.26087204655686963 0.3853629528835225 0.44109055324666663 0.43808743975108394 0.23011091288293695 0.36692590850835044 0.09471770190804585 0.3717097255892508 0.29990126795213784 0.1496873487594967 0.09471770185884662 0.34237828630182277 0.43447415674466944 0.09471770352192757 0.3993771902736947
19 0.4987828985136541 0.47241883384046707 0.23561505382249046 0.4386346178258531 0.1566733705989715 0.3447081653574181 0.3434957180871495 0.24788157087820784 0.2112882173981556 0.27564460030166377 0.32810324845501926 0.22080369400053665 0.25779618464387594 0.2726690010993593 0.27887828274052195 0.2208036942250496 0.27651030104446483 0.5023199980385723 0.22080369404493053 0.18819018463201093
0 0.34983974967980774 0.30868129313514214 0.07804067309104919 0.27937698905470576 0.3331237337362141 0.3544762063942408 0.386654389695082 0.413384034437492 0.25041393390501593 0.3597940826697098 0.38265445039111307 0.09145612140237933 0.37730520684713503 0.37938199783524107 0.11222807940909323 0.09145612129562286 0.4130197683445309 0.41686333510514123 0.09145612198916007 0.3664040597435181
25 0.43863461819376054 0.4967772916364032 0.27469872129815226 0.5397602081002075 0.11649337241371716 0.3991561371880579 0.3075719667549331 0.2449918871208235 0.1740458483884066 0.30854657266063873 0.3733599094021394 0.2915865558078506 0.18357212826397223 0.2460757006860196 0.19257460616716665 0.2915865557390183 0.21949446469006273 0.365667520732819 0.2915865561160324 0.18250320666676872
64 0.22896041707631534 0.2928738510152314 0.3975876964542397 0.409673350530714 0.12823739402970113 0.38151975814480954 0.344644760819983 0.22098851078013768 0.539918689418276 0.12765258832621698 0.5183492466966964 0.36051376757213327 0.0976098868410447 0.07795398152062798 0.35529142762750693 0.36051376751747655 0.08158590175275529 0.2122918373003153 0.36051376674177676 0.2152005481594221
3 0.38503504168954583 0.3833989150481493 0.06832751207531317 0.37340139540098966 0.18874548543529363 0.41787702168937524 0.3299573106952211 0.3373141322381537 0.13621468231862907 0.49204974733593987 0.3411688629508411 0.09155653798855629 0.340693590384919 0.43241555013297944 0.07610626740906087 0.0915565378652694 0.4597675191375717 0.349297484874563 0.09155653822132927 0.2886235246389101
5 0.39140043359580495 0.3406118513049043 0.05665509431708315 0.2927010213392071 0.25973974418505574 0.3607344065902183 0.3475392707279652 0.3549617574191656 0.181668016088873 0.4350149966248516 0.315624600654293 0.07352057189638667 0.3922556578678316 0.43081675915196627 0.10078703327414243 0.07352057190549331 0.48605354375398074 0.4150390385586302 0.07352057173820903 0.31831282372567066
50 0.4996996016860719 0.5230459557744882 0.22977925778535313 0.5205671860541448 0.11138768299318078 0.3821080318560638 0.2966378084239369 0.2280989520393904 0.14667588735332113 0.330774612865319 0.3054249002131188 0.2507996654225245 0.22330688992577696 0.28257450172106796 0.20167968528478547 0.2507996655178187 0.27387924309535017 0.4109020592170574 0.25079966510835594 0.16536882569226366
2 0.35093578453048585 0.26953347550415246 0.05921819853786147 0.20578642934682875 0.4131925104334533 0.29342001607303486 0.3783013557747276 0.40344946366215084 0.30452121014179356 0.32473055903827786 0.3262254203373383 0.07270175390352021 0.4135845725541583 0.38052001005274244 0.13275831991545414 0.07270175387982086 0.4406449237702797 0.46007906623470946 0.07270175462532626 0.36858958422079935
39 0.3447081645998309 0.3758810215419295 0.11609495806498472 0.3991561370575116 0.18499026104879904 0.4516603879815891 0.3907763242211495 0.37477950733082777 0.2549972255985599 0.41609921049576465 0.43703175814301853 0.12032984423749295 0.3184777052846838 0.3763091602111501 0.09296457302194515 0.12032984419487956 0.34105151709952347 0.3047835124833888 0.12032984464124202 0.3197137455610325
9 0.4987828985136541 0.47241883384046707 0.23561505382249046 0.4386346178258531 0.1566733705989715 0.3447081653574181 0.3434957180871495 0.24788157087820784 0.2112882173981556 0.27564460030166377 0.32810324845501926 0.22080369400053665 0.25779618464387594 0.2726690010993593 0.27887828274052195 0.2208036942250496 0.27651030104446483 0.5023199980385723 0.22080369404493053 0.18819018463201093
28 0.2208036939823188 0.2576540012275395 0.5911055431435822 0.2915865556727442 0.03900813543713704 0.1203298443939736 0.10440171124896257 0.04106577809920929 0.11364788532333625 0.036014039302556575 0.12415618996839484 0.6275870581628807 0.02835862140039 0.029291952909669825 0.4159254246496906 0.6275870581208256 0.021073950641610648 0.18818199306129446 0.6275870582675301 0.01037876892379732
60 0.27531822416618473 0.28091984664519154 0.16112060790593907 0.3295633123490811 0.22159897184057886 0.3957238008106447 0.38489938052517897 0.294263317619967 0.5004837287481447 0.35040684220980695 0.4902275699338213 0.15905782099149257 0.2093502012470689 0.17751921121184583 0.13042952269792032 0.15905782092069473 0.13305352478460952 0.3077296752234712 0.15905782023530993 0.6054338937306821
8 0.32559679472412256 0.22172232666362302 0.04560725764019888 0.14025372085089918 0.5303865981884098 0.2313586987958834 0.36284381110602504 0.39489347770768485 0.3962532200952243 0.2777198738869169 0.27750580928668356 0.06410051448537728 0.42271983154182485 0.35809943737371913 0.15272481779737374 0.06410051433869272 0.43089192374056223 0.4764242590526804 0.0641005154764274 0.3664156458447827
49 0.22896041707631534 0.2928738510152314 0.3975876964542397 0.409673350530714 0.12823739402970113 0.38151975814480954 0.344644760819983 0.22098851078013768 0.539918689418276 0.12765258832621698 0.5183492466966964 0.36051376757213327 0.0976098868410447 0.07795398152062798 0.35529142762750693 0.36051376751747655 0.08158590175275529 0.2122918373003153 0.36051376674177676 0.2152005481594221
53 0.2356150535825643 0.25761178311372707 0.6116295672135533 0.2746987213569895 0.03595781234099831 0.1160949581967462 0.11749747808837663 0.0387531389475553 0.13065618195083206 0.02840448286096372 0.12729598800405909 0.5911055430908516 0.03370884013480411 0.029982856340130044 0.5177218381121759 0.5911055431332273 0.017842821440975723 0.2137569228449002 0.591105543146289 0.0105913213791439
40 0.4987828985136541 0.47241883384046707 0.23561505382249046 0.4386346178258531 0.1566733705989715 0.3447081653574181 0.3434957180871495 0.24788157087820784 0.2112882173981556 0.27564460030166377 0.32810324845501926 0.22080369400053665 0.25779618464387594 0.2726690010993593 0.27887828274052195 0.2208036942250496 0.27651030104446483 0.5023199980385723 0.22080369404493053 0.18819018463201093
61 0.1881901845003 0.18493427450638844 0.010591321378089213 0.18250320656262442 0.4286547715857385 0.3197137455099188 0.34664578838767923 0.44456095277703156 0.2937140391221396 0.40510602255834627 0.34411082297022233 0.010378768714932762 0.4380954422230907 0.4023067083740699 -0.005708645535662971 0.010378768712082875 0.39940946936017785 0.19362872802476794 0.010378769407932309 0.6109496656657392
54 0.3955543634737007 0.4060866311641557 0.05871633374007476 0.4013146016768196 0.14723490286806812 0.4311638347774843 0.2929601372925596 0.2933811942959307 0.10435715411398046 0.5448168404979788 0.30468956522434687 0.08872839726950943 0.32422766165262945 0.45175516693835766 0.06382130633217113 0.08872839724842403 0.4837084939288774 0.31909304015058937 0.08872839692914793 0.24780511737827776
65 0.35157164346059444 0.3557099217358561 0.11366951067010951 0.3534558138936225 0.21643777527552957 0.42182973730771206 0.40988359786019324 0.3792836256589941 0.3001646039100496 0.38257240733178627 0.41990888188881564 0.10943263116464177 0.3542404947234058 0.37911124476577185 0.11099935620140054 0.10943263112003072 0.34756148142306015 0.3383939292395844 0.1094326315174177 0.3313871261493819
47 0.21128821749085974 0.1850184884615574 0.1306561819139092 0.17404584830381073 0.5441142873809219 0.25499722553653764 0.376940570835783 0.29328916082544293 0.8558223722641474 0.13524248428185265 0.31839207914661355 0.11364788520295832 0.340868413980876 0.22223588219206258 0.21394419423189348 0.11364788523883015 0.16156271776460174 0.2645933684290456 0.11364788572200331 0.29371403911710753
1 0.5023199975127692 0.4308592123921157 0.21375692280691114 0.3656675207404661 0.20189665182207797 0.3047835124491458 0.3599520222238031 0.2537671500605497 0.26459336849738674 0.242923707397879 0.31426367768936386 0.18818199301079003 0.2837230063935803 0.2701929796120852 0.33846936977600356 0.18818199309651373 0.29529389782146115 0.5729188677689894 0.18818199320355747 0.19362872801203324
38 0.29577451563386026 0.3723502265162362 0.38371823490472595 0.4707883937428745 0.10276616072642905 0.4005223428013575 0.3516085380892931 0.2304995653147413 0.42558131757087053 0.1853697856880068 0.48884311048126683 0.348939667544814 0.12378859062808147 0.1318933025345759 0.3006888286236164 0.34893966766356976 0.10830359835132299 0.24415319949395586 0.3489396673077324 0.20749540687682547
16 0.3542913793649944 0.2373771195900939 0.08628100744562016 0.17234203202137516 0.41892706006467106 0.20827969297772406 0.3818334712364779 0.3406558721855893 0.45486971480508215 0.40535707139205013 0.336803784661336 0.08459128533013338 0.4174095265814582 0.2177010123338885 0.15702952900033265 0.08459128544489944 0.3069416126799726 0.45677805064616045 0.08459128102901908 0.4944123594098388
7 0.5023199975127692 0.4308592123921157 0.21375692280691114 0.3656675207404661 0.20189665182207797 0.3047835124491458 0.3599520222238031 0.2537671500605497 0.26459336849738674 0.242923707397879 0.31426367768936386 0.18818199301079003 0.2837230063935803 0.2701929796120852 0.33846936977600356 0.18818199309651373 0.29529389782146115 0.5729188677689894 0.18818199320355747 0.19362872801203324
45 0.3447081645998309 0.3758810215419295 0.11609495806498472 0.3991561370575116 0.18499026104879904 0.4516603879815891 0.3907763242211495 0.37477950733082777 0.2549972255985599 0.41609921049576465 0.43703175814301853 0.12032984423749295 0.3184777052846838 0.3763091602111501 0.09296457302194515 0.12032984419487956 0.34105151709952347 0.3047835124833888 0.12032984464124202 0.3197137455610325
34 0.47241883281443053 0.49165043762092325 0.2576117828479923 0.49677729139182986 0.13074598080080355 0.3758810213965294 0.3266239077598684 0.24632034543364148 0.18501848854442693 0.2961768503823393 0.3510016304831115 0.2576540011518377 0.22118319663883432 0.26219503595033006 0.23051840658201414 0.2576540012141839 0.24749151753152102 0.4308592122143116 0.2576540012405444 0.18493427435203977
30 0.5023199975127692 0.4308592123921157 0.21375692280691114 0.3656675207404661 0.20189665182207797 0.3047835124491458 0.3599520222238031 0.2537671500605497 0.26459336849738674 0.242923707397879 0.31426367768936386 0.18818199301079003 0.2837230063935803 0.2701929796120852 0.33846936977600356 0.18818199309651373 0.29529389782146115 0.5729188677689894 0.18818199320355747 0.19362872801203324
48 0.22896041707631534 0.2928738510152314 0.3975876964542397 0.409673350530714 0.12823739402970113 0.38151975814480954 0.344644760819983 0.22098851078013768 0.539918689418276 0.12765258832621698 0.5183492466966964 0.36051376757213327 0.0976098868410447 0.07795398152062798 0.35529142762750693 0.36051376751747655 0.08158590175275529 0.2122918373003153 0.36051376674177676 0.2152005481594221
46 0.17609487288295206 0.19899274198401742 0.010626044248766243 0.22182529809952736 0.4193606939485765 0.35999997651939625 0.3514556115299086 0.49974493307307083 0.2501221515096412 0.38615194614959486 0.388788369002939 0.009877235751584204 0.4392614544933306 0.42633378872742395 -0.0033298637236695607 0.009877235758416703 0.42810114261514554 0.1577329718252951 0.00987723621950975 0.5053194100351632
44 0.5109739193931879 0.5062254263572921 0.22595773524978216 0.4822751820536051 0.12811988846871353 0.36418093379397476 0.3154730027445588 0.2336035279253375 0.1682320087820787 0.31009116035130885 0.3051098846002282 0.2308646198933738 0.24601008202347402 0.28445883954529094 0.23638866519941407 0.23086461983981646 0.2846318152158108 0.45833647573470654 0.2308646194121916 0.17322804709006787
56 0.2575481066809146 0.2678792156739885 0.15403794332022314 0.30425814209523977 0.34845550905324185 0.38500893035402545 0.43666288939692705 0.41590753660269514 0.5398312587327397 0.20825949754402495 0.5008663339962847 0.13913535349330897 0.31910455030694457 0.25453340870748004 0.154586698840575 0.13913535349023706 0.20415969904662234 0.29934678659131936 0.1391353540553242 0.38310284240989356
6 0.37388353016739606 0.310175504862939 0.060709520365177516 0.256306671570605 0.32373803235018195 0.33482906560541986 0.36860266315890355 0.38432426015423643 0.2328779847569926 0.3823877541642003 0.3308041274431726 0.07459133946274266 0.40304417908254464 0.40745369383390184 0.1149160524482445 0.07459133932224728 0.4623462828495928 0.4377808005968471 0.0745913397437841 0.34709244867968203
43 0.25659786978957494 0.25236868223672176 0.6109917282435157 0.24464594901261563 0.035913288690474346 0.10850335097977605 0.13108536640232474 0.03586643197687784 0.16059396271108042 0.019366138957722462 0.1264273908444388 0.5272191939329187 0.03976081564269316 0.030281046582226877 0.6782308548860303 0.5272191936554478 0.017045024712614498 0.2586460381976464 0.5272191936025691 0.007725453783278661
14 0.28180406366593264 0.28898088377588577 0.024709688675446456 0.2845643281721776 0.21393970830481956 0.40277689785683624 0.32497182961703264 0.3547140502064887 0.13775023657073093 0.5777701746580953 0.3305919381628536 0.03228065440469899 0.35373989016054647 0.4691125123252624 0.015282483491894976 0.032280654357674375 0.48932207236236186 0.26701285397085117 0.03228065531300314 0.4409528333215727
51 0.16736085393320368 0.19203065244307638 0.008017809333759455 0.22112578424504137 0.44695019705040434 0.3483317454224391 0.3361749627316827 0.5166680356914044 0.20982318594847105 0.3852941348713856 0.391317293350349 0.011416346593820603 0.41641245210992484 0.41167336039516017 -0.00277009918835198 0.011416346462814603 0.4482219604664882 0.1586773240904554 0.011416346763159725 0.5197439621104347
17 0.3998499080541479 0.33863639053226674 0.3179140325280369 0.34325337102665815 0.11948653688346941 0.2674272044616779 0.3133792609817584 0.1371761243722046 0.4349498289597637 0.3647532019991812 0.38604624760472084 0.27801699032760196 0.16687221051589396 0.04189728768265786 0.3547099840056647 0.2780169903130993 0.08576302734160583 0.44053069496546454 0.27801698512851214 0.44118837202220007
42 0.25659786978957494 0.25236868223672176 0.6109917282435157 0.24464594901261563 0.035913288690474346 0.10850335097977605 0.13108536640232474 0.03586643197687784 0.16059396271108042 0.019366138957722462 0.1264273908444388 0.5272191939329187 0.03976081564269316 0.030281046582226877 0.6782308548860303 0.5272191936554478 0.017045024712614498 0.2586460381976464 0.5272191936025691 0.007725453783278661
24 0.25779618415889527 0.2211831965514264 0.03370884004117631 0.18357212812964463 0.42301282459955364 0.3184777052072959 0.3795265706684271 0.429673458493454 0.34086841396756845 0.35533075776651113 0.32710886677685197 0.02835862126552568 0.4840502959966534 0.43568987414551447 0.04160131070752252 0.028358621277612493 0.43658339225854476 0.2837230063334371 0.028358621946888433 0.4380954421592714
68 0.2646831423052865 0.2786361144128666 0.3739802903966493 0.3233846956637854 0.13657029917969768 0.3279120580296275 0.3889731828945015 0.195901823280309 0.6684055295168817 0.10328721540852526 0.4404769925065033 0.30520989694207046 0.1473630092691644 0.09858833022778354 0.4616143051659487 0.3052098967450894 0.10840404915257716 0.26316815620324735 0.30520989672594123 0.18858627113195223
4 0.37388353016739606 0.310175504862939 0.060709520365177516 0.256306671570605 0.32373803235018195 0.33482906560541986 0.36860266315890355 0.38432426015423643 0.2328779847569926 0.3823877541642003 0.3308041274431726 0.07459133946274266 0.40304417908254464 0.40745369383390184 0.1149160524482445 0.07459133932224728 0.4623462828495928 0.4377808005968471 0.0745913397437841 0.34709244867968203
10 0.2765103008815 0.24749151759140806 0.017842821419840907 0.21949446458144983 0.32113801177481177 0.3410515171274535 0.3301459408801888 0.40682309360004165 0.16156271780583625 0.4767610421896416 0.30831096840715777 0.021073950589593528 0.4365833922925732 0.48032941791051104 0.02733367365879968 0.021073950455073938 0.5488717023777908 0.2952938978325525 0.021073950997043078 0.3994094693629292
62 0.21128821749085974 0.1850184884615574 0.1306561819139092 0.17404584830381073 0.5441142873809219 0.25499722553653764 0.376940570835783 0.29328916082544293 0.8558223722641474 0.13524248428185265 0.31839207914661355 0.11364788520295832 0.340868413980876 0.22223588219206258 0.21394419423189348 0.11364788523883015 0.16156271776460174 0.2645933684290456 0.11364788572200331 0.29371403911710753
12 0.27564460021181914 0.2961768505111347 0.0284044828571976 0.30854657255741696 0.21486652217439706 0.4160992104940705 0.3301658918541965 0.3799151718895223 0.1352424842852414 0.5741987852582566 0.36169019105115163 0.036014039199568935 0.35533075779887524 0.4561077629695542 0.01471553729485675 0.036014039057499156 0.4767610421826603 0.2429237073860595 0.036014039760783025 0.40510602255831446
55 0.275544901592443 0.2776067123620435 0.029415663392111855 0.27178988666162396 0.2538065963801582 0.39748579643161475 0.3528709708825293 0.4055456413503832 0.18664279914287218 0.49512905549538044 0.3539650475490556 0.029944137787008905 0.41300979540750365 0.47764727479495045 0.024621003668393027 0.029944137574391166 0.49118700944321864 0.25815616126191243 0.02994413844438399 0.38166418474820474
11 0.3933454141924782 0.4017846681013783 0.07235379703930009 0.3909253452972292 0.13489668338344377 0.42895410562239983 0.3117029608675309 0.26468799721028885 0.14488807437067613 0.5703297332643152 0.31190397175798673 0.09992481610167732 0.28667353828566483 0.4150890090442133 0.06534503072043761 0.09992481594609108 0.4118967664815963 0.338798661895144 0.09992481669305685 0.3703425714964648
26 0.12207818268449519 0.15242177088785028 7.900115018081642e-05 0.18425335061795106 0.526880138105377 0.30345935978135263 0.3060946697390653 0.5110851559145585 0.22063300464843355 0.3546407426129742 0.34854665483780145 -0.01072650613794702 0.4539534311482444 0.4126080041155897 -0.016790568292332508 -0.010726506112562872 0.45760389990332545 0.09324751944146165 -0.010726505927667182 0.5588797839281907
35 0.3447081645998309 0.3758810215419295 0.11609495806498472 0.3991561370575116 0.18499026104879904 0.4516603879815891 0.3907763242211495 0.37477950733082777 0.2549972255985599 0.41609921049576465 0.43703175814301853 0.12032984423749295 0.3184777052846838 0.3763091602111501 0.09296457302194515 0.12032984419487956 0.34105151709952347 0.3047835124833888 0.12032984464124202 0.3197137455610325
23 0.34349571821125624 0.32662390793100643 0.11749747816626599 0.307571966807259 0.26455443198541184 0.3907763242011345 0.4306645494090712 0.38719555828443447 0.37694057090934097 0.3301658919322237 0.41457821191343636 0.10440171116873151 0.37952657073807017 0.3643569462066933 0.1328320118545464 0.10440171119725737 0.33014594092346944 0.3599520222755511 0.10440171189810027 0.34664578843942434
66 0.22169525667086734 0.1961124873024422 0.04541094329065968 0.1766850563199224 0.5305884445476446 0.30208155701007927 0.38247780851997676 0.44172675862422683 0.46127133380608565 0.2639854228083235 0.34998837848661646 0.040373680605381435 0.47197414517045017 0.37032456029197397 0.048663218052677114 0.04037368052780729 0.3421645138033903 0.24844497537201982 0.040373680732338255 0.46261346493032335
52 0.2356150535825643 0.25761178311372707 0.6116295672135533 0.2746987213569895 0.03595781234099831 0.1160949581967462 0.11749747808837663 0.0387531389475553 0.13065618195083206 0.02840448286096372 0.12729598800405909 0.5911055430908516 0.03370884013480411 0.029982856340130044 0.5177218381121759 0.5911055431332273 0.017842821440975723 0.2137569228449002 0.591105543146289 0.0105913213791439
13 0.392215373282629 0.3704277737921071 0.07816378802793149 0.341147297935813 0.17634165575758767 0.3940554508646991 0.34316434091811315 0.28704945366305384 0.193646816135312 0.5301669847361697 0.3276935796373447 0.09712988942309117 0.3118407977002918 0.3848546541701681 0.08372751199781259 0.09712988965328585 0.3892091209013038 0.38529104702283024 0.0971298898685349 0.43599140045395185
37 0.199599543357917 0.2003537933362697 0.008674981515950864 0.19549882197201549 0.3622994295055009 0.34057386606395884 0.3444337275673008 0.43476753096316156 0.23364029059471417 0.4652198342472017 0.3374874672166803 0.0050561472078720915 0.4338022113133252 0.443747579695808 -0.007304262088933605 0.005056147061215915 0.44907652138802023 0.199891834465016 0.0050561479591098215 0.5612901610099758
22 0.3281032486838232 0.3510016306290129 0.12729598784260007 0.3733599091568406 0.22194322133736785 0.43703175796512506 0.4145782117431124 0.3958349160587041 0.31839207901170374 0.36169019097974314 0.46098955069342085 0.12415618971909036 0.3271088668185592 0.3502496625091452 0.10897126162587038 0.12415618966600056 0.30831096832572197 0.31426367754062706 0.12415619041283887 0.344110822905
31 0.374961010529039 0.3415337795316347 0.0698013478919139 0.3110360690188107 0.26516951124600513 0.37670537362099527 0.3634042970551105 0.3778839182379162 0.19229644333562254 0.4203874636895883 0.3545973605338124 0.0859394147056443 0.3742692497703439 0.41212496142251753 0.09828463921794019 0.08593941443637433 0.4492332011077568 0.4004415705697991 0.08593941500887776 0.332738158442851
20 0.27266900159885926 0.26219503597478905 0.029982856229666836 0.2460757005672746 0.2956451533486926 0.3763091600335346 0.364356945996122 0.4188567899576676 0.22223588196865332 0.4561077628161831 0.35024966243577843 0.029291952751336083 0.43568987403928183 0.46831041672919255 0.02929104854264835 0.029291952661911726 0.48032941775199867 0.27019297944654375 0.02929195353558114 0.4023067082603653
41 0.15667337064606165 0.13074598077842373 0.035957812309483424 0.1164933723320326 0.8456949341274578 0.18499026094706764 0.2645544319329467 0.3627995160753209 0.5441142873676754 0.21486652216321933 0.22194322140791217 0.039008135327391044 0.42301282458864947 0.2956451534789364 0.049265008190194394 0.03900813527133371 0.32113801173835904 0.20189665178061414 0.039008135768307244 0.42865477157831566
57 0.24770935704116212 0.2973198253952043 0.04072270459487087 0.34166853459812047 0.2341253447248024 0.45615379221635477 0.36065969300108996 0.4419133273081283 0.18816806152333143 0.48807547821554736 0.4387792790101052 0.04975026112218204 0.3430098785803029 0.43059574076395946 0.018434650103679447 0.049750261072880476 0.4123349591098958 0.2039054752500593 0.04975026152476818 0.39371084336201156
33 0.2788782826631542 0.2305184066633295 0.5177218381151131 0.19257460620564784 0.04926500819207646 0.09296457298599241 0.13283201178478096 0.03391405852509541 0.21394419422903405 0.01471553728926073 0.10897126168062236 0.4159254247408536 0.0416013107632789 0.02929104864191038 0.9161485591805062 0.4159254245054315 0.027333673643215345 0.33846936974736885 0.41592542483097444 -0.005708645541288638
18 0.2681351211223295 0.2632964090978383 0.028517819306765377 0.2569364365607857 0.2898099997116826 0.37524933280442396 0.35275789442552785 0.40543484415711195 0.19294100341354675 0.5076164487218594 0.36339000655769316 0.03962264337405452 0.37082415880924274 0.4194155766445455 0.021172565143157903 0.03962264325735259 0.4385435405024288 0.2799548739287186 0.039622644106200394 0.5118282187320391
36 0.2478815707913119 0.2463203455846929 0.03875313895820946 0.24499188703907965 0.36279951610908956 0.3747795073411027 0.3871955582508139 0.462069668842626 0.29328916086004175 0.37991517190964064 0.39583491616706823 0.041065778017488105 0.4296734585692981 0.4188567901437384 0.0339140585540417 0.0410657779415424 0.40682309361214725 0.25376715006797707 0.041065778568896046 0.4445609527986325
67 0.21128821749085974 0.1850184884615574 0.1306561819139092 0.17404584830381073 0.5441142873809219 0.25499722553653764 0.376940570835783 0.29328916082544293 0.8558223722641474 0.13524248428185265 0.31839207914661355 0.11364788520295832 0.340868413980876 0.22223588219206258 0.21394419423189348 0.11364788523883015 0.16156271776460174 0.2645933684290456 0.11364788572200331 0.29371403911710753
21 0.3281032486838232 0.3510016306290129 0.12729598784260007 0.3733599091568406 0.22194322133736785 0.43703175796512506 0.4145782117431124 0.3958349160587041 0.31839207901170374 0.36169019097974314 0.46098955069342085 0.12415618971909036 0.3271088668185592 0.3502496625091452 0.10897126162587038 0.12415618966600056 0.30831096832572197 0.31426367754062706 0.12415619041283887 0.344110822905
69 0.2646831423052865 0.2786361144128666 0.3739802903966493 0.3233846956637854 0.13657029917969768 0.3279120580296275 0.3889731828945015 0.195901823280309 0.6684055295168817 0.10328721540852526 0.4404769925065033 0.30520989694207046 0.1473630092691644 0.09858833022778354 0.4616143051659487 0.3052098967450894 0.10840404915257716 0.26316815620324735 0.30520989672594123 0.18858627113195223
