id,x_0,x_1,x_2,x_3,x_4,x_5,x_6,x_7,x_8,x_9
0.0,0.013230214921878824,0.05274286490432478,0.8697774524403872,0.6203552055828512,2.220446049250313e-16,2.220446049250313e-16,0.09036592622338237,2.220446049250313e-16,0.6982430567826047,0.19252923577205813
1.0,2.220446049250313e-16,0.7497337043940066,2.220446049250313e-16,0.6257046041753402,0.7050372574506658,0.06534028437137927,2.220446049250313e-16,2.220446049250313e-16,2.220446049250313e-16,2.220446049250313e-16
2.0,0.009671543042358325,0.03417717516461516,0.8853768468814968,2.220446049250313e-16,2.220446049250313e-16,0.1880037049082484,0.03913745612564853,2.220446049250313e-16,0.9294204810174983,0.18291419195657826
3.0,2.220446049250313e-16,1.035242960044334,2.220446049250313e-16,2.220446049250313e-16,0.42946562366698177,0.0031779616805672393,0.03638560142844457,2.220446049250313e-16,2.220446049250313e-16,0.03617198642032951
4.0,2.220446049250313e-16,0.15035089535693338,0.22775778314456363,0.2900270381355456,2.220446049250313e-16,2.220446049250313e-16,0.8103713040273388,2.220446049250313e-16,0.30950552489502814,2.220446049250313e-16
5.0,2.220446049250313e-16,1.035242960044334,2.220446049250313e-16,2.220446049250313e-16,0.42946562366698177,0.0031779616805672393,0.03638560142844457,2.220446049250313e-16,2.220446049250313e-16,0.03617198642032951
6.0,0.011259510368915794,0.051036285792753655,0.8807546488391567,0.3352002006138132,2.220446049250313e-16,0.01303847766929549,0.0472734347604028,2.220446049250313e-16,0.8262634019860732,0.18892403748147865
7.0,2.220446049250313e-16,0.8903666892834204,2.220446049250313e-16,2.220446049250313e-16,0.668291683574137,0.03212372955341594,0.03513603893684348,2.220446049250313e-16,2.220446049250313e-16,0.03985129318022686
8.0,2.220446049250313e-16,2.220446049250313e-16,0.1794474595618764,0.5605294706616208,0.006970310647910994,0.04154397008294143,1.1009856911708389,2.220446049250313e-16,0.058384575317038286,0.043178603639967277
9.0,2.220446049250313e-16,1.035242960044334,2.220446049250313e-16,2.220446049250313e-16,0.42946562366698177,0.0031779616805672393,0.03638560142844457,2.220446049250313e-16,2.220446049250313e-16,0.03617198642032951
10.0,2.220446049250313e-16,0.08613818876176253,0.3409669882598517,0.31220531078103547,2.220446049250313e-16,2.220446049250313e-16,0.4357198147069566,2.220446049250313e-16,0.7077867368496047,0.14586234635273937
11.0,2.220446049250313e-16,0.8253721051653675,2.220446049250313e-16,0.2844529386908887,0.6844772827857425,0.043080384039077116,0.0549523049351394,2.220446049250313e-16,2.220446049250313e-16,2.220446049250313e-16
12.0,0.01123029109664136,0.052055680061131704,0.8692369157489709,0.2823471455762689,2.220446049250313e-16,2.220446049250313e-16,0.09052489163762051,2.220446049250313e-16,0.8281615359897427,0.18309996932034744
13.0,2.220446049250313e-16,1.1116803399593371,0.23563446279822897,2.220446049250313e-16,0.16711831854302509,2.220446049250313e-16,2.220446049250313e-16,2.220446049250313e-16,2.220446049250313e-16,0.0390578361946148
14.0,2.220446049250313e-16,0.015566351328318505,0.15237349595359956,0.2170246433308383,0.0009652997519360175,0.02959733249899171,1.1940000424565158,2.220446049250313e-16,0.04935678810255799,0.03128041684636555
15.0,0.6075946063337975,0.9684412108146093,0.26099017874145325,2.220446049250313e-16,0.2037753276037686,0.022580362581519818,2.220446049250313e-16,2.220446049250313e-16,2.220446049250313e-16,2.220446049250313e-16
16.0,2.220446049250313e-16,2.220446049250313e-16,0.1794474595618764,0.5605294706616208,0.006970310647910994,0.04154397008294143,1.1009856911708389,2.220446049250313e-16,0.058384575317038286,0.043178603639967277
17.0,2.220446049250313e-16,0.21611705297538147,0.1534983261247891,2.220446049250313e-16,2.220446049250313e-16,0.20738207285567842,1.0550607347677072,2.220446049250313e-16,2.220446049250313e-16,0.11424306440573288
18.0,2.220446049250313e-16,2.220446049250313e-16,0.1794474595618764,0.5605294706616208,0.006970310647910994,0.04154397008294143,1.1009856911708389,2.220446049250313e-16,0.058384575317038286,0.043178603639967277
19.0,2.220446049250313e-16,1.1116803399593371,0.23563446279822897,2.220446049250313e-16,0.16711831854302509,2.220446049250313e-16,2.220446049250313e-16,2.220446049250313e-16,2.220446049250313e-16,0.0390578361946148
20.0,0.2986984080534019,0.07676210911304666,2.220446049250313e-16,2.220446049250313e-16,0.7952720831694027,2.220446049250313e-16,0.048328618555633286,0.1104611550519654,0.0006447219302956651,1.0869569529673833
21.0,0.007639550381331929,2.220446049250313e-16,2.220446049250313e-16,2.220446049250313e-16,2.220446049250313e-16,0.11000149369325163,0.4256719094572757,2.220446049250313e-16,1.0614222067578907,2.220446049250313e-16
22.0,0.6268787184474388,2.220446049250313e-16,2.220446049250313e-16,1.6653345369377348e-16,2.220446049250313e-16,2.220446049250313e-16,2.220446049250313e-16,0.9391898543403876,0.09648544750729024,0.2575290883964252
23.0,0.6268787184474388,2.220446049250313e-16,2.220446049250313e-16,1.6653345369377348e-16,2.220446049250313e-16,2.220446049250313e-16,2.220446049250313e-16,0.9391898543403876,0.09648544750729024,0.2575290883964252
24.0,0.6071847458687045,0.013801440887170169,2.220446049250313e-16,2.220446049250313e-16,0.8115181485681342,2.220446049250313e-16,0.043857740909366505,0.11958317598972874,7.956532012243361e-05,1.0195677526826254
25.0,0.015951466805605725,0.23926734527208426,2.220446049250313e-16,2.220446049250313e-16,0.8640140159203087,0.48483057779768435,0.018970511697785696,2.220446049250313e-16,0.5214658706658837,2.220446049250313e-16
26.0,2.220446049250313e-16,0.24820536825765788,2.220446049250313e-16,2.220446049250313e-16,0.6597010870654743,0.8097432549877234,0.02317126504650153,0.14396403243658157,0.3354000518228235,2.220446049250313e-16
27.0,2.220446049250313e-16,0.03139034439685191,0.7127355955180293,2.220446049250313e-16,0.06685700231166702,0.5204223214339531,0.083271552195864,0.15750249738572278,0.6963993952084971,2.220446049250313e-16
28.0,2.220446049250313e-16,0.217721034846312,2.220446049250313e-16,2.220446049250313e-16,2.220446049250313e-16,0.9581922019924332,0.03990336644773409,0.696203137998406,0.08250761222723314,2.220446049250313e-16
29.0,2.220446049250313e-16,0.217721034846312,2.220446049250313e-16,2.220446049250313e-16,2.220446049250313e-16,0.9581922019924332,0.03990336644773409,0.696203137998406,0.08250761222723314,2.220446049250313e-16
30.0,0.30834083967938963,0.28388751274559476,0.7649156061635022,2.220446049250313e-16,2.220446049250313e-16,2.220446049250313e-16,0.4137823810223138,0.0491546858549392,2.220446049250313e-16,0.29846261518399425
31.0,0.007639550381331929,2.220446049250313e-16,2.220446049250313e-16,2.220446049250313e-16,2.220446049250313e-16,0.11000149369325163,0.4256719094572757,2.220446049250313e-16,1.0614222067578907,2.220446049250313e-16
32.0,0.6268787184474388,2.220446049250313e-16,2.220446049250313e-16,1.6653345369377348e-16,2.220446049250313e-16,2.220446049250313e-16,2.220446049250313e-16,0.9391898543403876,0.09648544750729024,0.2575290883964252
33.0,0.6268787184474388,2.220446049250313e-16,2.220446049250313e-16,1.6653345369377348e-16,2.220446049250313e-16,2.220446049250313e-16,2.220446049250313e-16,0.9391898543403876,0.09648544750729024,0.2575290883964252
34.0,0.6268787184474388,2.220446049250313e-16,2.220446049250313e-16,1.6653345369377348e-16,2.220446049250313e-16,2.220446049250313e-16,2.220446049250313e-16,0.9391898543403876,0.09648544750729024,0.2575290883964252
35.0,0.019946030581475694,0.21595774119711236,2.220446049250313e-16,2.220446049250313e-16,0.867504023691834,0.7050698290726422,0.14999910084460952,2.220446049250313e-16,0.26197216180160954,2.220446049250313e-16
36.0,0.01567013855266425,0.27507560413984744,2.220446049250313e-16,2.220446049250313e-16,0.6529880575103577,0.5195172217211996,0.020259131575752414,0.11511760506124143,0.5141870530251703,2.220446049250313e-16
37.0,2.220446049250313e-16,2.220446049250313e-16,0.7189287234561257,2.220446049250313e-16,0.2767724391366044,0.48767800093937486,0.08070386513134507,0.025403737602831735,0.7037988455935976,2.220446049250313e-16
38.0,2.220446049250313e-16,0.21215424305388253,2.220446049250313e-16,2.220446049250313e-16,0.8707844907169255,0.7778930437867916,0.02172912981753052,0.01181784793234288,0.3425740443513014,2.220446049250313e-16
39.0,2.220446049250313e-16,0.217721034846312,2.220446049250313e-16,2.220446049250313e-16,2.220446049250313e-16,0.9581922019924332,0.03990336644773409,0.696203137998406,0.08250761222723314,2.220446049250313e-16
40.0,0.6075946063337974,0.5089326345916169,0.7196760258145993,2.220446049250313e-16,2.220446049250313e-16,0.0764686111331712,0.3464402304431611,2.220446049250313e-16,2.220446049250313e-16,0.1338009370104344
41.0,2.220446049250313e-16,0.015566351328318505,0.15237349595359956,0.2170246433308383,0.0009652997519360175,0.02959733249899171,1.1940000424565158,2.220446049250313e-16,0.04935678810255799,0.03128041684636555
42.0,2.220446049250313e-16,0.015566351328318505,0.15237349595359956,0.2170246433308383,0.0009652997519360175,0.02959733249899171,1.1940000424565158,2.220446049250313e-16,0.04935678810255799,0.03128041684636555
43.0,0.6075946063337975,0.9684412108146093,0.26099017874145325,2.220446049250313e-16,0.2037753276037686,0.022580362581519818,2.220446049250313e-16,2.220446049250313e-16,2.220446049250313e-16,2.220446049250313e-16
44.0,0.6075946063337975,0.9684412108146093,0.26099017874145325,2.220446049250313e-16,0.2037753276037686,0.022580362581519818,2.220446049250313e-16,2.220446049250313e-16,2.220446049250313e-16,2.220446049250313e-16
45.0,0.30850880944118425,1.0464776853598436,0.2471780302919207,2.220446049250313e-16,0.18381619917480416,0.006525100830691661,2.220446049250313e-16,2.220446049250313e-16,2.220446049250313e-16,2.220446049250313e-16
46.0,2.220446049250313e-16,0.24752747415459256,0.7025350305220939,0.30316028401449246,2.220446049250313e-16,0.2577973740219607,0.5885149761334307,2.220446049250313e-16,2.220446049250313e-16,0.17451017829279622
47.0,0.010394167523900594,0.022058796362263267,0.714716554688295,2.220446049250313e-16,0.2712738591087911,0.19781889711131806,0.07861718975899924,2.220446049250313e-16,0.8824775562445387,2.220446049250313e-16
48.0,2.220446049250313e-16,0.23481752243164106,2.220446049250313e-16,0.3352850435231085,2.220446049250313e-16,0.7755065631149832,0.04584020671627845,0.7086900333007818,2.220446049250313e-16,2.220446049250313e-16
49.0,2.220446049250313e-16,0.23481752243164106,2.220446049250313e-16,0.3352850435231085,2.220446049250313e-16,0.7755065631149832,0.04584020671627845,0.7086900333007818,2.220446049250313e-16,2.220446049250313e-16
50.0,2.220446049250313e-16,0.16531602497348225,2.220446049250313e-16,0.6220768706446711,0.7722240720144872,2.220446049250313e-16,0.06128230957604177,0.05272160519494952,0.01245329577634935,0.8527230771729273
51.0,2.220446049250313e-16,0.03628617924759966,0.137838716399589,2.220446049250313e-16,2.220446049250313e-16,0.4115074914154134,0.07425155182008507,0.0015390013534708794,0.9637313826742684,0.1752616955685434
52.0,2.220446049250313e-16,2.220446049250313e-16,2.220446049250313e-16,0.6257046041753405,2.220446049250313e-16,0.13858678703160307,2.220446049250313e-16,0.9787856760394644,2.220446049250313e-16,0.24939976471739464
53.0,2.220446049250313e-16,2.220446049250313e-16,2.220446049250313e-16,0.6257046041753405,2.220446049250313e-16,0.13858678703160307,2.220446049250313e-16,0.9787856760394644,2.220446049250313e-16,0.24939976471739464
54.0,2.220446049250313e-16,2.220446049250313e-16,2.220446049250313e-16,0.6257046041753405,2.220446049250313e-16,0.13858678703160307,2.220446049250313e-16,0.9787856760394644,2.220446049250313e-16,0.24939976471739464
55.0,0.6075946063337974,0.5089326345916169,0.7196760258145993,2.220446049250313e-16,2.220446049250313e-16,0.0764686111331712,0.3464402304431611,2.220446049250313e-16,2.220446049250313e-16,0.1338009370104344
56.0,2.220446049250313e-16,0.015566351328318505,0.15237349595359956,0.2170246433308383,0.0009652997519360175,0.02959733249899171,1.1940000424565158,2.220446049250313e-16,0.04935678810255799,0.03128041684636555
57.0,2.220446049250313e-16,0.015566351328318505,0.15237349595359956,0.2170246433308383,0.0009652997519360175,0.029597332498991876,1.1940000424565156,2.220446049250313e-16,0.049356788102558,0.03128041684636554
58.0,0.6075946063337975,0.9684412108146093,0.26099017874145325,2.220446049250313e-16,0.2037753276037686,0.022580362581519818,2.220446049250313e-16,2.220446049250313e-16,2.220446049250313e-16,2.220446049250313e-16
59.0,0.6075946063337975,0.9684412108146093,0.26099017874145325,2.220446049250313e-16,0.2037753276037686,0.022580362581519818,2.220446049250313e-16,2.220446049250313e-16,2.220446049250313e-16,2.220446049250313e-16
60.0,2.220446049250313e-16,0.14993671586279309,2.220446049250313e-16,2.220446049250313e-16,0.7749143435478951,2.220446049250313e-16,0.119469078257947,0.11269313891276979,2.220446049250313e-16,1.075061028674554
61.0,2.220446049250313e-16,0.03628617924759966,0.137838716399589,2.220446049250313e-16,2.220446049250313e-16,0.4115074914154134,0.07425155182008507,0.0015390013534708794,0.9637313826742684,0.1752616955685434
62.0,2.220446049250313e-16,2.220446049250313e-16,2.220446049250313e-16,0.6257046041753405,2.220446049250313e-16,0.13858678703160307,2.220446049250313e-16,0.9787856760394644,2.220446049250313e-16,0.24939976471739464
63.0,2.220446049250313e-16,2.220446049250313e-16,2.220446049250313e-16,0.6257046041753405,2.220446049250313e-16,0.13858678703160307,2.220446049250313e-16,0.9787856760394644,2.220446049250313e-16,0.24939976471739464
64.0,2.220446049250313e-16,2.220446049250313e-16,2.220446049250313e-16,0.6257046041753405,2.220446049250313e-16,0.13858678703160307,2.220446049250313e-16,0.9787856760394644,2.220446049250313e-16,0.24939976471739464
65.0,0.6071847458687045,0.013801440887170169,2.220446049250313e-16,2.220446049250313e-16,0.8115181485681342,2.220446049250313e-16,0.043857740909366505,0.11958317598972874,7.956532012243361e-05,1.0195677526826254
66.0,0.007639550381331929,2.220446049250313e-16,2.220446049250313e-16,2.220446049250313e-16,2.220446049250313e-16,0.11000149369325163,0.4256719094572757,2.220446049250313e-16,1.0614222067578907,2.220446049250313e-16
67.0,0.6042543893577249,2.220446049250313e-16,2.220446049250313e-16,4.440892098500626e-16,2.220446049250313e-16,0.13879647064474018,2.220446049250313e-16,0.9774813894619149,2.220446049250313e-16,0.24989811549072777
68.0,2.220446049250313e-16,0.5798604521760254,2.220446049250313e-16,0.621041234244352,0.7462615053784304,0.24756056469041257,0.07877703181956563,2.220446049250313e-16,2.220446049250313e-16,2.220446049250313e-16
69.0,0.6042543893577249,2.220446049250313e-16,2.220446049250313e-16,4.440892098500626e-16,2.220446049250313e-16,0.13879647064474018,2.220446049250313e-16,0.9774813894619149,2.220446049250313e-16,0.24989811549072777
