id,x_0,x_1,x_2,x_3,x_4,x_5,x_6,x_7,x_8,x_9
0.0,0.7162027839627747,0.008888692107101859,0.0009809780841622518,2.220446049250313e-16,2.220446049250313e-16,0.2078021492176307,0.5831103135540842,0.37415852898376695,2.220446049250313e-16,2.220446049250313e-16
1.0,2.220446049250313e-16,2.220446049250313e-16,2.220446049250313e-16,2.220446049250313e-16,0.7285356627174424,0.6231458317458393,0.6878705512573281,0.08332302068910986,2.220446049250313e-16,2.220446049250313e-16
2.0,0.5755128959102769,2.220446049250313e-16,0.6598952817458356,0.5394078272762569,2.220446049250313e-16,2.220446049250313e-16,2.220446049250313e-16,0.09044207343372478,2.220446049250313e-16,0.15149579417431305
3.0,2.220446049250313e-16,2.220446049250313e-16,2.220446049250313e-16,0.45729208472338345,0.7372342484350488,0.6393271113990443,0.414054345745863,0.0634325987457396,2.220446049250313e-16,2.220446049250313e-16
4.0,0.5755128959102769,2.220446049250313e-16,0.6598952817458356,0.5394078272762569,2.220446049250313e-16,2.220446049250313e-16,2.220446049250313e-16,0.09044207343372478,2.220446049250313e-16,0.15149579417431305
5.0,2.220446049250313e-16,2.220446049250313e-16,2.220446049250313e-16,0.45729208472338345,0.7372342484350488,0.6393271113990443,0.414054345745863,0.0634325987457396,2.220446049250313e-16,2.220446049250313e-16
6.0,0.5755128959102769,2.220446049250313e-16,0.6598952817458356,0.5394078272762569,2.220446049250313e-16,2.220446049250313e-16,2.220446049250313e-16,0.09044207343372478,2.220446049250313e-16,0.15149579417431305
7.0,2.220446049250313e-16,2.220446049250313e-16,2.220446049250313e-16,0.45729208472338345,0.7372342484350488,0.6393271113990443,0.414054345745863,0.0634325987457396,2.220446049250313e-16,2.220446049250313e-16
8.0,0.5755128959102769,2.220446049250313e-16,0.6598952817458356,0.5394078272762569,2.220446049250313e-16,2.220446049250313e-16,2.220446049250313e-16,0.09044207343372478,2.220446049250313e-16,0.15149579417431305
9.0,2.220446049250313e-16,2.220446049250313e-16,2.220446049250313e-16,0.4574386083498308,0.7438051262208153,0.6530864917668389,0.13361685831901235,0.06093652467180561,0.20043452182804022,2.220446049250313e-16
10.0,0.576021948807548,2.220446049250313e-16,0.8210213935223946,0.4610156819115668,2.220446049250313e-16,2.220446049250313e-16,2.220446049250313e-16,2.220446049250313e-16,2.220446049250313e-16,0.14726330100592497
11.0,2.220446049250313e-16,2.220446049250313e-16,2.220446049250313e-16,0.4574386083498308,0.7438051262208153,0.6530864917668389,0.13361685831901235,0.06093652467180561,0.20043452182804022,2.220446049250313e-16
12.0,2.220446049250313e-16,2.220446049250313e-16,0.8183183437162711,0.46101568191156683,0.5300707817203739,2.220446049250313e-16,2.220446049250313e-16,2.220446049250313e-16,2.220446049250313e-16,0.1477474546622457
13.0,2.220446049250313e-16,0.004241275834984259,2.220446049250313e-16,0.4995407214907429,0.09301008825253514,0.48853945430147394,2.220446049250313e-16,0.7695902188002108,2.220446049250313e-16,0.1487459964800904
14.0,2.220446049250313e-16,2.220446049250313e-16,0.8183183437162711,0.46101568191156683,0.5300707817203739,2.220446049250313e-16,2.220446049250313e-16,2.220446049250313e-16,2.220446049250313e-16,0.1477474546622457
15.0,2.220446049250313e-16,0.004241275834984259,2.220446049250313e-16,0.4995407214907429,0.09301008825253514,0.48853945430147394,2.220446049250313e-16,0.7695902188002108,2.220446049250313e-16,0.1487459964800904
16.0,2.220446049250313e-16,2.220446049250313e-16,0.8183183437162711,0.46101568191156683,0.5300707817203739,2.220446049250313e-16,2.220446049250313e-16,2.220446049250313e-16,2.220446049250313e-16,0.1477474546622457
17.0,2.220446049250313e-16,2.220446049250313e-16,2.220446049250313e-16,0.5115649967455409,0.1473961441574414,0.5776149707563668,0.1516606085773589,0.5647530710371644,2.220446049250313e-16,0.20452326138948534
18.0,0.27787228736606984,2.220446049250313e-16,0.8238997275482535,0.46101568191156667,0.2574923821017356,2.220446049250313e-16,2.220446049250313e-16,2.220446049250313e-16,2.220446049250313e-16,0.1467477515182405
19.0,2.220446049250313e-16,2.220446049250313e-16,2.220446049250313e-16,2.220446049250313e-16,0.7285356627174424,0.6231458317458393,0.6878705512573281,0.08332302068910986,2.220446049250313e-16,2.220446049250313e-16
20.0,0.6757402886756935,2.220446049250313e-16,0.001718691806204098,2.220446049250313e-16,0.007922948197546615,0.6382027441142074,0.7461875732816787,0.010855149127711282,2.220446049250313e-16,2.220446049250313e-16
21.0,0.7174350695733679,2.220446049250313e-16,0.0013211845943903455,2.220446049250313e-16,2.220446049250313e-16,0.29385542483280463,0.7616909071884338,0.18329081077106715,2.220446049250313e-16,2.220446049250313e-16
22.0,0.7174350695733679,2.220446049250313e-16,0.0013211845943903455,2.220446049250313e-16,2.220446049250313e-16,0.29385542483280463,0.7616909071884338,0.18329081077106715,2.220446049250313e-16,2.220446049250313e-16
23.0,0.28197566397715773,2.220446049250313e-16,2.220446049250313e-16,2.220446049250313e-16,0.43968753298321406,0.5624568700037059,0.5078414084360079,0.1169086086775948,0.20661758604712926,2.220446049250313e-16
24.0,0.7174350695733679,2.220446049250313e-16,0.0013211845943903455,2.220446049250313e-16,2.220446049250313e-16,0.29385542483280463,0.7616909071884338,0.18329081077106715,2.220446049250313e-16,2.220446049250313e-16
25.0,2.220446049250313e-16,2.220446049250313e-16,0.04317627116026293,2.220446049250313e-16,2.220446049250313e-16,2.220446049250313e-16,0.5524596156236241,0.19864376196119551,0.43271553010565916,0.9012197628835068
26.0,0.575612670558196,0.1558194923583498,0.8511989976388832,2.220446049250313e-16,2.220446049250313e-16,2.220446049250313e-16,2.220446049250313e-16,2.220446049250313e-16,2.220446049250313e-16,0.14185807416219262
27.0,2.220446049250313e-16,0.7650448538827365,0.005675048755854062,2.220446049250313e-16,2.220446049250313e-16,2.220446049250313e-16,2.220446049250313e-16,2.220446049250313e-16,0.7595890926560744,2.220446049250313e-16
28.0,2.220446049250313e-16,0.7650448538827365,0.005675048755854062,2.220446049250313e-16,2.220446049250313e-16,2.220446049250313e-16,2.220446049250313e-16,2.220446049250313e-16,0.7595890926560744,2.220446049250313e-16
29.0,2.220446049250313e-16,0.7650448538827365,0.005675048755854062,2.220446049250313e-16,2.220446049250313e-16,2.220446049250313e-16,2.220446049250313e-16,2.220446049250313e-16,0.7595890926560744,2.220446049250313e-16
30.0,2.220446049250313e-16,2.220446049250313e-16,0.043142176507834015,2.220446049250313e-16,2.220446049250313e-16,0.01354897760174123,0.4548962919197035,0.1968657117207284,0.4265324658865701,0.9017100337395644
31.0,0.575612670558196,0.1558194923583498,0.8511989976388832,2.220446049250313e-16,2.220446049250313e-16,2.220446049250313e-16,2.220446049250313e-16,2.220446049250313e-16,2.220446049250313e-16,0.14185807416219262
32.0,2.220446049250313e-16,0.7650448538827365,0.005675048755854062,2.220446049250313e-16,2.220446049250313e-16,2.220446049250313e-16,2.220446049250313e-16,2.220446049250313e-16,0.7595890926560744,2.220446049250313e-16
33.0,2.220446049250313e-16,0.7650448538827365,0.005675048755854062,2.220446049250313e-16,2.220446049250313e-16,2.220446049250313e-16,2.220446049250313e-16,2.220446049250313e-16,0.7595890926560744,2.220446049250313e-16
34.0,2.220446049250313e-16,0.7650448538827365,0.005675048755854062,2.220446049250313e-16,2.220446049250313e-16,2.220446049250313e-16,2.220446049250313e-16,2.220446049250313e-16,0.7595890926560744,2.220446049250313e-16
35.0,2.220446049250313e-16,2.220446049250313e-16,2.220446049250313e-16,0.45729208472338345,0.7372342484350488,0.6393271113990443,0.414054345745863,0.0634325987457396,2.220446049250313e-16,2.220446049250313e-16
36.0,0.7232424672114484,0.003261371492011722,0.0011366817873851359,2.220446049250313e-16,2.220446049250313e-16,0.22151616640534186,0.3026542040832826,0.3723260459728934,0.20033047373357024,2.220446049250313e-16
37.0,0.6770198877854037,2.220446049250313e-16,0.7244502301862974,2.220446049250313e-16,2.220446049250313e-16,2.220446049250313e-16,0.31437185208144197,2.220446049250313e-16,2.220446049250313e-16,2.220446049250313e-16
38.0,2.220446049250313e-16,0.3952077535387029,2.220446049250313e-16,2.220446049250313e-16,2.220446049250313e-16,2.220446049250313e-16,0.2796238260115581,0.2548205820147509,0.5709535473167116,0.11746207896754163
39.0,2.220446049250313e-16,0.3952077535387029,2.220446049250313e-16,2.220446049250313e-16,2.220446049250313e-16,2.220446049250313e-16,0.2796238260115581,0.2548205820147509,0.5709535473167116,0.11746207896754163
40.0,2.220446049250313e-16,2.220446049250313e-16,0.043142176507834015,2.220446049250313e-16,2.220446049250313e-16,0.01354897760174123,0.4548962919197035,0.1968657117207284,0.4265324658865701,0.9017100337395644
41.0,0.575612670558196,0.1558194923583498,0.8511989976388832,2.220446049250313e-16,2.220446049250313e-16,2.220446049250313e-16,2.220446049250313e-16,2.220446049250313e-16,2.220446049250313e-16,0.14185807416219262
42.0,2.220446049250313e-16,0.7650448538827365,0.005675048755854062,2.220446049250313e-16,2.220446049250313e-16,2.220446049250313e-16,2.220446049250313e-16,2.220446049250313e-16,0.7595890926560744,2.220446049250313e-16
43.0,2.220446049250313e-16,0.7650448538827365,0.005675048755854062,2.220446049250313e-16,2.220446049250313e-16,2.220446049250313e-16,2.220446049250313e-16,2.220446049250313e-16,0.7595890926560744,2.220446049250313e-16
44.0,2.220446049250313e-16,0.7650448538827365,0.005675048755854062,2.220446049250313e-16,2.220446049250313e-16,2.220446049250313e-16,2.220446049250313e-16,2.220446049250313e-16,0.7595890926560744,2.220446049250313e-16
45.0,2.220446049250313e-16,2.220446049250313e-16,0.043142176507834015,2.220446049250313e-16,2.220446049250313e-16,0.01354897760174123,0.4548962919197035,0.1968657117207284,0.4265324658865701,0.9017100337395644
46.0,0.575612670558196,0.1558194923583498,0.8511989976388832,2.220446049250313e-16,2.220446049250313e-16,2.220446049250313e-16,2.220446049250313e-16,2.220446049250313e-16,2.220446049250313e-16,0.14185807416219262
47.0,2.220446049250313e-16,0.7650448538827365,0.005675048755854062,2.220446049250313e-16,2.220446049250313e-16,2.220446049250313e-16,2.220446049250313e-16,2.220446049250313e-16,0.7595890926560744,2.220446049250313e-16
48.0,2.220446049250313e-16,0.7650448538827365,0.005675048755854062,2.220446049250313e-16,2.220446049250313e-16,2.220446049250313e-16,2.220446049250313e-16,2.220446049250313e-16,0.7595890926560744,2.220446049250313e-16
49.0,2.220446049250313e-16,0.7650448538827365,0.005675048755854062,2.220446049250313e-16,2.220446049250313e-16,2.220446049250313e-16,2.220446049250313e-16,2.220446049250313e-16,0.7595890926560744,2.220446049250313e-16
50.0,0.014497616859166906,0.00041644405390095507,2.220446049250313e-16,0.019236640751435902,0.05262591679137159,0.12046671068191489,2.220446049250313e-16,1.098173897821848,2.220446049250313e-16,0.05927248491326191
51.0,0.014497616859166906,0.00041644405390095507,2.220446049250313e-16,0.019236640751435902,0.05262591679137159,0.12046671068191489,2.220446049250313e-16,1.098173897821848,2.220446049250313e-16,0.05927248491326191
52.0,2.220446049250313e-16,2.220446049250313e-16,0.7227437377456593,2.220446049250313e-16,0.7055497822624341,2.220446049250313e-16,2.220446049250313e-16,0.17556700893799734,2.220446049250313e-16,2.220446049250313e-16
53.0,2.220446049250313e-16,0.7592764464495001,0.005903453415036897,0.0632025359130954,2.220446049250313e-16,0.5558769726447361,2.220446049250313e-16,0.34920164187072117,2.220446049250313e-16,2.220446049250313e-16
54.0,2.220446049250313e-16,2.220446049250313e-16,2.220446049250313e-16,2.220446049250313e-16,0.7285356627174424,0.6231458317458393,0.6878705512573281,0.08332302068910986,2.220446049250313e-16,2.220446049250313e-16
55.0,0.014497616859166906,0.00041644405390095507,2.220446049250313e-16,0.019236640751435902,0.05262591679137159,0.12046671068191489,2.220446049250313e-16,1.098173897821848,2.220446049250313e-16,0.05927248491326191
56.0,0.014497616859166906,0.00041644405390095507,2.220446049250313e-16,0.019236640751435902,0.05262591679137159,0.12046671068191489,2.220446049250313e-16,1.098173897821848,2.220446049250313e-16,0.05927248491326191
57.0,2.220446049250313e-16,0.1590758036338515,0.7524126107934339,2.220446049250313e-16,0.7219295812348719,2.220446049250313e-16,2.220446049250313e-16,0.0515603770224264,2.220446049250313e-16,2.220446049250313e-16
58.0,2.220446049250313e-16,0.7592764464495001,0.005903453415036897,0.0632025359130954,2.220446049250313e-16,0.5558769726447361,2.220446049250313e-16,0.34920164187072117,2.220446049250313e-16,2.220446049250313e-16
59.0,2.220446049250313e-16,0.004241275834984259,2.220446049250313e-16,0.4995407214907429,0.09301008825253514,0.48853945430147394,2.220446049250313e-16,0.7695902188002108,2.220446049250313e-16,0.1487459964800904
60.0,0.014497616859166906,0.00041644405390095507,2.220446049250313e-16,0.019236640751435902,0.05262591679137159,0.12046671068191489,2.220446049250313e-16,1.098173897821848,2.220446049250313e-16,0.05927248491326191
61.0,0.014497616859166906,0.00041644405390095507,2.220446049250313e-16,0.019236640751435902,0.05262591679137159,0.12046671068191489,2.220446049250313e-16,1.098173897821848,2.220446049250313e-16,0.05927248491326191
62.0,2.220446049250313e-16,0.1590758036338515,0.7524126107934339,2.220446049250313e-16,0.7219295812348719,2.220446049250313e-16,2.220446049250313e-16,0.0515603770224264,2.220446049250313e-16,2.220446049250313e-16
63.0,2.220446049250313e-16,0.7592764464495001,0.005903453415036897,0.0632025359130954,2.220446049250313e-16,0.5558769726447361,2.220446049250313e-16,0.34920164187072117,2.220446049250313e-16,2.220446049250313e-16
64.0,2.220446049250313e-16,2.220446049250313e-16,0.04317627116026293,2.220446049250313e-16,2.220446049250313e-16,2.220446049250313e-16,0.5524596156236241,0.19864376196119551,0.43271553010565916,0.9012197628835068
65.0,0.016837905363529613,2.220446049250313e-16,0.15566349134385948,2.220446049250313e-16,0.07217050512664386,0.1439831795078394,2.220446049250313e-16,0.9487478635821807,2.220446049250313e-16,0.07207978679899023
66.0,0.024857936436685043,0.37073524273684777,0.18188768774800546,2.220446049250313e-16,0.10894546598759411,0.1881677240748844,2.220446049250313e-16,0.6675928466306846,2.220446049250313e-16,2.220446049250313e-16
67.0,2.220446049250313e-16,0.1568701539039597,0.7524999452407083,2.220446049250313e-16,0.4397196936982419,2.220446049250313e-16,2.220446049250313e-16,0.23868932796337902,2.220446049250313e-16,2.220446049250313e-16
68.0,2.220446049250313e-16,0.7546692452802611,0.1669225060654298,2.220446049250313e-16,2.220446049250313e-16,0.5786725601167789,2.220446049250313e-16,0.20541531397681773,2.220446049250313e-16,2.220446049250313e-16
69.0,2.220446049250313e-16,0.7546692452802611,0.1669225060654298,2.220446049250313e-16,2.220446049250313e-16,0.5786725601167789,2.220446049250313e-16,0.20541531397681773,2.220446049250313e-16,2.220446049250313e-16
