id,x_0,x_1,x_2,x_3,x_4,x_5,x_6,x_7,x_8,x_9,x_10,x_11,x_12,x_13,x_14,x_15,x_16,x_17
0.0,0.8375884191628339,2.220446049250313e-16,0.5887861116844655,2.220446049250313e-16,0.008212004559770428,0.4222268563735841,2.220446049250313e-16,2.220446049250313e-16,2.220446049250313e-16,2.220446049250313e-16,0.18666867422282396,1.0302195584517602,2.220446049250313e-16,2.220446049250313e-16,2.220446049250313e-16,2.220446049250313e-16,2.220446049250313e-16,2.220446049250313e-16
1.0,0.019943453716160634,2.220446049250313e-16,2.220446049250313e-16,0.023029098884153498,2.220446049250313e-16,0.2777669038440249,2.220446049250313e-16,2.220446049250313e-16,0.8112392770381631,0.6963688922532933,0.2389188021745965,2.220446049250313e-16,0.6991751156311471,0.09371315139607723,2.220446049250313e-16,2.220446049250313e-16,0.9347314377216515,2.220446049250313e-16
2.0,0.5684128224989822,2.220446049250313e-16,0.5884973555545003,2.220446049250313e-16,0.009898059811763591,0.09796225016110463,0.561282713956561,2.220446049250313e-16,0.6049356403088386,0.04488281256218499,2.220446049250313e-16,1.0358077521796705,2.220446049250313e-16,2.220446049250313e-16,2.220446049250313e-16,2.220446049250313e-16,2.220446049250313e-16,2.220446049250313e-16
3.0,0.000521357686601161,0.1419267936852866,1.1102230246251565e-16,0.48451424188589726,0.35409824300740816,1.2197372766026828,0.024695084453427878,0.09164456222231107,2.220446049250313e-16,2.220446049250313e-16,2.220446049250313e-16,2.220446049250313e-16,2.220446049250313e-16,0.42623503852883177,0.08372295040143296,2.220446049250313e-16,0.7500776917427321,2.220446049250313e-16
4.0,2.220446049250313e-16,0.2533795093356238,2.220446049250313e-16,2.220446049250313e-16,0.013750351706490388,0.10710355781748034,2.220446049250313e-16,0.004716183365746676,2.220446049250313e-16,0.5807184888921433,2.220446049250313e-16,0.573201723355753,2.220446049250313e-16,0.0019226975573132636,1.06751169075364,0.6761956694024479,2.220446049250313e-16,2.220446049250313e-16
5.0,2.220446049250313e-16,2.220446049250313e-16,0.6420201667652077,2.220446049250313e-16,0.7203971027841662,2.220446049250313e-16,0.28233875272361286,0.9862579176465716,2.220446049250313e-16,2.220446049250313e-16,0.004544951034154999,2.220446049250313e-16,0.04426945310113232,2.220446049250313e-16,0.4684273783866384,2.220446049250313e-16,2.220446049250313e-16,0.7043146921526513
6.0,2.220446049250313e-16,2.220446049250313e-16,2.220446049250313e-16,2.220446049250313e-16,2.220446049250313e-16,0.03714652973772791,2.220446049250313e-16,0.007818290615217105,2.220446049250313e-16,0.6575833149907718,2.220446049250313e-16,0.692897631306728,2.220446049250313e-16,2.220446049250313e-16,1.0625650564624671,0.672735375754895,2.220446049250313e-16,2.220446049250313e-16
7.0,2.220446049250313e-16,2.220446049250313e-16,0.6411595837455932,0.5228260521435737,0.7271840322889828,0.009143420349351141,0.5503554623104724,0.8880241194133051,2.220446049250313e-16,2.220446049250313e-16,2.220446049250313e-16,0.01665455425354061,2.220446049250313e-16,2.220446049250313e-16,0.18482704353926543,2.220446049250313e-16,0.09451310636408151,0.700912391405716
8.0,2.220446049250313e-16,2.220446049250313e-16,2.220446049250313e-16,0.469635518321515,0.06337226235683585,0.16230062681530855,0.37289531064881315,2.220446049250313e-16,2.220446049250313e-16,0.704603707681271,2.220446049250313e-16,0.6096149547407909,2.220446049250313e-16,2.220446049250313e-16,0.6701418686268535,0.6721562981051221,2.220446049250313e-16,2.220446049250313e-16
9.0,2.220446049250313e-16,0.6018376673447859,0.3496527383633413,2.220446049250313e-16,0.8540166437082717,0.40694850830887414,2.220446049250313e-16,2.220446049250313e-16,2.220446049250313e-16,0.3233712829536481,0.003183835230213676,2.220446049250313e-16,2.220446049250313e-16,2.220446049250313e-16,0.848084097194181,0.5669879270174131,0.020554704801470383,2.220446049250313e-16
10.0,2.220446049250313e-16,2.220446049250313e-16,2.220446049250313e-16,0.4696217492820367,0.8365037323400022,0.16311525228626872,0.63875098647202,2.220446049250313e-16,2.220446049250313e-16,0.779077789728026,2.220446049250313e-16,0.02946461137315755,2.220446049250313e-16,2.220446049250313e-16,0.5281039733617692,0.6710197073795712,2.220446049250313e-16,2.220446049250313e-16
11.0,0.06871593226246618,0.6426017711240579,0.28250552364857595,1.1102230246251565e-16,0.8798536330584239,2.220446049250313e-16,2.220446049250313e-16,0.1385022175443513,2.220446049250313e-16,0.08005476027564395,2.220446049250313e-16,0.19085390254447862,2.220446049250313e-16,0.005370845793306072,0.8530141288328547,0.5744395709586811,2.220446049250313e-16,2.220446049250313e-16
12.0,0.4780989178424762,2.220446049250313e-16,0.2653844672006792,1.457167719820518e-16,0.8272833696013896,2.220446049250313e-16,0.5658894501415217,2.220446049250313e-16,0.8385040278564816,0.016127628496069295,2.220446049250313e-16,0.5221915620037539,2.220446049250313e-16,2.220446049250313e-16,0.17787735724733014,2.220446049250313e-16,2.220446049250313e-16,2.220446049250313e-16
13.0,2.220446049250313e-16,0.23840214627544745,5.551115123125783e-17,0.4946641228906316,2.220446049250313e-16,0.2566227423613725,2.220446049250313e-16,2.220446049250313e-16,0.5966297402837952,0.5070590843352725,0.3126001444164521,2.220446049250313e-16,0.6307762840150768,0.1654186842352527,2.220446049250313e-16,2.220446049250313e-16,0.9751719620782955,2.220446049250313e-16
14.0,0.841642261934882,2.220446049250313e-16,0.5891656517913064,2.220446049250313e-16,2.220446049250313e-16,0.25940949912169947,0.09475178784468656,0.01398367510430758,2.220446049250313e-16,2.220446049250313e-16,0.20266641511520056,1.0228744550082791,2.220446049250313e-16,0.025282676120440037,2.220446049250313e-16,2.220446049250313e-16,2.220446049250313e-16,2.220446049250313e-16
15.0,2.220446049250313e-16,2.220446049250313e-16,2.220446049250313e-16,0.023736494309495867,2.220446049250313e-16,0.1787416010981161,0.08314541645953989,2.220446049250313e-16,0.8136276714348546,0.6810663809951076,0.3310636111645751,2.220446049250313e-16,0.32312973975058795,0.38163839645897596,2.220446049250313e-16,2.220446049250313e-16,0.9702222563487908,2.220446049250313e-16
16.0,0.07147143274585932,2.220446049250313e-16,0.6335707715499261,0.4693045764295864,0.8430896970733995,0.18188032916118882,0.37027565425151204,2.220446049250313e-16,0.3152734596654568,0.8705405098686432,2.220446049250313e-16,0.16351811250652862,2.220446049250313e-16,2.220446049250313e-16,0.13100186764325664,0.09106702743058646,2.220446049250313e-16,2.220446049250313e-16
17.0,0.19487956641744644,2.220446049250313e-16,0.6420201667652082,0.47202154107865674,0.8314210430087893,0.021135012806757603,0.7522063421588823,0.008469841234442253,0.08286602236931122,0.8725812991797424,2.220446049250313e-16,2.220446049250313e-16,2.220446049250313e-16,0.024756838879349884,2.220446049250313e-16,0.6693446147508924,2.220446049250313e-16,2.220446049250313e-16
18.0,0.9986731755655133,2.220446049250313e-16,0.6282700797722702,0.4706875002727782,0.8707070909259238,0.10006162359063667,0.2939431841593861,2.220446049250313e-16,0.21381147456288976,0.09825540578014104,2.220446049250313e-16,0.2661004976805277,0.08182608340895682,2.220446049250313e-16,2.220446049250313e-16,2.220446049250313e-16,2.220446049250313e-16,2.220446049250313e-16
19.0,0.23976138205180228,2.220446049250313e-16,2.220446049250313e-16,2.220446049250313e-16,0.010501783655500252,0.2069047075708032,2.220446049250313e-16,2.220446049250313e-16,0.5663021875437578,0.8292134185464232,0.45566046071529576,2.220446049250313e-16,0.3201565330875497,0.5866804376789545,2.220446049250313e-16,0.5536608405452985,0.26129667318239547,2.220446049250313e-16
20.0,2.220446049250313e-16,2.220446049250313e-16,2.220446049250313e-16,0.5010774917663008,2.220446049250313e-16,0.04166481956626866,0.6411517734116201,0.9246342231342675,2.220446049250313e-16,2.220446049250313e-16,2.220446049250313e-16,2.220446049250313e-16,2.220446049250313e-16,0.8228378651320369,0.08535537516985413,2.220446049250313e-16,0.8730696205419697,2.220446049250313e-16
21.0,2.220446049250313e-16,2.220446049250313e-16,2.220446049250313e-16,2.220446049250313e-16,0.0042368028433070306,0.03396161640045503,2.220446049250313e-16,0.007475744494452058,2.220446049250313e-16,0.7799775681372003,2.220446049250313e-16,0.5739513651025535,2.220446049250313e-16,0.0035311261498648682,1.071680000200086,0.6700701375089902,2.220446049250313e-16,2.220446049250313e-16
22.0,2.220446049250313e-16,2.220446049250313e-16,2.220446049250313e-16,2.220446049250313e-16,0.7827625332388483,0.7509363355646332,0.3095698730671066,0.536755146385125,0.21723146330688461,0.06941247682054394,0.1744436989434852,0.0029268504994737323,2.220446049250313e-16,0.029608660748549797,2.220446049250313e-16,0.576732793807452,0.196574542555634,2.220446049250313e-16
23.0,2.220446049250313e-16,2.220446049250313e-16,2.220446049250313e-16,0.033747710609375994,0.8190379064683483,0.19612123577845333,2.220446049250313e-16,0.5751626153313738,2.220446049250313e-16,2.220446049250313e-16,2.220446049250313e-16,0.006242130986695526,2.220446049250313e-16,2.220446049250313e-16,0.8752595615613759,2.220446049250313e-16,0.5917586155119142,2.220446049250313e-16
24.0,2.220446049250313e-16,2.220446049250313e-16,2.220446049250313e-16,2.220446049250313e-16,0.7324385158617537,0.15147703767769416,2.220446049250313e-16,0.9426291997441872,0.2484576628687906,2.220446049250313e-16,0.7978825202188194,0.016940597063732233,0.06060456995738382,2.220446049250313e-16,2.220446049250313e-16,2.220446049250313e-16,2.220446049250313e-16,0.676525216076357
25.0,2.220446049250313e-16,2.220446049250313e-16,0.34965273836334243,2.220446049250313e-16,0.10236047059719806,0.050264357784920666,0.16962453515052048,0.012769389603623966,0.3146719167043381,0.8923319485549973,0.0028411815657161366,2.220446049250313e-16,2.220446049250313e-16,0.7933980218472954,0.5704542810634338,2.220446049250313e-16,0.5038940602483047,2.220446049250313e-16
26.0,0.7788241911517714,2.220446049250313e-16,0.5904689505918462,1.1102230246251565e-16,2.220446049250313e-16,2.220446049250313e-16,0.6740966647137492,0.018149706301216928,0.4535045264930707,2.220446049250313e-16,2.220446049250313e-16,0.9976521811689714,2.220446049250313e-16,0.025236676347221744,2.220446049250313e-16,2.220446049250313e-16,2.220446049250313e-16,2.220446049250313e-16
27.0,0.7788241911517714,2.220446049250313e-16,0.5904689505918462,1.1102230246251565e-16,2.220446049250313e-16,2.220446049250313e-16,0.6740966647137492,0.018149706301216928,0.4535045264930707,2.220446049250313e-16,2.220446049250313e-16,0.9976521811689714,2.220446049250313e-16,0.025236676347221744,2.220446049250313e-16,2.220446049250313e-16,2.220446049250313e-16,2.220446049250313e-16
28.0,0.32634813366114407,2.220446049250313e-16,2.220446049250313e-16,2.220446049250313e-16,0.008999196654512986,0.20056131206785838,2.220446049250313e-16,2.220446049250313e-16,0.3183766259004927,0.8522761988910476,0.4821227128743991,2.220446049250313e-16,0.04730250797337828,0.810306129430237,2.220446049250313e-16,2.220446049250313e-16,0.7269768120699781,2.220446049250313e-16
29.0,0.32634813366114407,2.220446049250313e-16,2.220446049250313e-16,2.220446049250313e-16,0.008999196654512986,0.20056131206785838,2.220446049250313e-16,2.220446049250313e-16,0.3183766259004927,0.8522761988910476,0.4821227128743991,2.220446049250313e-16,0.04730250797337828,0.810306129430237,2.220446049250313e-16,2.220446049250313e-16,0.7269768120699781,2.220446049250313e-16
30.0,2.220446049250313e-16,2.220446049250313e-16,2.220446049250313e-16,2.220446049250313e-16,2.220446049250313e-16,0.1302470185740956,0.7264880744583384,0.8530075385306954,2.220446049250313e-16,2.220446049250313e-16,2.220446049250313e-16,2.220446049250313e-16,0.048529689273555984,0.8292257346884354,0.184212439345382,2.220446049250313e-16,0.7606404967945511,0.0023026652427950555
31.0,0.7696068853435045,2.220446049250313e-16,2.220446049250313e-16,2.220446049250313e-16,0.008385430034826502,0.07804532285909997,0.5626333264520779,2.220446049250313e-16,0.45370820687827096,2.220446049250313e-16,2.220446049250313e-16,1.0309417066841833,2.220446049250313e-16,2.220446049250313e-16,0.18775132075563047,2.220446049250313e-16,2.220446049250313e-16,2.220446049250313e-16
32.0,0.007323186112519066,0.5929527449985688,2.220446049250313e-16,2.220446049250313e-16,0.04602403812343995,0.49564678841363247,2.220446049250313e-16,2.220446049250313e-16,0.8415922583723963,0.39158573705029276,0.16558200885101157,2.220446049250313e-16,2.220446049250313e-16,0.7986936941129305,2.220446049250313e-16,2.220446049250313e-16,0.8000709928561843,2.220446049250313e-16
33.0,0.019850999306901724,0.5662180249693222,1.1102230246251565e-16,0.4913709052074631,2.220446049250313e-16,0.7625398003357897,2.220446049250313e-16,2.220446049250313e-16,0.46636141614794885,2.220446049250313e-16,0.08683410985790975,2.220446049250313e-16,0.509233000554599,0.3698113773609384,0.024365240473050363,2.220446049250313e-16,0.7820671558197799,2.220446049250313e-16
34.0,0.025950011342666106,2.220446049250313e-16,2.220446049250313e-16,2.220446049250313e-16,2.220446049250313e-16,0.16272077147121378,2.220446049250313e-16,0.6156163488861849,2.220446049250313e-16,2.220446049250313e-16,0.8993528891707913,2.220446049250313e-16,0.8794263967107272,2.220446049250313e-16,0.14460858932163362,2.220446049250313e-16,2.220446049250313e-16,0.6636893429530349
35.0,0.005798222099233316,2.220446049250313e-16,0.29236742840186525,2.220446049250313e-16,2.220446049250313e-16,0.0649508553254602,0.2816499584008457,0.7965586524064265,2.220446049250313e-16,2.220446049250313e-16,2.220446049250313e-16,2.220446049250313e-16,0.8585324683933465,0.05919150711096884,0.4802580720697929,2.220446049250313e-16,0.036267982144827064,0.6946899630235545
36.0,0.8023388583503931,2.220446049250313e-16,2.220446049250313e-16,2.220446049250313e-16,2.220446049250313e-16,0.0804222197005453,0.10084401094728958,0.011725650835644443,2.220446049250313e-16,2.220446049250313e-16,0.3788870399864129,1.0515470169268193,2.220446049250313e-16,0.030368353235663007,0.18549787626874395,2.220446049250313e-16,2.220446049250313e-16,2.220446049250313e-16
37.0,0.24420508852934963,0.6414938782452166,2.220446049250313e-16,2.220446049250313e-16,2.220446049250313e-16,0.011060107119054337,2.220446049250313e-16,0.31525745244427816,0.44679895222881194,2.220446049250313e-16,0.7459579599981553,2.220446049250313e-16,0.9280271654960002,2.220446049250313e-16,2.220446049250313e-16,2.220446049250313e-16,0.00014974330328010853,0.6696440103400205
38.0,0.24420508852934963,0.6414938782452166,2.220446049250313e-16,2.220446049250313e-16,2.220446049250313e-16,0.011060107119054337,2.220446049250313e-16,0.31525745244427816,0.44679895222881194,2.220446049250313e-16,0.7459579599981553,2.220446049250313e-16,0.9280271654960002,2.220446049250313e-16,2.220446049250313e-16,2.220446049250313e-16,0.00014974330328010853,0.6696440103400205
39.0,0.24420508852934963,0.6414938782452169,5.551115123125783e-17,2.220446049250313e-16,2.220446049250313e-16,0.011060107119054221,2.220446049250313e-16,0.3152574524442781,0.4467989522288121,2.220446049250313e-16,0.7459579599981553,2.220446049250313e-16,0.9280271654960003,2.220446049250313e-16,2.220446049250313e-16,2.220446049250313e-16,0.0001497433032799546,0.6696440103400207
40.0,2.220446049250313e-16,0.5900175885680603,0.34965273836334204,0.028532589562545133,0.4566111001664423,0.5249484882011769,2.220446049250313e-16,0.1316424653524872,2.220446049250313e-16,0.0038088204042373264,2.220446049250313e-16,2.220446049250313e-16,2.220446049250313e-16,0.28831870931722653,0.7405823056756217,2.220446049250313e-16,0.5791683223674234,2.220446049250313e-16
41.0,0.1600489085697603,2.220446049250313e-16,0.23856227130035923,2.220446049250313e-16,0.09730038309631389,2.220446049250313e-16,0.5622443109636283,2.220446049250313e-16,0.5979923831535359,0.2876022484224878,0.07904399235399212,1.0412718908500695,2.220446049250313e-16,2.220446049250313e-16,0.165732806297868,2.220446049250313e-16,2.220446049250313e-16,2.220446049250313e-16
42.0,2.220446049250313e-16,2.220446049250313e-16,2.220446049250313e-16,0.47149996877118067,2.220446049250313e-16,0.05199309025566315,2.220446049250313e-16,2.220446049250313e-16,2.220446049250313e-16,0.4344893361249456,2.220446049250313e-16,0.7876607544039257,2.220446049250313e-16,2.220446049250313e-16,0.9259670166348549,0.6798962223820928,2.220446049250313e-16,2.220446049250313e-16
43.0,5.107220931603152e-06,0.1317542201694067,2.220446049250313e-16,0.4990773649748675,2.220446049250313e-16,1.321290192873459,0.012896504386630947,0.08729682368620191,2.220446049250313e-16,0.006702669440358101,0.005498622677628306,2.220446049250313e-16,2.220446049250313e-16,0.8015031251709651,0.08291552952411411,2.220446049250313e-16,0.15218797142469767,0.7021098076912684
44.0,5.107220931603152e-06,0.1317542201694067,2.220446049250313e-16,0.4990773649748675,2.220446049250313e-16,1.321290192873459,0.012896504386630947,0.08729682368620191,2.220446049250313e-16,0.006702669440358101,0.005498622677628306,2.220446049250313e-16,2.220446049250313e-16,0.8015031251709651,0.08291552952411411,2.220446049250313e-16,0.15218797142469767,0.7021098076912684
45.0,2.220446049250313e-16,0.5760472060045727,2.220446049250313e-16,2.220446049250313e-16,0.8693401774716141,0.6644149750764875,2.220446049250313e-16,2.220446049250313e-16,0.4645116579780059,0.2991841862086807,0.5046841852143849,0.014166051568792169,2.220446049250313e-16,0.04992144230631251,0.030472092154301553,0.5695741368219406,0.029279737633322124,2.220446049250313e-16
46.0,2.220446049250313e-16,2.220446049250313e-16,0.3496527383633425,0.4721662816377148,0.8292863556264697,0.012571645240317625,0.7527734367771648,0.0026029601331198212,0.31761718551105844,0.8613661964589628,0.0030758451034420776,2.220446049250313e-16,2.220446049250313e-16,0.0247149389727412,0.1403046308459693,0.6693721668334177,2.220446049250313e-16,2.220446049250313e-16
47.0,0.8375884191628339,2.220446049250313e-16,0.5887861116844655,2.220446049250313e-16,0.008212004559770428,0.4222268563735841,2.220446049250313e-16,2.220446049250313e-16,2.220446049250313e-16,2.220446049250313e-16,0.18666867422282396,1.0302195584517602,2.220446049250313e-16,2.220446049250313e-16,2.220446049250313e-16,2.220446049250313e-16,2.220446049250313e-16,2.220446049250313e-16
48.0,2.220446049250313e-16,2.220446049250313e-16,2.220446049250313e-16,2.220446049250313e-16,2.220446049250313e-16,0.16936734220160904,0.7218768466340953,0.992480680137232,2.220446049250313e-16,0.0023756262246444706,2.220446049250313e-16,2.220446049250313e-16,0.034563971565890694,0.8531424206355166,0.07192613664819933,2.220446049250313e-16,0.32358869313415445,0.5011090008018125
49.0,0.21495641842237262,2.220446049250313e-16,2.220446049250313e-16,0.03547282982894839,2.220446049250313e-16,0.0749232063111932,2.220446049250313e-16,2.220446049250313e-16,0.17088493736518984,0.6463423339639235,0.901168884263103,2.220446049250313e-16,0.8200589042271682,2.220446049250313e-16,2.220446049250313e-16,2.220446049250313e-16,0.6036361092721978,0.16130994762932002
50.0,2.220446049250313e-16,2.220446049250313e-16,2.220446049250313e-16,2.220446049250313e-16,2.220446049250313e-16,0.1043129379056234,0.6425402082848877,0.877454439682329,2.220446049250313e-16,2.220446049250313e-16,2.220446049250313e-16,2.220446049250313e-16,0.24217450377975414,0.651596523069934,0.29247818716293206,2.220446049250313e-16,0.77368906896274,2.220446049250313e-16
51.0,0.5467186854622822,2.220446049250313e-16,2.220446049250313e-16,2.220446049250313e-16,2.220446049250313e-16,2.220446049250313e-16,2.220446049250313e-16,0.018417766315031454,0.2161093067612642,2.220446049250313e-16,2.220446049250313e-16,1.0348777586583993,2.220446049250313e-16,0.00115782494214208,0.855410523629939,2.220446049250313e-16,2.220446049250313e-16,2.220446049250313e-16
52.0,2.220446049250313e-16,2.220446049250313e-16,2.220446049250313e-16,2.220446049250313e-16,0.00236552944999572,2.220446049250313e-16,0.07550255547505147,0.953230350862754,0.24519495615774953,2.220446049250313e-16,0.8056215035487077,0.012711030408377372,0.3981547387478322,0.4685870920102549,2.220446049250313e-16,2.220446049250313e-16,2.220446049250313e-16,0.67183675198722
53.0,2.220446049250313e-16,2.220446049250313e-16,0.3496527383633425,0.5030378988146484,0.7273039683977053,2.220446049250313e-16,0.550717617644716,0.8903078087563506,2.220446049250313e-16,2.220446049250313e-16,2.220446049250313e-16,2.220446049250313e-16,2.220446049250313e-16,2.220446049250313e-16,0.18672486088026635,2.220446049250313e-16,0.8269349057357936,2.220446049250313e-16
54.0,2.220446049250313e-16,2.220446049250313e-16,2.220446049250313e-16,2.220446049250313e-16,0.00236552944999572,2.220446049250313e-16,0.07550255547505147,0.953230350862754,0.24519495615774953,2.220446049250313e-16,0.8056215035487077,0.012711030408377372,0.3981547387478322,0.4685870920102549,2.220446049250313e-16,2.220446049250313e-16,2.220446049250313e-16,0.67183675198722
55.0,0.0061678902595444715,0.5604150249504185,3.3306690738754696e-16,2.220446049250313e-16,2.220446049250313e-16,0.8204712150479965,0.05031885332174703,2.220446049250313e-16,0.1310666839107057,0.11200000723435956,0.059877808964530446,2.220446049250313e-16,0.939256384682754,2.220446049250313e-16,0.1735808382295408,2.220446049250313e-16,0.2635299671189931,0.4894565878061426
56.0,0.353844712073811,2.220446049250313e-16,2.220446049250313e-16,2.220446049250313e-16,2.220446049250313e-16,0.015354948311152361,0.08662663878542849,2.220446049250313e-16,0.5918226104778255,0.07684446751421989,2.220446049250313e-16,1.0803735826626806,2.220446049250313e-16,2.220446049250313e-16,0.5909636010104912,2.220446049250313e-16,2.220446049250313e-16,2.220446049250313e-16
57.0,2.220446049250313e-16,0.3714614504970074,2.220446049250313e-16,2.220446049250313e-16,2.220446049250313e-16,0.07020282184777492,0.08531075172912107,0.6483358690595926,2.220446049250313e-16,2.220446049250313e-16,0.9081618514960578,0.006363822987656534,0.7692700859792546,0.024303249196379436,0.04586897825528418,2.220446049250313e-16,2.220446049250313e-16,0.6646761249054872
58.0,2.220446049250313e-16,2.220446049250313e-16,2.220446049250313e-16,2.220446049250313e-16,2.220446049250313e-16,2.220446049250313e-16,2.220446049250313e-16,0.9284465251996832,2.220446049250313e-16,2.220446049250313e-16,2.220446049250313e-16,0.11913319424851565,0.7386165821744335,2.220446049250313e-16,0.8725353649510307,0.5760648040827857,2.220446049250313e-16,2.220446049250313e-16
59.0,2.220446049250313e-16,0.3714614504970074,2.220446049250313e-16,2.220446049250313e-16,2.220446049250313e-16,0.07020282184777492,0.08531075172912107,0.6483358690595926,2.220446049250313e-16,2.220446049250313e-16,0.9081618514960578,0.006363822987656534,0.7692700859792546,0.024303249196379436,0.04586897825528418,2.220446049250313e-16,2.220446049250313e-16,0.6646761249054872
60.0,2.220446049250313e-16,0.5886548894812412,2.220446049250313e-16,0.029088858660045513,0.09264124544898479,0.5385523285715614,2.220446049250313e-16,2.220446049250313e-16,2.220446049250313e-16,0.02210563773545036,2.220446049250313e-16,2.220446049250313e-16,2.220446049250313e-16,0.7346071342526164,0.9626273429774794,2.220446049250313e-16,0.5502939026453187,2.220446049250313e-16
61.0,0.14089848979816536,2.220446049250313e-16,0.23311567483594975,2.220446049250313e-16,2.220446049250313e-16,0.07607264318573709,0.6469457843908012,2.220446049250313e-16,0.12346638503137264,0.28974636015059707,0.08432142881135382,1.1466779170511037,2.220446049250313e-16,2.220446049250313e-16,0.2491124926880006,2.220446049250313e-16,2.220446049250313e-16,2.220446049250313e-16
62.0,2.220446049250313e-16,0.37615854470976184,2.220446049250313e-16,2.220446049250313e-16,2.220446049250313e-16,0.023311677285471052,2.220446049250313e-16,0.009563392100730034,2.220446049250313e-16,0.1902603716899737,2.220446049250313e-16,1.0455415017102998,2.220446049250313e-16,2.220446049250313e-16,1.0353306934912019,2.220446049250313e-16,2.220446049250313e-16,2.220446049250313e-16
63.0,2.220446049250313e-16,0.5175842925410875,2.220446049250313e-16,0.4991063196176313,0.00044400415905872183,1.2480509003057187,0.028953847383640523,0.046104508257753515,2.220446049250313e-16,0.007326596040118969,2.220446049250313e-16,0.0028141647689443605,0.544743199675616,0.17939251153922534,2.220446049250313e-16,2.220446049250313e-16,0.1965885222537189,0.695409230537327
64.0,2.220446049250313e-16,0.5175842925410875,2.220446049250313e-16,0.4991063196176313,0.00044400415905872183,1.2480509003057187,0.028953847383640523,0.046104508257753515,2.220446049250313e-16,0.007326596040118969,2.220446049250313e-16,0.0028141647689443605,0.544743199675616,0.17939251153922534,2.220446049250313e-16,2.220446049250313e-16,0.1965885222537189,0.695409230537327
65.0,0.9855440125108648,3.3306690738754696e-16,2.220446049250313e-16,2.220446049250313e-16,0.14964340735382434,2.220446049250313e-16,2.220446049250313e-16,2.220446049250313e-16,2.220446049250313e-16,0.19708494811032423,0.8768453759938301,0.17975924600471418,0.09117876392382028,0.7889317515451486,0.002049801488005873,0.11226534573858306,0.010221912645271107,2.220446049250313e-16
66.0,0.892122407477189,2.220446049250313e-16,2.220446049250313e-16,0.049942600061661645,0.10187783115726075,0.02410477488354497,2.220446049250313e-16,2.220446049250313e-16,0.20030307159268446,0.04735092729260699,0.7139367493700336,2.220446049250313e-16,0.7970986322778141,2.220446049250313e-16,0.017691973492123432,0.6938045262950409,0.10376077682226388,2.220446049250313e-16
67.0,0.9603927638593885,2.220446049250313e-16,0.26521574262544456,2.220446049250313e-16,0.7124924701058252,0.024821780573726446,2.220446049250313e-16,2.220446049250313e-16,2.220446049250313e-16,2.220446049250313e-16,0.5774335213245309,0.5254568281409067,0.04582634496270827,0.0650118362899061,2.220446049250313e-16,2.220446049250313e-16,0.0507562502188407,2.220446049250313e-16
68.0,0.7787615105292259,2.220446049250313e-16,2.220446049250313e-16,2.220446049250313e-16,2.220446049250313e-16,0.09696975364271854,2.220446049250313e-16,0.01126591319709446,2.220446049250313e-16,0.2364129255990856,0.8885025016167831,2.220446049250313e-16,0.8806690346140821,2.220446049250313e-16,2.220446049250313e-16,0.5707797753963736,0.06936041517434566,0.16545528969055595
69.0,0.7787615105292259,2.220446049250313e-16,2.220446049250313e-16,2.220446049250313e-16,2.220446049250313e-16,0.09696975364271854,2.220446049250313e-16,0.01126591319709446,2.220446049250313e-16,0.2364129255990856,0.8885025016167831,2.220446049250313e-16,0.8806690346140821,2.220446049250313e-16,2.220446049250313e-16,0.5707797753963736,0.06936041517434566,0.16545528969055595
