51 0.018869541721609023 0.2821235390960511 0.19615828824017756 0.1600452408463648 0.8199267145137645 0.5290360437636831 0.3755071918726784 0.37550719193331195 0.07814960108224832 0.023971364812564764 0.023971364924907708 0.16004524101186876 0.023971364627714407 0.018869542105358374 0.3755071919707694 0.018869542073586553 0.07814960111604764 0.5290360432652427 0.07814960160772948 0.375507191492245
52 0.4512550824546033 0.07808724322858576 0.22677913856909546 0.23657281700726557 0.06012742781592679 0.10250269853950471 0.054266842060675564 0.054266842260824906 0.20048651294566766 0.5951620953360568 0.5951620954190371 0.23657281739813488 0.5951620956182949 0.4512550829328332 0.054266842403412195 0.4512550828717488 0.20048651240648666 0.10250269840523 0.20048651312243934 0.05426684102025446
10 0.06967322998389136 0.4609748696559617 0.31368053783340266 0.19117968098726124 0.36786826728646527 0.31743050378281623 0.4834089096693788 0.48340890943654813 0.3271195473498665 0.05426684213989605 0.05426684219725597 0.19117968156933784 0.05426684188576095 0.06967323029311956 0.4834089100640995 0.06967323031494743 0.32711954676778987 0.3174305041320622 0.3271195472916588 0.48340890859253705
5 0.19780745407453498 0.40163283905882075 0.6012969122309311 0.2513095645720555 0.13159492691632474 0.19756849214275116 0.3136805379211646 0.3136805381305715 0.44354053894761875 0.22677913861295138 0.22677913861560586 0.2513095650917133 0.2267791384761443 0.19780745425249108 0.3136805382891215 0.19780745427216517 0.4435405384500978 0.1975684922296744 0.4435405391505915 0.31368053700104137
18 0.06967322998389136 0.4609748696559617 0.31368053783340266 0.19117968098726124 0.36786826728646527 0.31743050378281623 0.4834089096693788 0.48340890943654813 0.3271195473498665 0.05426684213989605 0.05426684219725597 0.19117968156933784 0.05426684188576095 0.06967323029311956 0.4834089100640995 0.06967323031494743 0.32711954676778987 0.3174305041320622 0.3271195472916588 0.48340890859253705
6 0.06967322998389136 0.4609748696559617 0.31368053783340266 0.19117968098726124 0.36786826728646527 0.31743050378281623 0.4834089096693788 0.48340890943654813 0.3271195473498665 0.05426684213989605 0.05426684219725597 0.19117968156933784 0.05426684188576095 0.06967323029311956 0.4834089100640995 0.06967323031494743 0.32711954676778987 0.3174305041320622 0.3271195472916588 0.48340890859253705
54 0.4512550824546033 0.07808724322858576 0.22677913856909546 0.23657281700726557 0.06012742781592679 0.10250269853950471 0.054266842060675564 0.054266842260824906 0.20048651294566766 0.5951620953360568 0.5951620954190371 0.23657281739813488 0.5951620956182949 0.4512550829328332 0.054266842403412195 0.4512550828717488 0.20048651240648666 0.10250269840523 0.20048651312243934 0.05426684102025446
61 0.23371756297351964 0.34247471810973906 0.4435405389340264 0.2805283835458973 0.2058912790280326 0.25259704999202226 0.32711954733561266 0.32711954754701167 0.46407748447569025 0.2004865128901811 0.20048651304858175 0.2805283839154754 0.20048651278326743 0.23371756327041213 0.3271195476584544 0.2337175634245581 0.4640774841435309 0.25259705006001043 0.464077484811493 0.32711954621092665
68 0.570027648709127 0.054572760509597154 0.1978074541768946 0.2889465360082473 0.08020019189286345 0.08804716486621911 0.06967323014375679 0.06967323047099733 0.2337175634373922 0.4512550826510479 0.4512550828658226 0.2889465362485923 0.45125508278486764 0.5700276495922343 0.06967323052344716 0.5700276497896012 0.2337175628680907 0.08804716445810327 0.23371756344244227 0.0696732296593801
20 0.060569423033455506 0.5319893018934163 0.4165068954739568 0.29318608475874 0.19361861271992659 0.3877699964809018 0.4035845194588766 0.40358451966553804 0.3356241010160652 0.10255075332023417 0.10255075329813199 0.2931860855962962 0.10255075301710935 0.06056942345911531 0.40358451952594143 0.06056942339295095 0.3356241003535452 0.3877699970814573 0.335624101266636 0.4035845181919783
48 0.4512550824546033 0.07808724322858576 0.22677913856909546 0.23657281700726557 0.06012742781592679 0.10250269853950471 0.054266842060675564 0.054266842260824906 0.20048651294566766 0.5951620953360568 0.5951620954190371 0.23657281739813488 0.5951620956182949 0.4512550829328332 0.054266842403412195 0.4512550828717488 0.20048651240648666 0.10250269840523 0.20048651312243934 0.05426684102025446
21 0.0880471645449992 0.27959046415613603 0.19756849208095906 0.40461846537676843 0.47050424429603815 0.585127245542389 0.317430504056808 0.3174305040284067 0.2525970497990511 0.1025026986603323 0.102502698734463 0.4046184659314613 0.10250269839755681 0.08804716476685104 0.3174305038810163 0.08804716481197469 0.2525970495392396 0.5851272451443875 0.25259705003249056 0.3174305031625088
32 0.08020019184517668 0.2544262387991875 0.13159492691631494 0.23502007193846292 0.8161548066347403 0.4705042441865562 0.3678682673832322 0.3678682673818389 0.20589127907501426 0.060127427880144114 0.06012742791829968 0.23502007217907692 0.06012742764638812 0.0802001919225522 0.36786826746152 0.08020019186236116 0.20589127849073796 0.47050424400830476 0.20589127899425969 0.36786826669605405
49 0.4512550824546033 0.07808724322858576 0.22677913856909546 0.23657281700726557 0.06012742781592679 0.10250269853950471 0.054266842060675564 0.054266842260824906 0.20048651294566766 0.5951620953360568 0.5951620954190371 0.23657281739813488 0.5951620956182949 0.4512550829328332 0.054266842403412195 0.4512550828717488 0.20048651240648666 0.10250269840523 0.20048651312243934 0.05426684102025446
23 0.2889465357862206 0.18349973490228175 0.2513095649442045 0.5999362921410569 0.23502007181857404 0.40461846535489304 0.19117968134466262 0.19117968158677387 0.28052838359272975 0.23657281726566548 0.23657281732192592 0.5999362925307936 0.23657281727833096 0.28894653623968025 0.19117968152253986 0.2889465363112144 0.2805283830844805 0.4046184654208311 0.2805283838053438 0.19117968036124575
63 0.570027648709127 0.054572760509597154 0.1978074541768946 0.2889465360082473 0.08020019189286345 0.08804716486621911 0.06967323014375679 0.06967323047099733 0.2337175634373922 0.4512550826510479 0.4512550828658226 0.2889465362485923 0.45125508278486764 0.5700276495922343 0.06967323052344716 0.5700276497896012 0.2337175628680907 0.08804716445810327 0.23371756344244227 0.0696732296593801
66 0.23371756297351964 0.34247471810973906 0.4435405389340264 0.2805283835458973 0.2058912790280326 0.25259704999202226 0.32711954733561266 0.32711954754701167 0.46407748447569025 0.2004865128901811 0.20048651304858175 0.2805283839154754 0.20048651278326743 0.23371756327041213 0.3271195476584544 0.2337175634245581 0.4640774841435309 0.25259705006001043 0.464077484811493 0.32711954621092665
55 0.23371756297351964 0.34247471810973906 0.4435405389340264 0.2805283835458973 0.2058912790280326 0.25259704999202226 0.32711954733561266 0.32711954754701167 0.46407748447569025 0.2004865128901811 0.20048651304858175 0.2805283839154754 0.20048651278326743 0.23371756327041213 0.3271195476584544 0.2337175634245581 0.4640774841435309 0.25259705006001043 0.464077484811493 0.32711954621092665
25 0.16564574216185615 0.46484695730777 0.6741269784444053 0.23291649533589093 0.10063999205596738 0.18682028528773395 0.27574407594951195 0.27574407617757035 0.42024781589338767 0.273628907198437 0.27362890726397965 0.23291649576374496 0.2736289070754388 0.16564574243141977 0.27574407638961146 0.16564574236058288 0.4202478153274906 0.18682028532166 0.4202478160784828 0.27574407446179494
67 0.08020019184517668 0.2544262387991875 0.13159492691631494 0.23502007193846292 0.8161548066347403 0.4705042441865562 0.3678682673832322 0.3678682673818389 0.20589127907501426 0.060127427880144114 0.06012742791829968 0.23502007217907692 0.06012742764638812 0.0802001919225522 0.36786826746152 0.08020019186236116 0.20589127849073796 0.47050424400830476 0.20589127899425969 0.36786826669605405
29 0.4512550824546033 0.07808724322858576 0.22677913856909546 0.23657281700726557 0.06012742781592679 0.10250269853950471 0.054266842060675564 0.054266842260824906 0.20048651294566766 0.5951620953360568 0.5951620954190371 0.23657281739813488 0.5951620956182949 0.4512550829328332 0.054266842403412195 0.4512550828717488 0.20048651240648666 0.10250269840523 0.20048651312243934 0.05426684102025446
50 0.16564574216185615 0.46484695730777 0.6741269784444053 0.23291649533589093 0.10063999205596738 0.18682028528773395 0.27574407594951195 0.27574407617757035 0.42024781589338767 0.273628907198437 0.27362890726397965 0.23291649576374496 0.2736289070754388 0.16564574243141977 0.27574407638961146 0.16564574236058288 0.4202478153274906 0.18682028532166 0.4202478160784828 0.27574407446179494
64 0.570027648709127 0.054572760509597154 0.1978074541768946 0.2889465360082473 0.08020019189286345 0.08804716486621911 0.06967323014375679 0.06967323047099733 0.2337175634373922 0.4512550826510479 0.4512550828658226 0.2889465362485923 0.45125508278486764 0.5700276495922343 0.06967323052344716 0.5700276497896012 0.2337175628680907 0.08804716445810327 0.23371756344244227 0.0696732296593801
1 0.19780745407453498 0.40163283905882075 0.6012969122309311 0.2513095645720555 0.13159492691632474 0.19756849214275116 0.3136805379211646 0.3136805381305715 0.44354053894761875 0.22677913861295138 0.22677913861560586 0.2513095650917133 0.2267791384761443 0.19780745425249108 0.3136805382891215 0.19780745427216517 0.4435405384500978 0.1975684922296744 0.4435405391505915 0.31368053700104137
12 0.06967322998389136 0.4609748696559617 0.31368053783340266 0.19117968098726124 0.36786826728646527 0.31743050378281623 0.4834089096693788 0.48340890943654813 0.3271195473498665 0.05426684213989605 0.05426684219725597 0.19117968156933784 0.05426684188576095 0.06967323029311956 0.4834089100640995 0.06967323031494743 0.32711954676778987 0.3174305041320622 0.3271195472916588 0.48340890859253705
28 0.4512550824546033 0.07808724322858576 0.22677913856909546 0.23657281700726557 0.06012742781592679 0.10250269853950471 0.054266842060675564 0.054266842260824906 0.20048651294566766 0.5951620953360568 0.5951620954190371 0.23657281739813488 0.5951620956182949 0.4512550829328332 0.054266842403412195 0.4512550828717488 0.20048651240648666 0.10250269840523 0.20048651312243934 0.05426684102025446
37 0.08020019184517668 0.2544262387991875 0.13159492691631494 0.23502007193846292 0.8161548066347403 0.4705042441865562 0.3678682673832322 0.3678682673818389 0.20589127907501426 0.060127427880144114 0.06012742791829968 0.23502007217907692 0.06012742764638812 0.0802001919225522 0.36786826746152 0.08020019186236116 0.20589127849073796 0.47050424400830476 0.20589127899425969 0.36786826669605405
42 0.0880471645449992 0.27959046415613603 0.19756849208095906 0.40461846537676843 0.47050424429603815 0.585127245542389 0.317430504056808 0.3174305040284067 0.2525970497990511 0.1025026986603323 0.102502698734463 0.4046184659314613 0.10250269839755681 0.08804716476685104 0.3174305038810163 0.08804716481197469 0.2525970495392396 0.5851272451443875 0.25259705003249056 0.3174305031625088
43 0.2889465357862206 0.18349973490228175 0.2513095649442045 0.5999362921410569 0.23502007181857404 0.40461846535489304 0.19117968134466262 0.19117968158677387 0.28052838359272975 0.23657281726566548 0.23657281732192592 0.5999362925307936 0.23657281727833096 0.28894653623968025 0.19117968152253986 0.2889465363112144 0.2805283830844805 0.4046184654208311 0.2805283838053438 0.19117968036124575
30 0.23371756297351964 0.34247471810973906 0.4435405389340264 0.2805283835458973 0.2058912790280326 0.25259704999202226 0.32711954733561266 0.32711954754701167 0.46407748447569025 0.2004865128901811 0.20048651304858175 0.2805283839154754 0.20048651278326743 0.23371756327041213 0.3271195476584544 0.2337175634245581 0.4640774841435309 0.25259705006001043 0.464077484811493 0.32711954621092665
45 0.16564574216185615 0.46484695730777 0.6741269784444053 0.23291649533589093 0.10063999205596738 0.18682028528773395 0.27574407594951195 0.27574407617757035 0.42024781589338767 0.273628907198437 0.27362890726397965 0.23291649576374496 0.2736289070754388 0.16564574243141977 0.27574407638961146 0.16564574236058288 0.4202478153274906 0.18682028532166 0.4202478160784828 0.27574407446179494
35 0.23371756297351964 0.34247471810973906 0.4435405389340264 0.2805283835458973 0.2058912790280326 0.25259704999202226 0.32711954733561266 0.32711954754701167 0.46407748447569025 0.2004865128901811 0.20048651304858175 0.2805283839154754 0.20048651278326743 0.23371756327041213 0.3271195476584544 0.2337175634245581 0.4640774841435309 0.25259705006001043 0.464077484811493 0.32711954621092665
34 0.570027648709127 0.054572760509597154 0.1978074541768946 0.2889465360082473 0.08020019189286345 0.08804716486621911 0.06967323014375679 0.06967323047099733 0.2337175634373922 0.4512550826510479 0.4512550828658226 0.2889465362485923 0.45125508278486764 0.5700276495922343 0.06967323052344716 0.5700276497896012 0.2337175628680907 0.08804716445810327 0.23371756344244227 0.0696732296593801
7 0.19780745407453498 0.40163283905882075 0.6012969122309311 0.2513095645720555 0.13159492691632474 0.19756849214275116 0.3136805379211646 0.3136805381305715 0.44354053894761875 0.22677913861295138 0.22677913861560586 0.2513095650917133 0.2267791384761443 0.19780745425249108 0.3136805382891215 0.19780745427216517 0.4435405384500978 0.1975684922296744 0.4435405391505915 0.31368053700104137
26 0.018869541721609023 0.2821235390960511 0.19615828824017756 0.1600452408463648 0.8199267145137645 0.5290360437636831 0.3755071918726784 0.37550719193331195 0.07814960108224832 0.023971364812564764 0.023971364924907708 0.16004524101186876 0.023971364627714407 0.018869542105358374 0.3755071919707694 0.018869542073586553 0.07814960111604764 0.5290360432652427 0.07814960160772948 0.375507191492245
36 0.23371756297351964 0.34247471810973906 0.4435405389340264 0.2805283835458973 0.2058912790280326 0.25259704999202226 0.32711954733561266 0.32711954754701167 0.46407748447569025 0.2004865128901811 0.20048651304858175 0.2805283839154754 0.20048651278326743 0.23371756327041213 0.3271195476584544 0.2337175634245581 0.4640774841435309 0.25259705006001043 0.464077484811493 0.32711954621092665
4 0.06967322998389136 0.4609748696559617 0.31368053783340266 0.19117968098726124 0.36786826728646527 0.31743050378281623 0.4834089096693788 0.48340890943654813 0.3271195473498665 0.05426684213989605 0.05426684219725597 0.19117968156933784 0.05426684188576095 0.06967323029311956 0.4834089100640995 0.06967323031494743 0.32711954676778987 0.3174305041320622 0.3271195472916588 0.48340890859253705
58 0.570027648709127 0.054572760509597154 0.1978074541768946 0.2889465360082473 0.08020019189286345 0.08804716486621911 0.06967323014375679 0.06967323047099733 0.2337175634373922 0.4512550826510479 0.4512550828658226 0.2889465362485923 0.45125508278486764 0.5700276495922343 0.06967323052344716 0.5700276497896012 0.2337175628680907 0.08804716445810327 0.23371756344244227 0.0696732296593801
56 0.23371756297351964 0.34247471810973906 0.4435405389340264 0.2805283835458973 0.2058912790280326 0.25259704999202226 0.32711954733561266 0.32711954754701167 0.46407748447569025 0.2004865128901811 0.20048651304858175 0.2805283839154754 0.20048651278326743 0.23371756327041213 0.3271195476584544 0.2337175634245581 0.4640774841435309 0.25259705006001043 0.464077484811493 0.32711954621092665
38 0.570027648709127 0.054572760509597154 0.1978074541768946 0.2889465360082473 0.08020019189286345 0.08804716486621911 0.06967323014375679 0.06967323047099733 0.2337175634373922 0.4512550826510479 0.4512550828658226 0.2889465362485923 0.45125508278486764 0.5700276495922343 0.06967323052344716 0.5700276497896012 0.2337175628680907 0.08804716445810327 0.23371756344244227 0.0696732296593801
24 0.2889465357862206 0.18349973490228175 0.2513095649442045 0.5999362921410569 0.23502007181857404 0.40461846535489304 0.19117968134466262 0.19117968158677387 0.28052838359272975 0.23657281726566548 0.23657281732192592 0.5999362925307936 0.23657281727833096 0.28894653623968025 0.19117968152253986 0.2889465363112144 0.2805283830844805 0.4046184654208311 0.2805283838053438 0.19117968036124575
14 0.06967322998389136 0.4609748696559617 0.31368053783340266 0.19117968098726124 0.36786826728646527 0.31743050378281623 0.4834089096693788 0.48340890943654813 0.3271195473498665 0.05426684213989605 0.05426684219725597 0.19117968156933784 0.05426684188576095 0.06967323029311956 0.4834089100640995 0.06967323031494743 0.32711954676778987 0.3174305041320622 0.3271195472916588 0.48340890859253705
2 0.06967322998389136 0.4609748696559617 0.31368053783340266 0.19117968098726124 0.36786826728646527 0.31743050378281623 0.4834089096693788 0.48340890943654813 0.3271195473498665 0.05426684213989605 0.05426684219725597 0.19117968156933784 0.05426684188576095 0.06967323029311956 0.4834089100640995 0.06967323031494743 0.32711954676778987 0.3174305041320622 0.3271195472916588 0.48340890859253705
33 0.570027648709127 0.054572760509597154 0.1978074541768946 0.2889465360082473 0.08020019189286345 0.08804716486621911 0.06967323014375679 0.06967323047099733 0.2337175634373922 0.4512550826510479 0.4512550828658226 0.2889465362485923 0.45125508278486764 0.5700276495922343 0.06967323052344716 0.5700276497896012 0.2337175628680907 0.08804716445810327 0.23371756344244227 0.0696732296593801
57 0.08020019184517668 0.2544262387991875 0.13159492691631494 0.23502007193846292 0.8161548066347403 0.4705042441865562 0.3678682673832322 0.3678682673818389 0.20589127907501426 0.060127427880144114 0.06012742791829968 0.23502007217907692 0.06012742764638812 0.0802001919225522 0.36786826746152 0.08020019186236116 0.20589127849073796 0.47050424400830476 0.20589127899425969 0.36786826669605405
22 0.0880471645449992 0.27959046415613603 0.19756849208095906 0.40461846537676843 0.47050424429603815 0.585127245542389 0.317430504056808 0.3174305040284067 0.2525970497990511 0.1025026986603323 0.102502698734463 0.4046184659314613 0.10250269839755681 0.08804716476685104 0.3174305038810163 0.08804716481197469 0.2525970495392396 0.5851272451443875 0.25259705003249056 0.3174305031625088
0 0.05457276035513753 0.5667335001596366 0.40163283905880187 0.1834997346292723 0.2544262387991852 0.279590464155312 0.4609748697865015 0.46097486998817344 0.34247471797515155 0.078087243266201 0.07808724330600889 0.18349973508131803 0.07808724304176985 0.05457276059568295 0.46097487016067407 0.05457276060811718 0.34247471775094895 0.27959046419247674 0.34247471822598274 0.46097486878100485
41 0.0880471645449992 0.27959046415613603 0.19756849208095906 0.40461846537676843 0.47050424429603815 0.585127245542389 0.317430504056808 0.3174305040284067 0.2525970497990511 0.1025026986603323 0.102502698734463 0.4046184659314613 0.10250269839755681 0.08804716476685104 0.3174305038810163 0.08804716481197469 0.2525970495392396 0.5851272451443875 0.25259705003249056 0.3174305031625088
13 0.19780745407453498 0.40163283905882075 0.6012969122309311 0.2513095645720555 0.13159492691632474 0.19756849214275116 0.3136805379211646 0.3136805381305715 0.44354053894761875 0.22677913861295138 0.22677913861560586 0.2513095650917133 0.2267791384761443 0.19780745425249108 0.3136805382891215 0.19780745427216517 0.4435405384500978 0.1975684922296744 0.4435405391505915 0.31368053700104137
31 0.23371756297351964 0.34247471810973906 0.4435405389340264 0.2805283835458973 0.2058912790280326 0.25259704999202226 0.32711954733561266 0.32711954754701167 0.46407748447569025 0.2004865128901811 0.20048651304858175 0.2805283839154754 0.20048651278326743 0.23371756327041213 0.3271195476584544 0.2337175634245581 0.4640774841435309 0.25259705006001043 0.464077484811493 0.32711954621092665
19 0.19780745407453498 0.40163283905882075 0.6012969122309311 0.2513095645720555 0.13159492691632474 0.19756849214275116 0.3136805379211646 0.3136805381305715 0.44354053894761875 0.22677913861295138 0.22677913861560586 0.2513095650917133 0.2267791384761443 0.19780745425249108 0.3136805382891215 0.19780745427216517 0.4435405384500978 0.1975684922296744 0.4435405391505915 0.31368053700104137
65 0.23371756297351964 0.34247471810973906 0.4435405389340264 0.2805283835458973 0.2058912790280326 0.25259704999202226 0.32711954733561266 0.32711954754701167 0.46407748447569025 0.2004865128901811 0.20048651304858175 0.2805283839154754 0.20048651278326743 0.23371756327041213 0.3271195476584544 0.2337175634245581 0.4640774841435309 0.25259705006001043 0.464077484811493 0.32711954621092665
17 0.19780745407453498 0.40163283905882075 0.6012969122309311 0.2513095645720555 0.13159492691632474 0.19756849214275116 0.3136805379211646 0.3136805381305715 0.44354053894761875 0.22677913861295138 0.22677913861560586 0.2513095650917133 0.2267791384761443 0.19780745425249108 0.3136805382891215 0.19780745427216517 0.4435405384500978 0.1975684922296744 0.4435405391505915 0.31368053700104137
47 0.4512550824546033 0.07808724322858576 0.22677913856909546 0.23657281700726557 0.06012742781592679 0.10250269853950471 0.054266842060675564 0.054266842260824906 0.20048651294566766 0.5951620953360568 0.5951620954190371 0.23657281739813488 0.5951620956182949 0.4512550829328332 0.054266842403412195 0.4512550828717488 0.20048651240648666 0.10250269840523 0.20048651312243934 0.05426684102025446
11 0.19780745407453498 0.40163283905882075 0.6012969122309311 0.2513095645720555 0.13159492691632474 0.19756849214275116 0.3136805379211646 0.3136805381305715 0.44354053894761875 0.22677913861295138 0.22677913861560586 0.2513095650917133 0.2267791384761443 0.19780745425249108 0.3136805382891215 0.19780745427216517 0.4435405384500978 0.1975684922296744 0.4435405391505915 0.31368053700104137
53 0.4512550824546033 0.07808724322858576 0.22677913856909546 0.23657281700726557 0.06012742781592679 0.10250269853950471 0.054266842060675564 0.054266842260824906 0.20048651294566766 0.5951620953360568 0.5951620954190371 0.23657281739813488 0.5951620956182949 0.4512550829328332 0.054266842403412195 0.4512550828717488 0.20048651240648666 0.10250269840523 0.20048651312243934 0.05426684102025446
59 0.570027648709127 0.054572760509597154 0.1978074541768946 0.2889465360082473 0.08020019189286345 0.08804716486621911 0.06967323014375679 0.06967323047099733 0.2337175634373922 0.4512550826510479 0.4512550828658226 0.2889465362485923 0.45125508278486764 0.5700276495922343 0.06967323052344716 0.5700276497896012 0.2337175628680907 0.08804716445810327 0.23371756344244227 0.0696732296593801
62 0.08020019184517668 0.2544262387991875 0.13159492691631494 0.23502007193846292 0.8161548066347403 0.4705042441865562 0.3678682673832322 0.3678682673818389 0.20589127907501426 0.060127427880144114 0.06012742791829968 0.23502007217907692 0.06012742764638812 0.0802001919225522 0.36786826746152 0.08020019186236116 0.20589127849073796 0.47050424400830476 0.20589127899425969 0.36786826669605405
69 0.570027648709127 0.054572760509597154 0.1978074541768946 0.2889465360082473 0.08020019189286345 0.08804716486621911 0.06967323014375679 0.06967323047099733 0.2337175634373922 0.4512550826510479 0.4512550828658226 0.2889465362485923 0.45125508278486764 0.5700276495922343 0.06967323052344716 0.5700276497896012 0.2337175628680907 0.08804716445810327 0.23371756344244227 0.0696732296593801
8 0.05457276035513753 0.5667335001596366 0.40163283905880187 0.1834997346292723 0.2544262387991852 0.279590464155312 0.4609748697865015 0.46097486998817344 0.34247471797515155 0.078087243266201 0.07808724330600889 0.18349973508131803 0.07808724304176985 0.05457276059568295 0.46097487016067407 0.05457276060811718 0.34247471775094895 0.27959046419247674 0.34247471822598274 0.46097486878100485
60 0.23371756297351964 0.34247471810973906 0.4435405389340264 0.2805283835458973 0.2058912790280326 0.25259704999202226 0.32711954733561266 0.32711954754701167 0.46407748447569025 0.2004865128901811 0.20048651304858175 0.2805283839154754 0.20048651278326743 0.23371756327041213 0.3271195476584544 0.2337175634245581 0.4640774841435309 0.25259705006001043 0.464077484811493 0.32711954621092665
9 0.19780745407453498 0.40163283905882075 0.6012969122309311 0.2513095645720555 0.13159492691632474 0.19756849214275116 0.3136805379211646 0.3136805381305715 0.44354053894761875 0.22677913861295138 0.22677913861560586 0.2513095650917133 0.2267791384761443 0.19780745425249108 0.3136805382891215 0.19780745427216517 0.4435405384500978 0.1975684922296744 0.4435405391505915 0.31368053700104137
15 0.19780745407453498 0.40163283905882075 0.6012969122309311 0.2513095645720555 0.13159492691632474 0.19756849214275116 0.3136805379211646 0.3136805381305715 0.44354053894761875 0.22677913861295138 0.22677913861560586 0.2513095650917133 0.2267791384761443 0.19780745425249108 0.3136805382891215 0.19780745427216517 0.4435405384500978 0.1975684922296744 0.4435405391505915 0.31368053700104137
44 0.2889465357862206 0.18349973490228175 0.2513095649442045 0.5999362921410569 0.23502007181857404 0.40461846535489304 0.19117968134466262 0.19117968158677387 0.28052838359272975 0.23657281726566548 0.23657281732192592 0.5999362925307936 0.23657281727833096 0.28894653623968025 0.19117968152253986 0.2889465363112144 0.2805283830844805 0.4046184654208311 0.2805283838053438 0.19117968036124575
39 0.570027648709127 0.054572760509597154 0.1978074541768946 0.2889465360082473 0.08020019189286345 0.08804716486621911 0.06967323014375679 0.06967323047099733 0.2337175634373922 0.4512550826510479 0.4512550828658226 0.2889465362485923 0.45125508278486764 0.5700276495922343 0.06967323052344716 0.5700276497896012 0.2337175628680907 0.08804716445810327 0.23371756344244227 0.0696732296593801
46 0.018869541721609023 0.2821235390960511 0.19615828824017756 0.1600452408463648 0.8199267145137645 0.5290360437636831 0.3755071918726784 0.37550719193331195 0.07814960108224832 0.023971364812564764 0.023971364924907708 0.16004524101186876 0.023971364627714407 0.018869542105358374 0.3755071919707694 0.018869542073586553 0.07814960111604764 0.5290360432652427 0.07814960160772948 0.375507191492245
16 0.06967322998389136 0.4609748696559617 0.31368053783340266 0.19117968098726124 0.36786826728646527 0.31743050378281623 0.4834089096693788 0.48340890943654813 0.3271195473498665 0.05426684213989605 0.05426684219725597 0.19117968156933784 0.05426684188576095 0.06967323029311956 0.4834089100640995 0.06967323031494743 0.32711954676778987 0.3174305041320622 0.3271195472916588 0.48340890859253705
3 0.19780745407453498 0.40163283905882075 0.6012969122309311 0.2513095645720555 0.13159492691632474 0.19756849214275116 0.3136805379211646 0.3136805381305715 0.44354053894761875 0.22677913861295138 0.22677913861560586 0.2513095650917133 0.2267791384761443 0.19780745425249108 0.3136805382891215 0.19780745427216517 0.4435405384500978 0.1975684922296744 0.4435405391505915 0.31368053700104137
27 0.4512550824546033 0.07808724322858576 0.22677913856909546 0.23657281700726557 0.06012742781592679 0.10250269853950471 0.054266842060675564 0.054266842260824906 0.20048651294566766 0.5951620953360568 0.5951620954190371 0.23657281739813488 0.5951620956182949 0.4512550829328332 0.054266842403412195 0.4512550828717488 0.20048651240648666 0.10250269840523 0.20048651312243934 0.05426684102025446
40 0.060569423033455506 0.5319893018934163 0.4165068954739568 0.29318608475874 0.19361861271992659 0.3877699964809018 0.4035845194588766 0.40358451966553804 0.3356241010160652 0.10255075332023417 0.10255075329813199 0.2931860855962962 0.10255075301710935 0.06056942345911531 0.40358451952594143 0.06056942339295095 0.3356241003535452 0.3877699970814573 0.335624101266636 0.4035845181919783
