58 0.08430254346923952 0.2272118380935971 0.4197530314157718 0.08430254483402227 0.39083263277167113 0.2647531641522384 0.3611670824222558 0.27196932664166074 0.5472727843099996 0.08430254446680321 0.3611670826432248 0.355635917663695 0.060262563729192704 0.3217836227110087 0.41975303144354925 0.35563591763140245 0.06026256393784433 0.2719693267925374 0.4197530309163255 0.32178362273267896
19 0.021938276244669694 0.6075951252418839 0.35047144736240315 0.021938277329203913 0.12988656915136318 0.8155707521094157 0.43181598028959073 0.1764994956076511 0.26475316415223815 0.02193827706806996 0.4318159805045785 0.1316078095593662 0.011635556549926391 0.13897293785344 0.3504714471823335 0.13160780945202594 0.011635556443919432 0.17649949539236723 0.35047144651214 0.138972937763864
54 0.19729404684039764 0.24133356799610173 0.33865150349447504 0.19729404815007 0.3839615249527726 0.13897293765465424 0.2651605045539327 0.2768365349038504 0.32178362261828175 0.1972940480336547 0.265160504844971 0.4221892770363418 0.2510039987391792 0.4659685757360421 0.3386515029706061 0.42218927687721575 0.25100399903021753 0.27683653525309637 0.33865150285419077 0.46596857550321147
28 0.08430254346923952 0.2272118380935971 0.4197530314157718 0.08430254483402227 0.39083263277167113 0.2647531641522384 0.3611670824222558 0.27196932664166074 0.5472727843099996 0.08430254446680321 0.3611670826432248 0.355635917663695 0.060262563729192704 0.3217836227110087 0.41975303144354925 0.35563591763140245 0.06026256393784433 0.2719693267925374 0.4197530309163255 0.32178362273267896
29 0.1018063166189987 0.42635782907977154 0.3019864003139955 0.10180631802682255 0.18446814867021719 0.43181598042282154 0.5505449673974876 0.398022061493066 0.36116708245267215 0.10180631783504894 0.5505449675899852 0.20375986721995054 0.08917361413159426 0.2651605048440361 0.3019863998048402 0.20375986713179375 0.08917361411593955 0.39802206157817743 0.30198639938052146 0.26516050452888296
46 0.2487931557395935 0.24012213118076803 0.179567638245226 0.248793157452834 0.22189356712129132 0.17649949557119773 0.3980220613549117 0.6008614083500057 0.2719693267388041 0.2487931573601193 0.3980220615423349 0.24438786732547182 0.3113821808702973 0.27683653521319185 0.17956763849195054 0.24438786710002908 0.3113821808711221 0.6008614086896334 0.17956763756356106 0.27683653521524676
50 0.6156389997711028 0.06338615615952023 0.04591462905585258 0.6156390015398755 0.24662422493682462 0.021938276711592083 0.10180631738799152 0.24879315666744448 0.08430254405627724 0.6156390016806165 0.10180631739507356 0.2104711349176383 0.48643636779208843 0.19729404765389763 0.04591462942454692 0.21047113478854473 0.4864363680733779 0.2487931568182517 0.045914628483773846 0.19729404763769712
36 0.6156389997711028 0.06338615615952023 0.04591462905585258 0.6156390015398755 0.24662422493682462 0.021938276711592083 0.10180631738799152 0.24879315666744448 0.08430254405627724 0.6156390016806165 0.10180631739507356 0.2104711349176383 0.48643636779208843 0.19729404765389763 0.04591462942454692 0.21047113478854473 0.4864363680733779 0.2487931568182517 0.045914628483773846 0.19729404763769712
6 0.04591462823143408 0.3614144705577051 0.5134931674110386 0.045914629879141314 0.283445359564285 0.3504714469595897 0.30198639966123153 0.17956763782033625 0.41975303125755986 0.045914629467634714 0.3019864000290324 0.32180586540008943 0.06817973451381011 0.33865150340455596 0.5134931673374302 0.321805865332487 0.0681797346814894 0.17956763795404684 0.513493166954242 0.33865150333213734
2 0.04591462823143408 0.3614144705577051 0.5134931674110386 0.045914629879141314 0.283445359564285 0.3504714469595897 0.30198639966123153 0.17956763782033625 0.41975303125755986 0.045914629467634714 0.3019864000290324 0.32180586540008943 0.06817973451381011 0.33865150340455596 0.5134931673374302 0.321805865332487 0.0681797346814894 0.17956763795404684 0.513493166954242 0.33865150333213734
14 0.04591462823143408 0.3614144705577051 0.5134931674110386 0.045914629879141314 0.283445359564285 0.3504714469595897 0.30198639966123153 0.17956763782033625 0.41975303125755986 0.045914629467634714 0.3019864000290324 0.32180586540008943 0.06817973451381011 0.33865150340455596 0.5134931673374302 0.321805865332487 0.0681797346814894 0.17956763795404684 0.513493166954242 0.33865150333213734
59 0.1018063166189987 0.42635782907977154 0.3019864003139955 0.10180631802682255 0.18446814867021719 0.43181598042282154 0.5505449673974876 0.398022061493066 0.36116708245267215 0.10180631783504894 0.5505449675899852 0.20375986721995054 0.08917361413159426 0.2651605048440361 0.3019863998048402 0.20375986713179375 0.08917361411593955 0.39802206157817743 0.30198639938052146 0.26516050452888296
34 0.021938276244669694 0.6075951252418839 0.35047144736240315 0.021938277329203913 0.12988656915136318 0.8155707521094157 0.43181598028959073 0.1764994956076511 0.26475316415223815 0.02193827706806996 0.4318159805045785 0.1316078095593662 0.011635556549926391 0.13897293785344 0.3504714471823335 0.13160780945202594 0.011635556443919432 0.17649949539236723 0.35047144651214 0.138972937763864
55 0.0633861554300607 0.7054884480874792 0.3614144708922599 0.0633861567906665 0.1271995767050007 0.6075951252418854 0.42635782896682894 0.24012213110807817 0.22721183809360165 0.06338615652096419 0.4263578291850253 0.16141900967828424 0.08342463891227256 0.24133356819288201 0.36141447060505905 0.16141900959392766 0.08342463883370267 0.24012213130084398 0.36141447022665313 0.24133356815445933
13 0.21047113419375604 0.16141900964056935 0.32180586575529996 0.21047113551825322 0.5015970792204593 0.13160780948260598 0.20375986703101545 0.24438786695764725 0.35563591762836355 0.21047113532822834 0.20375986723903525 0.49339335921390887 0.21110045054889884 0.42218927704933473 0.32180586552863705 0.4933933589264812 0.21110045067319477 0.24438786735299872 0.3218058650175695 0.4221892769183031
48 0.24662422431196018 0.12719957670501342 0.2834453595359417 0.2466242255521982 0.6034093456098156 0.1298865691513823 0.18446814871671383 0.2218935669644884 0.3908326327716988 0.2466242254669602 0.1844681487048497 0.5015970792411326 0.17609620960869404 0.38396152513607373 0.28344535938174703 0.5015970791638695 0.17609620953639374 0.22189356711721894 0.2834453592128039 0.3839615250763886
24 0.19729404684039764 0.24133356799610173 0.33865150349447504 0.19729404815007 0.3839615249527726 0.13897293765465424 0.2651605045539327 0.2768365349038504 0.32178362261828175 0.1972940480336547 0.265160504844971 0.4221892770363418 0.2510039987391792 0.4659685757360421 0.3386515029706061 0.42218927687721575 0.25100399903021753 0.27683653525309637 0.33865150285419077 0.46596857550321147
38 0.19729404684039764 0.24133356799610173 0.33865150349447504 0.19729404815007 0.3839615249527726 0.13897293765465424 0.2651605045539327 0.2768365349038504 0.32178362261828175 0.1972940480336547 0.265160504844971 0.4221892770363418 0.2510039987391792 0.4659685757360421 0.3386515029706061 0.42218927687721575 0.25100399903021753 0.27683653525309637 0.33865150285419077 0.46596857550321147
62 0.2487931557395935 0.24012213118076803 0.179567638245226 0.248793157452834 0.22189356712129132 0.17649949557119773 0.3980220613549117 0.6008614083500057 0.2719693267388041 0.2487931573601193 0.3980220615423349 0.24438786732547182 0.3113821808702973 0.27683653521319185 0.17956763849195054 0.24438786710002908 0.3113821808711221 0.6008614086896334 0.17956763756356106 0.27683653521524676
18 0.24662422431196018 0.12719957670501342 0.2834453595359417 0.2466242255521982 0.6034093456098156 0.1298865691513823 0.18446814871671383 0.2218935669644884 0.3908326327716988 0.2466242254669602 0.1844681487048497 0.5015970792411326 0.17609620960869404 0.38396152513607373 0.28344535938174703 0.5015970791638695 0.17609620953639374 0.22189356711721894 0.2834453592128039 0.3839615250763886
3 0.21047113419375604 0.16141900964056935 0.32180586575529996 0.21047113551825322 0.5015970792204593 0.13160780948260598 0.20375986703101545 0.24438786695764725 0.35563591762836355 0.21047113532822834 0.20375986723903525 0.49339335921390887 0.21110045054889884 0.42218927704933473 0.32180586552863705 0.4933933589264812 0.21110045067319477 0.24438786735299872 0.3218058650175695 0.4221892769183031
35 0.6156389997711028 0.06338615615952023 0.04591462905585258 0.6156390015398755 0.24662422493682462 0.021938276711592083 0.10180631738799152 0.24879315666744448 0.08430254405627724 0.6156390016806165 0.10180631739507356 0.2104711349176383 0.48643636779208843 0.19729404765389763 0.04591462942454692 0.21047113478854473 0.4864363680733779 0.2487931568182517 0.045914628483773846 0.19729404763769712
0 0.04591462823143408 0.3614144705577051 0.5134931674110386 0.045914629879141314 0.283445359564285 0.3504714469595897 0.30198639966123153 0.17956763782033625 0.41975303125755986 0.045914629467634714 0.3019864000290324 0.32180586540008943 0.06817973451381011 0.33865150340455596 0.5134931673374302 0.321805865332487 0.0681797346814894 0.17956763795404684 0.513493166954242 0.33865150333213734
4 0.05963195317204171 0.2723595733863193 0.49895946485808157 0.05963195467197526 0.4023084547716594 0.28516801923616397 0.2611428546425915 0.1654446664009526 0.49826073161937856 0.05963195419800633 0.2611428548982815 0.35294936228630963 0.053918685437641944 0.33957987009000573 0.49895946412068787 0.3529493621712766 0.05391868554739349 0.1654446666487361 0.4989594639081614 0.33957986991204137
41 0.48643636756937925 0.08342463880403427 0.06817973447982639 0.48643636811490804 0.17609620952537994 0.011635556481234384 0.08917361409051419 0.31138218083830543 0.06026256387439242 0.4864363681978108 0.08917361420138045 0.2111004507294411 0.6362006899941823 0.25100399904215376 0.06817973488223109 0.2111004506569146 0.6362006901237557 0.311382180979755 0.06817973435622328 0.25100399892869996
27 0.48643636756937925 0.08342463880403427 0.06817973447982639 0.48643636811490804 0.17609620952537994 0.011635556481234384 0.08917361409051419 0.31138218083830543 0.06026256387439242 0.4864363681978108 0.08917361420138045 0.2111004507294411 0.6362006899941823 0.25100399904215376 0.06817973488223109 0.2111004506569146 0.6362006901237557 0.311382180979755 0.06817973435622328 0.25100399892869996
43 0.08430254346923952 0.2272118380935971 0.4197530314157718 0.08430254483402227 0.39083263277167113 0.2647531641522384 0.3611670824222558 0.27196932664166074 0.5472727843099996 0.08430254446680321 0.3611670826432248 0.355635917663695 0.060262563729192704 0.3217836227110087 0.41975303144354925 0.35563591763140245 0.06026256393784433 0.2719693267925374 0.4197530309163255 0.32178362273267896
61 0.2487931557395935 0.24012213118076803 0.179567638245226 0.248793157452834 0.22189356712129132 0.17649949557119773 0.3980220613549117 0.6008614083500057 0.2719693267388041 0.2487931573601193 0.3980220615423349 0.24438786732547182 0.3113821808702973 0.27683653521319185 0.17956763849195054 0.24438786710002908 0.3113821808711221 0.6008614086896334 0.17956763756356106 0.27683653521524676
26 0.48643636756937925 0.08342463880403427 0.06817973447982639 0.48643636811490804 0.17609620952537994 0.011635556481234384 0.08917361409051419 0.31138218083830543 0.06026256387439242 0.4864363681978108 0.08917361420138045 0.2111004507294411 0.6362006899941823 0.25100399904215376 0.06817973488223109 0.2111004506569146 0.6362006901237557 0.311382180979755 0.06817973435622328 0.25100399892869996
40 0.0633861554300607 0.7054884480874792 0.3614144708922599 0.0633861567906665 0.1271995767050007 0.6075951252418854 0.42635782896682894 0.24012213110807817 0.22721183809360165 0.06338615652096419 0.4263578291850253 0.16141900967828424 0.08342463891227256 0.24133356819288201 0.36141447060505905 0.16141900959392766 0.08342463883370267 0.24012213130084398 0.36141447022665313 0.24133356815445933
15 0.21047113419375604 0.16141900964056935 0.32180586575529996 0.21047113551825322 0.5015970792204593 0.13160780948260598 0.20375986703101545 0.24438786695764725 0.35563591762836355 0.21047113532822834 0.20375986723903525 0.49339335921390887 0.21110045054889884 0.42218927704933473 0.32180586552863705 0.4933933589264812 0.21110045067319477 0.24438786735299872 0.3218058650175695 0.4221892769183031
21 0.6156389997711028 0.06338615615952023 0.04591462905585258 0.6156390015398755 0.24662422493682462 0.021938276711592083 0.10180631738799152 0.24879315666744448 0.08430254405627724 0.6156390016806165 0.10180631739507356 0.2104711349176383 0.48643636779208843 0.19729404765389763 0.04591462942454692 0.21047113478854473 0.4864363680733779 0.2487931568182517 0.045914628483773846 0.19729404763769712
23 0.19729404684039764 0.24133356799610173 0.33865150349447504 0.19729404815007 0.3839615249527726 0.13897293765465424 0.2651605045539327 0.2768365349038504 0.32178362261828175 0.1972940480336547 0.265160504844971 0.4221892770363418 0.2510039987391792 0.4659685757360421 0.3386515029706061 0.42218927687721575 0.25100399903021753 0.27683653525309637 0.33865150285419077 0.46596857550321147
44 0.1018063166189987 0.42635782907977154 0.3019864003139955 0.10180631802682255 0.18446814867021719 0.43181598042282154 0.5505449673974876 0.398022061493066 0.36116708245267215 0.10180631783504894 0.5505449675899852 0.20375986721995054 0.08917361413159426 0.2651605048440361 0.3019863998048402 0.20375986713179375 0.08917361411593955 0.39802206157817743 0.30198639938052146 0.26516050452888296
22 0.6156389997711028 0.06338615615952023 0.04591462905585258 0.6156390015398755 0.24662422493682462 0.021938276711592083 0.10180631738799152 0.24879315666744448 0.08430254405627724 0.6156390016806165 0.10180631739507356 0.2104711349176383 0.48643636779208843 0.19729404765389763 0.04591462942454692 0.21047113478854473 0.4864363680733779 0.2487931568182517 0.045914628483773846 0.19729404763769712
11 0.21047113419375604 0.16141900964056935 0.32180586575529996 0.21047113551825322 0.5015970792204593 0.13160780948260598 0.20375986703101545 0.24438786695764725 0.35563591762836355 0.21047113532822834 0.20375986723903525 0.49339335921390887 0.21110045054889884 0.42218927704933473 0.32180586552863705 0.4933933589264812 0.21110045067319477 0.24438786735299872 0.3218058650175695 0.4221892769183031
51 0.6156389997711028 0.06338615615952023 0.04591462905585258 0.6156390015398755 0.24662422493682462 0.021938276711592083 0.10180631738799152 0.24879315666744448 0.08430254405627724 0.6156390016806165 0.10180631739507356 0.2104711349176383 0.48643636779208843 0.19729404765389763 0.04591462942454692 0.21047113478854473 0.4864363680733779 0.2487931568182517 0.045914628483773846 0.19729404763769712
8 0.04591462823143408 0.3614144705577051 0.5134931674110386 0.045914629879141314 0.283445359564285 0.3504714469595897 0.30198639966123153 0.17956763782033625 0.41975303125755986 0.045914629467634714 0.3019864000290324 0.32180586540008943 0.06817973451381011 0.33865150340455596 0.5134931673374302 0.321805865332487 0.0681797346814894 0.17956763795404684 0.513493166954242 0.33865150333213734
31 0.2487931557395935 0.24012213118076803 0.179567638245226 0.248793157452834 0.22189356712129132 0.17649949557119773 0.3980220613549117 0.6008614083500057 0.2719693267388041 0.2487931573601193 0.3980220615423349 0.24438786732547182 0.3113821808702973 0.27683653521319185 0.17956763849195054 0.24438786710002908 0.3113821808711221 0.6008614086896334 0.17956763756356106 0.27683653521524676
56 0.48643636756937925 0.08342463880403427 0.06817973447982639 0.48643636811490804 0.17609620952537994 0.011635556481234384 0.08917361409051419 0.31138218083830543 0.06026256387439242 0.4864363681978108 0.08917361420138045 0.2111004507294411 0.6362006899941823 0.25100399904215376 0.06817973488223109 0.2111004506569146 0.6362006901237557 0.311382180979755 0.06817973435622328 0.25100399892869996
39 0.19729404684039764 0.24133356799610173 0.33865150349447504 0.19729404815007 0.3839615249527726 0.13897293765465424 0.2651605045539327 0.2768365349038504 0.32178362261828175 0.1972940480336547 0.265160504844971 0.4221892770363418 0.2510039987391792 0.4659685757360421 0.3386515029706061 0.42218927687721575 0.25100399903021753 0.27683653525309637 0.33865150285419077 0.46596857550321147
10 0.05963195317204171 0.2723595733863193 0.49895946485808157 0.05963195467197526 0.4023084547716594 0.28516801923616397 0.2611428546425915 0.1654446664009526 0.49826073161937856 0.05963195419800633 0.2611428548982815 0.35294936228630963 0.053918685437641944 0.33957987009000573 0.49895946412068787 0.3529493621712766 0.05391868554739349 0.1654446666487361 0.4989594639081614 0.33957986991204137
52 0.6156389997711028 0.06338615615952023 0.04591462905585258 0.6156390015398755 0.24662422493682462 0.021938276711592083 0.10180631738799152 0.24879315666744448 0.08430254405627724 0.6156390016806165 0.10180631739507356 0.2104711349176383 0.48643636779208843 0.19729404765389763 0.04591462942454692 0.21047113478854473 0.4864363680733779 0.2487931568182517 0.045914628483773846 0.19729404763769712
32 0.2487931557395935 0.24012213118076803 0.179567638245226 0.248793157452834 0.22189356712129132 0.17649949557119773 0.3980220613549117 0.6008614083500057 0.2719693267388041 0.2487931573601193 0.3980220615423349 0.24438786732547182 0.3113821808702973 0.27683653521319185 0.17956763849195054 0.24438786710002908 0.3113821808711221 0.6008614086896334 0.17956763756356106 0.27683653521524676
30 0.1018063166189987 0.42635782907977154 0.3019864003139955 0.10180631802682255 0.18446814867021719 0.43181598042282154 0.5505449673974876 0.398022061493066 0.36116708245267215 0.10180631783504894 0.5505449675899852 0.20375986721995054 0.08917361413159426 0.2651605048440361 0.3019863998048402 0.20375986713179375 0.08917361411593955 0.39802206157817743 0.30198639938052146 0.26516050452888296
42 0.48643636756937925 0.08342463880403427 0.06817973447982639 0.48643636811490804 0.17609620952537994 0.011635556481234384 0.08917361409051419 0.31138218083830543 0.06026256387439242 0.4864363681978108 0.08917361420138045 0.2111004507294411 0.6362006899941823 0.25100399904215376 0.06817973488223109 0.2111004506569146 0.6362006901237557 0.311382180979755 0.06817973435622328 0.25100399892869996
49 0.021938276244669694 0.6075951252418839 0.35047144736240315 0.021938277329203913 0.12988656915136318 0.8155707521094157 0.43181598028959073 0.1764994956076511 0.26475316415223815 0.02193827706806996 0.4318159805045785 0.1316078095593662 0.011635556549926391 0.13897293785344 0.3504714471823335 0.13160780945202594 0.011635556443919432 0.17649949539236723 0.35047144651214 0.138972937763864
57 0.48643636756937925 0.08342463880403427 0.06817973447982639 0.48643636811490804 0.17609620952537994 0.011635556481234384 0.08917361409051419 0.31138218083830543 0.06026256387439242 0.4864363681978108 0.08917361420138045 0.2111004507294411 0.6362006899941823 0.25100399904215376 0.06817973488223109 0.2111004506569146 0.6362006901237557 0.311382180979755 0.06817973435622328 0.25100399892869996
47 0.2487931557395935 0.24012213118076803 0.179567638245226 0.248793157452834 0.22189356712129132 0.17649949557119773 0.3980220613549117 0.6008614083500057 0.2719693267388041 0.2487931573601193 0.3980220615423349 0.24438786732547182 0.3113821808702973 0.27683653521319185 0.17956763849195054 0.24438786710002908 0.3113821808711221 0.6008614086896334 0.17956763756356106 0.27683653521524676
16 0.05963195317204171 0.2723595733863193 0.49895946485808157 0.05963195467197526 0.4023084547716594 0.28516801923616397 0.2611428546425915 0.1654446664009526 0.49826073161937856 0.05963195419800633 0.2611428548982815 0.35294936228630963 0.053918685437641944 0.33957987009000573 0.49895946412068787 0.3529493621712766 0.05391868554739349 0.1654446666487361 0.4989594639081614 0.33957986991204137
33 0.246624224295374 0.1271995767050158 0.28344535967335105 0.24662422548863105 0.6034093456098191 0.12988656915138286 0.1844681486254558 0.22189356689341366 0.3908326327716942 0.24662422528490424 0.18446814874187112 0.5015970792911801 0.17609620944131166 0.38396152504719794 0.28344535967335105 0.5015970791714324 0.17609620955772698 0.2218935673008673 0.28344535917858593 0.3839615251054056
60 0.1018063166189987 0.42635782907977154 0.3019864003139955 0.10180631802682255 0.18446814867021719 0.43181598042282154 0.5505449673974876 0.398022061493066 0.36116708245267215 0.10180631783504894 0.5505449675899852 0.20375986721995054 0.08917361413159426 0.2651605048440361 0.3019863998048402 0.20375986713179375 0.08917361411593955 0.39802206157817743 0.30198639938052146 0.26516050452888296
20 0.6156389997711028 0.06338615615952023 0.04591462905585258 0.6156390015398755 0.24662422493682462 0.021938276711592083 0.10180631738799152 0.24879315666744448 0.08430254405627724 0.6156390016806165 0.10180631739507356 0.2104711349176383 0.48643636779208843 0.19729404765389763 0.04591462942454692 0.21047113478854473 0.4864363680733779 0.2487931568182517 0.045914628483773846 0.19729404763769712
45 0.1018063166189987 0.42635782907977154 0.3019864003139955 0.10180631802682255 0.18446814867021719 0.43181598042282154 0.5505449673974876 0.398022061493066 0.36116708245267215 0.10180631783504894 0.5505449675899852 0.20375986721995054 0.08917361413159426 0.2651605048440361 0.3019863998048402 0.20375986713179375 0.08917361411593955 0.39802206157817743 0.30198639938052146 0.26516050452888296
7 0.21047113419375604 0.16141900964056935 0.32180586575529996 0.21047113551825322 0.5015970792204593 0.13160780948260598 0.20375986703101545 0.24438786695764725 0.35563591762836355 0.21047113532822834 0.20375986723903525 0.49339335921390887 0.21110045054889884 0.42218927704933473 0.32180586552863705 0.4933933589264812 0.21110045067319477 0.24438786735299872 0.3218058650175695 0.4221892769183031
1 0.21047113419375604 0.16141900964056935 0.32180586575529996 0.21047113551825322 0.5015970792204593 0.13160780948260598 0.20375986703101545 0.24438786695764725 0.35563591762836355 0.21047113532822834 0.20375986723903525 0.49339335921390887 0.21110045054889884 0.42218927704933473 0.32180586552863705 0.4933933589264812 0.21110045067319477 0.24438786735299872 0.3218058650175695 0.4221892769183031
5 0.21047113419375604 0.16141900964056935 0.32180586575529996 0.21047113551825322 0.5015970792204593 0.13160780948260598 0.20375986703101545 0.24438786695764725 0.35563591762836355 0.21047113532822834 0.20375986723903525 0.49339335921390887 0.21110045054889884 0.42218927704933473 0.32180586552863705 0.4933933589264812 0.21110045067319477 0.24438786735299872 0.3218058650175695 0.4221892769183031
25 0.0633861554300607 0.7054884480874792 0.3614144708922599 0.0633861567906665 0.1271995767050007 0.6075951252418854 0.42635782896682894 0.24012213110807817 0.22721183809360165 0.06338615652096419 0.4263578291850253 0.16141900967828424 0.08342463891227256 0.24133356819288201 0.36141447060505905 0.16141900959392766 0.08342463883370267 0.24012213130084398 0.36141447022665313 0.24133356815445933
12 0.04591462823143408 0.3614144705577051 0.5134931674110386 0.045914629879141314 0.283445359564285 0.3504714469595897 0.30198639966123153 0.17956763782033625 0.41975303125755986 0.045914629467634714 0.3019864000290324 0.32180586540008943 0.06817973451381011 0.33865150340455596 0.5134931673374302 0.321805865332487 0.0681797346814894 0.17956763795404684 0.513493166954242 0.33865150333213734
9 0.21047113419375604 0.16141900964056935 0.32180586575529996 0.21047113551825322 0.5015970792204593 0.13160780948260598 0.20375986703101545 0.24438786695764725 0.35563591762836355 0.21047113532822834 0.20375986723903525 0.49339335921390887 0.21110045054889884 0.42218927704933473 0.32180586552863705 0.4933933589264812 0.21110045067319477 0.24438786735299872 0.3218058650175695 0.4221892769183031
37 0.6156389997711028 0.06338615615952023 0.04591462905585258 0.6156390015398755 0.24662422493682462 0.021938276711592083 0.10180631738799152 0.24879315666744448 0.08430254405627724 0.6156390016806165 0.10180631739507356 0.2104711349176383 0.48643636779208843 0.19729404765389763 0.04591462942454692 0.21047113478854473 0.4864363680733779 0.2487931568182517 0.045914628483773846 0.19729404763769712
17 0.21047113419375604 0.16141900964056935 0.32180586575529996 0.21047113551825322 0.5015970792204593 0.13160780948260598 0.20375986703101545 0.24438786695764725 0.35563591762836355 0.21047113532822834 0.20375986723903525 0.49339335921390887 0.21110045054889884 0.42218927704933473 0.32180586552863705 0.4933933589264812 0.21110045067319477 0.24438786735299872 0.3218058650175695 0.4221892769183031
53 0.19729404684039764 0.24133356799610173 0.33865150349447504 0.19729404815007 0.3839615249527726 0.13897293765465424 0.2651605045539327 0.2768365349038504 0.32178362261828175 0.1972940480336547 0.265160504844971 0.4221892770363418 0.2510039987391792 0.4659685757360421 0.3386515029706061 0.42218927687721575 0.25100399903021753 0.27683653525309637 0.33865150285419077 0.46596857550321147
