3 0.2698307459598919 0.3291980486424691 0.32919804782393913 0.437997867544695 0.3802458760039328 0.3291980497989649 0.38835475797163016 0.4907908361739493 0.27184183323758826 0.33399129364478947 0.35406047136268104 0.49079083687729197 0.1749780233783762 0.21321733343602237 0.13768076411262595 0.1376807639610148 0.4232050114333804 0.14675546355280564 0.061646930113197274 0.0619647801803613
6 0.33648722419610155 0.29988998726642174 0.2998899863778906 0.42356974457744023 0.4459999388708536 0.2998899882543418 0.361348882376475 0.410826558929193 0.33156979383498747 0.3832887976757062 0.294055902754316 0.4108265597081053 0.2590152862000034 0.28661130367039656 0.14765324481776892 0.1476532446041231 0.4446559074210485 0.16722553057339168 0.05602133014511825 0.07443019627965054
31 0.10952697366510188 0.14230998041868728 0.1423099808197591 0.3311081954065245 0.3943943748356728 0.14230998120144178 0.2821437312436996 0.23114569764299328 0.573304585892109 0.662520549111902 0.3833300889149686 0.23114569779334204 0.47474785874902925 0.36233924198103384 0.20793360899820273 0.20793360878632616 0.33929114391542736 0.008976426450078026 -0.051886190703008456 -0.003646079942506004
37 0.1300349499962799 0.16088763926098956 0.16088763941176307 0.45522960859968953 0.3826365075165897 0.16088764053351218 0.4269796626327678 0.5114476782603884 0.3720922902604054 0.5039118293301188 0.38867069256595976 0.5114476785771866 0.19736917095436346 0.22489842978473437 0.09925142284153321 0.09925142259575104 0.43129572401624067 0.0678596371448978 -0.04655046486775681 -0.029231140470376286
48 0.2883770531548522 0.2707661334993414 0.27076613252226445 0.16234255072737944 0.15719117140729924 0.2707661340891601 0.2504745057234222 0.13524792329949112 0.2465734127267198 0.20319620039567152 0.3283798462152957 0.13524792389805954 0.21070381043124248 0.36007823528330746 0.5638850374211166 0.563885036990841 0.14765324482162576 0.48893487000491986 0.3824026796356523 0.3457079171706155
58 0.31834264258345146 0.22625046240486557 0.22625046107278188 0.14359261337030227 0.18633945302241925 0.22625046292098477 0.20422958071685052 0.1413867135845375 0.24083171650516041 0.15145863257235131 0.1769249186274721 0.14138671423271348 0.30756030546764884 0.3740115423401309 0.48893487017848514 0.48893486985164303 0.167225531140907 0.7302986902015786 0.26814842881638085 0.38732415993024133
68 0.332144105015864 0.2550879815898126 0.25508798027444346 0.06884308432678266 0.08211169886750724 0.25508798153544454 0.06666313254913447 0.05729015374791399 -0.012449232109418062 -0.002264251234891823 0.06351264674079715 0.05729015441745222 0.08709671818336864 0.0842218598976956 0.3457079173372941 0.3457079170372106 0.07443019669515394 0.38732415993020197 0.6948011583992013 0.8807786882485118
16 0.3691498310913469 0.2739677437710141 0.27396774264969104 0.40309380574798714 0.4766564010793327 0.27396774460382306 0.33437567326639256 0.3519605336822511 0.36995390961073316 0.4083574586588504 0.25169492096615176 0.35196053450631126 0.34303106982818726 0.3347067234122012 0.1571911720480888 0.15719117183337797 0.4459999398044754 0.18633945347792 0.05327489271160334 0.08211169926198479
38 0.22317724442899417 0.3603416853741129 0.3603416843435552 0.2078516982049976 0.11954448195895806 0.3603416861837238 0.2954751931272051 0.20867629360976464 0.21487486154299287 0.2167483659059183 0.46538155009040455 0.20867629421421247 0.12975379183981023 0.27606600696404804 0.5282796205098989 0.5282796201223504 0.1445598921293933 0.2653982907823924 0.4548094175469663 0.26389290245599273
41 0.1705651517282822 0.1302624024792934 0.13026240229683314 0.26286454763910033 0.39724443294940803 0.1302624035836131 0.22531282215309456 0.21374948110611483 0.58703066459195 0.49098017408968386 0.12230698766810001 0.21374948171466043 0.7740474664297569 0.41039042911784107 0.15555113042879432 0.15555113027630202 0.32592136317426595 0.16709385565970364 0.0034238029073653128 0.014620184893311934
11 0.24165874882662064 0.33729929027618216 0.33729928954980803 0.43917652857945433 0.3519605338165335 0.3372992913730161 0.3944892860074093 0.5173541290634466 0.24991396813400998 0.3134935577148442 0.37457742517620407 0.5173541298098188 0.1549699143772317 0.18658806030349792 0.13524792384432804 0.1352479235883853 0.4108265600927208 0.14138671398567615 0.06399164037802547 0.05729015416954942
65 0.4403443643435661 0.41792088818694506 0.4179208869428387 0.29277274634834527 0.28886534462588515 0.41792088868589516 0.31777018521761 0.2586211288427211 0.20884679567637512 0.23219668478680797 0.32971215750741206 0.25862112957136163 0.18132120821183892 0.28906236671928964 0.34736806844590334 0.34736806813491566 0.28587999662788605 0.23185503744680483 0.30693658443878363 0.29071691989310616
64 0.2883770531548522 0.2707661334993414 0.27076613252226445 0.16234255072737944 0.15719117140729924 0.2707661340891601 0.2504745057234222 0.13524792329949112 0.2465734127267198 0.20319620039567152 0.3283798462152957 0.13524792389805954 0.21070381043124248 0.36007823528330746 0.5638850374211166 0.563885036990841 0.14765324482162576 0.48893487000491986 0.3824026796356523 0.3457079171706155
20 0.29985316153083236 0.3181426493123449 0.318142648504745 0.4279912934347628 0.40309380510796977 0.3181426502728096 0.3855518605671417 0.43917652817882974 0.3045564753029685 0.36987245744448494 0.35538044113906775 0.4391765288878749 0.20685295443088605 0.2566340758861256 0.162342551042259 0.16234255074845594 0.4235697448377608 0.1435926133469825 0.06630173033165768 0.06884308445253595
60 0.3098311448603528 0.3019836454881868 0.301983644519783 0.36799462158389923 0.35971550302007527 0.3019836466469318 0.4032165777924546 0.35017528183590424 0.37549038945439434 0.38313643204743364 0.3799850855903682 0.350175282522201 0.21980544252745068 0.36535736996735346 0.26161896858834743 0.26161896834085796 0.36516302156718056 0.24843032647134122 0.08164579438422234 0.0720112229254885
18 0.2255388785225083 0.20228220203402184 0.2022822015993672 0.4375243835156404 0.4552741109132439 0.20228220284590542 0.3727987357588894 0.4223887178102088 0.41180201694294255 0.5069781967643987 0.3144568519618596 0.4223887181901227 0.29594477673806213 0.2824231498877934 0.11189705136098196 0.11189705113453112 0.45351888365556736 0.09110650913294188 -0.00164312866578699 0.003326126690231864
39 0.2156707299197675 0.326096960519572 0.3260969598662911 0.35538044110886974 0.2516949205360999 0.3260969618669878 0.42449672014626355 0.374577424657592 0.3211342273281331 0.36513753536366705 0.5322381531254234 0.3745774252776783 0.14085242884901525 0.3076775417904778 0.3283798462794552 0.32837984602391324 0.294055903011564 0.17692491860392906 0.11091509283274634 0.06351264671776459
42 0.2122907324690481 0.2833119304336911 0.28331192900364116 0.06630173025599563 0.053274892280881454 0.2833119304049708 0.08644187377555357 0.06399163993268168 -0.004306901020713454 -0.0022696575306185795 0.11091509287338708 0.06399164064834209 0.06545929484189902 0.08545270848395184 0.3824026798057336 0.3824026794358279 0.056021330431550595 0.26814842881637263 0.9039205293961606 0.6948011583992404
5 0.3024865991369756 0.3167933174387431 0.31679331664415233 0.43617705560975817 0.4162722472324511 0.3167933184306453 0.37387089955306674 0.4643735481089924 0.2958288600352182 0.3512693032881246 0.314207567125675 0.464373548671362 0.2074154096359575 0.24084974219465324 0.13165886132786214 0.13165886107956568 0.4407244701819311 0.1603167377599832 0.05534690666509234 0.06706643125270449
1 0.45830023649426205 0.4444927866045612 0.44449278550641774 0.31947203929475576 0.3292547424773296 0.4444927872975975 0.30251866714696607 0.31062851936700264 0.19546827319755183 0.20340043170102748 0.2569264724442801 0.31062852030850424 0.17769872594682884 0.26253968187848675 0.25718489460767335 0.257184894281693 0.3314267746660826 0.27370322100704453 0.2329488882381991 0.2913166885615574
67 0.266939469541393 0.134613052004245 0.13461305117468134 0.20685295432412062 0.3430310693882918 0.13461305280531397 0.17395915741798923 0.15496991404012422 0.4295934494292012 0.34735924177332783 0.14085242890049723 0.15496991463342527 0.9312549975231375 0.4254412306024701 0.21070381057500676 0.21070381025842327 0.2590152862829083 0.307560305456228 0.06545929483103766 0.08709671817104615
46 0.22139551113633626 0.19862319011025129 0.198623189737572 0.3698724573342733 0.408357458146812 0.19862319135998374 0.36869474888204373 0.3134935573679719 0.504249696751332 0.5295801706387077 0.36513753537468135 0.3134935577482107 0.34735924177658084 0.39424910664326923 0.20319620056012486 0.20319620021394177 0.38328879791960674 0.15145863257230197 -0.0022696575306812195 -0.002264251234888669
23 0.53749586684085 0.3828363978019543 0.3828363966210627 0.2998531618146467 0.3691498300691144 0.3828363981955613 0.27692630951235175 0.24165874817429356 0.2140047749821664 0.22139551113657716 0.2156707299230718 0.24165874906374307 0.26693946957476855 0.3207452425742249 0.28837705330747626 0.2883770530319672 0.33648722466128 0.31834264258340295 0.21229073246901498 0.33214410501593367
43 0.2122907324690481 0.2833119304336911 0.28331192900364116 0.06630173025599563 0.053274892280881454 0.2833119304049708 0.08644187377555357 0.06399163993268168 -0.004306901020713454 -0.0022696575306185795 0.11091509287338708 0.06399164064834209 0.06545929484189902 0.08545270848395184 0.3824026798057336 0.3824026794358279 0.056021330431550595 0.26814842881637263 0.9039205293961606 0.6948011583992404
21 0.45830023649426205 0.4444927866045612 0.44449278550641774 0.31947203929475576 0.3292547424773296 0.4444927872975975 0.30251866714696607 0.31062851936700264 0.19546827319755183 0.20340043170102748 0.2569264724442801 0.31062852030850424 0.17769872594682884 0.26253968187848675 0.25718489460767335 0.257184894281693 0.3314267746660826 0.27370322100704453 0.2329488882381991 0.2913166885615574
59 0.31834264258345146 0.22625046240486557 0.22625046107278188 0.14359261337030227 0.18633945302241925 0.22625046292098477 0.20422958071685052 0.1413867135845375 0.24083171650516041 0.15145863257235131 0.1769249186274721 0.14138671423271348 0.30756030546764884 0.3740115423401309 0.48893487017848514 0.48893486985164303 0.167225531140907 0.7302986902015786 0.26814842881638085 0.38732415993024133
30 0.31517688760646734 0.4792188387107328 0.4792188376507751 0.30863972484052155 0.22053196776380884 0.4792188396616718 0.32823261329570524 0.34498821643296407 0.17248128740509797 0.19715947280143328 0.39514015440419986 0.3449882171257481 0.11575118266239699 0.1973986129998284 0.2985793640692092 0.298579363758003 0.26260441768270043 0.1839843262085178 0.336484260692028 0.22493119052790544
45 0.27692630963021597 0.3206190017305299 0.3206190010693449 0.38555186057445906 0.33437567256431966 0.32061900277611494 0.41829789311003546 0.3944892855983093 0.33631893487849013 0.3686947489109178 0.4244967202322108 0.3944892863340685 0.17395915745035118 0.31475192709212096 0.2504745059280508 0.2504745055458967 0.3613488830514435 0.20422958073427425 0.08644187380333314 0.06666313257701408
62 0.2822956714700148 0.1743191116843767 0.17431911076228238 0.18338113859581873 0.2838083319509175 0.17431911243792525 0.24636973254031835 0.14780392830788422 0.4933592680085494 0.33241681750424495 0.21267538248866866 0.1478039288034153 0.5958217424300648 0.5320517651801111 0.36534040536638485 0.3653404050066832 0.228452466410923 0.4918800738050713 0.07509556194649582 0.08149219312966985
24 0.24165874882662064 0.33729929027618216 0.33729928954980803 0.43917652857945433 0.3519605338165335 0.3372992913730161 0.3944892860074093 0.5173541290634466 0.24991396813400998 0.3134935577148442 0.37457742517620407 0.5173541298098188 0.1549699143772317 0.18658806030349792 0.13524792384432804 0.1352479235883853 0.4108265600927208 0.14138671398567615 0.06399164037802547 0.05729015416954942
17 0.3828363976243885 0.471199904186482 0.47119990295947556 0.3181426493089958 0.2739677430959563 0.4711999049328891 0.3206190019018992 0.3372992899618911 0.18242787615356867 0.19862319045186072 0.3260969608063672 0.3372992907260786 0.13461305204487625 0.22462992097633655 0.2707661336566675 0.27076613339074895 0.2998899876172594 0.2262504621398313 0.28331193006659355 0.2550879811823045
52 0.32074524248352126 0.22462992081283442 0.22462991994833958 0.2566340757507072 0.3347067228926626 0.22462992185983843 0.3147519270247486 0.18658805974082035 0.4715516622872449 0.39424910661218876 0.30767754181512114 0.18658806059248306 0.4254412305539964 0.49996019013302984 0.3600782354186336 0.3600782351011159 0.28661130393901935 0.37401154231439443 0.0854527084564227 0.08422185989216398
22 0.3691498310913469 0.2739677437710141 0.27396774264969104 0.40309380574798714 0.4766564010793327 0.27396774460382306 0.33437567326639256 0.3519605336822511 0.36995390961073316 0.4083574586588504 0.25169492096615176 0.35196053450631126 0.34303106982818726 0.3347067234122012 0.1571911720480888 0.15719117183337797 0.4459999398044754 0.18633945347792 0.05327489271160334 0.08211169926198479
26 0.22968828350167794 0.17981375616506862 0.17981375563538068 0.34027747644314316 0.4190606960290457 0.17981375726306137 0.3371666556984368 0.28457344186027583 0.5533204992859794 0.5153556458761546 0.27575860567045324 0.28457344245006094 0.4415336491913976 0.43014083962747035 0.18824935113975289 0.18824935087094402 0.37877379744291706 0.2025790022112084 -0.0006209980792263227 -0.006592945952102292
4 0.33648722419610155 0.29988998726642174 0.2998899863778906 0.42356974457744023 0.4459999388708536 0.2998899882543418 0.361348882376475 0.410826558929193 0.33156979383498747 0.3832887976757062 0.294055902754316 0.4108265597081053 0.2590152862000034 0.28661130367039656 0.14765324481776892 0.1476532446041231 0.4446559074210485 0.16722553057339168 0.05602133014511825 0.07443019627965054
10 0.21508691373151897 0.2078592286939839 0.20785922837720075 0.4572728731537075 0.4425851924859243 0.20785922976031984 0.38393490530342766 0.4893441153121977 0.3637514882539946 0.4613755108611028 0.29951958933589934 0.4893441158743599 0.24474436011068584 0.2359432359363989 0.0839768702727556 0.08397687003094938 0.46663079077557373 0.102383099638585 -0.004739234729346191 -0.0017269521588639592
40 0.3828363976243885 0.471199904186482 0.47119990295947556 0.3181426493089958 0.2739677430959563 0.4711999049328891 0.3206190019018992 0.3372992899618911 0.18242787615356867 0.19862319045186072 0.3260969608063672 0.3372992907260786 0.13461305204487625 0.22462992097633655 0.2707661336566675 0.27076613339074895 0.2998899876172594 0.2262504621398313 0.28331193006659355 0.2550879811823045
13 0.23223926040476786 0.34071902456206365 0.3407190238624373 0.4226916254423138 0.3215949931031425 0.34071902573123714 0.4154349481103536 0.4910160964663935 0.26359268629495686 0.324092356470453 0.4240105145307273 0.4910160972027061 0.1416859482405765 0.21245359746835493 0.17976543113471596 0.17976543088128713 0.3814311467706431 0.1484134587198757 0.07733981672288068 0.05729699959480605
50 0.27692630963021597 0.3206190017305299 0.3206190010693449 0.38555186057445906 0.33437567256431966 0.32061900277611494 0.41829789311003546 0.3944892855983093 0.33631893487849013 0.3686947489109178 0.4244967202322108 0.3944892863340685 0.17395915745035118 0.31475192709212096 0.2504745059280508 0.2504745055458967 0.3613488830514435 0.20422958073427425 0.08644187380333314 0.06666313257701408
44 0.4403443643435661 0.41792088818694506 0.4179208869428387 0.29277274634834527 0.28886534462588515 0.41792088868589516 0.31777018521761 0.2586211288427211 0.20884679567637512 0.23219668478680797 0.32971215750741206 0.25862112957136163 0.18132120821183892 0.28906236671928964 0.34736806844590334 0.34736806813491566 0.28587999662788605 0.23185503744680483 0.30693658443878363 0.29071691989310616
47 0.2822956714700148 0.1743191116843767 0.17431911076228238 0.18338113859581873 0.2838083319509175 0.17431911243792525 0.24636973254031835 0.14780392830788422 0.4933592680085494 0.33241681750424495 0.21267538248866866 0.1478039288034153 0.5958217424300648 0.5320517651801111 0.36534040536638485 0.3653404050066832 0.228452466410923 0.4918800738050713 0.07509556194649582 0.08149219312966985
53 0.2883770531548522 0.2707661334993414 0.27076613252226445 0.16234255072737944 0.15719117140729924 0.2707661340891601 0.2504745057234222 0.13524792329949112 0.2465734127267198 0.20319620039567152 0.3283798462152957 0.13524792389805954 0.21070381043124248 0.36007823528330746 0.5638850374211166 0.563885036990841 0.14765324482162576 0.48893487000491986 0.3824026796356523 0.3457079171706155
54 0.27692630963021597 0.3206190017305299 0.3206190010693449 0.38555186057445906 0.33437567256431966 0.32061900277611494 0.41829789311003546 0.3944892855983093 0.33631893487849013 0.3686947489109178 0.4244967202322108 0.3944892863340685 0.17395915745035118 0.31475192709212096 0.2504745059280508 0.2504745055458967 0.3613488830514435 0.20422958073427425 0.08644187380333314 0.06666313257701408
14 0.19826052010200093 0.21612634531751396 0.21612634503882927 0.462284960944814 0.41620436695339286 0.21612634668178282 0.40045071011152344 0.5144695717175488 0.3356425819741154 0.44277955067578223 0.33337450819098924 0.5144695723056039 0.21064822713100773 0.2148456211637917 0.09022970444511183 0.09022970425928428 0.45612154860624093 0.09564511730057763 -0.006873078627584627 -0.0021010907938883443
9 0.3828363976243885 0.471199904186482 0.47119990295947556 0.3181426493089958 0.2739677430959563 0.4711999049328891 0.3206190019018992 0.3372992899618911 0.18242787615356867 0.19862319045186072 0.3260969608063672 0.3372992907260786 0.13461305204487625 0.22462992097633655 0.2707661336566675 0.27076613339074895 0.2998899876172594 0.2262504621398313 0.28331193006659355 0.2550879811823045
29 0.2883770531548522 0.2707661334993414 0.27076613252226445 0.16234255072737944 0.15719117140729924 0.2707661340891601 0.2504745057234222 0.13524792329949112 0.2465734127267198 0.20319620039567152 0.3283798462152957 0.13524792389805954 0.21070381043124248 0.36007823528330746 0.5638850374211166 0.563885036990841 0.14765324482162576 0.48893487000491986 0.3824026796356523 0.3457079171706155
36 0.21400477498232046 0.1824278759150409 0.18242787539841598 0.30455647516927853 0.3699539090527567 0.18242787700508403 0.3363189348389684 0.24991396772780253 0.5768031661791277 0.5042496967513737 0.32113422732723745 0.24991396840458124 0.42959344941888034 0.4715516623346037 0.24657341281790454 0.2465734126276785 0.3315697940464685 0.24083171650519705 -0.004306901020665376 -0.012449232109336383
55 0.1753785482051345 0.23015446952705518 0.2301544693258429 0.4485791543959343 0.36157894332119156 0.23015447058721375 0.43452853323820056 0.5117386330577742 0.33108798106538545 0.4278274920275925 0.4124083679243733 0.511738633762461 0.1693842758624465 0.2299856292304457 0.13381302252974914 0.1338130222468116 0.41681881004436255 0.10865709961156049 -0.009730291806661878 -0.005207416401044657
27 0.2822956714700148 0.1743191116843767 0.17431911076228238 0.18338113859581873 0.2838083319509175 0.17431911243792525 0.24636973254031835 0.14780392830788422 0.4933592680085494 0.33241681750424495 0.21267538248866866 0.1478039288034153 0.5958217424300648 0.5320517651801111 0.36534040536638485 0.3653404050066832 0.228452466410923 0.4918800738050713 0.07509556194649582 0.08149219312966985
25 0.3098311448603528 0.3019836454881868 0.301983644519783 0.36799462158389923 0.35971550302007527 0.3019836466469318 0.4032165777924546 0.35017528183590424 0.37549038945439434 0.38313643204743364 0.3799850855903682 0.350175282522201 0.21980544252745068 0.36535736996735346 0.26161896858834743 0.26161896834085796 0.36516302156718056 0.24843032647134122 0.08164579438422234 0.0720112229254885
35 0.24075951471150092 0.3319063550369722 0.33190635427617354 0.38875880945405605 0.2993833941846668 0.3319063563280352 0.4264654229775888 0.4163600572637188 0.30705209320874544 0.35899208257073706 0.47615359114819755 0.41636005805801696 0.1477266875865821 0.2794667198731929 0.2592847670684025 0.2592847668062508 0.3425044575362654 0.1662320181546501 0.09518455734910555 0.06275629829143174
61 0.22968828350167794 0.17981375616506862 0.17981375563538068 0.34027747644314316 0.4190606960290457 0.17981375726306137 0.3371666556984368 0.28457344186027583 0.5533204992859794 0.5153556458761546 0.27575860567045324 0.28457344245006094 0.4415336491913976 0.43014083962747035 0.18824935113975289 0.18824935087094402 0.37877379744291706 0.2025790022112084 -0.0006209980792263227 -0.006592945952102292
8 0.3900452919889408 0.23795865223450993 0.2379586513324325 0.37364074447689505 0.5005591067931845 0.23795865306511169 0.2887569244617411 0.3023733477941835 0.4021125250442383 0.4101139805581018 0.1737213183584072 0.30237334838197427 0.47148871631151007 0.3728907433213594 0.14629730738850052 0.14629730705738322 0.442863355680786 0.22719063240043236 0.04381384744813962 0.0877489244661912
12 0.21348283087948067 0.21224916785450768 0.21224916759616522 0.4481592912240112 0.4267208315791069 0.21224916913398723 0.3982654708181896 0.47662570521848346 0.37790943210803485 0.46152801684633615 0.3254961589257379 0.4766257058132931 0.23427547756964948 0.2584598398424675 0.10413090842872524 0.10413090823727454 0.4517799016193885 0.11867225662821315 -0.005175369841903841 -0.0044356371792777
57 0.27626004168254265 0.20929363703121537 0.20929363624502947 0.2184050515772763 0.28254649332401294 0.20929363744637847 0.2749424977141708 0.13062384286973613 0.4685123240138812 0.41174453934364447 0.38718977050632 0.13062384339499994 0.43453104430641154 0.5035174054735762 0.4451275429791051 0.44512754268977167 0.22761359297287143 0.32663592942866104 0.10563969901325064 0.08820996256037482
51 0.23147160807715922 0.19688064141159517 0.19688064095324778 0.3849671875045778 0.42663189568777143 0.19688064257682245 0.3725422744007833 0.3464812211697668 0.49533629840842286 0.5116387995042707 0.3205460852930369 0.34648122171230966 0.34200265708549665 0.37895109150357553 0.16779058233296368 0.16779058203349392 0.407711069477738 0.1673587490291541 -0.0017048404019443636 -0.00590091023408567
33 0.14180146167455804 0.29262893842364446 0.29262893651363037 0.07198278452485414 0.04504360444918015 0.292628938619156 0.0760258415815242 0.06681707829798839 0.002316618083266859 -0.01809433156066072 0.1611571990455362 0.06681707894066366 0.07158790182197489 0.06972730957350336 0.3867135214978811 0.38671352120591684 0.048830390614611724 0.19873270143481855 1.0062447559295615 0.5579286710636668
56 0.27626004168254265 0.20929363703121537 0.20929363624502947 0.2184050515772763 0.28254649332401294 0.20929363744637847 0.2749424977141708 0.13062384286973613 0.4685123240138812 0.41174453934364447 0.38718977050632 0.13062384339499994 0.43453104430641154 0.5035174054735762 0.4451275429791051 0.44512754268977167 0.22761359297287143 0.32663592942866104 0.10563969901325064 0.08820996256037482
7 0.45830023649426205 0.4444927866045612 0.44449278550641774 0.31947203929475576 0.3292547424773296 0.4444927872975975 0.30251866714696607 0.31062851936700264 0.19546827319755183 0.20340043170102748 0.2569264724442801 0.31062852030850424 0.17769872594682884 0.26253968187848675 0.25718489460767335 0.257184894281693 0.3314267746660826 0.27370322100704453 0.2329488882381991 0.2913166885615574
63 0.2883770531548522 0.2707661334993414 0.27076613252226445 0.16234255072737944 0.15719117140729924 0.2707661340891601 0.2504745057234222 0.13524792329949112 0.2465734127267198 0.20319620039567152 0.3283798462152957 0.13524792389805954 0.21070381043124248 0.36007823528330746 0.5638850374211166 0.563885036990841 0.14765324482162576 0.48893487000491986 0.3824026796356523 0.3457079171706155
28 0.2883770531548522 0.2707661334993414 0.27076613252226445 0.16234255072737944 0.15719117140729924 0.2707661340891601 0.2504745057234222 0.13524792329949112 0.2465734127267198 0.20319620039567152 0.3283798462152957 0.13524792389805954 0.21070381043124248 0.36007823528330746 0.5638850374211166 0.563885036990841 0.14765324482162576 0.48893487000491986 0.3824026796356523 0.3457079171706155
66 0.53749586684085 0.3828363978019543 0.3828363966210627 0.2998531618146467 0.3691498300691144 0.3828363981955613 0.27692630951235175 0.24165874817429356 0.2140047749821664 0.22139551113657716 0.2156707299230718 0.24165874906374307 0.26693946957476855 0.3207452425742249 0.28837705330747626 0.2883770530319672 0.33648722466128 0.31834264258340295 0.21229073246901498 0.33214410501593367
15 0.3828363976243885 0.471199904186482 0.47119990295947556 0.3181426493089958 0.2739677430959563 0.4711999049328891 0.3206190019018992 0.3372992899618911 0.18242787615356867 0.19862319045186072 0.3260969608063672 0.3372992907260786 0.13461305204487625 0.22462992097633655 0.2707661336566675 0.27076613339074895 0.2998899876172594 0.2262504621398313 0.28331193006659355 0.2550879811823045
2 0.33648722419610155 0.29988998726642174 0.2998899863778906 0.42356974457744023 0.4459999388708536 0.2998899882543418 0.361348882376475 0.410826558929193 0.33156979383498747 0.3832887976757062 0.294055902754316 0.4108265597081053 0.2590152862000034 0.28661130367039656 0.14765324481776892 0.1476532446041231 0.4446559074210485 0.16722553057339168 0.05602133014511825 0.07443019627965054
69 0.332144105015864 0.2550879815898126 0.25508798027444346 0.06884308432678266 0.08211169886750724 0.25508798153544454 0.06666313254913447 0.05729015374791399 -0.012449232109418062 -0.002264251234891823 0.06351264674079715 0.05729015441745222 0.08709671818336864 0.0842218598976956 0.3457079173372941 0.3457079170372106 0.07443019669515394 0.38732415993020197 0.6948011583992013 0.8807786882485118
32 0.14180146167455804 0.29262893842364446 0.29262893651363037 0.07198278452485414 0.04504360444918015 0.292628938619156 0.0760258415815242 0.06681707829798839 0.002316618083266859 -0.01809433156066072 0.1611571990455362 0.06681707894066366 0.07158790182197489 0.06972730957350336 0.3867135214978811 0.38671352120591684 0.048830390614611724 0.19873270143481855 1.0062447559295615 0.5579286710636668
49 0.2883770531548522 0.2707661334993414 0.27076613252226445 0.16234255072737944 0.15719117140729924 0.2707661340891601 0.2504745057234222 0.13524792329949112 0.2465734127267198 0.20319620039567152 0.3283798462152957 0.13524792389805954 0.21070381043124248 0.36007823528330746 0.5638850374211166 0.563885036990841 0.14765324482162576 0.48893487000491986 0.3824026796356523 0.3457079171706155
19 0.3828363976243885 0.471199904186482 0.47119990295947556 0.3181426493089958 0.2739677430959563 0.4711999049328891 0.3206190019018992 0.3372992899618911 0.18242787615356867 0.19862319045186072 0.3260969608063672 0.3372992907260786 0.13461305204487625 0.22462992097633655 0.2707661336566675 0.27076613339074895 0.2998899876172594 0.2262504621398313 0.28331193006659355 0.2550879811823045
34 0.14180146167455804 0.29262893842364446 0.29262893651363037 0.07198278452485414 0.04504360444918015 0.292628938619156 0.0760258415815242 0.06681707829798839 0.002316618083266859 -0.01809433156066072 0.1611571990455362 0.06681707894066366 0.07158790182197489 0.06972730957350336 0.3867135214978811 0.38671352120591684 0.048830390614611724 0.19873270143481855 1.0062447559295615 0.5579286710636668
0 0.3691498310913469 0.2739677437710141 0.27396774264969104 0.40309380574798714 0.4766564010793327 0.27396774460382306 0.33437567326639256 0.3519605336822511 0.36995390961073316 0.4083574586588504 0.25169492096615176 0.35196053450631126 0.34303106982818726 0.3347067234122012 0.1571911720480888 0.15719117183337797 0.4459999398044754 0.18633945347792 0.05327489271160334 0.08211169926198479
