6 0.05748256288326992 0.39008868425630316 0.3900886845687981 0.41534253205620825 0.057448141052701296 0.6304345917100778 0.2826781308873582 0.2826781305091879 0.32949532577781737 0.15499572342846138 0.057482562550007374 0.057448140940803256 0.2826781308364605 0.05744814082713395 0.5675107170476928 0.39008868411693115 0.05744814113779634 0.3239259183858219 0.3885977556716833 0.05744814024627087
0 0.05748256288326992 0.39008868425630316 0.3900886845687981 0.41534253205620825 0.057448141052701296 0.6304345917100778 0.2826781308873582 0.2826781305091879 0.32949532577781737 0.15499572342846138 0.057482562550007374 0.057448140940803256 0.2826781308364605 0.05744814082713395 0.5675107170476928 0.39008868411693115 0.05744814113779634 0.3239259183858219 0.3885977556716833 0.05744814024627087
23 0.3211654627988408 0.25068875104364413 0.2506887519929049 0.2245859287618794 0.2367565722788664 0.16848515591329927 0.4167319556149534 0.41673195544161074 0.1601288935639127 0.6991978003076066 0.3211654625262749 0.23675657189940216 0.4167319554933366 0.2367565717517209 0.2770496224765964 0.2506887513891248 0.23675657207276488 0.23554257303813927 0.279864772418904 0.23675657053873195
39 0.3211654627988408 0.25068875104364413 0.2506887519929049 0.2245859287618794 0.2367565722788664 0.16848515591329927 0.4167319556149534 0.41673195544161074 0.1601288935639127 0.6991978003076066 0.3211654625262749 0.23675657189940216 0.4167319554933366 0.2367565717517209 0.2770496224765964 0.2506887513891248 0.23675657207276488 0.23554257303813927 0.279864772418904 0.23675657053873195
63 0.598614060183624 0.20421209552201433 0.204212096566704 0.16074228342611838 0.4277091161744461 0.07568302435882542 0.10409624024825159 0.10409623996425563 0.014820393598396759 0.32116546272935137 0.5986140602719947 0.4277091159373564 0.10409624011911241 0.4277091156994558 0.06777847274115308 0.20421209559339626 0.42770911614582874 0.09080383176288982 0.25151341032699837 0.42770911494482783
43 0.4277091157855466 0.1925632641359698 0.19256326524191536 0.2196246061013638 0.517659755423665 0.0463622194769413 0.10218418412841856 0.10218418390286388 0.024576475858338998 0.23675657169539388 0.4277091157855466 0.5176597544923425 0.10218418401200324 0.5176597546087578 0.08293818661577013 0.19256326445611194 0.5176597548997961 0.06340449889674683 0.18375006995627763 0.5176597539248178
13 0.20421209593629383 0.49530283312010537 0.495302834246828 0.49438992105054913 0.19256326514501043 0.36230414937236555 0.22751190945434757 0.2275119091579763 0.15356831621538947 0.2506887514063015 0.20421209542980068 0.19256326484830216 0.22751190931009652 0.19256326459557788 0.38013362623644503 0.4953028333887129 0.1925632649425641 0.193203622192332 0.44270656966137634 0.19256326369517965
26 0.25151341052384524 0.4427065694665342 0.4427065703843146 0.387191077914201 0.1837500705763223 0.39354211773638625 0.28571200666576624 0.28571200639577715 0.1551538111083473 0.2798647724189161 0.2515134101459619 0.18375007023222778 0.28571200638549077 0.18375007009383285 0.3505537498142941 0.4427065695618409 0.18375007023090467 0.2754690002443214 0.5155965174496622 0.18375006891195567
36 0.10409624020604881 0.22751190886008396 0.2275119095657042 0.20487023929708112 0.10218418430112593 0.3204367080657109 0.5380469700009854 0.5380469696603203 0.42496743081752963 0.41673195546259745 0.10409623972896902 0.10218418409315971 0.5380469702135396 0.1021841838563397 0.37205677602536485 0.2275119088355051 0.10218418428660608 0.42822814370571977 0.28571200636340927 0.10218418328011802
7 0.20421209593629383 0.49530283312010537 0.495302834246828 0.49438992105054913 0.19256326514501043 0.36230414937236555 0.22751190945434757 0.2275119091579763 0.15356831621538947 0.2506887514063015 0.20421209542980068 0.19256326484830216 0.22751190931009652 0.19256326459557788 0.38013362623644503 0.4953028333887129 0.1925632649425641 0.193203622192332 0.44270656966137634 0.19256326369517965
24 0.3211654627988408 0.25068875104364413 0.2506887519929049 0.2245859287618794 0.2367565722788664 0.16848515591329927 0.4167319556149534 0.41673195544161074 0.1601288935639127 0.6991978003076066 0.3211654625262749 0.23675657189940216 0.4167319554933366 0.2367565717517209 0.2770496224765964 0.2506887513891248 0.23675657207276488 0.23554257303813927 0.279864772418904 0.23675657053873195
16 0.0756830246271324 0.36230414943909833 0.36230414979571 0.29954656248989986 0.046362219826245825 0.6581500173542729 0.32043670831924076 0.3204367080774681 0.3922178844878466 0.16848515591330618 0.07568302414608999 0.04636221957254223 0.32043670815277164 0.0463622194870128 0.4941507507836382 0.3623041491219784 0.04636221984085732 0.4144790381161229 0.3935421177364004 0.04636221859042718
22 0.10409624020604881 0.22751190886008396 0.2275119095657042 0.20487023929708112 0.10218418430112593 0.3204367080657109 0.5380469700009854 0.5380469696603203 0.42496743081752963 0.41673195546259745 0.10409623972896902 0.10218418409315971 0.5380469702135396 0.1021841838563397 0.37205677602536485 0.2275119088355051 0.10218418428660608 0.42822814370571977 0.28571200636340927 0.10218418328011802
59 0.4277091157855466 0.1925632641359698 0.19256326524191536 0.2196246061013638 0.517659755423665 0.0463622194769413 0.10218418412841856 0.10218418390286388 0.024576475858338998 0.23675657169539388 0.4277091157855466 0.5176597544923425 0.10218418401200324 0.5176597546087578 0.08293818661577013 0.19256326445611194 0.5176597548997961 0.06340449889674683 0.18375006995627763 0.5176597539248178
48 0.4277091157855466 0.1925632641359698 0.19256326524191536 0.2196246061013638 0.517659755423665 0.0463622194769413 0.10218418412841856 0.10218418390286388 0.024576475858338998 0.23675657169539388 0.4277091157855466 0.5176597544923425 0.10218418401200324 0.5176597546087578 0.08293818661577013 0.19256326445611194 0.5176597548997961 0.06340449889674683 0.18375006995627763 0.5176597539248178
53 0.4277091157855466 0.1925632641359698 0.19256326524191536 0.2196246061013638 0.517659755423665 0.0463622194769413 0.10218418412841856 0.10218418390286388 0.024576475858338998 0.23675657169539388 0.4277091157855466 0.5176597544923425 0.10218418401200324 0.5176597546087578 0.08293818661577013 0.19256326445611194 0.5176597548997961 0.06340449889674683 0.18375006995627763 0.5176597539248178
11 0.20421209593629383 0.49530283312010537 0.495302834246828 0.49438992105054913 0.19256326514501043 0.36230414937236555 0.22751190945434757 0.2275119091579763 0.15356831621538947 0.2506887514063015 0.20421209542980068 0.19256326484830216 0.22751190931009652 0.19256326459557788 0.38013362623644503 0.4953028333887129 0.1925632649425641 0.193203622192332 0.44270656966137634 0.19256326369517965
1 0.20421209593629383 0.49530283312010537 0.495302834246828 0.49438992105054913 0.19256326514501043 0.36230414937236555 0.22751190945434757 0.2275119091579763 0.15356831621538947 0.2506887514063015 0.20421209542980068 0.19256326484830216 0.22751190931009652 0.19256326459557788 0.38013362623644503 0.4953028333887129 0.1925632649425641 0.193203622192332 0.44270656966137634 0.19256326369517965
55 0.16074228356423342 0.49438992078942706 0.4943899214596929 0.5911550789431683 0.21962460638757775 0.29954656248989575 0.2048702394438845 0.20487023937298676 0.1510332739670678 0.22458592876189412 0.1607422832627319 0.2196246063425457 0.20487023932942916 0.21962460613157356 0.4034904436819571 0.49438992086561473 0.2196246064315933 0.15101504227083806 0.38719107791420115 0.21962460501088713
27 0.09080383203208876 0.19320362206697136 0.19320362262092003 0.15101504227083268 0.06340449921542532 0.4144790381161204 0.4282281438028242 0.4282281436103068 0.6194359667588512 0.23554257303813592 0.09080383144822016 0.06340449905099274 0.42822814396926934 0.06340449884235526 0.25885933502650843 0.19320362210958153 0.06340449928397296 0.7243043322522611 0.27546900024432003 0.06340449828161085
44 0.4277091157855466 0.1925632641359698 0.19256326524191536 0.2196246061013638 0.517659755423665 0.0463622194769413 0.10218418412841856 0.10218418390286388 0.024576475858338998 0.23675657169539388 0.4277091157855466 0.5176597544923425 0.10218418401200324 0.5176597546087578 0.08293818661577013 0.19256326445611194 0.5176597548997961 0.06340449889674683 0.18375006995627763 0.5176597539248178
61 0.25151341052384524 0.4427065694665342 0.4427065703843146 0.387191077914201 0.1837500705763223 0.39354211773638625 0.28571200666576624 0.28571200639577715 0.1551538111083473 0.2798647724189161 0.2515134101459619 0.18375007023222778 0.28571200638549077 0.18375007009383285 0.3505537498142941 0.4427065695618409 0.18375007023090467 0.2754690002443214 0.5155965174496622 0.18375006891195567
33 0.4277091157855466 0.1925632641359698 0.19256326524191536 0.2196246061013638 0.517659755423665 0.0463622194769413 0.10218418412841856 0.10218418390286388 0.024576475858338998 0.23675657169539388 0.4277091157855466 0.5176597544923425 0.10218418401200324 0.5176597546087578 0.08293818661577013 0.19256326445611194 0.5176597548997961 0.06340449889674683 0.18375006995627763 0.5176597539248178
47 0.4277091157855466 0.1925632641359698 0.19256326524191536 0.2196246061013638 0.517659755423665 0.0463622194769413 0.10218418412841856 0.10218418390286388 0.024576475858338998 0.23675657169539388 0.4277091157855466 0.5176597544923425 0.10218418401200324 0.5176597546087578 0.08293818661577013 0.19256326445611194 0.5176597548997961 0.06340449889674683 0.18375006995627763 0.5176597539248178
67 0.10409624020604881 0.22751190886008396 0.2275119095657042 0.20487023929708112 0.10218418430112593 0.3204367080657109 0.5380469700009854 0.5380469696603203 0.42496743081752963 0.41673195546259745 0.10409623972896902 0.10218418409315971 0.5380469702135396 0.1021841838563397 0.37205677602536485 0.2275119088355051 0.10218418428660608 0.42822814370571977 0.28571200636340927 0.10218418328011802
28 0.598614060183624 0.20421209552201433 0.204212096566704 0.16074228342611838 0.4277091161744461 0.07568302435882542 0.10409624024825159 0.10409623996425563 0.014820393598396759 0.32116546272935137 0.5986140602719947 0.4277091159373564 0.10409624011911241 0.4277091156994558 0.06777847274115308 0.20421209559339626 0.42770911614582874 0.09080383176288982 0.25151341032699837 0.42770911494482783
49 0.4277091157855466 0.1925632641359698 0.19256326524191536 0.2196246061013638 0.517659755423665 0.0463622194769413 0.10218418412841856 0.10218418390286388 0.024576475858338998 0.23675657169539388 0.4277091157855466 0.5176597544923425 0.10218418401200324 0.5176597546087578 0.08293818661577013 0.19256326445611194 0.5176597548997961 0.06340449889674683 0.18375006995627763 0.5176597539248178
18 0.05748256288326992 0.39008868425630316 0.3900886845687981 0.41534253205620825 0.057448141052701296 0.6304345917100778 0.2826781308873582 0.2826781305091879 0.32949532577781737 0.15499572342846138 0.057482562550007374 0.057448140940803256 0.2826781308364605 0.05744814082713395 0.5675107170476928 0.39008868411693115 0.05744814113779634 0.3239259183858219 0.3885977556716833 0.05744814024627087
19 0.20421209593629383 0.49530283312010537 0.495302834246828 0.49438992105054913 0.19256326514501043 0.36230414937236555 0.22751190945434757 0.2275119091579763 0.15356831621538947 0.2506887514063015 0.20421209542980068 0.19256326484830216 0.22751190931009652 0.19256326459557788 0.38013362623644503 0.4953028333887129 0.1925632649425641 0.193203622192332 0.44270656966137634 0.19256326369517965
3 0.20421209593629383 0.49530283312010537 0.495302834246828 0.49438992105054913 0.19256326514501043 0.36230414937236555 0.22751190945434757 0.2275119091579763 0.15356831621538947 0.2506887514063015 0.20421209542980068 0.19256326484830216 0.22751190931009652 0.19256326459557788 0.38013362623644503 0.4953028333887129 0.1925632649425641 0.193203622192332 0.44270656966137634 0.19256326369517965
29 0.598614060183624 0.20421209552201433 0.204212096566704 0.16074228342611838 0.4277091161744461 0.07568302435882542 0.10409624024825159 0.10409623996425563 0.014820393598396759 0.32116546272935137 0.5986140602719947 0.4277091159373564 0.10409624011911241 0.4277091156994558 0.06777847274115308 0.20421209559339626 0.42770911614582874 0.09080383176288982 0.25151341032699837 0.42770911494482783
34 0.4277091157855466 0.1925632641359698 0.19256326524191536 0.2196246061013638 0.517659755423665 0.0463622194769413 0.10218418412841856 0.10218418390286388 0.024576475858338998 0.23675657169539388 0.4277091157855466 0.5176597544923425 0.10218418401200324 0.5176597546087578 0.08293818661577013 0.19256326445611194 0.5176597548997961 0.06340449889674683 0.18375006995627763 0.5176597539248178
4 0.0756830246271324 0.36230414943909833 0.36230414979571 0.29954656248989986 0.046362219826245825 0.6581500173542729 0.32043670831924076 0.3204367080774681 0.3922178844878466 0.16848515591330618 0.07568302414608999 0.04636221957254223 0.32043670815277164 0.0463622194870128 0.4941507507836382 0.3623041491219784 0.04636221984085732 0.4144790381161229 0.3935421177364004 0.04636221859042718
38 0.3211654627988408 0.25068875104364413 0.2506887519929049 0.2245859287618794 0.2367565722788664 0.16848515591329927 0.4167319556149534 0.41673195544161074 0.1601288935639127 0.6991978003076066 0.3211654625262749 0.23675657189940216 0.4167319554933366 0.2367565717517209 0.2770496224765964 0.2506887513891248 0.23675657207276488 0.23554257303813927 0.279864772418904 0.23675657053873195
42 0.4277091157855466 0.1925632641359698 0.19256326524191536 0.2196246061013638 0.517659755423665 0.0463622194769413 0.10218418412841856 0.10218418390286388 0.024576475858338998 0.23675657169539388 0.4277091157855466 0.5176597544923425 0.10218418401200324 0.5176597546087578 0.08293818661577013 0.19256326445611194 0.5176597548997961 0.06340449889674683 0.18375006995627763 0.5176597539248178
52 0.4277091157855466 0.1925632641359698 0.19256326524191536 0.2196246061013638 0.517659755423665 0.0463622194769413 0.10218418412841856 0.10218418390286388 0.024576475858338998 0.23675657169539388 0.4277091157855466 0.5176597544923425 0.10218418401200324 0.5176597546087578 0.08293818661577013 0.19256326445611194 0.5176597548997961 0.06340449889674683 0.18375006995627763 0.5176597539248178
54 0.4277091157855466 0.1925632641359698 0.19256326524191536 0.2196246061013638 0.517659755423665 0.0463622194769413 0.10218418412841856 0.10218418390286388 0.024576475858338998 0.23675657169539388 0.4277091157855466 0.5176597544923425 0.10218418401200324 0.5176597546087578 0.08293818661577013 0.19256326445611194 0.5176597548997961 0.06340449889674683 0.18375006995627763 0.5176597539248178
35 0.06777847316396167 0.3801336261874896 0.3801336264585467 0.40349044368194853 0.08293818685076511 0.49415075078362897 0.37205677622745637 0.3720567761348057 0.29081623512283783 0.27704962247659987 0.06777847257150113 0.08293818677741346 0.37205677578621604 0.08293818658200246 0.5911165897829797 0.3801336260502799 0.08293818691640227 0.2588593350265024 0.35055374981429216 0.08293818551078651
58 0.4277091157855466 0.1925632641359698 0.19256326524191536 0.2196246061013638 0.517659755423665 0.0463622194769413 0.10218418412841856 0.10218418390286388 0.024576475858338998 0.23675657169539388 0.4277091157855466 0.5176597544923425 0.10218418401200324 0.5176597546087578 0.08293818661577013 0.19256326445611194 0.5176597548997961 0.06340449889674683 0.18375006995627763 0.5176597539248178
60 0.25151341052384524 0.4427065694665342 0.4427065703843146 0.387191077914201 0.1837500705763223 0.39354211773638625 0.28571200666576624 0.28571200639577715 0.1551538111083473 0.2798647724189161 0.2515134101459619 0.18375007023222778 0.28571200638549077 0.18375007009383285 0.3505537498142941 0.4427065695618409 0.18375007023090467 0.2754690002443214 0.5155965174496622 0.18375006891195567
45 0.16074228356423342 0.49438992078942706 0.4943899214596929 0.5911550789431683 0.21962460638757775 0.29954656248989575 0.2048702394438845 0.20487023937298676 0.1510332739670678 0.22458592876189412 0.1607422832627319 0.2196246063425457 0.20487023932942916 0.21962460613157356 0.4034904436819571 0.49438992086561473 0.2196246064315933 0.15101504227083806 0.38719107791420115 0.21962460501088713
46 0.014820393896260733 0.1535683161141844 0.1535683165856285 0.15103327396705662 0.02457647593269981 0.39221788448783534 0.4249674311687284 0.4249674308406845 0.8302795764669925 0.16012889356391127 0.014820393378071282 0.02457647599256013 0.4249674311364239 0.02457647587967449 0.29081623512284394 0.15356831608434354 0.024576476170995995 0.6194359667588495 0.15515381110834103 0.024576475306688172
57 0.4277091157855466 0.1925632641359698 0.19256326524191536 0.2196246061013638 0.517659755423665 0.0463622194769413 0.10218418412841856 0.10218418390286388 0.024576475858338998 0.23675657169539388 0.4277091157855466 0.5176597544923425 0.10218418401200324 0.5176597546087578 0.08293818661577013 0.19256326445611194 0.5176597548997961 0.06340449889674683 0.18375006995627763 0.5176597539248178
5 0.20421209593629383 0.49530283312010537 0.495302834246828 0.49438992105054913 0.19256326514501043 0.36230414937236555 0.22751190945434757 0.2275119091579763 0.15356831621538947 0.2506887514063015 0.20421209542980068 0.19256326484830216 0.22751190931009652 0.19256326459557788 0.38013362623644503 0.4953028333887129 0.1925632649425641 0.193203622192332 0.44270656966137634 0.19256326369517965
10 0.0756830246271324 0.36230414943909833 0.36230414979571 0.29954656248989986 0.046362219826245825 0.6581500173542729 0.32043670831924076 0.3204367080774681 0.3922178844878466 0.16848515591330618 0.07568302414608999 0.04636221957254223 0.32043670815277164 0.0463622194870128 0.4941507507836382 0.3623041491219784 0.04636221984085732 0.4144790381161229 0.3935421177364004 0.04636221859042718
40 0.16074228356423342 0.49438992078942706 0.4943899214596929 0.5911550789431683 0.21962460638757775 0.29954656248989575 0.2048702394438845 0.20487023937298676 0.1510332739670678 0.22458592876189412 0.1607422832627319 0.2196246063425457 0.20487023932942916 0.21962460613157356 0.4034904436819571 0.49438992086561473 0.2196246064315933 0.15101504227083806 0.38719107791420115 0.21962460501088713
30 0.16074228356423342 0.49438992078942706 0.4943899214596929 0.5911550789431683 0.21962460638757775 0.29954656248989575 0.2048702394438845 0.20487023937298676 0.1510332739670678 0.22458592876189412 0.1607422832627319 0.2196246063425457 0.20487023932942916 0.21962460613157356 0.4034904436819571 0.49438992086561473 0.2196246064315933 0.15101504227083806 0.38719107791420115 0.21962460501088713
50 0.16074228356423342 0.49438992078942706 0.4943899214596929 0.5911550789431683 0.21962460638757775 0.29954656248989575 0.2048702394438845 0.20487023937298676 0.1510332739670678 0.22458592876189412 0.1607422832627319 0.2196246063425457 0.20487023932942916 0.21962460613157356 0.4034904436819571 0.49438992086561473 0.2196246064315933 0.15101504227083806 0.38719107791420115 0.21962460501088713
25 0.25151341052384524 0.4427065694665342 0.4427065703843146 0.387191077914201 0.1837500705763223 0.39354211773638625 0.28571200666576624 0.28571200639577715 0.1551538111083473 0.2798647724189161 0.2515134101459619 0.18375007023222778 0.28571200638549077 0.18375007009383285 0.3505537498142941 0.4427065695618409 0.18375007023090467 0.2754690002443214 0.5155965174496622 0.18375006891195567
37 0.10409624020604881 0.22751190886008396 0.2275119095657042 0.20487023929708112 0.10218418430112593 0.3204367080657109 0.5380469700009854 0.5380469696603203 0.42496743081752963 0.41673195546259745 0.10409623972896902 0.10218418409315971 0.5380469702135396 0.1021841838563397 0.37205677602536485 0.2275119088355051 0.10218418428660608 0.42822814370571977 0.28571200636340927 0.10218418328011802
69 0.3211654627988408 0.25068875104364413 0.2506887519929049 0.2245859287618794 0.2367565722788664 0.16848515591329927 0.4167319556149534 0.41673195544161074 0.1601288935639127 0.6991978003076066 0.3211654625262749 0.23675657189940216 0.4167319554933366 0.2367565717517209 0.2770496224765964 0.2506887513891248 0.23675657207276488 0.23554257303813927 0.279864772418904 0.23675657053873195
17 0.20421209593629383 0.49530283312010537 0.495302834246828 0.49438992105054913 0.19256326514501043 0.36230414937236555 0.22751190945434757 0.2275119091579763 0.15356831621538947 0.2506887514063015 0.20421209542980068 0.19256326484830216 0.22751190931009652 0.19256326459557788 0.38013362623644503 0.4953028333887129 0.1925632649425641 0.193203622192332 0.44270656966137634 0.19256326369517965
64 0.598614060183624 0.20421209552201433 0.204212096566704 0.16074228342611838 0.4277091161744461 0.07568302435882542 0.10409624024825159 0.10409623996425563 0.014820393598396759 0.32116546272935137 0.5986140602719947 0.4277091159373564 0.10409624011911241 0.4277091156994558 0.06777847274115308 0.20421209559339626 0.42770911614582874 0.09080383176288982 0.25151341032699837 0.42770911494482783
20 0.06777847316396167 0.3801336261874896 0.3801336264585467 0.40349044368194853 0.08293818685076511 0.49415075078362897 0.37205677622745637 0.3720567761348057 0.29081623512283783 0.27704962247659987 0.06777847257150113 0.08293818677741346 0.37205677578621604 0.08293818658200246 0.5911165897829797 0.3801336260502799 0.08293818691640227 0.2588593350265024 0.35055374981429216 0.08293818551078651
21 0.10409624020604881 0.22751190886008396 0.2275119095657042 0.20487023929708112 0.10218418430112593 0.3204367080657109 0.5380469700009854 0.5380469696603203 0.42496743081752963 0.41673195546259745 0.10409623972896902 0.10218418409315971 0.5380469702135396 0.1021841838563397 0.37205677602536485 0.2275119088355051 0.10218418428660608 0.42822814370571977 0.28571200636340927 0.10218418328011802
32 0.4277091157855466 0.1925632641359698 0.19256326524191536 0.2196246061013638 0.517659755423665 0.0463622194769413 0.10218418412841856 0.10218418390286388 0.024576475858338998 0.23675657169539388 0.4277091157855466 0.5176597544923425 0.10218418401200324 0.5176597546087578 0.08293818661577013 0.19256326445611194 0.5176597548997961 0.06340449889674683 0.18375006995627763 0.5176597539248178
66 0.10409624020604881 0.22751190886008396 0.2275119095657042 0.20487023929708112 0.10218418430112593 0.3204367080657109 0.5380469700009854 0.5380469696603203 0.42496743081752963 0.41673195546259745 0.10409623972896902 0.10218418409315971 0.5380469702135396 0.1021841838563397 0.37205677602536485 0.2275119088355051 0.10218418428660608 0.42822814370571977 0.28571200636340927 0.10218418328011802
68 0.3211654627988408 0.25068875104364413 0.2506887519929049 0.2245859287618794 0.2367565722788664 0.16848515591329927 0.4167319556149534 0.41673195544161074 0.1601288935639127 0.6991978003076066 0.3211654625262749 0.23675657189940216 0.4167319554933366 0.2367565717517209 0.2770496224765964 0.2506887513891248 0.23675657207276488 0.23554257303813927 0.279864772418904 0.23675657053873195
15 0.20421209593629383 0.49530283312010537 0.495302834246828 0.49438992105054913 0.19256326514501043 0.36230414937236555 0.22751190945434757 0.2275119091579763 0.15356831621538947 0.2506887514063015 0.20421209542980068 0.19256326484830216 0.22751190931009652 0.19256326459557788 0.38013362623644503 0.4953028333887129 0.1925632649425641 0.193203622192332 0.44270656966137634 0.19256326369517965
2 0.0756830246271324 0.36230414943909833 0.36230414979571 0.29954656248989986 0.046362219826245825 0.6581500173542729 0.32043670831924076 0.3204367080774681 0.3922178844878466 0.16848515591330618 0.07568302414608999 0.04636221957254223 0.32043670815277164 0.0463622194870128 0.4941507507836382 0.3623041491219784 0.04636221984085732 0.4144790381161229 0.3935421177364004 0.04636221859042718
14 0.0756830246271324 0.36230414943909833 0.36230414979571 0.29954656248989986 0.046362219826245825 0.6581500173542729 0.32043670831924076 0.3204367080774681 0.3922178844878466 0.16848515591330618 0.07568302414608999 0.04636221957254223 0.32043670815277164 0.0463622194870128 0.4941507507836382 0.3623041491219784 0.04636221984085732 0.4144790381161229 0.3935421177364004 0.04636221859042718
8 0.0756830246271324 0.36230414943909833 0.36230414979571 0.29954656248989986 0.046362219826245825 0.6581500173542729 0.32043670831924076 0.3204367080774681 0.3922178844878466 0.16848515591330618 0.07568302414608999 0.04636221957254223 0.32043670815277164 0.0463622194870128 0.4941507507836382 0.3623041491219784 0.04636221984085732 0.4144790381161229 0.3935421177364004 0.04636221859042718
31 0.014820393896260733 0.1535683161141844 0.1535683165856285 0.15103327396705662 0.02457647593269981 0.39221788448783534 0.4249674311687284 0.4249674308406845 0.8302795764669925 0.16012889356391127 0.014820393378071282 0.02457647599256013 0.4249674311364239 0.02457647587967449 0.29081623512284394 0.15356831608434354 0.024576476170995995 0.6194359667588495 0.15515381110834103 0.024576475306688172
9 0.20421209593629383 0.49530283312010537 0.495302834246828 0.49438992105054913 0.19256326514501043 0.36230414937236555 0.22751190945434757 0.2275119091579763 0.15356831621538947 0.2506887514063015 0.20421209542980068 0.19256326484830216 0.22751190931009652 0.19256326459557788 0.38013362623644503 0.4953028333887129 0.1925632649425641 0.193203622192332 0.44270656966137634 0.19256326369517965
51 0.014820393896260733 0.1535683161141844 0.1535683165856285 0.15103327396705662 0.02457647593269981 0.39221788448783534 0.4249674311687284 0.4249674308406845 0.8302795764669925 0.16012889356391127 0.014820393378071282 0.02457647599256013 0.4249674311364239 0.02457647587967449 0.29081623512284394 0.15356831608434354 0.024576476170995995 0.6194359667588495 0.15515381110834103 0.024576475306688172
56 0.014820393896260733 0.1535683161141844 0.1535683165856285 0.15103327396705662 0.02457647593269981 0.39221788448783534 0.4249674311687284 0.4249674308406845 0.8302795764669925 0.16012889356391127 0.014820393378071282 0.02457647599256013 0.4249674311364239 0.02457647587967449 0.29081623512284394 0.15356831608434354 0.024576476170995995 0.6194359667588495 0.15515381110834103 0.024576475306688172
62 0.09080383203208876 0.19320362206697136 0.19320362262092003 0.15101504227083268 0.06340449921542532 0.4144790381161204 0.4282281438028242 0.4282281436103068 0.6194359667588512 0.23554257303813592 0.09080383144822016 0.06340449905099274 0.42822814396926934 0.06340449884235526 0.25885933502650843 0.19320362210958153 0.06340449928397296 0.7243043322522611 0.27546900024432003 0.06340449828161085
41 0.014820393896260733 0.1535683161141844 0.1535683165856285 0.15103327396705662 0.02457647593269981 0.39221788448783534 0.4249674311687284 0.4249674308406845 0.8302795764669925 0.16012889356391127 0.014820393378071282 0.02457647599256013 0.4249674311364239 0.02457647587967449 0.29081623512284394 0.15356831608434354 0.024576476170995995 0.6194359667588495 0.15515381110834103 0.024576475306688172
65 0.06777847316396167 0.3801336261874896 0.3801336264585467 0.40349044368194853 0.08293818685076511 0.49415075078362897 0.37205677622745637 0.3720567761348057 0.29081623512283783 0.27704962247659987 0.06777847257150113 0.08293818677741346 0.37205677578621604 0.08293818658200246 0.5911165897829797 0.3801336260502799 0.08293818691640227 0.2588593350265024 0.35055374981429216 0.08293818551078651
12 0.0756830246271324 0.36230414943909833 0.36230414979571 0.29954656248989986 0.046362219826245825 0.6581500173542729 0.32043670831924076 0.3204367080774681 0.3922178844878466 0.16848515591330618 0.07568302414608999 0.04636221957254223 0.32043670815277164 0.0463622194870128 0.4941507507836382 0.3623041491219784 0.04636221984085732 0.4144790381161229 0.3935421177364004 0.04636221859042718
