51 0.4981058527877895 0.13836032774526308 0.25084987734143427 0.03731712502924947 0.12258041861910414 0.03086355846012317 0.8283691920877798 0.6381689702075249 0.3249074831158954 0.037317125091454274 0.15551865184275607 0.03731712504000299 0.1555186516722884 0.2083879966618151 0.32490748293905136 0.030863558755928583 0.32490748244424045 0.3249074825087814 0.1304384316795686 0.155518651625685
54 0.03260293123408877 0.2728789778529266 0.06443962837938397 0.6221109817643194 0.246560277790682 0.49932710503707267 0.03731712502498157 0.0811230641727791 0.05561248763165252 0.6221109815568198 0.20539769094172305 0.6221109811913433 0.20539769090498342 0.08261971274295293 0.055612487391640424 0.4993271054228964 0.055612487035029065 0.055612486995679035 0.21464662737433068 0.2053976907775825
18 0.39404278339304044 0.24723541446879235 0.41747244963028557 0.0556124873727852 0.2545245633335351 0.07843214378776016 0.3249074827789576 0.3418575971780942 0.4412665989144071 0.05561248744216659 0.3141852356410868 0.05561248734806211 0.3141852353724841 0.372652044252692 0.4412665987118393 0.07843214419260779 0.44126659814927416 0.4412665979143653 0.2943713999575234 0.3141852350755918
56 0.21635970091467271 0.3974074545658368 0.3066502711609047 0.20539769106835593 0.3607596885904627 0.2654800065793097 0.15551865179054758 0.24912330646479752 0.3141852357221069 0.2053976911265636 0.438368788396474 0.20539769094466465 0.43836878810543567 0.2939246817552146 0.31418523550382815 0.2654800071613863 0.3141852350672707 0.3141852349508554 0.39944802854890327 0.4383687879308127
35 0.21635970091467271 0.3974074545658368 0.3066502711609047 0.20539769106835593 0.3607596885904627 0.2654800065793097 0.15551865179054758 0.24912330646479752 0.3141852357221069 0.2053976911265636 0.438368788396474 0.20539769094466465 0.43836878810543567 0.2939246817552146 0.31418523550382815 0.2654800071613863 0.3141852350672707 0.3141852349508554 0.39944802854890327 0.4383687879308127
68 0.00835212121345208 0.21838723561371354 0.06547238722179818 0.49932710557087023 0.18827131712674508 0.6570951053187717 0.030863558597221008 0.10599521770621387 0.07843214417639822 0.4993271050903952 0.26548000692092855 0.49932710493320415 0.26548000692174356 0.054339089705305176 0.07843214398392438 0.6570951055970174 0.07843214396356711 0.07843214387159281 0.22313295815743336 0.265480006711252
67 0.5909165737003688 0.3288155822907459 0.28528445101421757 0.11689385920681672 0.11881945735335148 0.0889436275739332 0.46566971296477017 0.592731397800323 0.3217965594629637 0.11689385911894228 0.31586004515945987 0.11689385912013564 0.3158600451256858 0.2954470723638102 0.3217965593312518 0.08894362764815977 0.32179655362944304 0.32179655298787385 0.14627239122211014 0.3158600421848701
14 0.39404278339304044 0.24723541446879235 0.41747244963028557 0.0556124873727852 0.2545245633335351 0.07843214378776016 0.3249074827789576 0.3418575971780942 0.4412665989144071 0.05561248744216659 0.3141852356410868 0.05561248734806211 0.3141852353724841 0.372652044252692 0.4412665987118393 0.07843214419260779 0.44126659814927416 0.4412665979143653 0.2943713999575234 0.3141852350755918
44 0.27758530086353234 0.5387629902189198 0.28728769488393296 0.3582028184813274 0.20245394633747063 0.3201840003012651 0.2856564728359369 0.32112488756803326 0.10417771174231605 0.3582028176063675 0.3908321782150779 0.3582028174195632 0.3908321779717645 0.3215832511212681 0.10417771144587525 0.3201840000148875 0.10417770187670838 0.10417770083449472 0.21131006765534474 0.39083217343131016
66 0.29246278206187254 0.3652264172053201 0.4992619050184508 0.07444829177731076 0.4688903825490608 0.04874394035226499 0.186383461023467 0.13561025824331555 0.36473905392663925 0.07444829171620203 0.26963092326937266 0.07444829161939821 0.2696309231444396 0.583230854496638 0.36473905366672604 0.0487439409210885 0.3647390537602162 0.36473905314619276 0.3834670490338691 0.26963092250853765
55 0.21635970091467271 0.3974074545658368 0.3066502711609047 0.20539769106835593 0.3607596885904627 0.2654800065793097 0.15551865179054758 0.24912330646479752 0.3141852357221069 0.2053976911265636 0.438368788396474 0.20539769094466465 0.43836878810543567 0.2939246817552146 0.31418523550382815 0.2654800071613863 0.3141852350672707 0.3141852349508554 0.39944802854890327 0.4383687879308127
39 0.00835212121345208 0.21838723561371354 0.06547238722179818 0.49932710557087023 0.18827131712674508 0.6570951053187717 0.030863558597221008 0.10599521770621387 0.07843214417639822 0.4993271050903952 0.26548000692092855 0.49932710493320415 0.26548000692174356 0.054339089705305176 0.07843214398392438 0.6570951055970174 0.07843214396356711 0.07843214387159281 0.22313295815743336 0.265480006711252
49 0.03260293123408877 0.2728789778529266 0.06443962837938397 0.6221109817643194 0.246560277790682 0.49932710503707267 0.03731712502498157 0.0811230641727791 0.05561248763165252 0.6221109815568198 0.20539769094172305 0.6221109811913433 0.20539769090498342 0.08261971274295293 0.055612487391640424 0.4993271054228964 0.055612487035029065 0.055612486995679035 0.21464662737433068 0.2053976907775825
21 0.566087037142504 0.502659185532031 0.30370861705107494 0.16279479009646539 0.14953126702732503 0.10650966649372477 0.4315361866115217 0.4570903809533092 0.2172700597751034 0.1627947896513678 0.36302027201603304 0.1627947894837778 0.36302027199894626 0.3924233145364583 0.2172700594519917 0.10650966631920526 0.2172700510749281 0.21727005025724316 0.16623903640937804 0.363020267817812
53 0.03260293123408877 0.2728789778529266 0.06443962837938397 0.6221109817643194 0.246560277790682 0.49932710503707267 0.03731712502498157 0.0811230641727791 0.05561248763165252 0.6221109815568198 0.20539769094172305 0.6221109811913433 0.20539769090498342 0.08261971274295293 0.055612487391640424 0.4993271054228964 0.055612487035029065 0.055612486995679035 0.21464662737433068 0.2053976907775825
26 0.4981058527877895 0.13836032774526308 0.25084987734143427 0.03731712502924947 0.12258041861910414 0.03086355846012317 0.8283691920877798 0.6381689702075249 0.3249074831158954 0.037317125091454274 0.15551865184275607 0.03731712504000299 0.1555186516722884 0.2083879966618151 0.32490748293905136 0.030863558755928583 0.32490748244424045 0.3249074825087814 0.1304384316795686 0.155518651625685
50 0.1702402661120841 0.4454645864238961 0.3359864957572338 0.24656027800299005 0.5712270746833207 0.18827131668568736 0.12258041861896045 0.11200988116788414 0.254524563509395 0.24656027789742493 0.36075968871844255 0.24656027771984923 0.3607596885586277 0.4006509740299034 0.25452456350012725 0.18827131740205877 0.25452456317430106 0.25452456301392995 0.49239935093447595 0.36075968839379435
63 0.03260293123408877 0.2728789778529266 0.06443962837938397 0.6221109817643194 0.246560277790682 0.49932710503707267 0.03731712502498157 0.0811230641727791 0.05561248763165252 0.6221109815568198 0.20539769094172305 0.6221109811913433 0.20539769090498342 0.08261971274295293 0.055612487391640424 0.4993271054228964 0.055612487035029065 0.055612486995679035 0.21464662737433068 0.2053976907775825
37 0.4202941065522971 0.18357821313814096 0.24323789937190113 0.08112306433986782 0.11200988116811357 0.10599521759139457 0.6381689702076402 0.7452498185813005 0.3418575975988866 0.08112306428569213 0.24912330671661004 0.0811230641727777 0.24912330649234216 0.19310043970164895 0.34185759727537607 0.10599521801396675 0.3418575971784843 0.3418575968592219 0.14876070920351692 0.24912330612535566
1 0.17384097123779296 0.4064263374895817 0.33241255875785247 0.21464662766325485 0.4923993509348426 0.22313295795846944 0.13043843167987573 0.14876070920375847 0.2943714002823843 0.21464662754431946 0.3994480285985972 0.21464662727921216 0.3994480285422038 0.34934208155372454 0.2943714001263801 0.223132958362303 0.29437139972664034 0.29437139953480657 0.4768306522615115 0.39944802815236896
65 0.17384097123779296 0.4064263374895817 0.33241255875785247 0.21464662766325485 0.4923993509348426 0.22313295795846944 0.13043843167987573 0.14876070920375847 0.2943714002823843 0.21464662754431946 0.3994480285985972 0.21464662727921216 0.3994480285422038 0.34934208155372454 0.2943714001263801 0.223132958362303 0.29437139972664034 0.29437139953480657 0.4768306522615115 0.39944802815236896
31 0.21635970091467271 0.3974074545658368 0.3066502711609047 0.20539769106835593 0.3607596885904627 0.2654800065793097 0.15551865179054758 0.24912330646479752 0.3141852357221069 0.2053976911265636 0.438368788396474 0.20539769094466465 0.43836878810543567 0.2939246817552146 0.31418523550382815 0.2654800071613863 0.3141852350672707 0.3141852349508554 0.39944802854890327 0.4383687879308127
20 0.3636905065403924 0.3404670216448117 0.54693386350406 0.009609948422728451 0.37660624728436476 0.0006837398165422588 0.25480889716316446 0.13271951804266036 0.3892748978273776 0.009609948421698485 0.1967486473938599 0.00960994843747212 0.1967486472298378 0.643036738040655 0.3892748977122997 0.000683740603387128 0.3892749005722994 0.3892749007117998 0.29750903409369445 0.19674864847925513
27 0.03260293123408877 0.2728789778529266 0.06443962837938397 0.6221109817643194 0.246560277790682 0.49932710503707267 0.03731712502498157 0.0811230641727791 0.05561248763165252 0.6221109815568198 0.20539769094172305 0.6221109811913433 0.20539769090498342 0.08261971274295293 0.055612487391640424 0.4993271054228964 0.055612487035029065 0.055612486995679035 0.21464662737433068 0.2053976907775825
40 0.46853546819464176 0.5340705427499621 0.35357237969064753 0.1483026956491919 0.2461577594894629 0.10063321274556905 0.3599887562935666 0.31857775156203416 0.24371343823880548 0.14830269545186195 0.3602985799385044 0.14830269543575572 0.36029857993124575 0.4833008048542632 0.24371343830910594 0.10063321308567491 0.24371343527130374 0.24371343450423127 0.25461431980779675 0.3602985782320142
25 0.1702402661120841 0.4454645864238961 0.3359864957572338 0.24656027800299005 0.5712270746833207 0.18827131668568736 0.12258041861896045 0.11200988116788414 0.254524563509395 0.24656027789742493 0.36075968871844255 0.24656027771984923 0.3607596885586277 0.4006509740299034 0.25452456350012725 0.18827131740205877 0.25452456317430106 0.25452456301392995 0.49239935093447595 0.36075968839379435
15 0.17384097123779296 0.4064263374895817 0.33241255875785247 0.21464662766325485 0.4923993509348426 0.22313295795846944 0.13043843167987573 0.14876070920375847 0.2943714002823843 0.21464662754431946 0.3994480285985972 0.21464662727921216 0.3994480285422038 0.34934208155372454 0.2943714001263801 0.223132958362303 0.29437139972664034 0.29437139953480657 0.4768306522615115 0.39944802815236896
19 0.17384097123779296 0.4064263374895817 0.33241255875785247 0.21464662766325485 0.4923993509348426 0.22313295795846944 0.13043843167987573 0.14876070920375847 0.2943714002823843 0.21464662754431946 0.3994480285985972 0.21464662727921216 0.3994480285422038 0.34934208155372454 0.2943714001263801 0.223132958362303 0.29437139972664034 0.29437139953480657 0.4768306522615115 0.39944802815236896
10 0.37323030837195936 0.30649633732158504 0.45367975475665634 0.06443962840313433 0.33598649575751244 0.06547238678566067 0.2508498773415873 0.24323789937186419 0.4174724500836753 0.06443962843948207 0.3066502712763632 0.06443962838056193 0.3066502710939711 0.4638875140985085 0.4174724499141376 0.06547238750990456 0.41747244916984383 0.41747244925983484 0.33241255875725 0.30665027078816237
36 0.21635970091467271 0.3974074545658368 0.3066502711609047 0.20539769106835593 0.3607596885904627 0.2654800065793097 0.15551865179054758 0.24912330646479752 0.3141852357221069 0.2053976911265636 0.438368788396474 0.20539769094466465 0.43836878810543567 0.2939246817552146 0.31418523550382815 0.2654800071613863 0.3141852350672707 0.3141852349508554 0.39944802854890327 0.4383687879308127
3 0.1702402661120841 0.4454645864238961 0.3359864957572338 0.24656027800299005 0.5712270746833207 0.18827131668568736 0.12258041861896045 0.11200988116788414 0.254524563509395 0.24656027789742493 0.36075968871844255 0.24656027771984923 0.3607596885586277 0.4006509740299034 0.25452456350012725 0.18827131740205877 0.25452456317430106 0.25452456301392995 0.49239935093447595 0.36075968839379435
57 0.4202941065522971 0.18357821313814096 0.24323789937190113 0.08112306433986782 0.11200988116811357 0.10599521759139457 0.6381689702076402 0.7452498185813005 0.3418575975988866 0.08112306428569213 0.24912330671661004 0.0811230641727777 0.24912330649234216 0.19310043970164895 0.34185759727537607 0.10599521801396675 0.3418575971784843 0.3418575968592219 0.14876070920351692 0.24912330612535566
30 0.2500870551331372 0.49649189493184903 0.3064963373227663 0.2728789778916068 0.44546458642497994 0.21838723536240848 0.1383603277462449 0.1835782131392926 0.24723541468858265 0.2728789779440807 0.39740745484549045 0.27287897769789127 0.3974074545720518 0.37877753048505164 0.24723541456018483 0.21838723589530987 0.24723541469959745 0.247235414198209 0.40642633749057944 0.39740745438877706
32 0.4202941065522971 0.18357821313814096 0.24323789937190113 0.08112306433986782 0.11200988116811357 0.10599521759139457 0.6381689702076402 0.7452498185813005 0.3418575975988866 0.08112306428569213 0.24912330671661004 0.0811230641727777 0.24912330649234216 0.19310043970164895 0.34185759727537607 0.10599521801396675 0.3418575971784843 0.3418575968592219 0.14876070920351692 0.24912330612535566
22 0.566087037142504 0.502659185532031 0.30370861705107494 0.16279479009646539 0.14953126702732503 0.10650966649372477 0.4315361866115217 0.4570903809533092 0.2172700597751034 0.1627947896513678 0.36302027201603304 0.1627947894837778 0.36302027199894626 0.3924233145364583 0.2172700594519917 0.10650966631920526 0.2172700510749281 0.21727005025724316 0.16623903640937804 0.363020267817812
17 0.17384097123779296 0.4064263374895817 0.33241255875785247 0.21464662766325485 0.4923993509348426 0.22313295795846944 0.13043843167987573 0.14876070920375847 0.2943714002823843 0.21464662754431946 0.3994480285985972 0.21464662727921216 0.3994480285422038 0.34934208155372454 0.2943714001263801 0.223132958362303 0.29437139972664034 0.29437139953480657 0.4768306522615115 0.39944802815236896
43 0.27758530086353234 0.5387629902189198 0.28728769488393296 0.3582028184813274 0.20245394633747063 0.3201840003012651 0.2856564728359369 0.32112488756803326 0.10417771174231605 0.3582028176063675 0.3908321782150779 0.3582028174195632 0.3908321779717645 0.3215832511212681 0.10417771144587525 0.3201840000148875 0.10417770187670838 0.10417770083449472 0.21131006765534474 0.39083217343131016
16 0.39404278339304044 0.24723541446879235 0.41747244963028557 0.0556124873727852 0.2545245633335351 0.07843214378776016 0.3249074827789576 0.3418575971780942 0.4412665989144071 0.05561248744216659 0.3141852356410868 0.05561248734806211 0.3141852353724841 0.372652044252692 0.4412665987118393 0.07843214419260779 0.44126659814927416 0.4412665979143653 0.2943713999575234 0.3141852350755918
29 0.03260293123408877 0.2728789778529266 0.06443962837938397 0.6221109817643194 0.246560277790682 0.49932710503707267 0.03731712502498157 0.0811230641727791 0.05561248763165252 0.6221109815568198 0.20539769094172305 0.6221109811913433 0.20539769090498342 0.08261971274295293 0.055612487391640424 0.4993271054228964 0.055612487035029065 0.055612486995679035 0.21464662737433068 0.2053976907775825
52 0.03260293123408877 0.2728789778529266 0.06443962837938397 0.6221109817643194 0.246560277790682 0.49932710503707267 0.03731712502498157 0.0811230641727791 0.05561248763165252 0.6221109815568198 0.20539769094172305 0.6221109811913433 0.20539769090498342 0.08261971274295293 0.055612487391640424 0.4993271054228964 0.055612487035029065 0.055612486995679035 0.21464662737433068 0.2053976907775825
9 0.3132097531019714 0.4190353928541592 0.47683326168856666 0.08965879303175885 0.45643248807691217 0.054598964278371215 0.20193824217170553 0.14483886811057325 0.3387389740780077 0.08965879311403675 0.28161278704452275 0.0896587929597344 0.2816127869428463 0.597197905232882 0.3387389742190006 0.05459896484280243 0.3387389750353682 0.33873897471740855 0.37791324085385103 0.2816127873630772
42 0.4286598174550916 0.37654984927756807 0.2715534276357629 0.12417334385600554 0.08611047461051907 0.13692614217699667 0.5767435950495586 0.5567675086077362 0.2745895750811902 0.12417334339705725 0.35278392564457917 0.12417334335459487 0.3527839253488706 0.26935210046634583 0.27458957493492636 0.13692614248405388 0.27458957193977385 0.2745895715310353 0.17708407431928 0.3527839239796618
45 0.1702402661120841 0.4454645864238961 0.3359864957572338 0.24656027800299005 0.5712270746833207 0.18827131668568736 0.12258041861896045 0.11200988116788414 0.254524563509395 0.24656027789742493 0.36075968871844255 0.24656027771984923 0.3607596885586277 0.4006509740299034 0.25452456350012725 0.18827131740205877 0.25452456317430106 0.25452456301392995 0.49239935093447595 0.36075968839379435
12 0.39404278339304044 0.24723541446879235 0.41747244963028557 0.0556124873727852 0.2545245633335351 0.07843214378776016 0.3249074827789576 0.3418575971780942 0.4412665989144071 0.05561248744216659 0.3141852356410868 0.05561248734806211 0.3141852353724841 0.372652044252692 0.4412665987118393 0.07843214419260779 0.44126659814927416 0.4412665979143653 0.2943713999575234 0.3141852350755918
23 0.15239977690989645 0.4036292032046828 0.2918649245947756 0.27415918007654666 0.1248140602878932 0.4030591105770005 0.3589775569215628 0.41327953864503686 0.15472239016482225 0.27415917878888346 0.4060067837142528 0.274159178664312 0.4060067836479966 0.20773892779005984 0.15472238979676306 0.4030591102483573 0.15472238178407718 0.1547223810019308 0.22587316777731306 0.4060067798082848
28 0.03260293123408877 0.2728789778529266 0.06443962837938397 0.6221109817643194 0.246560277790682 0.49932710503707267 0.03731712502498157 0.0811230641727791 0.05561248763165252 0.6221109815568198 0.20539769094172305 0.6221109811913433 0.20539769090498342 0.08261971274295293 0.055612487391640424 0.4993271054228964 0.055612487035029065 0.055612486995679035 0.21464662737433068 0.2053976907775825
33 0.00835212121345208 0.21838723561371354 0.06547238722179818 0.49932710557087023 0.18827131712674508 0.6570951053187717 0.030863558597221008 0.10599521770621387 0.07843214417639822 0.4993271050903952 0.26548000692092855 0.49932710493320415 0.26548000692174356 0.054339089705305176 0.07843214398392438 0.6570951055970174 0.07843214396356711 0.07843214387159281 0.22313295815743336 0.265480006711252
38 0.00835212121345208 0.21838723561371354 0.06547238722179818 0.49932710557087023 0.18827131712674508 0.6570951053187717 0.030863558597221008 0.10599521770621387 0.07843214417639822 0.4993271050903952 0.26548000692092855 0.49932710493320415 0.26548000692174356 0.054339089705305176 0.07843214398392438 0.6570951055970174 0.07843214396356711 0.07843214387159281 0.22313295815743336 0.265480006711252
2 0.39404278339304044 0.24723541446879235 0.41747244963028557 0.0556124873727852 0.2545245633335351 0.07843214378776016 0.3249074827789576 0.3418575971780942 0.4412665989144071 0.05561248744216659 0.3141852356410868 0.05561248734806211 0.3141852353724841 0.372652044252692 0.4412665987118393 0.07843214419260779 0.44126659814927416 0.4412665979143653 0.2943713999575234 0.3141852350755918
41 0.5916239648936196 0.34892151092678114 0.30883916542154366 0.05140651956695012 0.13299125609452395 0.02440988624869168 0.6007151978050689 0.4367968201312407 0.3210262674431342 0.0514065195624069 0.2734745410552905 0.05140651953983679 0.2734745407247687 0.36886889543619444 0.3210262674491249 0.02440988658942984 0.3210262660979854 0.3210262656108568 0.16741749027898403 0.2734745398773868
7 0.17384097123779296 0.4064263374895817 0.33241255875785247 0.21464662766325485 0.4923993509348426 0.22313295795846944 0.13043843167987573 0.14876070920375847 0.2943714002823843 0.21464662754431946 0.3994480285985972 0.21464662727921216 0.3994480285422038 0.34934208155372454 0.2943714001263801 0.223132958362303 0.29437139972664034 0.29437139953480657 0.4768306522615115 0.39944802815236896
47 0.03260293123408877 0.2728789778529266 0.06443962837938397 0.6221109817643194 0.246560277790682 0.49932710503707267 0.03731712502498157 0.0811230641727791 0.05561248763165252 0.6221109815568198 0.20539769094172305 0.6221109811913433 0.20539769090498342 0.08261971274295293 0.055612487391640424 0.4993271054228964 0.055612487035029065 0.055612486995679035 0.21464662737433068 0.2053976907775825
24 0.15239977690989645 0.4036292032046828 0.2918649245947756 0.27415918007654666 0.1248140602878932 0.4030591105770005 0.3589775569215628 0.41327953864503686 0.15472239016482225 0.27415917878888346 0.4060067837142528 0.274159178664312 0.4060067836479966 0.20773892779005984 0.15472238979676306 0.4030591102483573 0.15472238178407718 0.1547223810019308 0.22587316777731306 0.4060067798082848
0 0.37483330512048857 0.3787775304837395 0.46388751409776935 0.08261971284204678 0.40065097402977246 0.05433908944086994 0.2083879966613544 0.19310043970109234 0.372652044500285 0.0826197127833495 0.2939246818787515 0.08261971275389042 0.29392468175888936 0.5445407753506307 0.3726520444322725 0.0543390900648122 0.3726520436970715 0.37265204388138873 0.34934208155314456 0.2939246813410666
4 0.43484059915516493 0.29722400654871667 0.5369647990328742 0.009078253127647307 0.3403543384572106 -0.002066726725525343 0.2637736591104005 0.17364493427057875 0.41382129642822496 0.009078253032253484 0.19323530668025132 0.009078252945947527 0.19323530672910558 0.5887988291240791 0.4138212965234212 -0.0020667261933157927 0.4138212976347913 0.4138212978211154 0.2733466710174099 0.19323530726823268
34 0.00835212121345208 0.21838723561371354 0.06547238722179818 0.49932710557087023 0.18827131712674508 0.6570951053187717 0.030863558597221008 0.10599521770621387 0.07843214417639822 0.4993271050903952 0.26548000692092855 0.49932710493320415 0.26548000692174356 0.054339089705305176 0.07843214398392438 0.6570951055970174 0.07843214396356711 0.07843214387159281 0.22313295815743336 0.265480006711252
59 0.00835212121345208 0.21838723561371354 0.06547238722179818 0.49932710557087023 0.18827131712674508 0.6570951053187717 0.030863558597221008 0.10599521770621387 0.07843214417639822 0.4993271050903952 0.26548000692092855 0.49932710493320415 0.26548000692174356 0.054339089705305176 0.07843214398392438 0.6570951055970174 0.07843214396356711 0.07843214387159281 0.22313295815743336 0.265480006711252
13 0.17384097123779296 0.4064263374895817 0.33241255875785247 0.21464662766325485 0.4923993509348426 0.22313295795846944 0.13043843167987573 0.14876070920375847 0.2943714002823843 0.21464662754431946 0.3994480285985972 0.21464662727921216 0.3994480285422038 0.34934208155372454 0.2943714001263801 0.223132958362303 0.29437139972664034 0.29437139953480657 0.4768306522615115 0.39944802815236896
48 0.03260293123408877 0.2728789778529266 0.06443962837938397 0.6221109817643194 0.246560277790682 0.49932710503707267 0.03731712502498157 0.0811230641727791 0.05561248763165252 0.6221109815568198 0.20539769094172305 0.6221109811913433 0.20539769090498342 0.08261971274295293 0.055612487391640424 0.4993271054228964 0.055612487035029065 0.055612486995679035 0.21464662737433068 0.2053976907775825
69 0.00835212121345208 0.21838723561371354 0.06547238722179818 0.49932710557087023 0.18827131712674508 0.6570951053187717 0.030863558597221008 0.10599521770621387 0.07843214417639822 0.4993271050903952 0.26548000692092855 0.49932710493320415 0.26548000692174356 0.054339089705305176 0.07843214398392438 0.6570951055970174 0.07843214396356711 0.07843214387159281 0.22313295815743336 0.265480006711252
60 0.21635970091467271 0.3974074545658368 0.3066502711609047 0.20539769106835593 0.3607596885904627 0.2654800065793097 0.15551865179054758 0.24912330646479752 0.3141852357221069 0.2053976911265636 0.438368788396474 0.20539769094466465 0.43836878810543567 0.2939246817552146 0.31418523550382815 0.2654800071613863 0.3141852350672707 0.3141852349508554 0.39944802854890327 0.4383687879308127
6 0.39404278339304044 0.24723541446879235 0.41747244963028557 0.0556124873727852 0.2545245633335351 0.07843214378776016 0.3249074827789576 0.3418575971780942 0.4412665989144071 0.05561248744216659 0.3141852356410868 0.05561248734806211 0.3141852353724841 0.372652044252692 0.4412665987118393 0.07843214419260779 0.44126659814927416 0.4412665979143653 0.2943713999575234 0.3141852350755918
58 0.00835212121345208 0.21838723561371354 0.06547238722179818 0.49932710557087023 0.18827131712674508 0.6570951053187717 0.030863558597221008 0.10599521770621387 0.07843214417639822 0.4993271050903952 0.26548000692092855 0.49932710493320415 0.26548000692174356 0.054339089705305176 0.07843214398392438 0.6570951055970174 0.07843214396356711 0.07843214387159281 0.22313295815743336 0.265480006711252
8 0.413409533962184 0.3955656631356418 0.41259431198143126 0.09073094940796879 0.3060673168197536 0.0768079671738687 0.28265004242114516 0.2662356268024844 0.37325744773005975 0.09073094934150208 0.32928458410755074 0.09073094936483121 0.32928458384307363 0.4798839900038364 0.37325744758025176 0.07680796799275248 0.3732574485878805 0.3732574484894694 0.3180444175517854 0.32928458436755437
64 0.03260293123408877 0.2728789778529266 0.06443962837938397 0.6221109817643194 0.246560277790682 0.49932710503707267 0.03731712502498157 0.0811230641727791 0.05561248763165252 0.6221109815568198 0.20539769094172305 0.6221109811913433 0.20539769090498342 0.08261971274295293 0.055612487391640424 0.4993271054228964 0.055612487035029065 0.055612486995679035 0.21464662737433068 0.2053976907775825
46 0.4981058527877895 0.13836032774526308 0.25084987734143427 0.03731712502924947 0.12258041861910414 0.03086355846012317 0.8283691920877798 0.6381689702075249 0.3249074831158954 0.037317125091454274 0.15551865184275607 0.03731712504000299 0.1555186516722884 0.2083879966618151 0.32490748293905136 0.030863558755928583 0.32490748244424045 0.3249074825087814 0.1304384316795686 0.155518651625685
11 0.17384097123779296 0.4064263374895817 0.33241255875785247 0.21464662766325485 0.4923993509348426 0.22313295795846944 0.13043843167987573 0.14876070920375847 0.2943714002823843 0.21464662754431946 0.3994480285985972 0.21464662727921216 0.3994480285422038 0.34934208155372454 0.2943714001263801 0.223132958362303 0.29437139972664034 0.29437139953480657 0.4768306522615115 0.39944802815236896
5 0.1702402661120841 0.4454645864238961 0.3359864957572338 0.24656027800299005 0.5712270746833207 0.18827131668568736 0.12258041861896045 0.11200988116788414 0.254524563509395 0.24656027789742493 0.36075968871844255 0.24656027771984923 0.3607596885586277 0.4006509740299034 0.25452456350012725 0.18827131740205877 0.25452456317430106 0.25452456301392995 0.49239935093447595 0.36075968839379435
62 0.6394175448968237 0.2500870551313725 0.3732303083708901 0.03260293126651361 0.17024026611234458 0.008352121005760535 0.49810585278775305 0.4202941065519919 0.3940427841669346 0.03260293129241483 0.21635970131567875 0.03260293123372319 0.21635970093661072 0.3748333051212931 0.39404278400471593 0.00835212137502512 0.3940427826292973 0.3940427824415982 0.1738409712370781 0.2163596999357265
61 0.2500870551331372 0.49649189493184903 0.3064963373227663 0.2728789778916068 0.44546458642497994 0.21838723536240848 0.1383603277462449 0.1835782131392926 0.24723541468858265 0.2728789779440807 0.39740745484549045 0.27287897769789127 0.3974074545720518 0.37877753048505164 0.24723541456018483 0.21838723589530987 0.24723541469959745 0.247235414198209 0.40642633749057944 0.39740745438877706
