id,x_0,x_1,x_2,x_3,x_4,x_5,x_6,x_7,x_8,x_9
0.0,2.220446049250313e-16,1.2169070759022003,2.220446049250313e-16,2.220446049250313e-16,2.220446049250313e-16,0.2019282477796902,1.7398555134313411,0.011978117165089357,2.220446049250313e-16,2.220446049250313e-16
1.0,2.220446049250313e-16,2.220446049250313e-16,2.220446049250313e-16,0.06636804714458089,2.220446049250313e-16,2.157060104322769,2.220446049250313e-16,0.3893185415791293,2.220446049250313e-16,0.041200312182704694
2.0,0.1668031662848094,2.37859629306747,2.220446049250313e-16,2.220446049250313e-16,0.0025868325607792428,2.220446049250313e-16,0.11029083631266787,2.220446049250313e-16,2.220446049250313e-16,0.12909381822754354
3.0,0.49813650126435455,2.220446049250313e-16,2.220446049250313e-16,0.1477498995474078,2.220446049250313e-16,1.6353323180286445,0.1956980398110774,0.35253489265011395,0.2761232112658885,2.220446049250313e-16
4.0,0.1668031662848094,2.37859629306747,2.220446049250313e-16,2.220446049250313e-16,0.0025868325607792428,2.220446049250313e-16,0.11029083631266787,2.220446049250313e-16,2.220446049250313e-16,0.12909381822754354
5.0,0.120074590816708,0.049437793869260505,2.220446049250313e-16,2.220446049250313e-16,0.0025748451178786253,2.325841508451389,2.220446049250313e-16,0.04477071092356038,2.220446049250313e-16,0.015670352814057726
6.0,2.220446049250313e-16,1.2169070759022003,2.220446049250313e-16,2.220446049250313e-16,2.220446049250313e-16,0.2019282477796902,1.7398555134313411,0.011978117165089357,2.220446049250313e-16,2.220446049250313e-16
7.0,0.120074590816708,0.049437793869260505,2.220446049250313e-16,2.220446049250313e-16,0.0025748451178786253,2.325841508451389,2.220446049250313e-16,0.04477071092356038,2.220446049250313e-16,0.015670352814057726
8.0,0.1668031662848094,2.37859629306747,2.220446049250313e-16,2.220446049250313e-16,0.0025868325607792428,2.220446049250313e-16,0.11029083631266787,2.220446049250313e-16,2.220446049250313e-16,0.12909381822754354
9.0,0.49813650126435455,2.220446049250313e-16,2.220446049250313e-16,0.1477498995474078,2.220446049250313e-16,1.6353323180286445,0.1956980398110774,0.35253489265011395,0.2761232112658885,2.220446049250313e-16
10.0,0.1668031662848094,2.37859629306747,2.220446049250313e-16,2.220446049250313e-16,0.0025868325607792428,2.220446049250313e-16,0.11029083631266787,2.220446049250313e-16,2.220446049250313e-16,0.12909381822754354
11.0,0.120074590816708,0.049437793869260505,2.220446049250313e-16,2.220446049250313e-16,0.0025748451178786253,2.325841508451389,2.220446049250313e-16,0.04477071092356038,2.220446049250313e-16,0.015670352814057726
12.0,2.220446049250313e-16,1.2169070759022003,2.220446049250313e-16,2.220446049250313e-16,2.220446049250313e-16,0.2019282477796902,1.7398555134313411,0.011978117165089357,2.220446049250313e-16,2.220446049250313e-16
13.0,0.120074590816708,0.049437793869260505,2.220446049250313e-16,2.220446049250313e-16,0.0025748451178786253,2.325841508451389,2.220446049250313e-16,0.04477071092356038,2.220446049250313e-16,0.015670352814057726
14.0,0.1668031662848094,2.37859629306747,2.220446049250313e-16,2.220446049250313e-16,0.0025868325607792428,2.220446049250313e-16,0.11029083631266787,2.220446049250313e-16,2.220446049250313e-16,0.12909381822754354
15.0,0.49813650126435455,2.220446049250313e-16,2.220446049250313e-16,0.1477498995474078,2.220446049250313e-16,1.6353323180286445,0.1956980398110774,0.35253489265011395,0.2761232112658885,2.220446049250313e-16
16.0,0.1668031662848094,2.37859629306747,2.220446049250313e-16,2.220446049250313e-16,0.0025868325607792428,2.220446049250313e-16,0.11029083631266787,2.220446049250313e-16,2.220446049250313e-16,0.12909381822754354
17.0,2.220446049250313e-16,2.220446049250313e-16,2.220446049250313e-16,0.06636804714458089,2.220446049250313e-16,2.157060104322769,2.220446049250313e-16,0.3893185415791293,2.220446049250313e-16,0.041200312182704694
18.0,2.220446049250313e-16,0.024491849060719082,2.220446049250313e-16,0.16511410559427397,0.18302964841487504,0.22782688185239103,2.220446049250313e-16,2.9762467241576953,2.220446049250313e-16,0.014483513708563754
19.0,0.03363390894105709,0.3544457015222098,2.220446049250313e-16,0.0357033903636231,0.0960066001749729,2.220446049250313e-16,2.533743421099466,2.220446049250313e-16,0.14545540220138248,0.27947193538282716
20.0,2.220446049250313e-16,2.220446049250313e-16,1.342357361019444,0.04368720147748283,1.704139358131504,2.220446049250313e-16,0.007936375150807026,0.054212999146989266,2.220446049250313e-16,2.220446049250313e-16
21.0,2.220446049250313e-16,2.220446049250313e-16,1.342357361019444,0.04368720147748283,1.704139358131504,2.220446049250313e-16,0.007936375150807026,0.054212999146989266,2.220446049250313e-16,2.220446049250313e-16
22.0,2.220446049250313e-16,2.220446049250313e-16,1.342357361019444,0.04368720147748283,1.704139358131504,2.220446049250313e-16,0.007936375150807026,0.054212999146989266,2.220446049250313e-16,2.220446049250313e-16
23.0,2.5543250534364614,0.06118384674666194,2.220446049250313e-16,0.14514606822383333,2.220446049250313e-16,0.07385840582519669,2.220446049250313e-16,2.220446049250313e-16,0.03469967180746,0.027245330810398267
24.0,0.15107432635089493,2.220446049250313e-16,2.220446049250313e-16,2.545786880456745,0.07777144144234466,2.220446049250313e-16,0.014745146421553753,0.07741893346910238,0.15012714851877662,2.220446049250313e-16
25.0,2.220446049250313e-16,0.061380015413343196,0.009962575231762916,0.0033642268618561916,2.220446049250313e-16,0.026603780466467983,0.12449135352254838,2.220446049250313e-16,0.20278803137706758,2.549855605443919
26.0,0.011569265548181681,2.220446049250313e-16,1.3408529036527637,0.040564442905904004,2.220446049250313e-16,2.220446049250313e-16,2.220446049250313e-16,2.220446049250313e-16,1.637445428122976,0.07024747016744523
27.0,0.011569265548181681,2.220446049250313e-16,1.3408529036527637,0.040564442905904004,2.220446049250313e-16,2.220446049250313e-16,2.220446049250313e-16,2.220446049250313e-16,1.637445428122976,0.07024747016744523
28.0,2.5543250534364614,0.06118384674666194,2.220446049250313e-16,0.14514606822383333,2.220446049250313e-16,0.07385840582519669,2.220446049250313e-16,2.220446049250313e-16,0.03469967180746,0.027245330810398267
29.0,0.15107432635089493,2.220446049250313e-16,2.220446049250313e-16,2.545786880456745,0.07777144144234466,2.220446049250313e-16,0.014745146421553753,0.07741893346910238,0.15012714851877662,2.220446049250313e-16
30.0,2.220446049250313e-16,0.061380015413343196,0.009962575231762916,0.0033642268618561916,2.220446049250313e-16,0.026603780466467983,0.12449135352254838,2.220446049250313e-16,0.20278803137706758,2.549855605443919
31.0,0.011569265548181681,2.220446049250313e-16,1.3408529036527637,0.040564442905904004,2.220446049250313e-16,2.220446049250313e-16,2.220446049250313e-16,2.220446049250313e-16,1.637445428122976,0.07024747016744523
32.0,0.011569265548181681,2.220446049250313e-16,1.3408529036527637,0.040564442905904004,2.220446049250313e-16,2.220446049250313e-16,2.220446049250313e-16,2.220446049250313e-16,1.637445428122976,0.07024747016744523
33.0,2.220446049250313e-16,0.024491849060719082,2.220446049250313e-16,0.16511410559427397,0.18302964841487504,0.22782688185239103,2.220446049250313e-16,2.9762467241576953,2.220446049250313e-16,0.014483513708563754
34.0,0.03363390894105709,0.3544457015222098,2.220446049250313e-16,0.0357033903636231,0.0960066001749729,2.220446049250313e-16,2.533743421099466,2.220446049250313e-16,0.14545540220138248,0.27947193538282716
35.0,2.220446049250313e-16,2.220446049250313e-16,1.342357361019444,0.04368720147748283,1.704139358131504,2.220446049250313e-16,0.007936375150807026,0.054212999146989266,2.220446049250313e-16,2.220446049250313e-16
36.0,2.220446049250313e-16,2.220446049250313e-16,1.342357361019444,0.04368720147748283,1.704139358131504,2.220446049250313e-16,0.007936375150807026,0.054212999146989266,2.220446049250313e-16,2.220446049250313e-16
37.0,2.220446049250313e-16,2.220446049250313e-16,1.342357361019444,0.04368720147748283,1.704139358131504,2.220446049250313e-16,0.007936375150807026,0.054212999146989266,2.220446049250313e-16,2.220446049250313e-16
38.0,2.5543250534364614,0.06118384674666194,2.220446049250313e-16,0.14514606822383333,2.220446049250313e-16,0.07385840582519669,2.220446049250313e-16,2.220446049250313e-16,0.03469967180746,0.027245330810398267
39.0,0.15107432635089493,2.220446049250313e-16,2.220446049250313e-16,2.545786880456745,0.07777144144234466,2.220446049250313e-16,0.014745146421553753,0.07741893346910238,0.15012714851877662,2.220446049250313e-16
40.0,2.220446049250313e-16,0.061380015413343196,0.009962575231762916,0.0033642268618561916,2.220446049250313e-16,0.026603780466467983,0.12449135352254838,2.220446049250313e-16,0.20278803137706758,2.549855605443919
41.0,0.011569265548181681,2.220446049250313e-16,1.3408529036527637,0.040564442905904004,2.220446049250313e-16,2.220446049250313e-16,2.220446049250313e-16,2.220446049250313e-16,1.637445428122976,0.07024747016744523
42.0,0.011569265548181681,2.220446049250313e-16,1.3408529036527637,0.040564442905904004,2.220446049250313e-16,2.220446049250313e-16,2.220446049250313e-16,2.220446049250313e-16,1.637445428122976,0.07024747016744523
43.0,2.5543250534364614,0.06118384674666194,2.220446049250313e-16,0.14514606822383333,2.220446049250313e-16,0.07385840582519669,2.220446049250313e-16,2.220446049250313e-16,0.03469967180746,0.027245330810398267
44.0,0.15107432635089493,2.220446049250313e-16,2.220446049250313e-16,2.545786880456745,0.07777144144234466,2.220446049250313e-16,0.014745146421553753,0.07741893346910238,0.15012714851877662,2.220446049250313e-16
45.0,2.220446049250313e-16,0.061380015413343196,0.009962575231762916,0.0033642268618561916,2.220446049250313e-16,0.026603780466467983,0.12449135352254838,2.220446049250313e-16,0.20278803137706758,2.549855605443919
46.0,0.011569265548181681,2.220446049250313e-16,1.3408529036527637,0.040564442905904004,2.220446049250313e-16,2.220446049250313e-16,2.220446049250313e-16,2.220446049250313e-16,1.637445428122976,0.07024747016744523
47.0,0.011569265548181681,2.220446049250313e-16,1.3408529036527637,0.040564442905904004,2.220446049250313e-16,2.220446049250313e-16,2.220446049250313e-16,2.220446049250313e-16,1.637445428122976,0.07024747016744523
48.0,2.220446049250313e-16,0.024491849060719082,2.220446049250313e-16,0.16511410559427397,0.18302964841487504,0.22782688185239103,2.220446049250313e-16,2.9762467241576953,2.220446049250313e-16,0.014483513708563754
49.0,0.03363390894105709,0.3544457015222098,2.220446049250313e-16,0.0357033903636231,0.0960066001749729,2.220446049250313e-16,2.533743421099466,2.220446049250313e-16,0.14545540220138248,0.27947193538282716
50.0,2.220446049250313e-16,2.220446049250313e-16,1.342357361019444,0.04368720147748283,1.704139358131504,2.220446049250313e-16,0.007936375150807026,0.054212999146989266,2.220446049250313e-16,2.220446049250313e-16
51.0,2.220446049250313e-16,2.220446049250313e-16,1.342357361019444,0.04368720147748283,1.704139358131504,2.220446049250313e-16,0.007936375150807026,0.054212999146989266,2.220446049250313e-16,2.220446049250313e-16
52.0,2.220446049250313e-16,2.220446049250313e-16,1.342357361019444,0.04368720147748283,1.704139358131504,2.220446049250313e-16,0.007936375150807026,0.054212999146989266,2.220446049250313e-16,2.220446049250313e-16
53.0,2.5543250534364614,0.06118384674666194,2.220446049250313e-16,0.14514606822383333,2.220446049250313e-16,0.07385840582519669,2.220446049250313e-16,2.220446049250313e-16,0.03469967180746,0.027245330810398267
54.0,0.15107432635089493,2.220446049250313e-16,2.220446049250313e-16,2.545786880456745,0.07777144144234466,2.220446049250313e-16,0.014745146421553753,0.07741893346910238,0.15012714851877662,2.220446049250313e-16
55.0,2.220446049250313e-16,0.061380015413343196,0.009962575231762916,0.0033642268618561916,2.220446049250313e-16,0.026603780466467983,0.12449135352254838,2.220446049250313e-16,0.20278803137706758,2.549855605443919
56.0,0.011569265548181681,2.220446049250313e-16,1.3408529036527637,0.040564442905904004,2.220446049250313e-16,2.220446049250313e-16,2.220446049250313e-16,2.220446049250313e-16,1.637445428122976,0.07024747016744523
57.0,0.011569265548181681,2.220446049250313e-16,1.3408529036527637,0.040564442905904004,2.220446049250313e-16,2.220446049250313e-16,2.220446049250313e-16,2.220446049250313e-16,1.637445428122976,0.07024747016744523
58.0,2.5543250534364614,0.06118384674666194,2.220446049250313e-16,0.14514606822383333,2.220446049250313e-16,0.07385840582519669,2.220446049250313e-16,2.220446049250313e-16,0.03469967180746,0.027245330810398267
59.0,0.15107432635089493,2.220446049250313e-16,2.220446049250313e-16,2.545786880456745,0.07777144144234466,2.220446049250313e-16,0.014745146421553753,0.07741893346910238,0.15012714851877662,2.220446049250313e-16
60.0,2.220446049250313e-16,0.061380015413343196,0.009962575231762916,0.0033642268618561916,2.220446049250313e-16,0.026603780466467983,0.12449135352254838,2.220446049250313e-16,0.20278803137706758,2.549855605443919
61.0,0.011569265548181681,2.220446049250313e-16,1.3408529036527637,0.040564442905904004,2.220446049250313e-16,2.220446049250313e-16,2.220446049250313e-16,2.220446049250313e-16,1.637445428122976,0.07024747016744523
62.0,0.011569265548181681,2.220446049250313e-16,1.3408529036527637,0.040564442905904004,2.220446049250313e-16,2.220446049250313e-16,2.220446049250313e-16,2.220446049250313e-16,1.637445428122976,0.07024747016744523
