38 0.2846610978799844 0.3016930891313443 0.29870164464227855 0.2248793529579416 0.17518759886680946 0.35411017783917487 0.29870164452586323 0.2892672449225895 0.3976987903297413 0.304731057731094 0.22487935330718756 0.35411017818842083 0.31692182016558945 0.3976987898349762 0.35411017783917487 0.22487935319077224 0.2843348871610214 0.3976987899513915 0.316921819554409 0.3976987901260145
16 0.1386505491588091 0.4355411498783241 0.4247278492759882 0.037633302979355944 0.0164811052046178 0.3155732039176833 0.424727848899274 0.4331955811765875 0.30473105786333593 0.5673335952925934 0.03763330317687065 0.3155732041272911 0.28637103236297834 0.30473105782707255 0.31557320396093075 0.03763330291969373 0.2864019024609903 0.30473105757030045 0.28637103178351475 0.3047310579835372
12 0.1386505491588091 0.4355411498783241 0.4247278492759882 0.037633302979355944 0.0164811052046178 0.3155732039176833 0.424727848899274 0.4331955811765875 0.30473105786333593 0.5673335952925934 0.03763330317687065 0.3155732041272911 0.28637103236297834 0.30473105782707255 0.31557320396093075 0.03763330291969373 0.2864019024609903 0.30473105757030045 0.28637103178351475 0.3047310579835372
48 0.2654507224149974 0.06146196704854625 0.04389275220817987 0.5404386310211091 0.8000973938524305 0.18351850108492768 0.043892752139834366 0.08073943310096578 0.1751875990051719 0.01648110520454406 0.5404386309796287 0.18351850117310237 0.23977832426962298 0.1751875987081047 0.18351850099869385 0.5404386311855155 0.24484676677052913 0.17518759846380172 0.23977832406178523 0.17518759919191787
63 0.2654507224149974 0.06146196704854625 0.04389275220817987 0.5404386310211091 0.8000973938524305 0.18351850108492768 0.043892752139834366 0.08073943310096578 0.1751875990051719 0.01648110520454406 0.5404386309796287 0.18351850117310237 0.23977832426962298 0.1751875987081047 0.18351850099869385 0.5404386311855155 0.24484676677052913 0.17518759846380172 0.23977832406178523 0.17518759919191787
67 0.6348031760044972 0.4720746020775058 0.5838174238285025 0.08427934680475677 0.1253277778789839 0.18312397175155545 0.5838174233845624 0.3827060001773202 0.2669093249851714 0.1870804724496467 0.08427934704660663 0.18312397209630368 0.18497612993561802 0.26690932474116724 0.18312397194999042 0.0842793468246018 0.1353076720411955 0.2669093248504312 0.184976130148597 0.26690932492803565
24 0.2654507224149974 0.06146196704854625 0.04389275220817987 0.5404386310211091 0.8000973938524305 0.18351850108492768 0.043892752139834366 0.08073943310096578 0.1751875990051719 0.01648110520454406 0.5404386309796287 0.18351850117310237 0.23977832426962298 0.1751875987081047 0.18351850099869385 0.5404386311855155 0.24484676677052913 0.17518759846380172 0.23977832406178523 0.17518759919191787
5 0.22263081868740447 0.304604659747334 0.2242805032459001 0.19997639259834254 0.18351850113757853 0.39297141083993076 0.22428050305091385 0.3011817172177575 0.3541101782023645 0.3155732039965523 0.199976393193847 0.3929714111063983 0.3850291304550002 0.35411017809758344 0.3929714111314719 0.1999763928623104 0.38955092043926914 0.35411017833550956 0.38502913010140005 0.3541101780007947
31 0.2846610978799844 0.3016930891313443 0.29870164464227855 0.2248793529579416 0.17518759886680946 0.35411017783917487 0.29870164452586323 0.2892672449225895 0.3976987903297413 0.304731057731094 0.22487935330718756 0.35411017818842083 0.31692182016558945 0.3976987898349762 0.35411017783917487 0.22487935319077224 0.2843348871610214 0.3976987899513915 0.316921819554409 0.3976987901260145
68 0.6779407071462139 0.2945904434088696 0.22981072515096704 0.286791831729044 0.43903089964336783 0.197531189938403 0.2298107245513218 0.4583845308117166 0.2882684300749289 0.08310336539774875 0.2867918320230951 0.19753119017953788 0.3128645990697789 0.28826843016662207 0.1975311898989385 0.28679183210956666 0.21137899951644484 0.2882684300760098 0.3128645996548187 0.28826842992303564
36 0.2846610978799844 0.3016930891313443 0.29870164464227855 0.2248793529579416 0.17518759886680946 0.35411017783917487 0.29870164452586323 0.2892672449225895 0.3976987903297413 0.304731057731094 0.22487935330718756 0.35411017818842083 0.31692182016558945 0.3976987898349762 0.35411017783917487 0.22487935319077224 0.2843348871610214 0.3976987899513915 0.316921819554409 0.3976987901260145
50 0.329308675269721 0.5185986219654708 0.3869545833949931 0.052699374031612484 0.06146196704865167 0.3046046595428921 0.3869545831097903 0.48271311081874996 0.30169308925148774 0.4355411498783651 0.052699374411875104 0.30460465999909714 0.2912303688754256 0.3016930888110087 0.30460465978470164 0.05269937421647464 0.27616869646243375 0.3016930893018858 0.2912303686061365 0.30169308912859255
15 0.10967786604242499 0.4273822245482534 0.3470745685675648 0.03254574814231488 0.006529222640921787 0.33330611965080803 0.34707456846192014 0.45868328706864203 0.28580702074283304 0.5900365206122506 0.0325457481456658 0.33330612001197457 0.32313148408117803 0.2858070203503292 0.3333061198219207 0.032545748132419075 0.36525482426169487 0.2858070200742422 0.32313148382703527 0.28580702060717034
21 0.23890612383509163 0.4370355752158751 0.7627187817077902 -0.002902278916376144 0.0031524714506403146 0.1674232633336303 0.7627187810868111 0.3525343441299852 0.17453571690274436 0.41114345160313354 -0.002902278649887892 0.1674232632656097 0.1957348206212171 0.1745357165329542 0.16742326322824355 -0.00290227868705523 0.10069294569001752 0.17453571552161273 0.19573481990653352 0.17453571493104403
29 0.3166444534269622 0.05269937424443625 0.05639302920252773 0.6260031634698784 0.5404386310730687 0.1999763927263539 0.056393029049548966 0.0465365750409444 0.22487935326979508 0.0376333029726396 0.6260031636674931 0.19997639313291865 0.18471787475201576 0.22487935296766282 0.19997639283119498 0.6260031636882666 0.1697263984408219 0.22487935295214148 0.18471787440915202 0.22487935334740386
32 0.27910783055448696 0.38695458322693627 0.6629455925231004 0.05639302903871208 0.04389275232463648 0.2242805028486946 0.662945592259131 0.323418556953744 0.29870164467697446 0.4247278490840135 0.05639302926376784 0.2242805031452498 0.18118407673661197 0.29870164475039424 0.2242805031389542 0.056393029229049166 0.15316522932771967 0.2987016445867375 0.18118407637110132 0.29870164462978904
14 0.1386505491588091 0.4355411498783241 0.4247278492759882 0.037633302979355944 0.0164811052046178 0.3155732039176833 0.424727848899274 0.4331955811765875 0.30473105786333593 0.5673335952925934 0.03763330317687065 0.3155732041272911 0.28637103236297834 0.30473105782707255 0.31557320396093075 0.03763330291969373 0.2864019024609903 0.30473105757030045 0.28637103178351475 0.3047310579835372
46 0.34645332436475185 0.3657805462279366 0.8395367366787592 0.009944791330298191 0.0008457282739113493 0.12488296078968839 0.8395367361656207 0.2599138603805758 0.11178690053710647 0.2693230395727076 0.009944791592218567 0.12488296074177871 0.17568209244893498 0.11178690041818454 0.12488296090989545 0.009944791448716392 0.14353438554299341 0.11178689973947487 0.17568209233332677 0.11178689936880644
54 0.8293056928071952 0.3293086752695759 0.27910783071624157 0.3166444535059147 0.2654507224150397 0.22263081851653718 0.27910783031514924 0.27106177254537317 0.28466109750007373 0.13865054915873085 0.31664445332800945 0.2226308188472309 0.2000044348851903 0.28466109746899937 0.2226308186900627 0.31664445337097813 0.17671183306507388 0.28466109829367564 0.2000044355386261 0.2846610985565533
53 0.8293056928071952 0.3293086752695759 0.27910783071624157 0.3166444535059147 0.2654507224150397 0.22263081851653718 0.27910783031514924 0.27106177254537317 0.28466109750007373 0.13865054915873085 0.31664445332800945 0.2226308188472309 0.2000044348851903 0.28466109746899937 0.2226308186900627 0.31664445337097813 0.17671183306507388 0.28466109829367564 0.2000044355386261 0.2846610985565533
33 0.3166444534269622 0.05269937424443625 0.05639302920252773 0.6260031634698784 0.5404386310730687 0.1999763927263539 0.056393029049548966 0.0465365750409444 0.22487935326979508 0.0376333029726396 0.6260031636674931 0.19997639313291865 0.18471787475201576 0.22487935296766282 0.19997639283119498 0.6260031636882666 0.1697263984408219 0.22487935295214148 0.18471787440915202 0.22487935334740386
37 0.27910783055448696 0.38695458322693627 0.6629455925231004 0.05639302903871208 0.04389275232463648 0.2242805028486946 0.662945592259131 0.323418556953744 0.29870164467697446 0.4247278490840135 0.05639302926376784 0.2242805031452498 0.18118407673661197 0.29870164475039424 0.2242805031389542 0.056393029229049166 0.15316522932771967 0.2987016445867375 0.18118407637110132 0.29870164462978904
0 0.18026111953632898 0.43128568324806005 0.5224501371862326 0.0436425924352145 0.006709545774612075 0.296196163860089 0.5224501369332407 0.35504439029066187 0.3099628295508698 0.5510445831701403 0.04364259270949973 0.29619616398519377 0.2293594592668849 0.3099628292453931 0.29619616404351334 0.043642592439533556 0.21773397260230357 0.3099628293754194 0.22935945896836 0.3099628296664469
49 0.2654507224149974 0.06146196704854625 0.04389275220817987 0.5404386310211091 0.8000973938524305 0.18351850108492768 0.043892752139834366 0.08073943310096578 0.1751875990051719 0.01648110520454406 0.5404386309796287 0.18351850117310237 0.23977832426962298 0.1751875987081047 0.18351850099869385 0.5404386311855155 0.24484676677052913 0.17518759846380172 0.23977832406178523 0.17518759919191787
7 0.22263081868740447 0.304604659747334 0.2242805032459001 0.19997639259834254 0.18351850113757853 0.39297141083993076 0.22428050305091385 0.3011817172177575 0.3541101782023645 0.3155732039965523 0.199976393193847 0.3929714111063983 0.3850291304550002 0.35411017809758344 0.3929714111314719 0.1999763928623104 0.38955092043926914 0.35411017833550956 0.38502913010140005 0.3541101780007947
60 0.20000443531509976 0.2912303687446243 0.1811840765276985 0.18471787451722196 0.2397783242857942 0.38502913002820305 0.18118407648167636 0.3469656469451552 0.31692181994672625 0.2863710320904334 0.184717874827019 0.38502913061188304 0.4380830821571365 0.31692181991504503 0.38502913014115747 0.18471787476935075 0.4657734214035243 0.31692181942661707 0.4380830815156161 0.3169218202039617
23 0.2654507224149974 0.06146196704854625 0.04389275220817987 0.5404386310211091 0.8000973938524305 0.18351850108492768 0.043892752139834366 0.08073943310096578 0.1751875990051719 0.01648110520454406 0.5404386309796287 0.18351850117310237 0.23977832426962298 0.1751875987081047 0.18351850099869385 0.5404386311855155 0.24484676677052913 0.17518759846380172 0.23977832406178523 0.17518759919191787
56 0.2846610978799844 0.3016930891313443 0.29870164464227855 0.2248793529579416 0.17518759886680946 0.35411017783917487 0.29870164452586323 0.2892672449225895 0.3976987903297413 0.304731057731094 0.22487935330718756 0.35411017818842083 0.31692182016558945 0.3976987898349762 0.35411017783917487 0.22487935319077224 0.2843348871610214 0.3976987899513915 0.316921819554409 0.3976987901260145
30 0.2846610978799844 0.3016930891313443 0.29870164464227855 0.2248793529579416 0.17518759886680946 0.35411017783917487 0.29870164452586323 0.2892672449225895 0.3976987903297413 0.304731057731094 0.22487935330718756 0.35411017818842083 0.31692182016558945 0.3976987898349762 0.35411017783917487 0.22487935319077224 0.2843348871610214 0.3976987899513915 0.316921819554409 0.3976987901260145
62 0.2654507224149974 0.06146196704854625 0.04389275220817987 0.5404386310211091 0.8000973938524305 0.18351850108492768 0.043892752139834366 0.08073943310096578 0.1751875990051719 0.01648110520454406 0.5404386309796287 0.18351850117310237 0.23977832426962298 0.1751875987081047 0.18351850099869385 0.5404386311855155 0.24484676677052913 0.17518759846380172 0.23977832406178523 0.17518759919191787
28 0.3166444534269622 0.05269937424443625 0.05639302920252773 0.6260031634698784 0.5404386310730687 0.1999763927263539 0.056393029049548966 0.0465365750409444 0.22487935326979508 0.0376333029726396 0.6260031636674931 0.19997639313291865 0.18471787475201576 0.22487935296766282 0.19997639283119498 0.6260031636882666 0.1697263984408219 0.22487935295214148 0.18471787440915202 0.22487935334740386
42 0.40301676624595384 0.2918918554118363 0.7905451488122424 0.06934106304932332 0.054942894929835416 0.14061530634736788 0.7905451486144977 0.23551335521794492 0.23332926739671084 0.27679999606325995 0.06934106317986614 0.14061530672583789 0.13334337162243942 0.23332926739910617 0.14061530662663504 0.06934106309804483 0.19157523415924843 0.2333292676348768 0.13334337164516588 0.23332926860932857
69 0.6779407071462139 0.2945904434088696 0.22981072515096704 0.286791831729044 0.43903089964336783 0.197531189938403 0.2298107245513218 0.4583845308117166 0.2882684300749289 0.08310336539774875 0.2867918320230951 0.19753119017953788 0.3128645990697789 0.28826843016662207 0.1975311898989385 0.28679183210956666 0.21137899951644484 0.2882684300760098 0.3128645996548187 0.28826842992303564
52 0.6348031760044972 0.4720746020775058 0.5838174238285025 0.08427934680475677 0.1253277778789839 0.18312397175155545 0.5838174233845624 0.3827060001773202 0.2669093249851714 0.1870804724496467 0.08427934704660663 0.18312397209630368 0.18497612993561802 0.26690932474116724 0.18312397194999042 0.0842793468246018 0.1353076720411955 0.2669093248504312 0.184976130148597 0.26690932492803565
19 0.22263081868740447 0.304604659747334 0.2242805032459001 0.19997639259834254 0.18351850113757853 0.39297141083993076 0.22428050305091385 0.3011817172177575 0.3541101782023645 0.3155732039965523 0.199976393193847 0.3929714111063983 0.3850291304550002 0.35411017809758344 0.3929714111314719 0.1999763928623104 0.38955092043926914 0.35411017833550956 0.38502913010140005 0.3541101780007947
27 0.40301676624595384 0.2918918554118363 0.7905451488122424 0.06934106304932332 0.054942894929835416 0.14061530634736788 0.7905451486144977 0.23551335521794492 0.23332926739671084 0.27679999606325995 0.06934106317986614 0.14061530672583789 0.13334337162243942 0.23332926739910617 0.14061530662663504 0.06934106309804483 0.19157523415924843 0.2333292676348768 0.13334337164516588 0.23332926860932857
40 0.2846610978799844 0.3016930891313443 0.29870164464227855 0.2248793529579416 0.17518759886680946 0.35411017783917487 0.29870164452586323 0.2892672449225895 0.3976987903297413 0.304731057731094 0.22487935330718756 0.35411017818842083 0.31692182016558945 0.3976987898349762 0.35411017783917487 0.22487935319077224 0.2843348871610214 0.3976987899513915 0.316921819554409 0.3976987901260145
3 0.22263081868740447 0.304604659747334 0.2242805032459001 0.19997639259834254 0.18351850113757853 0.39297141083993076 0.22428050305091385 0.3011817172177575 0.3541101782023645 0.3155732039965523 0.199976393193847 0.3929714111063983 0.3850291304550002 0.35411017809758344 0.3929714111314719 0.1999763928623104 0.38955092043926914 0.35411017833550956 0.38502913010140005 0.3541101780007947
11 0.22263081868740447 0.304604659747334 0.2242805032459001 0.19997639259834254 0.18351850113757853 0.39297141083993076 0.22428050305091385 0.3011817172177575 0.3541101782023645 0.3155732039965523 0.199976393193847 0.3929714111063983 0.3850291304550002 0.35411017809758344 0.3929714111314719 0.1999763928623104 0.38955092043926914 0.35411017833550956 0.38502913010140005 0.3541101780007947
13 0.22263081868740447 0.304604659747334 0.2242805032459001 0.19997639259834254 0.18351850113757853 0.39297141083993076 0.22428050305091385 0.3011817172177575 0.3541101782023645 0.3155732039965523 0.199976393193847 0.3929714111063983 0.3850291304550002 0.35411017809758344 0.3929714111314719 0.1999763928623104 0.38955092043926914 0.35411017833550956 0.38502913010140005 0.3541101780007947
65 0.2710617725451582 0.48271311081852936 0.3234185570558214 0.0465365748664157 0.08073943310084886 0.30118171717366915 0.3234185568712921 0.5633720882113366 0.2892672451491023 0.4331955811763959 0.04653657523746717 0.301181717326514 0.34696564691308457 0.2892672451637324 0.3011817172083088 0.04653657500260491 0.34445369745858845 0.28926724481947463 0.34696564699982324 0.2892672448009064
55 0.2846610978799844 0.3016930891313443 0.29870164464227855 0.2248793529579416 0.17518759886680946 0.35411017783917487 0.29870164452586323 0.2892672449225895 0.3976987903297413 0.304731057731094 0.22487935330718756 0.35411017818842083 0.31692182016558945 0.3976987898349762 0.35411017783917487 0.22487935319077224 0.2843348871610214 0.3976987899513915 0.316921819554409 0.3976987901260145
10 0.18026111953632898 0.43128568324806005 0.5224501371862326 0.0436425924352145 0.006709545774612075 0.296196163860089 0.5224501369332407 0.35504439029066187 0.3099628295508698 0.5510445831701403 0.04364259270949973 0.29619616398519377 0.2293594592668849 0.3099628292453931 0.29619616404351334 0.043642592439533556 0.21773397260230357 0.3099628293754194 0.22935945896836 0.3099628296664469
45 0.20000443531509976 0.2912303687446243 0.1811840765276985 0.18471787451722196 0.2397783242857942 0.38502913002820305 0.18118407648167636 0.3469656469451552 0.31692181994672625 0.2863710320904334 0.184717874827019 0.38502913061188304 0.4380830821571365 0.31692181991504503 0.38502913014115747 0.18471787476935075 0.4657734214035243 0.31692181942661707 0.4380830815156161 0.3169218202039617
59 0.3166444534269622 0.05269937424443625 0.05639302920252773 0.6260031634698784 0.5404386310730687 0.1999763927263539 0.056393029049548966 0.0465365750409444 0.22487935326979508 0.0376333029726396 0.6260031636674931 0.19997639313291865 0.18471787475201576 0.22487935296766282 0.19997639283119498 0.6260031636882666 0.1697263984408219 0.22487935295214148 0.18471787440915202 0.22487935334740386
25 0.2846610978799844 0.3016930891313443 0.29870164464227855 0.2248793529579416 0.17518759886680946 0.35411017783917487 0.29870164452586323 0.2892672449225895 0.3976987903297413 0.304731057731094 0.22487935330718756 0.35411017818842083 0.31692182016558945 0.3976987898349762 0.35411017783917487 0.22487935319077224 0.2843348871610214 0.3976987899513915 0.316921819554409 0.3976987901260145
6 0.18026111953632898 0.43128568324806005 0.5224501371862326 0.0436425924352145 0.006709545774612075 0.296196163860089 0.5224501369332407 0.35504439029066187 0.3099628295508698 0.5510445831701403 0.04364259270949973 0.29619616398519377 0.2293594592668849 0.3099628292453931 0.29619616404351334 0.043642592439533556 0.21773397260230357 0.3099628293754194 0.22935945896836 0.3099628296664469
51 0.6348031760044972 0.4720746020775058 0.5838174238285025 0.08427934680475677 0.1253277778789839 0.18312397175155545 0.5838174233845624 0.3827060001773202 0.2669093249851714 0.1870804724496467 0.08427934704660663 0.18312397209630368 0.18497612993561802 0.26690932474116724 0.18312397194999042 0.0842793468246018 0.1353076720411955 0.2669093248504312 0.184976130148597 0.26690932492803565
66 0.3177444244228104 0.5570345513559404 0.6368026528653701 -0.010956960956694869 0.012442129835945132 0.20250620099773675 0.6368026523221142 0.44871153867499614 0.21091241892504398 0.40373729987496426 -0.01095696087977534 0.20250620110462325 0.21705825954357436 0.21091241871332084 0.20250620096843439 -0.010956960994263902 0.12506406294825995 0.21091241785898865 0.2170582590267847 0.21091241761019483
58 0.2846610978799844 0.3016930891313443 0.29870164464227855 0.2248793529579416 0.17518759886680946 0.35411017783917487 0.29870164452586323 0.2892672449225895 0.3976987903297413 0.304731057731094 0.22487935330718756 0.35411017818842083 0.31692182016558945 0.3976987898349762 0.35411017783917487 0.22487935319077224 0.2843348871610214 0.3976987899513915 0.316921819554409 0.3976987901260145
34 0.22263081868740447 0.304604659747334 0.2242805032459001 0.19997639259834254 0.18351850113757853 0.39297141083993076 0.22428050305091385 0.3011817172177575 0.3541101782023645 0.3155732039965523 0.199976393193847 0.3929714111063983 0.3850291304550002 0.35411017809758344 0.3929714111314719 0.1999763928623104 0.38955092043926914 0.35411017833550956 0.38502913010140005 0.3541101780007947
18 0.1386505491588091 0.4355411498783241 0.4247278492759882 0.037633302979355944 0.0164811052046178 0.3155732039176833 0.424727848899274 0.4331955811765875 0.30473105786333593 0.5673335952925934 0.03763330317687065 0.3155732041272911 0.28637103236297834 0.30473105782707255 0.31557320396093075 0.03763330291969373 0.2864019024609903 0.30473105757030045 0.28637103178351475 0.3047310579835372
17 0.22263081868740447 0.304604659747334 0.2242805032459001 0.19997639259834254 0.18351850113757853 0.39297141083993076 0.22428050305091385 0.3011817172177575 0.3541101782023645 0.3155732039965523 0.199976393193847 0.3929714111063983 0.3850291304550002 0.35411017809758344 0.3929714111314719 0.1999763928623104 0.38955092043926914 0.35411017833550956 0.38502913010140005 0.3541101780007947
26 0.2846610978799844 0.3016930891313443 0.29870164464227855 0.2248793529579416 0.17518759886680946 0.35411017783917487 0.29870164452586323 0.2892672449225895 0.3976987903297413 0.304731057731094 0.22487935330718756 0.35411017818842083 0.31692182016558945 0.3976987898349762 0.35411017783917487 0.22487935319077224 0.2843348871610214 0.3976987899513915 0.316921819554409 0.3976987901260145
44 0.3166444534269622 0.05269937424443625 0.05639302920252773 0.6260031634698784 0.5404386310730687 0.1999763927263539 0.056393029049548966 0.0465365750409444 0.22487935326979508 0.0376333029726396 0.6260031636674931 0.19997639313291865 0.18471787475201576 0.22487935296766282 0.19997639283119498 0.6260031636882666 0.1697263984408219 0.22487935295214148 0.18471787440915202 0.22487935334740386
20 0.20000443531509976 0.2912303687446243 0.1811840765276985 0.18471787451722196 0.2397783242857942 0.38502913002820305 0.18118407648167636 0.3469656469451552 0.31692181994672625 0.2863710320904334 0.184717874827019 0.38502913061188304 0.4380830821571365 0.31692181991504503 0.38502913014115747 0.18471787476935075 0.4657734214035243 0.31692181942661707 0.4380830815156161 0.3169218202039617
39 0.3166444534269622 0.05269937424443625 0.05639302920252773 0.6260031634698784 0.5404386310730687 0.1999763927263539 0.056393029049548966 0.0465365750409444 0.22487935326979508 0.0376333029726396 0.6260031636674931 0.19997639313291865 0.18471787475201576 0.22487935296766282 0.19997639283119498 0.6260031636882666 0.1697263984408219 0.22487935295214148 0.18471787440915202 0.22487935334740386
61 0.34645332436475185 0.3657805462279366 0.8395367366787592 0.009944791330298191 0.0008457282739113493 0.12488296078968839 0.8395367361656207 0.2599138603805758 0.11178690053710647 0.2693230395727076 0.009944791592218567 0.12488296074177871 0.17568209244893498 0.11178690041818454 0.12488296090989545 0.009944791448716392 0.14353438554299341 0.11178689973947487 0.17568209233332677 0.11178689936880644
8 0.18026111953632898 0.43128568324806005 0.5224501371862326 0.0436425924352145 0.006709545774612075 0.296196163860089 0.5224501369332407 0.35504439029066187 0.3099628295508698 0.5510445831701403 0.04364259270949973 0.29619616398519377 0.2293594592668849 0.3099628292453931 0.29619616404351334 0.043642592439533556 0.21773397260230357 0.3099628293754194 0.22935945896836 0.3099628296664469
43 0.3166444534269622 0.05269937424443625 0.05639302920252773 0.6260031634698784 0.5404386310730687 0.1999763927263539 0.056393029049548966 0.0465365750409444 0.22487935326979508 0.0376333029726396 0.6260031636674931 0.19997639313291865 0.18471787475201576 0.22487935296766282 0.19997639283119498 0.6260031636882666 0.1697263984408219 0.22487935295214148 0.18471787440915202 0.22487935334740386
4 0.18026111953632898 0.43128568324806005 0.5224501371862326 0.0436425924352145 0.006709545774612075 0.296196163860089 0.5224501369332407 0.35504439029066187 0.3099628295508698 0.5510445831701403 0.04364259270949973 0.29619616398519377 0.2293594592668849 0.3099628292453931 0.29619616404351334 0.043642592439533556 0.21773397260230357 0.3099628293754194 0.22935945896836 0.3099628296664469
64 0.2654507224149974 0.06146196704854625 0.04389275220817987 0.5404386310211091 0.8000973938524305 0.18351850108492768 0.043892752139834366 0.08073943310096578 0.1751875990051719 0.01648110520454406 0.5404386309796287 0.18351850117310237 0.23977832426962298 0.1751875987081047 0.18351850099869385 0.5404386311855155 0.24484676677052913 0.17518759846380172 0.23977832406178523 0.17518759919191787
41 0.2846610978799844 0.3016930891313443 0.29870164464227855 0.2248793529579416 0.17518759886680946 0.35411017783917487 0.29870164452586323 0.2892672449225895 0.3976987903297413 0.304731057731094 0.22487935330718756 0.35411017818842083 0.31692182016558945 0.3976987898349762 0.35411017783917487 0.22487935319077224 0.2843348871610214 0.3976987899513915 0.316921819554409 0.3976987901260145
47 0.2654507224149974 0.06146196704854625 0.04389275220817987 0.5404386310211091 0.8000973938524305 0.18351850108492768 0.043892752139834366 0.08073943310096578 0.1751875990051719 0.01648110520454406 0.5404386309796287 0.18351850117310237 0.23977832426962298 0.1751875987081047 0.18351850099869385 0.5404386311855155 0.24484676677052913 0.17518759846380172 0.23977832406178523 0.17518759919191787
57 0.27910783055448696 0.38695458322693627 0.6629455925231004 0.05639302903871208 0.04389275232463648 0.2242805028486946 0.662945592259131 0.323418556953744 0.29870164467697446 0.4247278490840135 0.05639302926376784 0.2242805031452498 0.18118407673661197 0.29870164475039424 0.2242805031389542 0.056393029229049166 0.15316522932771967 0.2987016445867375 0.18118407637110132 0.29870164462978904
2 0.18026111953632898 0.43128568324806005 0.5224501371862326 0.0436425924352145 0.006709545774612075 0.296196163860089 0.5224501369332407 0.35504439029066187 0.3099628295508698 0.5510445831701403 0.04364259270949973 0.29619616398519377 0.2293594592668849 0.3099628292453931 0.29619616404351334 0.043642592439533556 0.21773397260230357 0.3099628293754194 0.22935945896836 0.3099628296664469
22 0.17671183306488128 0.27616869646225023 0.15316522929815504 0.16972639825126695 0.24484676677048253 0.3895509203535048 0.1531652292162232 0.3444536974586509 0.28433488736804857 0.28640190246082964 0.1697263984185526 0.38955092078243553 0.4657734216809486 0.2843348870908999 0.38955092032477495 0.16972639827563096 0.5348030322917028 0.2843348869018705 0.46577342113380127 0.2843348874958985
9 0.22263081868740447 0.304604659747334 0.2242805032459001 0.19997639259834254 0.18351850113757853 0.39297141083993076 0.22428050305091385 0.3011817172177575 0.3541101782023645 0.3155732039965523 0.199976393193847 0.3929714111063983 0.3850291304550002 0.35411017809758344 0.3929714111314719 0.1999763928623104 0.38955092043926914 0.35411017833550956 0.38502913010140005 0.3541101780007947
35 0.2846610978799844 0.3016930891313443 0.29870164464227855 0.2248793529579416 0.17518759886680946 0.35411017783917487 0.29870164452586323 0.2892672449225895 0.3976987903297413 0.304731057731094 0.22487935330718756 0.35411017818842083 0.31692182016558945 0.3976987898349762 0.35411017783917487 0.22487935319077224 0.2843348871610214 0.3976987899513915 0.316921819554409 0.3976987901260145
1 0.22263081868740447 0.304604659747334 0.2242805032459001 0.19997639259834254 0.18351850113757853 0.39297141083993076 0.22428050305091385 0.3011817172177575 0.3541101782023645 0.3155732039965523 0.199976393193847 0.3929714111063983 0.3850291304550002 0.35411017809758344 0.3929714111314719 0.1999763928623104 0.38955092043926914 0.35411017833550956 0.38502913010140005 0.3541101780007947
