16 0.08065311413422195 0.3845876081556138 0.1866074823624358 0.07528183614491846 0.4791412769725662 0.07528183597351103 0.27444159287539344 0.47914127738311235 0.07528183616092338 0.5230465864517563 0.08065311397618198 0.18660748269478103 0.29684859688229354 0.4479543887071237 0.523046586669523 0.18660748318207712 0.3654200502234971 0.08065311374223948 0.08065311368652042 0.44795438927799536
66 0.24414953958638053 0.4611893324840801 0.28140506791487535 0.1891058930473907 0.3754212863310165 0.1891058927485311 0.28758296686198276 0.37542128660479174 0.18910589286075058 0.36542005015261675 0.24414953959234204 0.28140506813620975 0.15049116309214972 0.3426161724431067 0.3654200502433398 0.28140506872799925 0.5612038022416768 0.2441495395554175 0.2441495395865093 0.3426161730964128
55 0.24414953958638053 0.4611893324840801 0.28140506791487535 0.1891058930473907 0.3754212863310165 0.1891058927485311 0.28758296686198276 0.37542128660479174 0.18910589286075058 0.36542005015261675 0.24414953959234204 0.28140506813620975 0.15049116309214972 0.3426161724431067 0.3654200502433398 0.28140506872799925 0.5612038022416768 0.2441495395554175 0.2441495395865093 0.3426161730964128
53 0.42533153559485687 0.25282392517852675 0.22387828814795335 0.5710249385374796 0.055351198764408395 0.5710249384398053 0.10257517170036332 0.05535119907086971 0.571024938437973 0.07528183614347851 0.425331535444581 0.22387828739610874 0.02738109578005114 0.09845011308952101 0.07528183615500036 0.22387828783293498 0.18910589292456542 0.4253315350844633 0.42533153543585145 0.09845011348360144
7 0.21929917069740468 0.6158467862711372 0.2479145026298617 0.20999183763110754 0.34650385474756135 0.20999183742681735 0.18564779369916426 0.34650385495512176 0.20999183737965593 0.3751289522267131 0.21929917061028667 0.24791450301452994 0.10988610291626474 0.37497600805684717 0.3751289521938479 0.2479145035949704 0.5120856057989192 0.21929917039076469 0.21929917041091232 0.37497600867711073
3 0.21929917069740468 0.6158467862711372 0.2479145026298617 0.20999183763110754 0.34650385474756135 0.20999183742681735 0.18564779369916426 0.34650385495512176 0.20999183737965593 0.3751289522267131 0.21929917061028667 0.24791450301452994 0.10988610291626474 0.37497600805684717 0.3751289521938479 0.2479145035949704 0.5120856057989192 0.21929917039076469 0.21929917041091232 0.37497600867711073
47 0.42533153559485687 0.25282392517852675 0.22387828814795335 0.5710249385374796 0.055351198764408395 0.5710249384398053 0.10257517170036332 0.05535119907086971 0.571024938437973 0.07528183614347851 0.425331535444581 0.22387828739610874 0.02738109578005114 0.09845011308952101 0.07528183615500036 0.22387828783293498 0.18910589292456542 0.4253315350844633 0.42533153543585145 0.09845011348360144
42 0.09053557507426525 0.16128415926751732 0.4077604121019101 0.10257517172424005 0.33546041958979983 0.10257517159723588 0.6374609010697533 0.3354604201296223 0.10257517154306187 0.27444159288042647 0.09053557512955107 0.4077604124723658 0.5252881114562896 0.3675175320979464 0.2744415928127102 0.40776041304647154 0.2875829668619903 0.0905355750547915 0.09053557521074579 0.3675175324743125
38 0.42533153559485687 0.25282392517852675 0.22387828814795335 0.5710249385374796 0.055351198764408395 0.5710249384398053 0.10257517170036332 0.05535119907086971 0.571024938437973 0.07528183614347851 0.425331535444581 0.22387828739610874 0.02738109578005114 0.09845011308952101 0.07528183615500036 0.22387828783293498 0.18910589292456542 0.4253315350844633 0.42533153543585145 0.09845011348360144
2 0.08065311413422195 0.3845876081556138 0.1866074823624358 0.07528183614491846 0.4791412769725662 0.07528183597351103 0.27444159287539344 0.47914127738311235 0.07528183616092338 0.5230465864517563 0.08065311397618198 0.18660748269478103 0.29684859688229354 0.4479543887071237 0.523046586669523 0.18660748318207712 0.3654200502234971 0.08065311374223948 0.08065311368652042 0.44795438927799536
37 0.42533153559485687 0.25282392517852675 0.22387828814795335 0.5710249385374796 0.055351198764408395 0.5710249384398053 0.10257517170036332 0.05535119907086971 0.571024938437973 0.07528183614347851 0.425331535444581 0.22387828739610874 0.02738109578005114 0.09845011308952101 0.07528183615500036 0.22387828783293498 0.18910589292456542 0.4253315350844633 0.42533153543585145 0.09845011348360144
59 0.5219240606902841 0.195915232467154 0.2700457214084582 0.42533153499511733 0.08729781996054393 0.42533153515625527 0.09053557515197784 0.08729782000023069 0.42533153562966697 0.08065311374757969 0.5219240609820047 0.2700457206770405 0.01805061189842471 0.08402476109201684 0.08065311380861807 0.2700457211321606 0.24414953958514615 0.5219240606418368 0.52192406108842 0.08402476130263141
15 0.21929917069740468 0.6158467862711372 0.2479145026298617 0.20999183763110754 0.34650385474756135 0.20999183742681735 0.18564779369916426 0.34650385495512176 0.20999183737965593 0.3751289522267131 0.21929917061028667 0.24791450301452994 0.10988610291626474 0.37497600805684717 0.3751289521938479 0.2479145035949704 0.5120856057989192 0.21929917039076469 0.21929917041091232 0.37497600867711073
48 0.42533153559485687 0.25282392517852675 0.22387828814795335 0.5710249385374796 0.055351198764408395 0.5710249384398053 0.10257517170036332 0.05535119907086971 0.571024938437973 0.07528183614347851 0.425331535444581 0.22387828739610874 0.02738109578005114 0.09845011308952101 0.07528183615500036 0.22387828783293498 0.18910589292456542 0.4253315350844633 0.42533153543585145 0.09845011348360144
57 0.08136499063394842 0.10554003583300828 0.27264782614961963 0.061626955470681026 0.4380764112596616 0.06162695531354408 0.5697127294208378 0.43807641170569667 0.06162695521046637 0.32024041222379374 0.0813649910668745 0.27264782686136396 0.7965279401375043 0.2056152638363614 0.3202404123202933 0.2726478271483926 0.28981319609525713 0.08136499058281554 0.0813649905747652 0.20561526406233965
28 0.2700457211968554 0.2278718263406167 0.5481720019747952 0.22387828752123437 0.20333080057097386 0.22387828750896452 0.40776041251632494 0.20333080109812332 0.223878287325089 0.18660748257651785 0.2700457212347656 0.548172002270399 0.21517488904395535 0.28323526936293303 0.18660748266321978 0.5481720028277608 0.2814050682598096 0.2700457207951011 0.2700457211632848 0.28323526957312795
61 0.09053557507426525 0.16128415926751732 0.4077604121019101 0.10257517172424005 0.33546041958979983 0.10257517159723588 0.6374609010697533 0.3354604201296223 0.10257517154306187 0.27444159288042647 0.09053557512955107 0.4077604124723658 0.5252881114562896 0.3675175320979464 0.2744415928127102 0.40776041304647154 0.2875829668619903 0.0905355750547915 0.09053557521074579 0.3675175324743125
65 0.24414953958638053 0.4611893324840801 0.28140506791487535 0.1891058930473907 0.3754212863310165 0.1891058927485311 0.28758296686198276 0.37542128660479174 0.18910589286075058 0.36542005015261675 0.24414953959234204 0.28140506813620975 0.15049116309214972 0.3426161724431067 0.3654200502433398 0.28140506872799925 0.5612038022416768 0.2441495395554175 0.2441495395865093 0.3426161730964128
33 0.2700457211968554 0.2278718263406167 0.5481720019747952 0.22387828752123437 0.20333080057097386 0.22387828750896452 0.40776041251632494 0.20333080109812332 0.223878287325089 0.18660748257651785 0.2700457212347656 0.548172002270399 0.21517488904395535 0.28323526936293303 0.18660748266321978 0.5481720028277608 0.2814050682598096 0.2700457207951011 0.2700457211632848 0.28323526957312795
9 0.21929917069740468 0.6158467862711372 0.2479145026298617 0.20999183763110754 0.34650385474756135 0.20999183742681735 0.18564779369916426 0.34650385495512176 0.20999183737965593 0.3751289522267131 0.21929917061028667 0.24791450301452994 0.10988610291626474 0.37497600805684717 0.3751289521938479 0.2479145035949704 0.5120856057989192 0.21929917039076469 0.21929917041091232 0.37497600867711073
10 0.08729782023734045 0.2832180072555089 0.20333080027187103 0.05535119881607253 0.5321016412318496 0.055351198597223074 0.33546041985044656 0.5321016417165303 0.05535119857029797 0.4791412772091802 0.08729782003952787 0.20333080105803633 0.3950425148497411 0.40070684329422046 0.4791412770947836 0.20333080124825778 0.3754212864404224 0.08729781997821737 0.08729781986662777 0.40070684341154394
25 0.0840247618034482 0.3877248315378141 0.2832352691621054 0.09845011361903744 0.40070684323546857 0.09845011334618903 0.3675175324190665 0.4007068435917205 0.09845011329343833 0.44795438912683494 0.08402476157061756 0.28323526967142243 0.26833629724257024 0.5023780044866726 0.44795438914388797 0.28323527020256734 0.3426161728937256 0.08402476141600346 0.08402476147239213 0.5023780046030879
8 0.08065311413422195 0.3845876081556138 0.1866074823624358 0.07528183614491846 0.4791412769725662 0.07528183597351103 0.27444159287539344 0.47914127738311235 0.07528183616092338 0.5230465864517563 0.08065311397618198 0.18660748269478103 0.29684859688229354 0.4479543887071237 0.523046586669523 0.18660748318207712 0.3654200502234971 0.08065311374223948 0.08065311368652042 0.44795438927799536
60 0.0840247618034482 0.3877248315378141 0.2832352691621054 0.09845011361903744 0.40070684323546857 0.09845011334618903 0.3675175324190665 0.4007068435917205 0.09845011329343833 0.44795438912683494 0.08402476157061756 0.28323526967142243 0.26833629724257024 0.5023780044866726 0.44795438914388797 0.28323527020256734 0.3426161728937256 0.08402476141600346 0.08402476147239213 0.5023780046030879
54 0.42533153559485687 0.25282392517852675 0.22387828814795335 0.5710249385374796 0.055351198764408395 0.5710249384398053 0.10257517170036332 0.05535119907086971 0.571024938437973 0.07528183614347851 0.425331535444581 0.22387828739610874 0.02738109578005114 0.09845011308952101 0.07528183615500036 0.22387828783293498 0.18910589292456542 0.4253315350844633 0.42533153543585145 0.09845011348360144
11 0.21929917069740468 0.6158467862711372 0.2479145026298617 0.20999183763110754 0.34650385474756135 0.20999183742681735 0.18564779369916426 0.34650385495512176 0.20999183737965593 0.3751289522267131 0.21929917061028667 0.24791450301452994 0.10988610291626474 0.37497600805684717 0.3751289521938479 0.2479145035949704 0.5120856057989192 0.21929917039076469 0.21929917041091232 0.37497600867711073
32 0.09053557507426525 0.16128415926751732 0.4077604121019101 0.10257517172424005 0.33546041958979983 0.10257517159723588 0.6374609010697533 0.3354604201296223 0.10257517154306187 0.27444159288042647 0.09053557512955107 0.4077604124723658 0.5252881114562896 0.3675175320979464 0.2744415928127102 0.40776041304647154 0.2875829668619903 0.0905355750547915 0.09053557521074579 0.3675175324743125
1 0.21929917069740468 0.6158467862711372 0.2479145026298617 0.20999183763110754 0.34650385474756135 0.20999183742681735 0.18564779369916426 0.34650385495512176 0.20999183737965593 0.3751289522267131 0.21929917061028667 0.24791450301452994 0.10988610291626474 0.37497600805684717 0.3751289521938479 0.2479145035949704 0.5120856057989192 0.21929917039076469 0.21929917041091232 0.37497600867711073
17 0.21929917069740468 0.6158467862711372 0.2479145026298617 0.20999183763110754 0.34650385474756135 0.20999183742681735 0.18564779369916426 0.34650385495512176 0.20999183737965593 0.3751289522267131 0.21929917061028667 0.24791450301452994 0.10988610291626474 0.37497600805684717 0.3751289521938479 0.2479145035949704 0.5120856057989192 0.21929917039076469 0.21929917041091232 0.37497600867711073
30 0.0840247618034482 0.3877248315378141 0.2832352691621054 0.09845011361903744 0.40070684323546857 0.09845011334618903 0.3675175324190665 0.4007068435917205 0.09845011329343833 0.44795438912683494 0.08402476157061756 0.28323526967142243 0.26833629724257024 0.5023780044866726 0.44795438914388797 0.28323527020256734 0.3426161728937256 0.08402476141600346 0.08402476147239213 0.5023780046030879
56 0.24414953958638053 0.4611893324840801 0.28140506791487535 0.1891058930473907 0.3754212863310165 0.1891058927485311 0.28758296686198276 0.37542128660479174 0.18910589286075058 0.36542005015261675 0.24414953959234204 0.28140506813620975 0.15049116309214972 0.3426161724431067 0.3654200502433398 0.28140506872799925 0.5612038022416768 0.2441495395554175 0.2441495395865093 0.3426161730964128
20 0.24414953958638053 0.4611893324840801 0.28140506791487535 0.1891058930473907 0.3754212863310165 0.1891058927485311 0.28758296686198276 0.37542128660479174 0.18910589286075058 0.36542005015261675 0.24414953959234204 0.28140506813620975 0.15049116309214972 0.3426161724431067 0.3654200502433398 0.28140506872799925 0.5612038022416768 0.2441495395554175 0.2441495395865093 0.3426161730964128
45 0.19591523260883972 0.7025841289654076 0.22787182610321574 0.25282392517276975 0.2832180071401118 0.2528239249801923 0.16128415926750972 0.283218007387799 0.2528239251694559 0.3845876081039671 0.195915232507786 0.22787182626757613 0.09848097763878533 0.38772483097059635 0.3845876082340546 0.22787182675138531 0.4611893324840847 0.19591523238872358 0.19591523248313947 0.3877248318596745
18 0.08729782023734045 0.2832180072555089 0.20333080027187103 0.05535119881607253 0.5321016412318496 0.055351198597223074 0.33546041985044656 0.5321016417165303 0.05535119857029797 0.4791412772091802 0.08729782003952787 0.20333080105803633 0.3950425148497411 0.40070684329422046 0.4791412770947836 0.20333080124825778 0.3754212864404224 0.08729781997821737 0.08729781986662777 0.40070684341154394
50 0.19591523260883972 0.7025841289654076 0.22787182610321574 0.25282392517276975 0.2832180071401118 0.2528239249801923 0.16128415926750972 0.283218007387799 0.2528239251694559 0.3845876081039671 0.195915232507786 0.22787182626757613 0.09848097763878533 0.38772483097059635 0.3845876082340546 0.22787182675138531 0.4611893324840847 0.19591523238872358 0.19591523248313947 0.3877248318596745
52 0.42533153559485687 0.25282392517852675 0.22387828814795335 0.5710249385374796 0.055351198764408395 0.5710249384398053 0.10257517170036332 0.05535119907086971 0.571024938437973 0.07528183614347851 0.425331535444581 0.22387828739610874 0.02738109578005114 0.09845011308952101 0.07528183615500036 0.22387828783293498 0.18910589292456542 0.4253315350844633 0.42533153543585145 0.09845011348360144
21 0.24414953958638053 0.4611893324840801 0.28140506791487535 0.1891058930473907 0.3754212863310165 0.1891058927485311 0.28758296686198276 0.37542128660479174 0.18910589286075058 0.36542005015261675 0.24414953959234204 0.28140506813620975 0.15049116309214972 0.3426161724431067 0.3654200502433398 0.28140506872799925 0.5612038022416768 0.2441495395554175 0.2441495395865093 0.3426161730964128
68 0.5219240606902841 0.195915232467154 0.2700457214084582 0.42533153499511733 0.08729781996054393 0.42533153515625527 0.09053557515197784 0.08729782000023069 0.42533153562966697 0.08065311374757969 0.5219240609820047 0.2700457206770405 0.01805061189842471 0.08402476109201684 0.08065311380861807 0.2700457211321606 0.24414953958514615 0.5219240606418368 0.52192406108842 0.08402476130263141
35 0.19591523260883972 0.7025841289654076 0.22787182610321574 0.25282392517276975 0.2832180071401118 0.2528239249801923 0.16128415926750972 0.283218007387799 0.2528239251694559 0.3845876081039671 0.195915232507786 0.22787182626757613 0.09848097763878533 0.38772483097059635 0.3845876082340546 0.22787182675138531 0.4611893324840847 0.19591523238872358 0.19591523248313947 0.3877248318596745
14 0.08729782023734045 0.2832180072555089 0.20333080027187103 0.05535119881607253 0.5321016412318496 0.055351198597223074 0.33546041985044656 0.5321016417165303 0.05535119857029797 0.4791412772091802 0.08729782003952787 0.20333080105803633 0.3950425148497411 0.40070684329422046 0.4791412770947836 0.20333080124825778 0.3754212864404224 0.08729781997821737 0.08729781986662777 0.40070684341154394
29 0.2700457211968554 0.2278718263406167 0.5481720019747952 0.22387828752123437 0.20333080057097386 0.22387828750896452 0.40776041251632494 0.20333080109812332 0.223878287325089 0.18660748257651785 0.2700457212347656 0.548172002270399 0.21517488904395535 0.28323526936293303 0.18660748266321978 0.5481720028277608 0.2814050682598096 0.2700457207951011 0.2700457211632848 0.28323526957312795
67 0.08136499063394842 0.10554003583300828 0.27264782614961963 0.061626955470681026 0.4380764112596616 0.06162695531354408 0.5697127294208378 0.43807641170569667 0.06162695521046637 0.32024041222379374 0.0813649910668745 0.27264782686136396 0.7965279401375043 0.2056152638363614 0.3202404123202933 0.2726478271483926 0.28981319609525713 0.08136499058281554 0.0813649905747652 0.20561526406233965
0 0.08729782023734045 0.2832180072555089 0.20333080027187103 0.05535119881607253 0.5321016412318496 0.055351198597223074 0.33546041985044656 0.5321016417165303 0.05535119857029797 0.4791412772091802 0.08729782003952787 0.20333080105803633 0.3950425148497411 0.40070684329422046 0.4791412770947836 0.20333080124825778 0.3754212864404224 0.08729781997821737 0.08729781986662777 0.40070684341154394
19 0.21929917069740468 0.6158467862711372 0.2479145026298617 0.20999183763110754 0.34650385474756135 0.20999183742681735 0.18564779369916426 0.34650385495512176 0.20999183737965593 0.3751289522267131 0.21929917061028667 0.24791450301452994 0.10988610291626474 0.37497600805684717 0.3751289521938479 0.2479145035949704 0.5120856057989192 0.21929917039076469 0.21929917041091232 0.37497600867711073
34 0.2700457211968554 0.2278718263406167 0.5481720019747952 0.22387828752123437 0.20333080057097386 0.22387828750896452 0.40776041251632494 0.20333080109812332 0.223878287325089 0.18660748257651785 0.2700457212347656 0.548172002270399 0.21517488904395535 0.28323526936293303 0.18660748266321978 0.5481720028277608 0.2814050682598096 0.2700457207951011 0.2700457211632848 0.28323526957312795
62 0.09053557507426525 0.16128415926751732 0.4077604121019101 0.10257517172424005 0.33546041958979983 0.10257517159723588 0.6374609010697533 0.3354604201296223 0.10257517154306187 0.27444159288042647 0.09053557512955107 0.4077604124723658 0.5252881114562896 0.3675175320979464 0.2744415928127102 0.40776041304647154 0.2875829668619903 0.0905355750547915 0.09053557521074579 0.3675175324743125
64 0.2700457211968554 0.2278718263406167 0.5481720019747952 0.22387828752123437 0.20333080057097386 0.22387828750896452 0.40776041251632494 0.20333080109812332 0.223878287325089 0.18660748257651785 0.2700457212347656 0.548172002270399 0.21517488904395535 0.28323526936293303 0.18660748266321978 0.5481720028277608 0.2814050682598096 0.2700457207951011 0.2700457211632848 0.28323526957312795
22 0.08136499063394842 0.10554003583300828 0.27264782614961963 0.061626955470681026 0.4380764112596616 0.06162695531354408 0.5697127294208378 0.43807641170569667 0.06162695521046637 0.32024041222379374 0.0813649910668745 0.27264782686136396 0.7965279401375043 0.2056152638363614 0.3202404123202933 0.2726478271483926 0.28981319609525713 0.08136499058281554 0.0813649905747652 0.20561526406233965
27 0.09053557507426525 0.16128415926751732 0.4077604121019101 0.10257517172424005 0.33546041958979983 0.10257517159723588 0.6374609010697533 0.3354604201296223 0.10257517154306187 0.27444159288042647 0.09053557512955107 0.4077604124723658 0.5252881114562896 0.3675175320979464 0.2744415928127102 0.40776041304647154 0.2875829668619903 0.0905355750547915 0.09053557521074579 0.3675175324743125
39 0.42533153559485687 0.25282392517852675 0.22387828814795335 0.5710249385374796 0.055351198764408395 0.5710249384398053 0.10257517170036332 0.05535119907086971 0.571024938437973 0.07528183614347851 0.425331535444581 0.22387828739610874 0.02738109578005114 0.09845011308952101 0.07528183615500036 0.22387828783293498 0.18910589292456542 0.4253315350844633 0.42533153543585145 0.09845011348360144
46 0.01805061192339614 0.09848097763877493 0.21517488833822676 0.02738109582596224 0.3950425146325448 0.027381095621457224 0.5252881114562878 0.3950425150745313 0.027381095593221248 0.2968485968985252 0.018050612128751337 0.21517488920973912 0.9575536767088669 0.26833629704030454 0.2968485968706501 0.21517488939183874 0.15049116309214622 0.01805061191983666 0.018050611817418558 0.2683362971496543
58 0.5219240606902841 0.195915232467154 0.2700457214084582 0.42533153499511733 0.08729781996054393 0.42533153515625527 0.09053557515197784 0.08729782000023069 0.42533153562966697 0.08065311374757969 0.5219240609820047 0.2700457206770405 0.01805061189842471 0.08402476109201684 0.08065311380861807 0.2700457211321606 0.24414953958514615 0.5219240606418368 0.52192406108842 0.08402476130263141
41 0.09053557507426525 0.16128415926751732 0.4077604121019101 0.10257517172424005 0.33546041958979983 0.10257517159723588 0.6374609010697533 0.3354604201296223 0.10257517154306187 0.27444159288042647 0.09053557512955107 0.4077604124723658 0.5252881114562896 0.3675175320979464 0.2744415928127102 0.40776041304647154 0.2875829668619903 0.0905355750547915 0.09053557521074579 0.3675175324743125
49 0.42533153559485687 0.25282392517852675 0.22387828814795335 0.5710249385374796 0.055351198764408395 0.5710249384398053 0.10257517170036332 0.05535119907086971 0.571024938437973 0.07528183614347851 0.425331535444581 0.22387828739610874 0.02738109578005114 0.09845011308952101 0.07528183615500036 0.22387828783293498 0.18910589292456542 0.4253315350844633 0.42533153543585145 0.09845011348360144
26 0.09053557507426525 0.16128415926751732 0.4077604121019101 0.10257517172424005 0.33546041958979983 0.10257517159723588 0.6374609010697533 0.3354604201296223 0.10257517154306187 0.27444159288042647 0.09053557512955107 0.4077604124723658 0.5252881114562896 0.3675175320979464 0.2744415928127102 0.40776041304647154 0.2875829668619903 0.0905355750547915 0.09053557521074579 0.3675175324743125
43 0.2700457211968554 0.2278718263406167 0.5481720019747952 0.22387828752123437 0.20333080057097386 0.22387828750896452 0.40776041251632494 0.20333080109812332 0.223878287325089 0.18660748257651785 0.2700457212347656 0.548172002270399 0.21517488904395535 0.28323526936293303 0.18660748266321978 0.5481720028277608 0.2814050682598096 0.2700457207951011 0.2700457211632848 0.28323526957312795
6 0.08729782023734045 0.2832180072555089 0.20333080027187103 0.05535119881607253 0.5321016412318496 0.055351198597223074 0.33546041985044656 0.5321016417165303 0.05535119857029797 0.4791412772091802 0.08729782003952787 0.20333080105803633 0.3950425148497411 0.40070684329422046 0.4791412770947836 0.20333080124825778 0.3754212864404224 0.08729781997821737 0.08729781986662777 0.40070684341154394
40 0.0840247618034482 0.3877248315378141 0.2832352691621054 0.09845011361903744 0.40070684323546857 0.09845011334618903 0.3675175324190665 0.4007068435917205 0.09845011329343833 0.44795438912683494 0.08402476157061756 0.28323526967142243 0.26833629724257024 0.5023780044866726 0.44795438914388797 0.28323527020256734 0.3426161728937256 0.08402476141600346 0.08402476147239213 0.5023780046030879
5 0.21929917069740468 0.6158467862711372 0.2479145026298617 0.20999183763110754 0.34650385474756135 0.20999183742681735 0.18564779369916426 0.34650385495512176 0.20999183737965593 0.3751289522267131 0.21929917061028667 0.24791450301452994 0.10988610291626474 0.37497600805684717 0.3751289521938479 0.2479145035949704 0.5120856057989192 0.21929917039076469 0.21929917041091232 0.37497600867711073
12 0.08729782023734045 0.2832180072555089 0.20333080027187103 0.05535119881607253 0.5321016412318496 0.055351198597223074 0.33546041985044656 0.5321016417165303 0.05535119857029797 0.4791412772091802 0.08729782003952787 0.20333080105803633 0.3950425148497411 0.40070684329422046 0.4791412770947836 0.20333080124825778 0.3754212864404224 0.08729781997821737 0.08729781986662777 0.40070684341154394
36 0.01805061192339614 0.09848097763877493 0.21517488833822676 0.02738109582596224 0.3950425146325448 0.027381095621457224 0.5252881114562878 0.3950425150745313 0.027381095593221248 0.2968485968985252 0.018050612128751337 0.21517488920973912 0.9575536767088669 0.26833629704030454 0.2968485968706501 0.21517488939183874 0.15049116309214622 0.01805061191983666 0.018050611817418558 0.2683362971496543
4 0.08065311413422195 0.3845876081556138 0.1866074823624358 0.07528183614491846 0.4791412769725662 0.07528183597351103 0.27444159287539344 0.47914127738311235 0.07528183616092338 0.5230465864517563 0.08065311397618198 0.18660748269478103 0.29684859688229354 0.4479543887071237 0.523046586669523 0.18660748318207712 0.3654200502234971 0.08065311374223948 0.08065311368652042 0.44795438927799536
44 0.2700457211968554 0.2278718263406167 0.5481720019747952 0.22387828752123437 0.20333080057097386 0.22387828750896452 0.40776041251632494 0.20333080109812332 0.223878287325089 0.18660748257651785 0.2700457212347656 0.548172002270399 0.21517488904395535 0.28323526936293303 0.18660748266321978 0.5481720028277608 0.2814050682598096 0.2700457207951011 0.2700457211632848 0.28323526957312795
24 0.5219240606902841 0.195915232467154 0.2700457214084582 0.42533153499511733 0.08729781996054393 0.42533153515625527 0.09053557515197784 0.08729782000023069 0.42533153562966697 0.08065311374757969 0.5219240609820047 0.2700457206770405 0.01805061189842471 0.08402476109201684 0.08065311380861807 0.2700457211321606 0.24414953958514615 0.5219240606418368 0.52192406108842 0.08402476130263141
51 0.01805061192339614 0.09848097763877493 0.21517488833822676 0.02738109582596224 0.3950425146325448 0.027381095621457224 0.5252881114562878 0.3950425150745313 0.027381095593221248 0.2968485968985252 0.018050612128751337 0.21517488920973912 0.9575536767088669 0.26833629704030454 0.2968485968706501 0.21517488939183874 0.15049116309214622 0.01805061191983666 0.018050611817418558 0.2683362971496543
31 0.09053557507426525 0.16128415926751732 0.4077604121019101 0.10257517172424005 0.33546041958979983 0.10257517159723588 0.6374609010697533 0.3354604201296223 0.10257517154306187 0.27444159288042647 0.09053557512955107 0.4077604124723658 0.5252881114562896 0.3675175320979464 0.2744415928127102 0.40776041304647154 0.2875829668619903 0.0905355750547915 0.09053557521074579 0.3675175324743125
63 0.2700457211968554 0.2278718263406167 0.5481720019747952 0.22387828752123437 0.20333080057097386 0.22387828750896452 0.40776041251632494 0.20333080109812332 0.223878287325089 0.18660748257651785 0.2700457212347656 0.548172002270399 0.21517488904395535 0.28323526936293303 0.18660748266321978 0.5481720028277608 0.2814050682598096 0.2700457207951011 0.2700457211632848 0.28323526957312795
69 0.5219240606902841 0.195915232467154 0.2700457214084582 0.42533153499511733 0.08729781996054393 0.42533153515625527 0.09053557515197784 0.08729782000023069 0.42533153562966697 0.08065311374757969 0.5219240609820047 0.2700457206770405 0.01805061189842471 0.08402476109201684 0.08065311380861807 0.2700457211321606 0.24414953958514615 0.5219240606418368 0.52192406108842 0.08402476130263141
13 0.21929917069740468 0.6158467862711372 0.2479145026298617 0.20999183763110754 0.34650385474756135 0.20999183742681735 0.18564779369916426 0.34650385495512176 0.20999183737965593 0.3751289522267131 0.21929917061028667 0.24791450301452994 0.10988610291626474 0.37497600805684717 0.3751289521938479 0.2479145035949704 0.5120856057989192 0.21929917039076469 0.21929917041091232 0.37497600867711073
23 0.5219240606902841 0.195915232467154 0.2700457214084582 0.42533153499511733 0.08729781996054393 0.42533153515625527 0.09053557515197784 0.08729782000023069 0.42533153562966697 0.08065311374757969 0.5219240609820047 0.2700457206770405 0.01805061189842471 0.08402476109201684 0.08065311380861807 0.2700457211321606 0.24414953958514615 0.5219240606418368 0.52192406108842 0.08402476130263141
