3 0.19689008116077306 0.34490362162249294 0.20536775477035338 0.15806702499534953 0.384148491023394 0.1968900801833713 0.21319356935195774 0.19689008009682 0.1968900805612509 0.504603636745724 0.19689007969925026 0.5046036375607472 0.38508464830141886 0.19689007993551855 0.15806702477388812 0.1968900798045513 0.5046036374374039 0.19689007930072067 0.5046036374965096 0.34490362200947455
69 0.4540643167626174 0.06773568620916831 0.08099918034778687 0.040846867659314876 0.10150431992581362 0.45406431566443395 0.40044255751805713 0.454064315405382 0.45406431605896125 0.1968900795705337 0.45406431551002924 0.1968900802201274 0.07622694967264358 0.45406431566605954 0.040846867455953395 0.45406431556419613 0.1968900796187485 0.4540643153394141 0.19689008054416393 0.06773568703817945
58 0.12119404630729734 0.3722700003360726 0.3579229585615072 0.3256751449459926 0.7045354240089028 0.12119404458457986 0.07344239711141062 0.12119404438141188 0.12119404501458851 0.36658308466936695 0.12119404424199613 0.36658308516097754 0.4641932560713898 0.1211940443306485 0.32567514495796185 0.12119404419968126 0.36658308463382655 0.12119404391801566 0.36658308493938657 0.37227000071550476
5 0.19689008116077306 0.34490362162249294 0.20536775477035338 0.15806702499534953 0.384148491023394 0.1968900801833713 0.21319356935195774 0.19689008009682 0.1968900805612509 0.504603636745724 0.19689007969925026 0.5046036375607472 0.38508464830141886 0.19689007993551855 0.15806702477388812 0.1968900798045513 0.5046036374374039 0.19689007930072067 0.5046036374965096 0.34490362200947455
59 0.40044255857264005 0.10209563439716678 0.13325241768452392 0.029446592222108214 0.09309167696708727 0.40044255785671923 0.6948155509308315 0.40044255744420254 0.4004425578895328 0.2131935688996238 0.40044255726874495 0.2131935697125207 0.059899208110712386 0.40044255750390706 0.029446591769396936 0.4004425573583879 0.2131935691180725 0.4004425568471211 0.21319356964637562 0.1020956352872323
15 0.19689008116077306 0.34490362162249294 0.20536775477035338 0.15806702499534953 0.384148491023394 0.1968900801833713 0.21319356935195774 0.19689008009682 0.1968900805612509 0.504603636745724 0.19689007969925026 0.5046036375607472 0.38508464830141886 0.19689007993551855 0.15806702477388812 0.1968900798045513 0.5046036374374039 0.19689007930072067 0.5046036374965096 0.34490362200947455
10 0.06773568806238472 0.5547419128124602 0.39546950652740476 0.3618949392898685 0.42924602347145036 0.06773568675271235 0.1020956348832247 0.06773568654898554 0.06773568713106215 0.34490362150245346 0.06773568640346639 0.34490362176438794 0.5088969531918917 0.06773568643257022 0.3618949393276125 0.06773568649077788 0.34490362196811475 0.06773568614153191 0.3449036219390109 0.5547419131034985
62 0.2602291749022233 0.19321536373053405 0.26663183933734375 0.18677043317743855 0.5076660319162858 0.2602291733533313 0.20666383353506904 0.2602291732712274 0.2602291737550274 0.39524762677989045 0.26022917299168474 0.3952476270255317 0.3206472076897354 0.26022917312929505 0.18677043282865816 0.2602291731583989 0.3952476264883772 0.2602291725544358 0.39524762712605227 0.19321536486784768
38 0.40044255857264005 0.10209563439716678 0.13325241768452392 0.029446592222108214 0.09309167696708727 0.40044255785671923 0.6948155509308315 0.40044255744420254 0.4004425578895328 0.2131935688996238 0.40044255726874495 0.2131935697125207 0.059899208110712386 0.40044255750390706 0.029446591769396936 0.4004425573583879 0.2131935691180725 0.4004425568471211 0.21319356964637562 0.1020956352872323
30 0.21475878125725667 0.27175257400145086 0.13955447124144496 0.1544865081983666 0.39048331440139783 0.21475877993867537 0.12470051406536128 0.21475877983496242 0.21475878065574736 0.5154499706728327 0.21475877979274893 0.5154499710597796 0.43004523156461455 0.21475877970987287 0.15448650800943975 0.21475877960800946 0.5154499709559419 0.21475877972027618 0.5154499711238806 0.27175257457609603
20 0.19391473602122128 0.3946215634007792 0.34438291135235666 0.17629793876181613 0.40121319942618283 0.1939147347086248 0.303613192087342 0.1939147347060546 0.19391473514674185 0.458664835318387 0.1939147343581709 0.45866483578574435 0.32839325780294115 0.19391473446280183 0.17629793868568389 0.19391473427362693 0.4586648356096464 0.19391473415684995 0.4586648357435151 0.39462156407834603
19 0.19689008116077306 0.34490362162249294 0.20536775477035338 0.15806702499534953 0.384148491023394 0.1968900801833713 0.21319356935195774 0.19689008009682 0.1968900805612509 0.504603636745724 0.19689007969925026 0.5046036375607472 0.38508464830141886 0.19689007993551855 0.15806702477388812 0.1968900798045513 0.5046036374374039 0.19689007930072067 0.5046036374965096 0.34490362200947455
26 0.04084686905397379 0.3618949390113537 0.5925465542613929 0.7353705710165654 0.3151190600730732 0.040846867597088186 0.02944659202446048 0.040846867672367296 0.04084686794856993 0.15806702485384444 0.04084686755131575 0.158067025138223 0.303244685716766 0.040846867482908646 0.7353705709490589 0.040846867453804815 0.15806702488743052 0.040846867308163996 0.15806702511351112 0.36189493967045916
12 0.07622695115527886 0.508896952798301 0.28865223103240445 0.3032446858180641 0.47055750045730665 0.07622694970935437 0.05989920811071507 0.07622694986522591 0.07622695014846924 0.38508464804323983 0.07622694944968715 0.3850846481839493 0.5917394596469667 0.07622694936266582 0.3032446856047241 0.07622694950818497 0.38508464857133595 0.0762269492890586 0.3850846482739031 0.5088969529146566
21 0.19391473602122128 0.3946215634007792 0.34438291135235666 0.17629793876181613 0.40121319942618283 0.1939147347086248 0.303613192087342 0.1939147347060546 0.19391473514674185 0.458664835318387 0.1939147343581709 0.45866483578574435 0.32839325780294115 0.19391473446280183 0.17629793868568389 0.19391473427362693 0.4586648356096464 0.19391473415684995 0.4586648357435151 0.39462156407834603
28 0.4540643167626174 0.06773568620916831 0.08099918034778687 0.040846867659314876 0.10150431992581362 0.45406431566443395 0.40044255751805713 0.454064315405382 0.45406431605896125 0.1968900795705337 0.45406431551002924 0.1968900802201274 0.07622694967264358 0.45406431566605954 0.040846867455953395 0.45406431556419613 0.1968900796187485 0.4540643153394141 0.19689008054416393 0.06773568703817945
31 0.04084686905397379 0.3618949390113537 0.5925465542613929 0.7353705710165654 0.3151190600730732 0.040846867597088186 0.02944659202446048 0.040846867672367296 0.04084686794856993 0.15806702485384444 0.04084686755131575 0.158067025138223 0.303244685716766 0.040846867482908646 0.7353705709490589 0.040846867453804815 0.15806702488743052 0.040846867308163996 0.15806702511351112 0.36189493967045916
57 0.11566817967140153 0.38071737103301245 0.6439297322728854 0.48818189478235813 0.5894083758407591 0.11566817801366198 0.13867951624224364 0.11566817786697008 0.115668178393812 0.24903355882739567 0.11566817778036728 0.2490335591522322 0.27627640311790985 0.11566817772442389 0.4881818948021085 0.11566817773897581 0.24903355885029113 0.11566817756724879 0.2490335591371727 0.38071737220017865
64 0.4540643167626174 0.06773568620916831 0.08099918034778687 0.040846867659314876 0.10150431992581362 0.45406431566443395 0.40044255751805713 0.454064315405382 0.45406431605896125 0.1968900795705337 0.45406431551002924 0.1968900802201274 0.07622694967264358 0.45406431566605954 0.040846867455953395 0.45406431556419613 0.1968900796187485 0.4540643153394141 0.19689008054416393 0.06773568703817945
14 0.09815146730737738 0.44933713067632 0.3237508535009144 0.3140035897819425 0.5909086013586238 0.09815146587012438 0.06642254328115486 0.09815146564007501 0.0981514662785184 0.37966035121247305 0.09815146572500034 0.37966035158818173 0.5330983242927366 0.0981514656091303 0.3140035894565814 0.09815146549271497 0.379660351611385 0.09815146555750141 0.379660351623111 0.44933713125694125
40 0.1015043213831345 0.42924602321704974 0.31444566560198833 0.3151190601740142 0.6566763983280846 0.10150432000628304 0.09309167696708862 0.10150431999209149 0.10150432031663426 0.3841484911037343 0.1015043197046462 0.38414849105239135 0.470557500457302 0.10150431967634999 0.31511906000315026 0.10150431970545382 0.38414849081851166 0.10150431935314895 0.38414849118244543 0.4292460234360257
63 0.4540643167626174 0.06773568620916831 0.08099918034778687 0.040846867659314876 0.10150431992581362 0.45406431566443395 0.40044255751805713 0.454064315405382 0.45406431605896125 0.1968900795705337 0.45406431551002924 0.1968900802201274 0.07622694967264358 0.45406431566605954 0.040846867455953395 0.45406431556419613 0.1968900796187485 0.4540643153394141 0.19689008054416393 0.06773568703817945
60 0.2602291749022233 0.19321536373053405 0.26663183933734375 0.18677043317743855 0.5076660319162858 0.2602291733533313 0.20666383353506904 0.2602291732712274 0.2602291737550274 0.39524762677989045 0.26022917299168474 0.3952476270255317 0.3206472076897354 0.26022917312929505 0.18677043282865816 0.2602291731583989 0.3952476264883772 0.2602291725544358 0.39524762712605227 0.19321536486784768
1 0.19689008116077306 0.34490362162249294 0.20536775477035338 0.15806702499534953 0.384148491023394 0.1968900801833713 0.21319356935195774 0.19689008009682 0.1968900805612509 0.504603636745724 0.19689007969925026 0.5046036375607472 0.38508464830141886 0.19689007993551855 0.15806702477388812 0.1968900798045513 0.5046036374374039 0.19689007930072067 0.5046036374965096 0.34490362200947455
13 0.0937304584998894 0.4205499489035145 0.21962241477096847 0.27000447131961286 0.5655306273481708 0.09373045752118521 0.03313779328160606 0.09373045752777785 0.09373045798748812 0.4144093004952734 0.09373045731706275 0.41440930076602467 0.6115077467391379 0.09373045728899619 0.2700044712422536 0.0937304572016847 0.4144093006889649 0.09373045706003874 0.4144093007594931 0.4205499492468017
7 0.19689008116077306 0.34490362162249294 0.20536775477035338 0.15806702499534953 0.384148491023394 0.1968900801833713 0.21319356935195774 0.19689008009682 0.1968900805612509 0.504603636745724 0.19689007969925026 0.5046036375607472 0.38508464830141886 0.19689007993551855 0.15806702477388812 0.1968900798045513 0.5046036374374039 0.19689007930072067 0.5046036374965096 0.34490362200947455
45 0.21475878125725667 0.27175257400145086 0.13955447124144496 0.1544865081983666 0.39048331440139783 0.21475877993867537 0.12470051406536128 0.21475877983496242 0.21475878065574736 0.5154499706728327 0.21475877979274893 0.5154499710597796 0.43004523156461455 0.21475877970987287 0.15448650800943975 0.21475877960800946 0.5154499709559419 0.21475877972027618 0.5154499711238806 0.27175257457609603
23 0.40044255857264005 0.10209563439716678 0.13325241768452392 0.029446592222108214 0.09309167696708727 0.40044255785671923 0.6948155509308315 0.40044255744420254 0.4004425578895328 0.2131935688996238 0.40044255726874495 0.2131935697125207 0.059899208110712386 0.40044255750390706 0.029446591769396936 0.4004425573583879 0.2131935691180725 0.4004425568471211 0.21319356964637562 0.1020956352872323
51 0.04084686905397379 0.3618949390113537 0.5925465542613929 0.7353705710165654 0.3151190600730732 0.040846867597088186 0.02944659202446048 0.040846867672367296 0.04084686794856993 0.15806702485384444 0.04084686755131575 0.158067025138223 0.303244685716766 0.040846867482908646 0.7353705709490589 0.040846867453804815 0.15806702488743052 0.040846867308163996 0.15806702511351112 0.36189493967045916
6 0.06773568806238472 0.5547419128124602 0.39546950652740476 0.3618949392898685 0.42924602347145036 0.06773568675271235 0.1020956348832247 0.06773568654898554 0.06773568713106215 0.34490362150245346 0.06773568640346639 0.34490362176438794 0.5088969531918917 0.06773568643257022 0.3618949393276125 0.06773568649077788 0.34490362196811475 0.06773568614153191 0.3449036219390109 0.5547419131034985
52 0.4540643167626174 0.06773568620916831 0.08099918034778687 0.040846867659314876 0.10150431992581362 0.45406431566443395 0.40044255751805713 0.454064315405382 0.45406431605896125 0.1968900795705337 0.45406431551002924 0.1968900802201274 0.07622694967264358 0.45406431566605954 0.040846867455953395 0.45406431556419613 0.1968900796187485 0.4540643153394141 0.19689008054416393 0.06773568703817945
53 0.4540643167626174 0.06773568620916831 0.08099918034778687 0.040846867659314876 0.10150431992581362 0.45406431566443395 0.40044255751805713 0.454064315405382 0.45406431605896125 0.1968900795705337 0.45406431551002924 0.1968900802201274 0.07622694967264358 0.45406431566605954 0.040846867455953395 0.45406431556419613 0.1968900796187485 0.4540643153394141 0.19689008054416393 0.06773568703817945
68 0.4540643167626174 0.06773568620916831 0.08099918034778687 0.040846867659314876 0.10150431992581362 0.45406431566443395 0.40044255751805713 0.454064315405382 0.45406431605896125 0.1968900795705337 0.45406431551002924 0.1968900802201274 0.07622694967264358 0.45406431566605954 0.040846867455953395 0.45406431556419613 0.1968900796187485 0.4540643153394141 0.19689008054416393 0.06773568703817945
56 0.25422371579398295 0.25925727377335617 0.3779638535805343 0.19852301817813567 0.5896351873475869 0.254223713955177 0.3163920840895088 0.254223713825932 0.25422371451870474 0.3892635142712226 0.25422371361158497 0.38926351466940334 0.24013619773135686 0.25422371386386855 0.19852301821789325 0.25422371350007067 0.3892635137554547 0.2542237130779759 0.38926351455370767 0.2592572747853098
16 0.08974186833088535 0.4824916252409865 0.3745531876629974 0.34339319343343355 0.5292470629084468 0.08974186661704843 0.10198001262407128 0.08974186650148416 0.08974186692183458 0.3539764982264756 0.08974186633905254 0.35397649856716584 0.48136919143371876 0.08974186633975798 0.34339319349171515 0.08974186628155031 0.3539764985247342 0.08974186608924352 0.3539764986093435 0.4824916258198856
43 0.24595000099248848 0.1922912364888858 0.4824466798001542 0.2530529276857228 0.6805985237866491 0.2459499986574322 0.4931381952940381 0.24594999854434593 0.2459499990978445 0.2888845456625751 0.2459499983481302 0.2888845460252058 0.036181642197189084 0.2459499984139045 0.25305292751170727 0.24594999807921045 0.28888454496404525 0.24594999797604955 0.2888845459514845 0.19229123773883453
2 0.06773568806238472 0.5547419128124602 0.39546950652740476 0.3618949392898685 0.42924602347145036 0.06773568675271235 0.1020956348832247 0.06773568654898554 0.06773568713106215 0.34490362150245346 0.06773568640346639 0.34490362176438794 0.5088969531918917 0.06773568643257022 0.3618949393276125 0.06773568649077788 0.34490362196811475 0.06773568614153191 0.3449036219390109 0.5547419131034985
34 0.4540643167626174 0.06773568620916831 0.08099918034778687 0.040846867659314876 0.10150431992581362 0.45406431566443395 0.40044255751805713 0.454064315405382 0.45406431605896125 0.1968900795705337 0.45406431551002924 0.1968900802201274 0.07622694967264358 0.45406431566605954 0.040846867455953395 0.45406431556419613 0.1968900796187485 0.4540643153394141 0.19689008054416393 0.06773568703817945
48 0.4540643167626174 0.06773568620916831 0.08099918034778687 0.040846867659314876 0.10150431992581362 0.45406431566443395 0.40044255751805713 0.454064315405382 0.45406431605896125 0.1968900795705337 0.45406431551002924 0.1968900802201274 0.07622694967264358 0.45406431566605954 0.040846867455953395 0.45406431556419613 0.1968900796187485 0.4540643153394141 0.19689008054416393 0.06773568703817945
37 0.08099918164233372 0.3954695059427387 0.7508940740420065 0.5925465542988102 0.3144456656019915 0.08099918029482736 0.1332524176845268 0.0809991803345157 0.08099918066560206 0.20536775469108567 0.08099918025505319 0.2053677549283981 0.28865223103240567 0.08099918014173312 0.592546554125518 0.08099918009807737 0.2053677547840385 0.08099917994033819 0.20536775492989862 0.39546950713401996
46 0.04084686905397379 0.3618949390113537 0.5925465542613929 0.7353705710165654 0.3151190600730732 0.040846867597088186 0.02944659202446048 0.040846867672367296 0.04084686794856993 0.15806702485384444 0.04084686755131575 0.158067025138223 0.303244685716766 0.040846867482908646 0.7353705709490589 0.040846867453804815 0.15806702488743052 0.040846867308163996 0.15806702511351112 0.36189493967045916
67 0.4540643167626174 0.06773568620916831 0.08099918034778687 0.040846867659314876 0.10150431992581362 0.45406431566443395 0.40044255751805713 0.454064315405382 0.45406431605896125 0.1968900795705337 0.45406431551002924 0.1968900802201274 0.07622694967264358 0.45406431566605954 0.040846867455953395 0.45406431556419613 0.1968900796187485 0.4540643153394141 0.19689008054416393 0.06773568703817945
17 0.0873644237284599 0.44864739632360295 0.24680688324577205 0.2864086850774454 0.5261773248676473 0.08736442234575885 0.05535140932506889 0.08736442210020577 0.08736442285469831 0.4035861889081273 0.08736442212617775 0.4035861890615073 0.5858383882987738 0.08736442206889489 0.28640868507751427 0.08736442212710255 0.40358618912929806 0.08736442186409359 0.4035861892929299 0.44864739651810187
47 0.4540643167626174 0.06773568620916831 0.08099918034778687 0.040846867659314876 0.10150431992581362 0.45406431566443395 0.40044255751805713 0.454064315405382 0.45406431605896125 0.1968900795705337 0.45406431551002924 0.1968900802201274 0.07622694967264358 0.45406431566605954 0.040846867455953395 0.45406431556419613 0.1968900796187485 0.4540643153394141 0.19689008054416393 0.06773568703817945
35 0.19391473602122128 0.3946215634007792 0.34438291135235666 0.17629793876181613 0.40121319942618283 0.1939147347086248 0.303613192087342 0.1939147347060546 0.19391473514674185 0.458664835318387 0.1939147343581709 0.45866483578574435 0.32839325780294115 0.19391473446280183 0.17629793868568389 0.19391473427362693 0.4586648356096464 0.19391473415684995 0.4586648357435151 0.39462156407834603
39 0.40044255857264005 0.10209563439716678 0.13325241768452392 0.029446592222108214 0.09309167696708727 0.40044255785671923 0.6948155509308315 0.40044255744420254 0.4004425578895328 0.2131935688996238 0.40044255726874495 0.2131935697125207 0.059899208110712386 0.40044255750390706 0.029446591769396936 0.4004425573583879 0.2131935691180725 0.4004425568471211 0.21319356964637562 0.1020956352872323
27 0.4540643167626174 0.06773568620916831 0.08099918034778687 0.040846867659314876 0.10150431992581362 0.45406431566443395 0.40044255751805713 0.454064315405382 0.45406431605896125 0.1968900795705337 0.45406431551002924 0.1968900802201274 0.07622694967264358 0.45406431566605954 0.040846867455953395 0.45406431556419613 0.1968900796187485 0.4540643153394141 0.19689008054416393 0.06773568703817945
0 0.06773568806238472 0.5547419128124602 0.39546950652740476 0.3618949392898685 0.42924602347145036 0.06773568675271235 0.1020956348832247 0.06773568654898554 0.06773568713106215 0.34490362150245346 0.06773568640346639 0.34490362176438794 0.5088969531918917 0.06773568643257022 0.3618949393276125 0.06773568649077788 0.34490362196811475 0.06773568614153191 0.3449036219390109 0.5547419131034985
4 0.06773568806238472 0.5547419128124602 0.39546950652740476 0.3618949392898685 0.42924602347145036 0.06773568675271235 0.1020956348832247 0.06773568654898554 0.06773568713106215 0.34490362150245346 0.06773568640346639 0.34490362176438794 0.5088969531918917 0.06773568643257022 0.3618949393276125 0.06773568649077788 0.34490362196811475 0.06773568614153191 0.3449036219390109 0.5547419131034985
66 0.04084686905397379 0.3618949390113537 0.5925465542613929 0.7353705710165654 0.3151190600730732 0.040846867597088186 0.02944659202446048 0.040846867672367296 0.04084686794856993 0.15806702485384444 0.04084686755131575 0.158067025138223 0.303244685716766 0.040846867482908646 0.7353705709490589 0.040846867453804815 0.15806702488743052 0.040846867308163996 0.15806702511351112 0.36189493967045916
9 0.19689008116077306 0.34490362162249294 0.20536775477035338 0.15806702499534953 0.384148491023394 0.1968900801833713 0.21319356935195774 0.19689008009682 0.1968900805612509 0.504603636745724 0.19689007969925026 0.5046036375607472 0.38508464830141886 0.19689007993551855 0.15806702477388812 0.1968900798045513 0.5046036374374039 0.19689007930072067 0.5046036374965096 0.34490362200947455
55 0.12664430510642635 0.36390215477494653 0.4917423088403763 0.395808425617253 0.7242328107858166 0.12664430279215716 0.12297390612794375 0.12664430260552137 0.12664430315898242 0.31102671289735334 0.12664430254595077 0.31102671336419796 0.32803979012319756 0.12664430248959432 0.39580842552690443 0.12664430224221176 0.3110267125455586 0.12664430200368307 0.3110267130553686 0.36390215536805187
33 0.4540643167626174 0.06773568620916831 0.08099918034778687 0.040846867659314876 0.10150431992581362 0.45406431566443395 0.40044255751805713 0.454064315405382 0.45406431605896125 0.1968900795705337 0.45406431551002924 0.1968900802201274 0.07622694967264358 0.45406431566605954 0.040846867455953395 0.45406431556419613 0.1968900796187485 0.4540643153394141 0.19689008054416393 0.06773568703817945
18 0.07622695115527886 0.508896952798301 0.28865223103240445 0.3032446858180641 0.47055750045730665 0.07622694970935437 0.05989920811071507 0.07622694986522591 0.07622695014846924 0.38508464804323983 0.07622694944968715 0.3850846481839493 0.5917394596469667 0.07622694936266582 0.3032446856047241 0.07622694950818497 0.38508464857133595 0.0762269492890586 0.3850846482739031 0.5088969529146566
54 0.4540643167626174 0.06773568620916831 0.08099918034778687 0.040846867659314876 0.10150431992581362 0.45406431566443395 0.40044255751805713 0.454064315405382 0.45406431605896125 0.1968900795705337 0.45406431551002924 0.1968900802201274 0.07622694967264358 0.45406431566605954 0.040846867455953395 0.45406431556419613 0.1968900796187485 0.4540643153394141 0.19689008054416393 0.06773568703817945
36 0.19391473602122128 0.3946215634007792 0.34438291135235666 0.17629793876181613 0.40121319942618283 0.1939147347086248 0.303613192087342 0.1939147347060546 0.19391473514674185 0.458664835318387 0.1939147343581709 0.45866483578574435 0.32839325780294115 0.19391473446280183 0.17629793868568389 0.19391473427362693 0.4586648356096464 0.19391473415684995 0.4586648357435151 0.39462156407834603
24 0.40044255857264005 0.10209563439716678 0.13325241768452392 0.029446592222108214 0.09309167696708727 0.40044255785671923 0.6948155509308315 0.40044255744420254 0.4004425578895328 0.2131935688996238 0.40044255726874495 0.2131935697125207 0.059899208110712386 0.40044255750390706 0.029446591769396936 0.4004425573583879 0.2131935691180725 0.4004425568471211 0.21319356964637562 0.1020956352872323
29 0.4540643167626174 0.06773568620916831 0.08099918034778687 0.040846867659314876 0.10150431992581362 0.45406431566443395 0.40044255751805713 0.454064315405382 0.45406431605896125 0.1968900795705337 0.45406431551002924 0.1968900802201274 0.07622694967264358 0.45406431566605954 0.040846867455953395 0.45406431556419613 0.1968900796187485 0.4540643153394141 0.19689008054416393 0.06773568703817945
49 0.4540643167626174 0.06773568620916831 0.08099918034778687 0.040846867659314876 0.10150431992581362 0.45406431566443395 0.40044255751805713 0.454064315405382 0.45406431605896125 0.1968900795705337 0.45406431551002924 0.1968900802201274 0.07622694967264358 0.45406431566605954 0.040846867455953395 0.45406431556419613 0.1968900796187485 0.4540643153394141 0.19689008054416393 0.06773568703817945
11 0.19689008116077306 0.34490362162249294 0.20536775477035338 0.15806702499534953 0.384148491023394 0.1968900801833713 0.21319356935195774 0.19689008009682 0.1968900805612509 0.504603636745724 0.19689007969925026 0.5046036375607472 0.38508464830141886 0.19689007993551855 0.15806702477388812 0.1968900798045513 0.5046036374374039 0.19689007930072067 0.5046036374965096 0.34490362200947455
25 0.21475878125725667 0.27175257400145086 0.13955447124144496 0.1544865081983666 0.39048331440139783 0.21475877993867537 0.12470051406536128 0.21475877983496242 0.21475878065574736 0.5154499706728327 0.21475877979274893 0.5154499710597796 0.43004523156461455 0.21475877970987287 0.15448650800943975 0.21475877960800946 0.5154499709559419 0.21475877972027618 0.5154499711238806 0.27175257457609603
41 0.12061584196459822 0.33720547170917164 0.6189986551787909 0.4868435285396867 0.6890338407712564 0.12061583971848436 0.1829083765127966 0.12061583971545221 0.1206158400813142 0.25334999779073025 0.12061583946703273 0.2533499981954387 0.16955021036376564 0.12061583941192609 0.48684352810872455 0.12061583939737418 0.25334999741792325 0.12061583903832668 0.2533499980178585 0.33720547295599657
65 0.21475878125725667 0.27175257400145086 0.13955447124144496 0.1544865081983666 0.39048331440139783 0.21475877993867537 0.12470051406536128 0.21475877983496242 0.21475878065574736 0.5154499706728327 0.21475877979274893 0.5154499710597796 0.43004523156461455 0.21475877970987287 0.15448650800943975 0.21475877960800946 0.5154499709559419 0.21475877972027618 0.5154499711238806 0.27175257457609603
50 0.21475878125725667 0.27175257400145086 0.13955447124144496 0.1544865081983666 0.39048331440139783 0.21475877993867537 0.12470051406536128 0.21475877983496242 0.21475878065574736 0.5154499706728327 0.21475877979274893 0.5154499710597796 0.43004523156461455 0.21475877970987287 0.15448650800943975 0.21475877960800946 0.5154499709559419 0.21475877972027618 0.5154499711238806 0.27175257457609603
42 0.12061584196459822 0.33720547170917164 0.6189986551787909 0.4868435285396867 0.6890338407712564 0.12061583971848436 0.1829083765127966 0.12061583971545221 0.1206158400813142 0.25334999779073025 0.12061583946703273 0.2533499981954387 0.16955021036376564 0.12061583941192609 0.48684352810872455 0.12061583939737418 0.25334999741792325 0.12061583903832668 0.2533499980178585 0.33720547295599657
44 0.24595000099248848 0.1922912364888858 0.4824466798001542 0.2530529276857228 0.6805985237866491 0.2459499986574322 0.4931381952940381 0.24594999854434593 0.2459499990978445 0.2888845456625751 0.2459499983481302 0.2888845460252058 0.036181642197189084 0.2459499984139045 0.25305292751170727 0.24594999807921045 0.28888454496404525 0.24594999797604955 0.2888845459514845 0.19229123773883453
22 0.08099918164233372 0.3954695059427387 0.7508940740420065 0.5925465542988102 0.3144456656019915 0.08099918029482736 0.1332524176845268 0.0809991803345157 0.08099918066560206 0.20536775469108567 0.08099918025505319 0.2053677549283981 0.28865223103240567 0.08099918014173312 0.592546554125518 0.08099918009807737 0.2053677547840385 0.08099917994033819 0.20536775492989862 0.39546950713401996
32 0.4540643167626174 0.06773568620916831 0.08099918034778687 0.040846867659314876 0.10150431992581362 0.45406431566443395 0.40044255751805713 0.454064315405382 0.45406431605896125 0.1968900795705337 0.45406431551002924 0.1968900802201274 0.07622694967264358 0.45406431566605954 0.040846867455953395 0.45406431556419613 0.1968900796187485 0.4540643153394141 0.19689008054416393 0.06773568703817945
61 0.04384126785797531 0.40951086410598264 0.5617634892069889 0.6768459485511154 0.392668012628819 0.04384126644142033 0.042566384886752406 0.04384126640622273 0.04384126672646764 0.1708629388058908 0.04384126622806519 0.1708629389823273 0.2972409878625282 0.04384126620259869 0.6768459486213938 0.04384126626080635 0.17086293866357266 0.04384126593001246 0.1708629389746153 0.4095108644580469
8 0.07622695115527886 0.508896952798301 0.28865223103240445 0.3032446858180641 0.47055750045730665 0.07622694970935437 0.05989920811071507 0.07622694986522591 0.07622695014846924 0.38508464804323983 0.07622694944968715 0.3850846481839493 0.5917394596469667 0.07622694936266582 0.3032446856047241 0.07622694950818497 0.38508464857133595 0.0762269492890586 0.3850846482739031 0.5088969529146566
