22 -0.029206678478781844 -0.008552138202823635 0.12852030943103557 0.27896548038875646 -0.00855214237119384 0.03190371152145233 0.065150847306117 0.18974529348852082 0.12852030289619276 0.8060024836770414 0.18974529366896886 0.5020629098780415 0.806002483519692 0.05139377027378722 0.20595163049116377 0.20595163027755622 0.18974528641469682 0.2789654663552732 0.12852029647527974 0.1897452896458955
61 0.14172533321167907 0.15201667247951783 0.36445669147515447 0.5943463731632747 0.15201667275579167 0.2458398132226848 0.1510238899725671 0.2672924210168068 0.36445669155557653 0.3522185876598888 0.2672924210963471 0.2230375888343269 0.35221858713525206 0.21291928700191892 0.24134196716206968 0.24134196674155886 0.2672924210673249 0.5943463743300507 0.3644566920941791 0.26729242112224744
10 0.560207253894313 0.27533974240932585 0.24780139984329944 0.1417253307208478 0.27533974327879357 0.4683081741722276 0.5037820511605258 0.3231653026419022 0.24780140116880517 0.026480918894729012 0.32316530250949316 0.34204972711168996 0.026480918176038332 0.2684799194612458 0.33824623187421976 0.3382462314241492 0.3231653034085603 0.1417253356423936 0.24780140280042576 0.3231653037203069
18 0.34204972711181186 0.11949196422550865 0.180043805465196 0.22303758794501444 0.11949196453204913 0.3534780600707909 0.2351039487277595 0.3582679722877004 0.18004380505774872 0.23389661900980172 0.35826797201094884 0.6102979710841234 0.23389661813137677 0.11504696609342425 0.48422486411881327 0.4842248636520387 0.3582679720858143 0.22303758969215462 0.1800438056754599 0.3582679725788503
25 0.26847991946128674 0.5246538601726061 0.3748165603168642 0.21291928629332663 0.5246538600506221 0.21327295939895682 0.3505259224494944 0.22986534038120104 0.374816560965959 0.07562350393599346 0.22986534029412153 0.11504696609338819 0.07562350333326417 0.6438489487811552 0.15222089322252302 0.15222089276916845 0.22986534048242252 0.2129192875943027 0.3748165611339418 0.22986534070268735
58 0.4683081741723412 0.24844113127572306 0.33180958508191094 0.24583981233991353 0.24844113133682116 0.5147530417096707 0.4075972714727116 0.3056966561676358 0.3318095853782283 0.04411206877036126 0.3056966558596894 0.3534780600707776 0.04411206782579161 0.21327295939899085 0.3367806237883892 0.33678062333413405 0.305696656078036 0.24583981375463265 0.3318095857175593 0.30569665648740796
60 0.24780140127555988 0.3711182846259521 0.4852218362977812 0.3644566907665614 0.37111828479416736 0.3318095853437569 0.27870056417244105 0.24458624138296936 0.4852218368585078 0.09257561505085059 0.2445862413524015 0.1800438054410497 0.09257561445024183 0.37481656076924186 0.19242376724200608 0.19242376682617232 0.24458624163010015 0.3644566924930321 0.48522183654298856 0.24458624145168523
30 0.24780140127555988 0.3711182846259521 0.4852218362977812 0.3644566907665614 0.37111828479416736 0.3318095853437569 0.27870056417244105 0.24458624138296936 0.4852218368585078 0.09257561505085059 0.2445862413524015 0.1800438054410497 0.09257561445024183 0.37481656076924186 0.19242376724200608 0.19242376682617232 0.24458624163010015 0.3644566924930321 0.48522183654298856 0.24458624145168523
19 0.2753397428237707 0.6642724695851357 0.3711182841977683 0.15201667215310274 0.6642724693353854 0.24844113132862464 0.3318940259442905 0.1469819845133449 0.37111828494448323 0.0038877093020005388 0.14698198442883575 0.11949196440584277 0.0038877088069401025 0.5246538600724232 0.13116026691430147 0.13116026654991 0.1469819848057792 0.15201667361905985 0.37111828474405417 0.1469819846807564
56 0.02648091855090051 0.003887708699144638 0.09257561484319919 0.3522185869512208 0.0038877091478642873 0.04411206822556955 0.03285917988677112 0.256147655598111 0.09257561473992668 0.8037467652739129 0.25614765573061565 0.2338966186157768 0.8037467646928274 0.07562350364857891 0.23186804367042527 0.23186804328754235 0.25614765608599743 0.3522185874289828 0.09257561492718748 0.25614765575881576
34 0.2753397428237707 0.6642724695851357 0.3711182841977683 0.15201667215310274 0.6642724693353854 0.24844113132862464 0.3318940259442905 0.1469819845133449 0.37111828494448323 0.0038877093020005388 0.14698198442883575 0.11949196440584277 0.0038877088069401025 0.5246538600724232 0.13116026691430147 0.13116026654991 0.1469819848057792 0.15201667361905985 0.37111828474405417 0.1469819846807564
47 0.14172533321167907 0.15201667247951783 0.36445669147515447 0.5943463731632747 0.15201667275579167 0.2458398132226848 0.1510238899725671 0.2672924210168068 0.36445669155557653 0.3522185876598888 0.2672924210963471 0.2230375888343269 0.35221858713525206 0.21291928700191892 0.24134196716206968 0.24134196674155886 0.2672924210673249 0.5943463743300507 0.3644566920941791 0.26729242112224744
23 0.3231653031167232 0.14698198437690735 0.24458624119870365 0.2672924201906426 0.14698198466794565 0.3056966561836596 0.3228273398974151 0.4217451758449897 0.24458624137332663 0.2561476562030549 0.4217451758449897 0.3582679722037696 0.25614765537767425 0.22986534041787854 0.39270717185215887 0.39270717138768063 0.42174517596140504 0.2672924215294188 0.2445862414315343 0.4217451761942357
31 0.14172533321167907 0.15201667247951783 0.36445669147515447 0.5943463731632747 0.15201667275579167 0.2458398132226848 0.1510238899725671 0.2672924210168068 0.36445669155557653 0.3522185876598888 0.2672924210963471 0.2230375888343269 0.35221858713525206 0.21291928700191892 0.24134196716206968 0.24134196674155886 0.2672924210673249 0.5943463743300507 0.3644566920941791 0.26729242112224744
16 0.560207253894313 0.27533974240932585 0.24780139984329944 0.1417253307208478 0.27533974327879357 0.4683081741722276 0.5037820511605258 0.3231653026419022 0.24780140116880517 0.026480918894729012 0.32316530250949316 0.34204972711168996 0.026480918176038332 0.2684799194612458 0.33824623187421976 0.3382462314241492 0.3231653034085603 0.1417253356423936 0.24780140280042576 0.3231653037203069
35 -0.029206678478781844 -0.008552138202823635 0.12852030943103557 0.27896548038875646 -0.00855214237119384 0.03190371152145233 0.065150847306117 0.18974529348852082 0.12852030289619276 0.8060024836770414 0.18974529366896886 0.5020629098780415 0.806002483519692 0.05139377027378722 0.20595163049116377 0.20595163027755622 0.18974528641469682 0.2789654663552732 0.12852029647527974 0.1897452896458955
55 0.26847991946128674 0.5246538601726061 0.3748165603168642 0.21291928629332663 0.5246538600506221 0.21327295939895682 0.3505259224494944 0.22986534038120104 0.374816560965959 0.07562350393599346 0.22986534029412153 0.11504696609338819 0.07562350333326417 0.6438489487811552 0.15222089322252302 0.15222089276916845 0.22986534048242252 0.2129192875943027 0.3748165611339418 0.22986534070268735
21 -0.029206678478781844 -0.008552138202823635 0.12852030943103557 0.27896548038875646 -0.00855214237119384 0.03190371152145233 0.065150847306117 0.18974529348852082 0.12852030289619276 0.8060024836770414 0.18974529366896886 0.5020629098780415 0.806002483519692 0.05139377027378722 0.20595163049116377 0.20595163027755622 0.18974528641469682 0.2789654663552732 0.12852029647527974 0.1897452896458955
15 0.3382462316640621 0.1311602665290091 0.19242376680686876 0.24134196603147484 0.13116026697009706 0.3367806236004446 0.2994628724536794 0.39270717148803025 0.1924237671683283 0.23186804380846354 0.3927071716878687 0.4842248639656059 0.23186804341017328 0.15222089302919303 0.46822294800351116 0.4682229475758297 0.3927071715175618 0.24134196755613177 0.19242376726410973 0.39270717204144384
3 0.3382462316640621 0.1311602665290091 0.19242376680686876 0.24134196603147484 0.13116026697009706 0.3367806236004446 0.2994628724536794 0.39270717148803025 0.1924237671683283 0.23186804380846354 0.3927071716878687 0.4842248639656059 0.23186804341017328 0.15222089302919303 0.46822294800351116 0.4682229475758297 0.3927071715175618 0.24134196755613177 0.19242376726410973 0.39270717204144384
54 0.3231653031167232 0.14698198437690735 0.24458624119870365 0.2672924201906426 0.14698198466794565 0.3056966561836596 0.3228273398974151 0.4217451758449897 0.24458624137332663 0.2561476562030549 0.4217451758449897 0.3582679722037696 0.25614765537767425 0.22986534041787854 0.39270717185215887 0.39270717138768063 0.42174517596140504 0.2672924215294188 0.2445862414315343 0.4217451761942357
13 0.3382462316640621 0.1311602665290091 0.19242376680686876 0.24134196603147484 0.13116026697009706 0.3367806236004446 0.2994628724536794 0.39270717148803025 0.1924237671683283 0.23186804380846354 0.3927071716878687 0.4842248639656059 0.23186804341017328 0.15222089302919303 0.46822294800351116 0.4682229475758297 0.3927071715175618 0.24134196755613177 0.19242376726410973 0.39270717204144384
45 0.24780140127555988 0.3711182846259521 0.4852218362977812 0.3644566907665614 0.37111828479416736 0.3318095853437569 0.27870056417244105 0.24458624138296936 0.4852218368585078 0.09257561505085059 0.2445862413524015 0.1800438054410497 0.09257561445024183 0.37481656076924186 0.19242376724200608 0.19242376682617232 0.24458624163010015 0.3644566924930321 0.48522183654298856 0.24458624145168523
24 0.3231653031167232 0.14698198437690735 0.24458624119870365 0.2672924201906426 0.14698198466794565 0.3056966561836596 0.3228273398974151 0.4217451758449897 0.24458624137332663 0.2561476562030549 0.4217451758449897 0.3582679722037696 0.25614765537767425 0.22986534041787854 0.39270717185215887 0.39270717138768063 0.42174517596140504 0.2672924215294188 0.2445862414315343 0.4217451761942357
57 0.02648091855090051 0.003887708699144638 0.09257561484319919 0.3522185869512208 0.0038877091478642873 0.04411206822556955 0.03285917988677112 0.256147655598111 0.09257561473992668 0.8037467652739129 0.25614765573061565 0.2338966186157768 0.8037467646928274 0.07562350364857891 0.23186804367042527 0.23186804328754235 0.25614765608599743 0.3522185874289828 0.09257561492718748 0.25614765575881576
53 0.3231653031167312 0.14698198455153033 0.24458624131511897 0.2672924200305715 0.14698198472615331 0.3056966561836525 0.3228273398974011 0.4217451758449897 0.2445862414315343 0.25614765635691583 0.4217451757285744 0.35826797220377316 0.25614765542559326 0.2298653404178772 0.3927071719288069 0.39270717132628885 0.421745176136028 0.2672924215439707 0.2445862414315343 0.4217451764270663
8 0.5037820511606564 0.33189402600521745 0.2787005638937008 0.151023889037647 0.33189402589894446 0.4075972714727312 0.551900938834597 0.3228273399105588 0.2787005642237376 0.03285918030651755 0.3228273396404394 0.2351039487277545 0.03285917958344644 0.35052592244954495 0.29946287268377997 0.2994628722068282 0.3228273397127787 0.1510238905116752 0.2787005644069744 0.32282734018511783
17 0.3382462316640621 0.1311602665290091 0.19242376680686876 0.24134196603147484 0.13116026697009706 0.3367806236004446 0.2994628724536794 0.39270717148803025 0.1924237671683283 0.23186804380846354 0.3927071716878687 0.4842248639656059 0.23186804341017328 0.15222089302919303 0.46822294800351116 0.4682229475758297 0.3927071715175618 0.24134196755613177 0.19242376726410973 0.39270717204144384
38 0.3231653031167232 0.14698198437690735 0.24458624119870365 0.2672924201906426 0.14698198466794565 0.3056966561836596 0.3228273398974151 0.4217451758449897 0.24458624137332663 0.2561476562030549 0.4217451758449897 0.3582679722037696 0.25614765537767425 0.22986534041787854 0.39270717185215887 0.39270717138768063 0.42174517596140504 0.2672924215294188 0.2445862414315343 0.4217451761942357
26 0.02648091855090051 0.003887708699144638 0.09257561484319919 0.3522185869512208 0.0038877091478642873 0.04411206822556955 0.03285917988677112 0.256147655598111 0.09257561473992668 0.8037467652739129 0.25614765573061565 0.2338966186157768 0.8037467646928274 0.07562350364857891 0.23186804367042527 0.23186804328754235 0.25614765608599743 0.3522185874289828 0.09257561492718748 0.25614765575881576
28 0.4683081741723412 0.24844113127572306 0.33180958508191094 0.24583981233991353 0.24844113133682116 0.5147530417096707 0.4075972714727116 0.3056966561676358 0.3318095853782283 0.04411206877036126 0.3056966558596894 0.3534780600707776 0.04411206782579161 0.21327295939899085 0.3367806237883892 0.33678062333413405 0.305696656078036 0.24583981375463265 0.3318095857175593 0.30569665648740796
0 0.5037820511606564 0.33189402600521745 0.2787005638937008 0.151023889037647 0.33189402589894446 0.4075972714727312 0.551900938834597 0.3228273399105588 0.2787005642237376 0.03285918030651755 0.3228273396404394 0.2351039487277545 0.03285917958344644 0.35052592244954495 0.29946287268377997 0.2994628722068282 0.3228273397127787 0.1510238905116752 0.2787005644069744 0.32282734018511783
48 0.34204972711181186 0.11949196422550865 0.180043805465196 0.22303758794501444 0.11949196453204913 0.3534780600707909 0.2351039487277595 0.3582679722877004 0.18004380505774872 0.23389661900980172 0.35826797201094884 0.6102979710841234 0.23389661813137677 0.11504696609342425 0.48422486411881327 0.4842248636520387 0.3582679720858143 0.22303758969215462 0.1800438056754599 0.3582679725788503
37 -0.029206678478781844 -0.008552138202823635 0.12852030943103557 0.27896548038875646 -0.00855214237119384 0.03190371152145233 0.065150847306117 0.18974529348852082 0.12852030289619276 0.8060024836770414 0.18974529366896886 0.5020629098780415 0.806002483519692 0.05139377027378722 0.20595163049116377 0.20595163027755622 0.18974528641469682 0.2789654663552732 0.12852029647527974 0.1897452896458955
39 0.3231653031167232 0.14698198437690735 0.24458624119870365 0.2672924201906426 0.14698198466794565 0.3056966561836596 0.3228273398974151 0.4217451758449897 0.24458624137332663 0.2561476562030549 0.4217451758449897 0.3582679722037696 0.25614765537767425 0.22986534041787854 0.39270717185215887 0.39270717138768063 0.42174517596140504 0.2672924215294188 0.2445862414315343 0.4217451761942357
20 -0.029206678478781844 -0.008552138202823635 0.12852030943103557 0.27896548038875646 -0.00855214237119384 0.03190371152145233 0.065150847306117 0.18974529348852082 0.12852030289619276 0.8060024836770414 0.18974529366896886 0.5020629098780415 0.806002483519692 0.05139377027378722 0.20595163049116377 0.20595163027755622 0.18974528641469682 0.2789654663552732 0.12852029647527974 0.1897452896458955
41 0.02648091855090051 0.003887708699144638 0.09257561484319919 0.3522185869512208 0.0038877091478642873 0.04411206822556955 0.03285917988677112 0.256147655598111 0.09257561473992668 0.8037467652739129 0.25614765573061565 0.2338966186157768 0.8037467646928274 0.07562350364857891 0.23186804367042527 0.23186804328754235 0.25614765608599743 0.3522185874289828 0.09257561492718748 0.25614765575881576
59 0.24780140127555988 0.3711182846259521 0.4852218362977812 0.3644566907665614 0.37111828479416736 0.3318095853437569 0.27870056417244105 0.24458624138296936 0.4852218368585078 0.09257561505085059 0.2445862413524015 0.1800438054410497 0.09257561445024183 0.37481656076924186 0.19242376724200608 0.19242376682617232 0.24458624163010015 0.3644566924930321 0.48522183654298856 0.24458624145168523
36 -0.029206678478781844 -0.008552138202823635 0.12852030943103557 0.27896548038875646 -0.00855214237119384 0.03190371152145233 0.065150847306117 0.18974529348852082 0.12852030289619276 0.8060024836770414 0.18974529366896886 0.5020629098780415 0.806002483519692 0.05139377027378722 0.20595163049116377 0.20595163027755622 0.18974528641469682 0.2789654663552732 0.12852029647527974 0.1897452896458955
5 0.3382462316640621 0.1311602665290091 0.19242376680686876 0.24134196603147484 0.13116026697009706 0.3367806236004446 0.2994628724536794 0.39270717148803025 0.1924237671683283 0.23186804380846354 0.3927071716878687 0.4842248639656059 0.23186804341017328 0.15222089302919303 0.46822294800351116 0.4682229475758297 0.3927071715175618 0.24134196755613177 0.19242376726410973 0.39270717204144384
46 0.14172533321167907 0.15201667247951783 0.36445669147515447 0.5943463731632747 0.15201667275579167 0.2458398132226848 0.1510238899725671 0.2672924210168068 0.36445669155557653 0.3522185876598888 0.2672924210963471 0.2230375888343269 0.35221858713525206 0.21291928700191892 0.24134196716206968 0.24134196674155886 0.2672924210673249 0.5943463743300507 0.3644566920941791 0.26729242112224744
1 0.3382462316640621 0.1311602665290091 0.19242376680686876 0.24134196603147484 0.13116026697009706 0.3367806236004446 0.2994628724536794 0.39270717148803025 0.1924237671683283 0.23186804380846354 0.3927071716878687 0.4842248639656059 0.23186804341017328 0.15222089302919303 0.46822294800351116 0.4682229475758297 0.3927071715175618 0.24134196755613177 0.19242376726410973 0.39270717204144384
9 0.3382462316640621 0.1311602665290091 0.19242376680686876 0.24134196603147484 0.13116026697009706 0.3367806236004446 0.2994628724536794 0.39270717148803025 0.1924237671683283 0.23186804380846354 0.3927071716878687 0.4842248639656059 0.23186804341017328 0.15222089302919303 0.46822294800351116 0.4682229475758297 0.3927071715175618 0.24134196755613177 0.19242376726410973 0.39270717204144384
51 -0.029206678478781844 -0.008552138202823635 0.12852030943103557 0.27896548038875646 -0.00855214237119384 0.03190371152145233 0.065150847306117 0.18974529348852082 0.12852030289619276 0.8060024836770414 0.18974529366896886 0.5020629098780415 0.806002483519692 0.05139377027378722 0.20595163049116377 0.20595163027755622 0.18974528641469682 0.2789654663552732 0.12852029647527974 0.1897452896458955
11 0.3382462316640621 0.1311602665290091 0.19242376680686876 0.24134196603147484 0.13116026697009706 0.3367806236004446 0.2994628724536794 0.39270717148803025 0.1924237671683283 0.23186804380846354 0.3927071716878687 0.4842248639656059 0.23186804341017328 0.15222089302919303 0.46822294800351116 0.4682229475758297 0.3927071715175618 0.24134196755613177 0.19242376726410973 0.39270717204144384
4 0.560207253894313 0.27533974240932585 0.24780139984329944 0.1417253307208478 0.27533974327879357 0.4683081741722276 0.5037820511605258 0.3231653026419022 0.24780140116880517 0.026480918894729012 0.32316530250949316 0.34204972711168996 0.026480918176038332 0.2684799194612458 0.33824623187421976 0.3382462314241492 0.3231653034085603 0.1417253356423936 0.24780140280042576 0.3231653037203069
43 0.4683081741723412 0.24844113127572306 0.33180958508191094 0.24583981233991353 0.24844113133682116 0.5147530417096707 0.4075972714727116 0.3056966561676358 0.3318095853782283 0.04411206877036126 0.3056966558596894 0.3534780600707776 0.04411206782579161 0.21327295939899085 0.3367806237883892 0.33678062333413405 0.305696656078036 0.24583981375463265 0.3318095857175593 0.30569665648740796
40 0.26847991946128674 0.5246538601726061 0.3748165603168642 0.21291928629332663 0.5246538600506221 0.21327295939895682 0.3505259224494944 0.22986534038120104 0.374816560965959 0.07562350393599346 0.22986534029412153 0.11504696609338819 0.07562350333326417 0.6438489487811552 0.15222089322252302 0.15222089276916845 0.22986534048242252 0.2129192875943027 0.3748165611339418 0.22986534070268735
49 0.2753397428237707 0.6642724695851357 0.3711182841977683 0.15201667215310274 0.6642724693353854 0.24844113132862464 0.3318940259442905 0.1469819845133449 0.37111828494448323 0.0038877093020005388 0.14698198442883575 0.11949196440584277 0.0038877088069401025 0.5246538600724232 0.13116026691430147 0.13116026654991 0.1469819848057792 0.15201667361905985 0.37111828474405417 0.1469819846807564
50 -0.029206678478781844 -0.008552138202823635 0.12852030943103557 0.27896548038875646 -0.00855214237119384 0.03190371152145233 0.065150847306117 0.18974529348852082 0.12852030289619276 0.8060024836770414 0.18974529366896886 0.5020629098780415 0.806002483519692 0.05139377027378722 0.20595163049116377 0.20595163027755622 0.18974528641469682 0.2789654663552732 0.12852029647527974 0.1897452896458955
7 0.3382462316640621 0.1311602665290091 0.19242376680686876 0.24134196603147484 0.13116026697009706 0.3367806236004446 0.2994628724536794 0.39270717148803025 0.1924237671683283 0.23186804380846354 0.3927071716878687 0.4842248639656059 0.23186804341017328 0.15222089302919303 0.46822294800351116 0.4682229475758297 0.3927071715175618 0.24134196755613177 0.19242376726410973 0.39270717204144384
12 0.5037820511606564 0.33189402600521745 0.2787005638937008 0.151023889037647 0.33189402589894446 0.4075972714727312 0.551900938834597 0.3228273399105588 0.2787005642237376 0.03285918030651755 0.3228273396404394 0.2351039487277545 0.03285917958344644 0.35052592244954495 0.29946287268377997 0.2994628722068282 0.3228273397127787 0.1510238905116752 0.2787005644069744 0.32282734018511783
27 0.02648091855090051 0.003887708699144638 0.09257561484319919 0.3522185869512208 0.0038877091478642873 0.04411206822556955 0.03285917988677112 0.256147655598111 0.09257561473992668 0.8037467652739129 0.25614765573061565 0.2338966186157768 0.8037467646928274 0.07562350364857891 0.23186804367042527 0.23186804328754235 0.25614765608599743 0.3522185874289828 0.09257561492718748 0.25614765575881576
14 0.5037820511606564 0.33189402600521745 0.2787005638937008 0.151023889037647 0.33189402589894446 0.4075972714727312 0.551900938834597 0.3228273399105588 0.2787005642237376 0.03285918030651755 0.3228273396404394 0.2351039487277545 0.03285917958344644 0.35052592244954495 0.29946287268377997 0.2994628722068282 0.3228273397127787 0.1510238905116752 0.2787005644069744 0.32282734018511783
44 0.24780140127555988 0.3711182846259521 0.4852218362977812 0.3644566907665614 0.37111828479416736 0.3318095853437569 0.27870056417244105 0.24458624138296936 0.4852218368585078 0.09257561505085059 0.2445862413524015 0.1800438054410497 0.09257561445024183 0.37481656076924186 0.19242376724200608 0.19242376682617232 0.24458624163010015 0.3644566924930321 0.48522183654298856 0.24458624145168523
6 0.5037820511606564 0.33189402600521745 0.2787005638937008 0.151023889037647 0.33189402589894446 0.4075972714727312 0.551900938834597 0.3228273399105588 0.2787005642237376 0.03285918030651755 0.3228273396404394 0.2351039487277545 0.03285917958344644 0.35052592244954495 0.29946287268377997 0.2994628722068282 0.3228273397127787 0.1510238905116752 0.2787005644069744 0.32282734018511783
42 0.02648091855090051 0.003887708699144638 0.09257561484319919 0.3522185869512208 0.0038877091478642873 0.04411206822556955 0.03285917988677112 0.256147655598111 0.09257561473992668 0.8037467652739129 0.25614765573061565 0.2338966186157768 0.8037467646928274 0.07562350364857891 0.23186804367042527 0.23186804328754235 0.25614765608599743 0.3522185874289828 0.09257561492718748 0.25614765575881576
62 0.14172533321167907 0.15201667247951783 0.36445669147515447 0.5943463731632747 0.15201667275579167 0.2458398132226848 0.1510238899725671 0.2672924210168068 0.36445669155557653 0.3522185876598888 0.2672924210963471 0.2230375888343269 0.35221858713525206 0.21291928700191892 0.24134196716206968 0.24134196674155886 0.2672924210673249 0.5943463743300507 0.3644566920941791 0.26729242112224744
33 0.34204972711181186 0.11949196422550865 0.180043805465196 0.22303758794501444 0.11949196453204913 0.3534780600707909 0.2351039487277595 0.3582679722877004 0.18004380505774872 0.23389661900980172 0.35826797201094884 0.6102979710841234 0.23389661813137677 0.11504696609342425 0.48422486411881327 0.4842248636520387 0.3582679720858143 0.22303758969215462 0.1800438056754599 0.3582679725788503
2 0.5037820511606564 0.33189402600521745 0.2787005638937008 0.151023889037647 0.33189402589894446 0.4075972714727312 0.551900938834597 0.3228273399105588 0.2787005642237376 0.03285918030651755 0.3228273396404394 0.2351039487277545 0.03285917958344644 0.35052592244954495 0.29946287268377997 0.2994628722068282 0.3228273397127787 0.1510238905116752 0.2787005644069744 0.32282734018511783
52 -0.029206678478781844 -0.008552138202823635 0.12852030943103557 0.27896548038875646 -0.00855214237119384 0.03190371152145233 0.065150847306117 0.18974529348852082 0.12852030289619276 0.8060024836770414 0.18974529366896886 0.5020629098780415 0.806002483519692 0.05139377027378722 0.20595163049116377 0.20595163027755622 0.18974528641469682 0.2789654663552732 0.12852029647527974 0.1897452896458955
29 0.24780140127555988 0.3711182846259521 0.4852218362977812 0.3644566907665614 0.37111828479416736 0.3318095853437569 0.27870056417244105 0.24458624138296936 0.4852218368585078 0.09257561505085059 0.2445862413524015 0.1800438054410497 0.09257561445024183 0.37481656076924186 0.19242376724200608 0.19242376682617232 0.24458624163010015 0.3644566924930321 0.48522183654298856 0.24458624145168523
32 0.14172533321167907 0.15201667247951783 0.36445669147515447 0.5943463731632747 0.15201667275579167 0.2458398132226848 0.1510238899725671 0.2672924210168068 0.36445669155557653 0.3522185876598888 0.2672924210963471 0.2230375888343269 0.35221858713525206 0.21291928700191892 0.24134196716206968 0.24134196674155886 0.2672924210673249 0.5943463743300507 0.3644566920941791 0.26729242112224744
