id,x_0,x_1,x_2,x_3,x_4,x_5,x_6,x_7,x_8,x_9,x_10,x_11,x_12,x_13
0.0,0.27034696587949475,2.220446049250313e-16,2.220446049250313e-16,2.220446049250313e-16,2.220446049250313e-16,0.3313155791228509,0.21186051455756227,0.29816678068641445,0.03295221272542972,2.220446049250313e-16,0.6872111475884484,0.9885951154486724,2.220446049250313e-16,0.5442942718053263
1.0,1.0076680522248178,0.40116129663586175,2.220446049250313e-16,1.1408843008523857,0.008494161539437923,2.220446049250313e-16,0.13640663242081147,2.220446049250313e-16,0.03228144328909113,2.220446049250313e-16,2.220446049250313e-16,2.220446049250313e-16,1.0675354914234638,0.03678706390115166
2.0,2.220446049250313e-16,2.220446049250313e-16,2.220446049250313e-16,0.7520288887483804,2.220446049250313e-16,0.024498736269843002,0.02093746354628719,2.220446049250313e-16,2.220446049250313e-16,0.05384245349292251,0.909578577199593,0.007506237186152931,2.220446049250313e-16,1.331151121617416
3.0,0.9354905985515625,0.3758192693534115,2.220446049250313e-16,1.0929249968325638,0.6410481523468718,2.220446049250313e-16,2.220446049250313e-16,2.220446049250313e-16,2.220446049250313e-16,0.21290231478812294,0.0059628000052362115,2.220446049250313e-16,0.069721860890265,0.04571173145951331
4.0,2.220446049250313e-16,0.22564244462049618,2.220446049250313e-16,0.2182286287675368,0.06426948005233796,2.220446049250313e-16,2.220446049250313e-16,0.29810392769052035,2.220446049250313e-16,0.23336325739737626,0.37600755461677365,0.0012395390265580487,0.09024872354281561,1.4396832940022992
5.0,0.8698161088685212,2.220446049250313e-16,1.72927244257437e-05,2.220446049250313e-16,2.220446049250313e-16,0.2848789173996919,0.34875891062783576,0.04048070987066346,2.220446049250313e-16,2.220446049250313e-16,0.3179414974429099,0.9855689471014679,0.8335839237349281,2.220446049250313e-16
6.0,2.220446049250313e-16,0.3519872055947629,2.220446049250313e-16,0.575564920191856,2.220446049250313e-16,0.005049550583128552,2.220446049250313e-16,0.33274914483763696,2.220446049250313e-16,0.043843886091571915,0.35657660491959764,0.5135018885316278,2.220446049250313e-16,1.1827510514516255
7.0,1.1461195904594066,0.23165436936313566,0.006490915952990822,2.220446049250313e-16,2.220446049250313e-16,2.220446049250313e-16,0.029471880102463682,2.220446049250313e-16,2.220446049250313e-16,2.220446049250313e-16,0.2798065969657366,1.2170735561025041,0.6442405217327097,0.02369284070897231
8.0,2.220446049250313e-16,0.16967150072882226,2.220446049250313e-16,0.6568638655142218,2.220446049250313e-16,2.220446049250313e-16,0.005617018526760692,0.31733984737802867,2.220446049250313e-16,2.220446049250313e-16,0.3748947790595199,0.2817751173730003,2.220446049250313e-16,1.3545600398784232
9.0,1.175451444236879,0.6878292010999452,0.0034465052596625028,1.170430434976029,0.0036177975819413847,2.220446049250313e-16,2.220446049250313e-16,2.220446049250313e-16,2.220446049250313e-16,0.016281850401475798,2.220446049250313e-16,0.01772080125270593,0.8325605062592396,0.03862199164465074
10.0,0.984328811521741,2.220446049250313e-16,2.220446049250313e-16,2.220446049250313e-16,2.220446049250313e-16,2.220446049250313e-16,0.1384536096818384,2.220446049250313e-16,0.0029744487438634133,0.013272405734209375,1.047979706011662,1.2584595393375932,2.220446049250313e-16,0.11784507127553874
11.0,0.45356371902782266,2.220446049250313e-16,2.220446049250313e-16,2.220446049250313e-16,2.220446049250313e-16,0.08012660500583713,0.8909317316582857,0.009995436016965297,0.08302866712152142,0.0858027430233288,1.0775014254079878,1.025832609198564,2.220446049250313e-16,2.220446049250313e-16
12.0,0.9441139984396643,0.01020813363646439,2.220446049250313e-16,2.220446049250313e-16,2.220446049250313e-16,1.1712799914983172,0.1488956971749484,0.995680794470229,0.17433134052981122,0.06130473540049625,0.04702496166012239,2.220446049250313e-16,2.220446049250313e-16,0.09308579089256583
13.0,2.220446049250313e-16,2.220446049250313e-16,0.17434371853889327,0.4356850199633203,0.11572207815443698,2.220446049250313e-16,1.227748287149985,2.220446049250313e-16,0.20460648228917408,0.09783963727992802,0.4574552350994106,0.24909551513884595,0.7658046729777327,2.220446049250313e-16
14.0,0.0018979031502408315,0.39062485387816515,2.220446049250313e-16,0.30048145301810963,2.220446049250313e-16,2.220446049250313e-16,2.220446049250313e-16,0.8779197153279827,2.220446049250313e-16,0.15748104609906002,2.220446049250313e-16,0.6830830345520494,2.220446049250313e-16,1.0794975919519665
15.0,0.9051547570548247,0.4242906968994631,2.220446049250313e-16,1.2568578981685423,0.20061034146776985,2.220446049250313e-16,0.35357881951100983,2.220446049250313e-16,0.03276037735194481,2.220446049250313e-16,2.220446049250313e-16,2.220446049250313e-16,0.577816524144582,0.009979250450435828
16.0,0.11569550440012351,0.5027139645465295,2.220446049250313e-16,0.30554074396978603,2.220446049250313e-16,2.220446049250313e-16,2.220446049250313e-16,0.07206135089035726,2.220446049250313e-16,2.220446049250313e-16,0.837739958534668,0.5824193684043979,2.220446049250313e-16,1.1190730487362366
17.0,0.24072991616027,2.220446049250313e-16,2.220446049250313e-16,0.817755735074519,0.06304224987525195,2.220446049250313e-16,0.8995845503401925,0.1074691549535059,0.4465360894448913,0.07126959285076813,0.8220364016568997,0.014275263470240192,0.31635657429929487,2.220446049250313e-16
18.0,0.04500330985799967,2.220446049250313e-16,0.8513402836368457,2.220446049250313e-16,2.220446049250313e-16,1.009311242608765,2.220446049250313e-16,0.28425056968496065,0.9524029360130523,0.11010271370624919,0.4032110664702715,2.220446049250313e-16,0.35109739310487714,0.009050277616546934
19.0,0.5716853390741122,2.220446049250313e-16,2.220446049250313e-16,2.220446049250313e-16,2.220446049250313e-16,0.005287481351608059,0.571661642673287,1.0101027414915218,0.9597031253652037,0.06160382171003219,2.220446049250313e-16,0.7280458103262529,2.220446049250313e-16,2.220446049250313e-16
20.0,0.1607643738911368,2.220446049250313e-16,2.220446049250313e-16,0.006154996298643578,2.220446049250313e-16,0.06703009892825001,1.0032328184650128,0.958712399265526,1.0464266812250596,2.220446049250313e-16,0.06876802799976678,0.4321349733171783,0.08794871906745118,2.220446049250313e-16
21.0,0.1671028008229118,2.220446049250313e-16,2.220446049250313e-16,0.008102111563906833,0.009398141740010815,0.5509465723788379,0.9137134972557224,0.794656391809329,0.9434443461392656,2.220446049250313e-16,0.18639937592652314,0.10200803591968499,0.08832577385351595,0.008158014876982372
22.0,2.220446049250313e-16,2.220446049250313e-16,0.8415049288172707,2.220446049250313e-16,2.220446049250313e-16,0.9451520053182363,0.1077037063305842,0.5869499466957727,0.9214299177949188,0.0012148979006421305,0.45723913161427215,0.07866934487621172,2.220446049250313e-16,2.220446049250313e-16
23.0,0.4010650109858623,2.220446049250313e-16,2.220446049250313e-16,2.220446049250313e-16,2.220446049250313e-16,0.05633242143717632,0.7456810589492618,1.0120477187740995,0.8375152783186713,0.01947964021165147,2.220446049250313e-16,0.7194260549692016,0.0638334978541848,2.220446049250313e-16
24.0,0.1628822304045427,2.220446049250313e-16,2.220446049250313e-16,2.220446049250313e-16,0.004944978370853392,0.9263524087347071,0.7959006023758624,0.9946299061120201,0.9146183023970564,0.06099704219044309,2.220446049250313e-16,2.220446049250313e-16,0.10251561650150011,2.220446049250313e-16
25.0,1.0691813974635627,0.11111390224918583,2.220446049250313e-16,0.2723744240250045,0.1339532065164802,0.1668860460246178,2.220446049250313e-16,2.220446049250313e-16,2.220446049250313e-16,0.006591865273782614,2.220446049250313e-16,0.9111929697504032,0.7454154128868317,0.04847003192965006
26.0,2.220446049250313e-16,2.220446049250313e-16,2.220446049250313e-16,0.4208044553051797,0.09920234536170414,0.018901184193011553,0.031158887666929442,2.220446049250313e-16,2.220446049250313e-16,0.18396761203360604,0.9078736985729329,2.220446049250313e-16,0.05666651144292646,1.356389775059561
27.0,2.220446049250313e-16,2.220446049250313e-16,2.220446049250313e-16,0.4208044553051797,0.09920234536170414,0.018901184193011553,0.031158887666929442,2.220446049250313e-16,2.220446049250313e-16,0.18396761203360604,0.9078736985729329,2.220446049250313e-16,0.05666651144292646,1.356389775059561
28.0,1.1236304996510469,0.10005617554467983,2.220446049250313e-16,0.8733526908038859,0.7428137924356796,0.00033216885366767494,2.220446049250313e-16,2.220446049250313e-16,0.00354992915602111,2.220446049250313e-16,0.006692658029967408,2.220446049250313e-16,0.26783402014058394,0.00568053894055184
29.0,1.1236304996510469,0.10005617554467983,2.220446049250313e-16,0.8733526908038859,0.7428137924356796,0.00033216885366767494,2.220446049250313e-16,2.220446049250313e-16,0.00354992915602111,2.220446049250313e-16,0.006692658029967408,2.220446049250313e-16,0.26783402014058394,0.00568053894055184
30.0,0.07877126022663958,2.220446049250313e-16,0.19399304333152068,0.3076263659622071,0.8292762916893652,2.220446049250313e-16,1.1248411496240567,2.220446049250313e-16,2.220446049250313e-16,0.3118693712391127,2.220446049250313e-16,0.21243904795480956,2.220446049250313e-16,0.0667833081342841
31.0,2.220446049250313e-16,0.24276842188186584,2.220446049250313e-16,2.220446049250313e-16,0.404417202624584,0.07079151936835137,2.220446049250313e-16,0.9307404473991553,2.220446049250313e-16,0.013811383724991948,2.220446049250313e-16,2.220446049250313e-16,2.220446049250313e-16,1.2792430845007545
32.0,0.012658842643984022,2.220446049250313e-16,0.92664496845215,0.015426942425131913,1.4245525278691467,2.220446049250313e-16,2.220446049250313e-16,2.220446049250313e-16,2.220446049250313e-16,0.16360415706964088,0.00299449697847766,0.016408119555218672,2.220446049250313e-16,0.03538360380094408
33.0,0.012658842643984022,2.220446049250313e-16,0.92664496845215,0.015426942425131913,1.4245525278691467,2.220446049250313e-16,2.220446049250313e-16,2.220446049250313e-16,2.220446049250313e-16,0.16360415706964088,0.00299449697847766,0.016408119555218672,2.220446049250313e-16,0.03538360380094408
34.0,0.012658842643984022,2.220446049250313e-16,0.92664496845215,0.015426942425131913,1.4245525278691467,2.220446049250313e-16,2.220446049250313e-16,2.220446049250313e-16,2.220446049250313e-16,0.16360415706964088,0.00299449697847766,0.016408119555218672,2.220446049250313e-16,0.03538360380094408
35.0,0.08375049181271757,0.11935617648935337,0.19482026198988983,0.40368979926880416,0.7951127569923293,2.220446049250313e-16,1.1213695558460657,2.220446049250313e-16,2.220446049250313e-16,0.33677053434044074,2.220446049250313e-16,0.21546415691904522,2.220446049250313e-16,2.220446049250313e-16
36.0,2.220446049250313e-16,0.24276842188186584,2.220446049250313e-16,2.220446049250313e-16,0.404417202624584,0.07079151936835137,2.220446049250313e-16,0.9307404473991553,2.220446049250313e-16,0.013811383724991948,2.220446049250313e-16,2.220446049250313e-16,2.220446049250313e-16,1.2792430845007545
37.0,0.012658842643984022,2.220446049250313e-16,0.92664496845215,0.015426942425131913,1.4245525278691467,2.220446049250313e-16,2.220446049250313e-16,2.220446049250313e-16,2.220446049250313e-16,0.16360415706964088,0.00299449697847766,0.016408119555218672,2.220446049250313e-16,0.03538360380094408
38.0,0.012658842643984022,2.220446049250313e-16,0.92664496845215,0.015426942425131913,1.4245525278691467,2.220446049250313e-16,2.220446049250313e-16,2.220446049250313e-16,2.220446049250313e-16,0.16360415706964088,0.00299449697847766,0.016408119555218672,2.220446049250313e-16,0.03538360380094408
39.0,0.012658842643984022,2.220446049250313e-16,0.92664496845215,0.015426942425131913,1.4245525278691467,2.220446049250313e-16,2.220446049250313e-16,2.220446049250313e-16,2.220446049250313e-16,0.16360415706964088,0.00299449697847766,0.016408119555218672,2.220446049250313e-16,0.03538360380094408
40.0,2.220446049250313e-16,0.14352812243596527,2.220446049250313e-16,0.5662426186178089,0.5078693502745214,0.009565583882191732,1.3683291104446518,2.220446049250313e-16,2.220446049250313e-16,0.5502961198164782,2.220446049250313e-16,0.12794849123012833,0.24528911952764684,2.220446049250313e-16
41.0,2.220446049250313e-16,0.20468554549859064,2.220446049250313e-16,0.2197227137139206,2.220446049250313e-16,0.35639999512769505,2.220446049250313e-16,0.9531779952886991,2.220446049250313e-16,0.22644093185244846,2.220446049250313e-16,0.4549933168931322,2.220446049250313e-16,1.0568206329718155
42.0,0.023279773323377242,0.29310195964891017,0.9422144640880897,2.220446049250313e-16,1.2057339643980207,2.220446049250313e-16,0.09318889607841148,2.220446049250313e-16,0.25870177325328486,0.2188839032261874,0.026324851020833744,2.220446049250313e-16,0.001342828341209227,2.220446049250313e-16
43.0,2.220446049250313e-16,2.220446049250313e-16,0.8088630486971186,0.10182149995619794,0.12510593451587065,0.16230060056711454,2.220446049250313e-16,2.220446049250313e-16,0.8650648742930273,0.763025535619757,0.027609006918586233,0.45773603386528594,0.7728179547151053,2.220446049250313e-16
44.0,0.19356401935952205,2.220446049250313e-16,2.220446049250313e-16,2.220446049250313e-16,2.220446049250313e-16,0.6370182201387689,0.9377014141737103,2.220446049250313e-16,2.220446049250313e-16,0.15956710135264862,2.220446049250313e-16,0.6092863029781166,1.1808870242229672,2.220446049250313e-16
45.0,0.3936934117930424,0.23651851223231535,2.220446049250313e-16,2.220446049250313e-16,2.220446049250313e-16,0.8031595010710986,2.220446049250313e-16,0.872398271016533,2.220446049250313e-16,2.220446049250313e-16,0.1560906038485799,0.4684489961799273,2.220446049250313e-16,0.5740819892029035
46.0,0.03833847208205722,2.220446049250313e-16,2.220446049250313e-16,0.6744589301737216,2.220446049250313e-16,2.220446049250313e-16,1.3373800505903437,2.220446049250313e-16,0.12630602969991528,0.11729286448779785,0.005222381939908788,0.1600993270275983,1.219878653278125,0.023136213106400894
47.0,0.31197717286869864,0.21550902252996784,2.9148513436875612e-05,2.220446049250313e-16,0.01111717983654689,2.220446049250313e-16,0.0036953936536405357,2.220446049250313e-16,0.030003134884142316,2.220446049250313e-16,2.220446049250313e-16,1.1937731959424562,1.1367503558214285,0.5326532139623665
48.0,0.6903666005290067,0.7387732635775113,2.220446049250313e-16,0.11147046020500881,0.8146842617243061,2.220446049250313e-16,2.220446049250313e-16,2.220446049250313e-16,2.220446049250313e-16,2.220446049250313e-16,0.3502336362716995,2.220446049250313e-16,0.3447974065027974,0.2808844792364381
49.0,2.220446049250313e-16,0.674958317968359,2.220446049250313e-16,0.3998911281284696,2.220446049250313e-16,2.220446049250313e-16,2.220446049250313e-16,0.8757335658205573,2.220446049250313e-16,0.14598744610908151,2.220446049250313e-16,0.5854983733092141,2.220446049250313e-16,1.1147930534383086
50.0,2.220446049250313e-16,2.220446049250313e-16,0.9411192379434712,0.1054440997623981,2.220446049250313e-16,0.9400507089717995,2.220446049250313e-16,0.008316448398972673,0.9880312956819974,0.17157554577485812,0.8663703052117124,2.220446049250313e-16,0.10541643960084397,2.220446049250313e-16
51.0,1.09894740486682,0.27572183781188553,2.220446049250313e-16,0.7784711873894345,0.11892869918440044,0.024015704902189097,0.14624840659101349,0.0016885507015107987,0.014425659329992062,2.220446049250313e-16,0.8917946378097772,0.03525685753808797,0.23248953721258936,2.220446049250313e-16
52.0,2.220446049250313e-16,0.5140241229767821,2.220446049250313e-16,0.013628701309206015,0.0504657497327846,2.220446049250313e-16,2.220446049250313e-16,0.47667585257774747,2.220446049250313e-16,2.220446049250313e-16,0.24338369916239547,0.46484931480281716,2.220446049250313e-16,1.372242692830496
53.0,1.0210151141450052,0.5729451514704416,2.220446049250313e-16,2.220446049250313e-16,1.0791542751251042,2.220446049250313e-16,2.220446049250313e-16,2.220446049250313e-16,0.04344023272184085,2.220446049250313e-16,2.220446049250313e-16,0.015616152066005522,0.31794755249573137,0.04875206322818609
54.0,2.220446049250313e-16,0.00889263287035818,2.220446049250313e-16,0.07662243380802536,0.00783974695732097,0.9499588788047203,1.0993060385043802,2.220446049250313e-16,0.31035860337720017,2.220446049250313e-16,0.42308933300503926,0.014754119814135243,0.9060957801186976,2.220446049250313e-16
55.0,2.220446049250313e-16,2.220446049250313e-16,1.046411813999139,0.05773293864211382,2.220446049250313e-16,0.9188567448410176,2.220446049250313e-16,0.017554835977181094,0.9955263162683664,0.06270381040242916,0.8706403897913462,2.220446049250313e-16,0.08646251598070481,2.220446049250313e-16
56.0,0.37042999932025844,2.220446049250313e-16,2.220446049250313e-16,2.220446049250313e-16,2.220446049250313e-16,1.0602914449785956,2.220446049250313e-16,0.9641576805863268,0.5421080381409615,2.220446049250313e-16,2.220446049250313e-16,2.220446049250313e-16,2.220446049250313e-16,0.5664548126250583
57.0,2.220446049250313e-16,2.220446049250313e-16,0.8549285712115351,0.13160376575899513,2.220446049250313e-16,0.10729875313450013,0.00929319710756918,2.220446049250313e-16,1.1060808038420253,0.1664447612515948,0.719285249005648,0.3134090940028474,0.7095236112880785,2.220446049250313e-16
58.0,0.027443449781296425,2.220446049250313e-16,1.0440731032462272,0.10305440463425043,0.05327286190929496,0.3115108482798541,2.220446049250313e-16,2.220446049250313e-16,0.9514637043005593,0.15652503739189724,0.04742687801078485,0.23955327065451268,0.9601155622065786,2.220446049250313e-16
59.0,2.220446049250313e-16,2.220446049250313e-16,1.0277849636852852,0.26727155526175406,0.5442476987413899,0.09096299620966694,2.220446049250313e-16,2.220446049250313e-16,0.867993593275824,2.220446049250313e-16,0.36675904557958394,0.03746589528436259,0.32377982621144913,2.220446049250313e-16
60.0,0.8241456712734813,0.40584546816845324,2.220446049250313e-16,0.10997789513931226,2.220446049250313e-16,0.2668643173932918,0.05422823559827864,0.025527871880012317,2.220446049250313e-16,0.09995398088064342,0.2722648874291147,1.039277129967264,0.597594151439992,0.1048650306552605
61.0,2.220446049250313e-16,0.23675878967401187,2.220446049250313e-16,0.0658398095780508,0.1677779728383046,0.0684403476545992,0.04667860431247741,0.9205884461834137,2.220446049250313e-16,0.05132446786106968,2.220446049250313e-16,2.220446049250313e-16,0.017812653784014938,1.3671163199887533
62.0,2.220446049250313e-16,0.7883977842661318,0.7389740589158784,2.220446049250313e-16,1.2976068653655073,0.026914006009110012,0.3549221931990284,2.220446049250313e-16,2.220446049250313e-16,2.220446049250313e-16,2.220446049250313e-16,2.220446049250313e-16,2.220446049250313e-16,2.220446049250313e-16
63.0,2.220446049250313e-16,0.7883977842661318,0.7389740589158784,2.220446049250313e-16,1.2976068653655073,0.026914006009110012,0.3549221931990284,2.220446049250313e-16,2.220446049250313e-16,2.220446049250313e-16,2.220446049250313e-16,2.220446049250313e-16,2.220446049250313e-16,2.220446049250313e-16
64.0,2.220446049250313e-16,0.7883977842661318,0.7389740589158784,2.220446049250313e-16,1.2976068653655073,0.026914006009110012,0.3549221931990284,2.220446049250313e-16,2.220446049250313e-16,2.220446049250313e-16,2.220446049250313e-16,2.220446049250313e-16,2.220446049250313e-16,2.220446049250313e-16
65.0,0.4503345487658576,0.008610170447189147,2.220446049250313e-16,2.220446049250313e-16,2.220446049250313e-16,1.1493702519426137,0.36349844852369706,0.3610566704407532,0.3574858890432588,0.38308918604461517,0.2802421413811856,2.220446049250313e-16,0.13344210402273093,0.23382569577727827
66.0,2.220446049250313e-16,2.220446049250313e-16,0.07550937040865864,2.220446049250313e-16,0.06065830847172893,0.7954545811631163,0.12615012006787107,0.058385122869383244,0.5720089945357009,1.9555914063214448,0.03797798826645597,0.16763861877802386,2.220446049250313e-16,0.12085518677247808
67.0,2.220446049250313e-16,2.220446049250313e-16,0.07550937040865864,2.220446049250313e-16,0.06065830847172893,0.7954545811631163,0.12615012006787107,0.058385122869383244,0.5720089945357009,1.9555914063214448,0.03797798826645597,0.16763861877802386,2.220446049250313e-16,0.12085518677247808
68.0,2.220446049250313e-16,2.220446049250313e-16,0.08950305862313121,2.220446049250313e-16,0.029132748435693356,0.890982047821891,0.11889249564245674,0.06911165407400845,0.9192225139635114,1.7769849453916033,0.03324831350762683,2.220446049250313e-16,2.220446049250313e-16,0.13934275550047914
69.0,0.6265005251105988,2.220446049250313e-16,0.048619428279516486,0.6750967224465861,0.18876164759877873,0.035704357162441434,0.30547080486201944,0.08599799781293656,0.24133006344689742,0.33652370339027304,0.09370928804956533,0.18269297229299528,0.5304046555807843,0.07625609284163558
