id,x_0,x_1,x_2,x_3,x_4,x_5,x_6,x_7,x_8,x_9,x_10
0.0,0.4701164013295551,2.220446049250313e-16,2.220446049250313e-16,2.220446049250313e-16,2.220446049250313e-16,0.002353934347368636,0.4055303540999636,0.7477494568119519,2.220446049250313e-16,2.220446049250313e-16,0.31162918771119785
1.0,0.8591662918880237,8.326672684688674e-17,2.220446049250313e-16,2.220446049250313e-16,0.447690765145096,2.220446049250313e-16,0.17356109624934646,0.0034332767680942083,0.6427843818880857,2.220446049250313e-16,2.220446049250313e-16
2.0,2.220446049250313e-16,2.220446049250313e-16,0.015271389924432511,0.468166299906099,2.220446049250313e-16,0.6830453578043734,0.2036774368145311,0.5592747605420163,2.220446049250313e-16,2.220446049250313e-16,2.220446049250313e-16
3.0,0.6679632065734784,2.220446049250313e-16,2.220446049250313e-16,0.4681662999060983,0.447690765145096,2.220446049250313e-16,0.21124000136667134,2.220446049250313e-16,0.6467572413443043,2.220446049250313e-16,2.220446049250313e-16
4.0,2.220446049250313e-16,2.220446049250313e-16,0.015271389924432511,0.468166299906099,2.220446049250313e-16,0.6830453578043734,0.2036774368145311,0.5592747605420163,2.220446049250313e-16,2.220446049250313e-16,2.220446049250313e-16
5.0,0.6679632065734784,2.220446049250313e-16,2.220446049250313e-16,0.4681662999060983,0.447690765145096,2.220446049250313e-16,0.21124000136667134,2.220446049250313e-16,0.6467572413443043,2.220446049250313e-16,2.220446049250313e-16
6.0,2.220446049250313e-16,2.220446049250313e-16,0.015271389924432511,0.468166299906099,2.220446049250313e-16,0.6830453578043734,0.2036774368145311,0.5592747605420163,2.220446049250313e-16,2.220446049250313e-16,2.220446049250313e-16
7.0,0.6679632065734784,2.220446049250313e-16,2.220446049250313e-16,0.4681662999060983,0.447690765145096,2.220446049250313e-16,0.21124000136667134,2.220446049250313e-16,0.6467572413443043,2.220446049250313e-16,2.220446049250313e-16
8.0,2.220446049250313e-16,2.220446049250313e-16,0.015271389924432511,0.468166299906099,2.220446049250313e-16,0.6830453578043734,0.2036774368145311,0.5592747605420163,2.220446049250313e-16,2.220446049250313e-16,2.220446049250313e-16
9.0,0.41820862457419195,2.220446049250313e-16,2.220446049250313e-16,0.4681662999060986,0.447690765145096,2.220446049250313e-16,0.26045234312122484,2.220446049250313e-16,0.6519468479867195,0.20128389976728553,2.220446049250313e-16
10.0,2.220446049250313e-16,2.220446049250313e-16,0.013348937282498235,0.46816629990609876,2.220446049250313e-16,0.8340927131338213,2.220446049250313e-16,0.5552477009893891,2.220446049250313e-16,2.220446049250313e-16,2.220446049250313e-16
11.0,0.41820862457419195,2.220446049250313e-16,2.220446049250313e-16,0.4681662999060986,0.447690765145096,2.220446049250313e-16,0.26045234312122484,2.220446049250313e-16,0.6519468479867195,0.20128389976728553,2.220446049250313e-16
12.0,2.220446049250313e-16,2.220446049250313e-16,0.013638406903720462,0.4681662999060978,2.220446049250313e-16,0.8274958275515585,2.220446049250313e-16,2.220446049250313e-16,0.6099041216273938,2.220446049250313e-16,2.220446049250313e-16
13.0,0.07779593645518271,2.220446049250313e-16,0.5791039843303032,0.46816629990609837,0.4476907651450961,2.220446049250313e-16,0.7959607551354466,2.220446049250313e-16,0.03449743959459477,2.220446049250313e-16,2.220446049250313e-16
14.0,2.220446049250313e-16,2.220446049250313e-16,0.013638406903720462,0.4681662999060978,2.220446049250313e-16,0.8274958275515585,2.220446049250313e-16,2.220446049250313e-16,0.6099041216273938,2.220446049250313e-16,2.220446049250313e-16
15.0,0.07779593645518271,2.220446049250313e-16,0.5791039843303032,0.46816629990609837,0.4476907651450961,2.220446049250313e-16,0.7959607551354466,2.220446049250313e-16,0.03449743959459477,2.220446049250313e-16,2.220446049250313e-16
16.0,2.220446049250313e-16,2.220446049250313e-16,0.013638406903720462,0.4681662999060978,2.220446049250313e-16,0.8274958275515585,2.220446049250313e-16,2.220446049250313e-16,0.6099041216273938,2.220446049250313e-16,2.220446049250313e-16
17.0,0.38273593081407203,2.220446049250313e-16,0.5823257251805558,0.46816629990609826,0.44769076514509587,2.220446049250313e-16,0.49430979304194717,2.220446049250313e-16,0.03569980402124432,2.220446049250313e-16,2.220446049250313e-16
18.0,2.220446049250313e-16,2.220446049250313e-16,0.013201428230320701,0.4681662999060986,2.220446049250313e-16,0.8397851943304009,2.220446049250313e-16,0.25495148852334737,0.2994400357383077,2.220446049250313e-16,2.220446049250313e-16
19.0,0.8591662918880237,8.326672684688674e-17,2.220446049250313e-16,2.220446049250313e-16,0.447690765145096,2.220446049250313e-16,0.17356109624934646,0.0034332767680942083,0.6427843818880857,2.220446049250313e-16,2.220446049250313e-16
20.0,0.8625459272537459,2.220446049250313e-16,2.220446049250313e-16,2.220446049250313e-16,2.220446049250313e-16,0.0032686872309619086,0.1890161402035558,0.716076777775207,0.03230693818014367,2.220446049250313e-16,2.220446049250313e-16
21.0,0.7759161310946383,2.220446049250313e-16,2.220446049250313e-16,2.220446049250313e-16,2.220446049250313e-16,0.0030902332037238134,0.1036770181110228,0.7320437643970261,2.220446049250313e-16,2.220446049250313e-16,0.3194570674626873
22.0,0.7759161310946383,2.220446049250313e-16,2.220446049250313e-16,2.220446049250313e-16,2.220446049250313e-16,0.0030902332037238134,0.1036770181110228,0.7320437643970261,2.220446049250313e-16,2.220446049250313e-16,0.3194570674626873
23.0,0.5964399079214777,2.220446049250313e-16,2.220446049250313e-16,2.220446049250313e-16,0.44769076514509587,2.220446049250313e-16,0.23328645468893502,0.3171774158228077,0.34855517208423564,0.20691078476620411,2.220446049250313e-16
24.0,0.7759161310946383,2.220446049250313e-16,2.220446049250313e-16,2.220446049250313e-16,2.220446049250313e-16,0.0030902332037238134,0.1036770181110228,0.7320437643970261,2.220446049250313e-16,2.220446049250313e-16,0.3194570674626873
25.0,0.42796948757587305,2.220446049250313e-16,0.7160957466075458,2.220446049250313e-16,2.220446049250313e-16,0.11906224886201872,2.220446049250313e-16,0.02263161334963154,2.220446049250313e-16,0.4423476238954544,2.220446049250313e-16
26.0,2.220446049250313e-16,0.15701036473094832,0.012442744925588833,1.1102230246251565e-16,2.220446049250313e-16,0.8616940180977701,2.220446049250313e-16,0.5544670816508657,2.220446049250313e-16,2.220446049250313e-16,2.220446049250313e-16
27.0,2.220446049250313e-16,0.766207396576311,2.220446049250313e-16,2.220446049250313e-16,2.220446049250313e-16,0.004753129586501426,2.220446049250313e-16,2.220446049250313e-16,2.220446049250313e-16,0.7571331787896411,2.220446049250313e-16
28.0,2.220446049250313e-16,0.766207396576311,2.220446049250313e-16,2.220446049250313e-16,2.220446049250313e-16,0.004753129586501426,2.220446049250313e-16,2.220446049250313e-16,2.220446049250313e-16,0.7571331787896411,2.220446049250313e-16
29.0,2.220446049250313e-16,0.766207396576311,2.220446049250313e-16,2.220446049250313e-16,2.220446049250313e-16,0.004753129586501426,2.220446049250313e-16,2.220446049250313e-16,2.220446049250313e-16,0.7571331787896411,2.220446049250313e-16
30.0,0.43083484883035933,2.220446049250313e-16,0.7161127801379876,2.220446049250313e-16,2.220446049250313e-16,0.11906469280481664,2.220446049250313e-16,0.02248233510342279,2.220446049250313e-16,0.4366416093699704,2.220446049250313e-16
31.0,2.220446049250313e-16,0.15701036473094832,0.012442744925588833,1.1102230246251565e-16,2.220446049250313e-16,0.8616940180977701,2.220446049250313e-16,0.5544670816508657,2.220446049250313e-16,2.220446049250313e-16,2.220446049250313e-16
32.0,2.220446049250313e-16,0.766207396576311,2.220446049250313e-16,2.220446049250313e-16,2.220446049250313e-16,0.004753129586501426,2.220446049250313e-16,2.220446049250313e-16,2.220446049250313e-16,0.7571331787896411,2.220446049250313e-16
33.0,2.220446049250313e-16,0.766207396576311,2.220446049250313e-16,2.220446049250313e-16,2.220446049250313e-16,0.004753129586501426,2.220446049250313e-16,2.220446049250313e-16,2.220446049250313e-16,0.7571331787896411,2.220446049250313e-16
34.0,2.220446049250313e-16,0.766207396576311,2.220446049250313e-16,2.220446049250313e-16,2.220446049250313e-16,0.004753129586501426,2.220446049250313e-16,2.220446049250313e-16,2.220446049250313e-16,0.7571331787896411,2.220446049250313e-16
35.0,0.6679632065734784,2.220446049250313e-16,2.220446049250313e-16,0.4681662999060983,0.447690765145096,2.220446049250313e-16,0.21124000136667134,2.220446049250313e-16,0.6467572413443043,2.220446049250313e-16,2.220446049250313e-16
36.0,0.21979577085558755,2.220446049250313e-16,2.220446049250313e-16,2.220446049250313e-16,2.220446049250313e-16,0.002035570550836363,0.45500904615991916,0.7607578116155163,2.220446049250313e-16,0.20137051996299588,0.3101157156425108
37.0,0.17365768859973577,2.220446049250313e-16,2.220446049250313e-16,2.220446049250313e-16,2.220446049250313e-16,0.6953928120384847,2.220446049250313e-16,0.732598900794389,2.220446049250313e-16,2.220446049250313e-16,2.220446049250313e-16
38.0,0.2377161059400947,0.40011236977952175,0.30572178823130547,2.220446049250313e-16,2.220446049250313e-16,2.220446049250313e-16,2.220446049250313e-16,2.220446049250313e-16,2.220446049250313e-16,0.5668066532529733,0.3359928588576596
39.0,0.2377161059400947,0.40011236977952175,0.30572178823130547,2.220446049250313e-16,2.220446049250313e-16,2.220446049250313e-16,2.220446049250313e-16,2.220446049250313e-16,2.220446049250313e-16,0.5668066532529733,0.3359928588576596
40.0,0.43083484883035933,2.220446049250313e-16,0.7161127801379876,2.220446049250313e-16,2.220446049250313e-16,0.11906469280481664,2.220446049250313e-16,0.02248233510342279,2.220446049250313e-16,0.4366416093699704,2.220446049250313e-16
41.0,2.220446049250313e-16,0.15701036473094832,0.012442744925588833,1.1102230246251565e-16,2.220446049250313e-16,0.8616940180977701,2.220446049250313e-16,0.5544670816508657,2.220446049250313e-16,2.220446049250313e-16,2.220446049250313e-16
42.0,2.220446049250313e-16,0.766207396576311,2.220446049250313e-16,2.220446049250313e-16,2.220446049250313e-16,0.004753129586501426,2.220446049250313e-16,2.220446049250313e-16,2.220446049250313e-16,0.7571331787896411,2.220446049250313e-16
43.0,2.220446049250313e-16,0.766207396576311,2.220446049250313e-16,2.220446049250313e-16,2.220446049250313e-16,0.004753129586501426,2.220446049250313e-16,2.220446049250313e-16,2.220446049250313e-16,0.7571331787896411,2.220446049250313e-16
44.0,2.220446049250313e-16,0.766207396576311,2.220446049250313e-16,2.220446049250313e-16,2.220446049250313e-16,0.004753129586501426,2.220446049250313e-16,2.220446049250313e-16,2.220446049250313e-16,0.7571331787896411,2.220446049250313e-16
45.0,0.43083484883035933,2.220446049250313e-16,0.7161127801379876,2.220446049250313e-16,2.220446049250313e-16,0.11906469280481664,2.220446049250313e-16,0.02248233510342279,2.220446049250313e-16,0.4366416093699704,2.220446049250313e-16
46.0,2.220446049250313e-16,0.15701036473094832,0.012442744925588833,1.1102230246251565e-16,2.220446049250313e-16,0.8616940180977701,2.220446049250313e-16,0.5544670816508657,2.220446049250313e-16,2.220446049250313e-16,2.220446049250313e-16
47.0,2.220446049250313e-16,0.766207396576311,2.220446049250313e-16,2.220446049250313e-16,2.220446049250313e-16,0.004753129586501426,2.220446049250313e-16,2.220446049250313e-16,2.220446049250313e-16,0.7571331787896411,2.220446049250313e-16
48.0,2.220446049250313e-16,0.766207396576311,2.220446049250313e-16,2.220446049250313e-16,2.220446049250313e-16,0.004753129586501426,2.220446049250313e-16,2.220446049250313e-16,2.220446049250313e-16,0.7571331787896411,2.220446049250313e-16
49.0,2.220446049250313e-16,0.766207396576311,2.220446049250313e-16,2.220446049250313e-16,2.220446049250313e-16,0.004753129586501426,2.220446049250313e-16,2.220446049250313e-16,2.220446049250313e-16,0.7571331787896411,2.220446049250313e-16
50.0,2.220446049250313e-16,2.220446049250313e-16,0.5808070232737863,2.220446049250313e-16,0.4476907651450962,2.220446049250313e-16,0.7035181919697149,0.00505730968953386,2.220446049250313e-16,2.220446049250313e-16,0.6566334624489039
51.0,2.220446049250313e-16,2.220446049250313e-16,0.5808070232737863,2.220446049250313e-16,0.4476907651450962,2.220446049250313e-16,0.7035181919697149,0.00505730968953386,2.220446049250313e-16,2.220446049250313e-16,0.6566334624489039
52.0,2.220446049250313e-16,2.220446049250313e-16,2.220446049250313e-16,2.220446049250313e-16,0.4476907651450959,0.6921623985224092,2.220446049250313e-16,2.220446049250313e-16,0.6099041216273937,2.220446049250313e-16,0.33599285885765967
53.0,0.08112178442069956,0.7491665242530481,2.220446049250313e-16,2.220446049250313e-16,2.7755575615628914e-17,0.005836631596751037,0.7912802955930882,2.220446049250313e-16,0.0345539469377631,2.220446049250313e-16,2.220446049250313e-16
54.0,0.8591662918880237,8.326672684688674e-17,2.220446049250313e-16,2.220446049250313e-16,0.447690765145096,2.220446049250313e-16,0.17356109624934646,0.0034332767680942083,0.6427843818880857,2.220446049250313e-16,2.220446049250313e-16
55.0,2.220446049250313e-16,2.220446049250313e-16,0.5808070232737863,2.220446049250313e-16,0.4476907651450962,2.220446049250313e-16,0.7035181919697149,0.00505730968953386,2.220446049250313e-16,2.220446049250313e-16,0.6566334624489039
56.0,2.220446049250313e-16,2.220446049250313e-16,0.5808070232737863,2.220446049250313e-16,0.4476907651450962,2.220446049250313e-16,0.7035181919697149,0.00505730968953386,2.220446049250313e-16,2.220446049250313e-16,0.6566334624489039
57.0,2.220446049250313e-16,0.16242210297425125,2.220446049250313e-16,2.220446049250313e-16,0.447690765145096,0.7195258208609213,2.220446049250313e-16,2.220446049250313e-16,0.6099041216273937,2.220446049250313e-16,2.220446049250313e-16
58.0,0.08112178442069956,0.7491665242530481,2.220446049250313e-16,2.220446049250313e-16,2.7755575615628914e-17,0.005836631596751037,0.7912802955930882,2.220446049250313e-16,0.0345539469377631,2.220446049250313e-16,2.220446049250313e-16
59.0,0.07779593645518271,2.220446049250313e-16,0.5791039843303032,0.46816629990609837,0.4476907651450961,2.220446049250313e-16,0.7959607551354466,2.220446049250313e-16,0.03449743959459477,2.220446049250313e-16,2.220446049250313e-16
60.0,2.220446049250313e-16,2.220446049250313e-16,0.5808070232737863,2.220446049250313e-16,0.4476907651450962,2.220446049250313e-16,0.7035181919697149,0.00505730968953386,2.220446049250313e-16,2.220446049250313e-16,0.6566334624489039
61.0,2.220446049250313e-16,2.220446049250313e-16,0.5808070232737863,2.220446049250313e-16,0.4476907651450962,2.220446049250313e-16,0.7035181919697149,0.00505730968953386,2.220446049250313e-16,2.220446049250313e-16,0.6566334624489039
62.0,2.220446049250313e-16,0.16242210297425125,2.220446049250313e-16,2.220446049250313e-16,0.447690765145096,0.7195258208609213,2.220446049250313e-16,2.220446049250313e-16,0.6099041216273937,2.220446049250313e-16,2.220446049250313e-16
63.0,0.08112178442069956,0.7491665242530481,2.220446049250313e-16,2.220446049250313e-16,2.7755575615628914e-17,0.005836631596751037,0.7912802955930882,2.220446049250313e-16,0.0345539469377631,2.220446049250313e-16,2.220446049250313e-16
64.0,0.42796948757587305,2.220446049250313e-16,0.7160957466075458,2.220446049250313e-16,2.220446049250313e-16,0.11906224886201872,2.220446049250313e-16,0.02263161334963154,2.220446049250313e-16,0.4423476238954544,2.220446049250313e-16
65.0,0.03801903474251305,2.220446049250313e-16,0.5792881917547631,2.220446049250313e-16,0.44769076514509615,0.1384505458394117,0.48985279417454747,2.220446049250313e-16,2.220446049250313e-16,2.220446049250313e-16,0.6620406017110716
66.0,0.037041830991222324,0.36627198633729907,0.26866586703792,2.220446049250313e-16,0.44769076514509615,0.165095466954711,0.49964536111248814,0.004011888404055647,2.220446049250313e-16,2.220446049250313e-16,0.3257164714331106
67.0,2.220446049250313e-16,0.16266814658049497,0.28619144415722486,2.220446049250313e-16,0.44769076514509587,0.7130621719613136,2.220446049250313e-16,2.220446049250313e-16,0.31046408588908603,2.220446049250313e-16,2.220446049250313e-16
68.0,0.12581309144413724,0.7439927413369294,2.220446049250313e-16,2.220446049250313e-16,1.5612511283791264e-16,0.15697468668472614,0.576179499342512,2.220446049250313e-16,0.040063279482862056,2.220446049250313e-16,2.220446049250313e-16
69.0,0.12581309144413724,0.7439927413369294,2.220446049250313e-16,2.220446049250313e-16,1.5612511283791264e-16,0.15697468668472614,0.576179499342512,2.220446049250313e-16,0.040063279482862056,2.220446049250313e-16,2.220446049250313e-16
