id,x_0,x_1,x_2,x_3,x_4,x_5,x_6,x_7,x_8,x_9,x_10,x_11,x_12,x_13,x_14,x_15,x_16,x_17
0.0,0.6104837495642118,2.220446049250313e-16,0.2557013070408294,0.014056798652869979,0.8997949668998765,1.0176303418775887,2.220446049250313e-16,2.220446049250313e-16,0.29258455796041233,2.220446049250313e-16,0.002112001270824583,0.4966832216255542,0.010018227242028168,2.220446049250313e-16,0.025135198698995897,2.220446049250313e-16,2.220446049250313e-16,2.220446049250313e-16
1.0,2.220446049250313e-16,0.44936592152436283,0.003007260513727017,2.220446049250313e-16,0.13373613867559125,2.220446049250313e-16,0.3940120465737794,2.220446049250313e-16,2.220446049250313e-16,2.220446049250313e-16,0.18900001291142285,0.28290950317548735,0.0046094082411160635,2.220446049250313e-16,0.07549279297934935,0.0006576541139245892,0.5877091136315521,1.233889060585748
2.0,0.979066130559951,2.220446049250313e-16,0.8398618564572388,0.0037156355218936022,2.220446049250313e-16,0.5601815192934753,2.220446049250313e-16,0.7490080141661672,2.220446049250313e-16,2.220446049250313e-16,2.220446049250313e-16,2.220446049250313e-16,2.220446049250313e-16,0.4338277764406562,0.016015626180958687,2.220446049250313e-16,2.220446049250313e-16,0.08297531908987521
3.0,0.005066642186255274,0.5056038440563148,2.220446049250313e-16,0.6478886181302961,2.220446049250313e-16,0.06549790408860637,2.220446049250313e-16,2.220446049250313e-16,2.220446049250313e-16,0.30560775675784724,0.3241330506238485,2.220446049250313e-16,0.5898617632427621,2.220446049250313e-16,0.7364668966182947,2.220446049250313e-16,2.220446049250313e-16,0.23171588835811313
4.0,0.9475610860486143,0.012732199072895023,2.220446049250313e-16,2.220446049250313e-16,0.4421325266451499,2.220446049250313e-16,0.06289594244583817,0.8232294055866965,2.220446049250313e-16,0.9247336586368485,2.220446049250313e-16,5.551115123125783e-17,2.220446049250313e-16,2.220446049250313e-16,0.5619278412875626,2.220446049250313e-16,0.5426353360154297,2.220446049250313e-16
5.0,0.011390140359328097,0.6440328430776507,2.220446049250313e-16,0.2889790201812659,0.0898555316392121,0.23473895003804965,2.220446049250313e-16,2.220446049250313e-16,2.220446049250313e-16,0.6082943563706884,2.220446049250313e-16,2.220446049250313e-16,0.6077164372384111,0.4254223772962121,0.6578265300611507,2.220446049250313e-16,2.220446049250313e-16,2.220446049250313e-16
6.0,0.926962667154241,0.008743802801209344,2.220446049250313e-16,2.220446049250313e-16,0.7422665009756372,2.220446049250313e-16,0.5323602885936602,0.808607673645652,2.220446049250313e-16,0.9029030993432468,2.220446049250313e-16,2.220446049250313e-16,2.220446049250313e-16,2.220446049250313e-16,2.220446049250313e-16,2.220446049250313e-16,0.05558746523143641,2.220446049250313e-16
7.0,0.0229213753613384,0.26228382947679396,2.220446049250313e-16,0.6211183370398471,2.220446049250313e-16,2.220446049250313e-16,2.220446049250313e-16,2.220446049250313e-16,2.220446049250313e-16,0.45063371128663016,0.21766147636595323,2.220446049250313e-16,2.220446049250313e-16,0.16099630173966475,0.6661038663145483,2.220446049250313e-16,2.220446049250313e-16,0.7365538980048776
8.0,0.6048159889148562,2.220446049250313e-16,0.01775243855477382,0.012762795197171446,1.025667478206675,0.9799301733184688,0.17636899239801593,2.220446049250313e-16,0.0972450981279574,2.220446049250313e-16,0.00356509574490892,0.49670965820234303,0.01030708386261381,2.220446049250313e-16,0.024103911841359106,2.220446049250313e-16,0.04596294525505731,2.220446049250313e-16
9.0,2.220446049250313e-16,0.012589993080456129,0.006773048574939655,2.220446049250313e-16,2.220446049250313e-16,2.220446049250313e-16,0.4076380900540873,2.220446049250313e-16,0.10481896325222692,2.220446049250313e-16,0.5961992253723082,0.27538019937768476,2.220446049250313e-16,0.17936550269283755,0.350037249040498,0.0005491827140711169,0.5078918860604946,1.277203163541225
10.0,0.6434858629807575,2.220446049250313e-16,0.18182366157807373,0.017098270488573025,0.9262506282014009,0.8837771206103228,0.008881924199164058,2.220446049250313e-16,0.360806499003765,0.08045073514589082,0.002570579312808196,0.4967770838308902,0.005579203782872896,0.15906128366067904,2.220446049250313e-16,2.220446049250313e-16,2.220446049250313e-16,2.220446049250313e-16
11.0,2.220446049250313e-16,0.014451151493774541,0.008321339777681569,0.00937498472425428,2.220446049250313e-16,2.220446049250313e-16,0.5398225404343038,0.01484954065763101,0.09740133332153195,0.024667942938523185,0.7643742038791771,0.29287462271700304,2.220446049250313e-16,2.220446049250313e-16,2.220446049250313e-16,0.4775755558799549,0.6143443751683206,1.1765623507894454
12.0,2.220446049250313e-16,2.220446049250313e-16,0.22245698994383023,0.03247130989211744,2.220446049250313e-16,0.8853817906196798,0.06032047444525722,0.5596515276130793,0.4774495197513261,0.17939421388437063,2.220446049250313e-16,2.220446049250313e-16,0.6716508725268243,0.788742512132809,0.041724126702280075,2.220446049250313e-16,2.220446049250313e-16,0.04470577863751321
13.0,2.220446049250313e-16,0.0258026436526563,2.220446049250313e-16,2.220446049250313e-16,0.13603913816316182,2.220446049250313e-16,0.3766560887051933,2.220446049250313e-16,2.220446049250313e-16,2.220446049250313e-16,0.7508745763868538,0.26595100096452373,0.0036437514935579126,2.220446049250313e-16,0.10345603326516406,0.00041334036013770774,0.581320074111011,1.3314468601462768
14.0,0.6148726465553546,2.220446049250313e-16,0.17125041166804422,2.220446049250313e-16,0.19931131470343894,1.244108425209205,2.220446049250313e-16,2.220446049250313e-16,0.05285837777952382,2.220446049250313e-16,2.220446049250313e-16,0.4788638275280779,2.220446049250313e-16,0.39463420081385864,7.467064234258998e-05,0.44927674067607737,2.220446049250313e-16,0.10159667027067656
15.0,2.220446049250313e-16,2.220446049250313e-16,2.220446049250313e-16,2.220446049250313e-16,0.31417382545910333,2.220446049250313e-16,0.8155841772119885,0.7808651314637338,0.11146230092231094,0.9706019675776774,2.220446049250313e-16,1.1102230246251565e-16,0.6448148987620005,0.3296400569202721,0.18905854540729544,2.220446049250313e-16,0.5244036392069062,2.220446049250313e-16
16.0,2.220446049250313e-16,2.220446049250313e-16,2.220446049250313e-16,0.040340916587013914,1.0564384710270747,0.2511508231183216,0.707582094063405,0.18735085880331487,2.220446049250313e-16,0.4282647719944094,2.220446049250313e-16,2.220446049250313e-16,0.6975841696757318,0.3752956863436875,0.02217968774056092,2.220446049250313e-16,0.03491643131735233,0.09877837732097554
17.0,2.220446049250313e-16,0.02584138422220694,0.01112070180271807,2.220446049250313e-16,0.026198384352789032,0.05460872484388515,0.7727521400975872,0.7934138365896629,0.23763785711239777,0.012139482612188635,2.220446049250313e-16,2.220446049250313e-16,2.220446049250313e-16,0.19461539594650465,2.220446049250313e-16,0.4766935441568955,0.4849552638190361,0.9855721183259732
18.0,2.220446049250313e-16,2.220446049250313e-16,0.1916164380870978,0.03090802321109698,0.05984924105387537,1.2632059278147836,2.220446049250313e-16,0.11844715867411557,0.4540843448056526,0.003994338539419147,2.220446049250313e-16,2.220446049250313e-16,0.6460101169064502,0.808704995071484,0.013061868689040287,0.44530776910618036,2.220446049250313e-16,2.220446049250313e-16
19.0,2.220446049250313e-16,0.01139533984245102,0.006660331003979225,0.008311543215247972,2.220446049250313e-16,2.220446049250313e-16,0.5234236961982401,0.015798422264237433,0.09555738844614968,0.024458535144446524,0.7572334452027135,0.2782008101561784,0.005035457271121224,2.220446049250313e-16,0.006836694148591287,0.0005898180248250578,0.6094899882736464,1.2609769321474757
20.0,0.00017011151014078874,2.220446049250313e-16,2.220446049250313e-16,0.8800125380042196,0.09403768551322658,2.220446049250313e-16,2.220446049250313e-16,0.7380980628590816,2.220446049250313e-16,0.9253534327132763,2.220446049250313e-16,1.1102230246251565e-16,0.03635174935276018,0.5502838852846474,0.6627049694315645,2.220446049250313e-16,2.220446049250313e-16,2.220446049250313e-16
21.0,0.876032551516448,2.220446049250313e-16,0.032479758513926926,2.220446049250313e-16,0.6906678489993645,0.7111634584339827,2.220446049250313e-16,2.220446049250313e-16,2.220446049250313e-16,0.8874056422810807,2.220446049250313e-16,0.4943684724610704,2.220446049250313e-16,2.220446049250313e-16,2.220446049250313e-16,2.220446049250313e-16,0.062093034357785806,0.014552431611897763
22.0,2.220446049250313e-16,0.6530569700034474,0.1473762352950312,1.0162725031000177,0.14016654072642123,2.220446049250313e-16,2.220446049250313e-16,2.220446049250313e-16,2.220446049250313e-16,2.220446049250313e-16,0.7682923085886638,2.220446049250313e-16,2.220446049250313e-16,2.220446049250313e-16,0.6024383693875861,2.220446049250313e-16,2.220446049250313e-16,0.015652074307318648
23.0,2.220446049250313e-16,0.6530569700034474,0.1473762352950312,1.0162725031000177,0.14016654072642123,2.220446049250313e-16,2.220446049250313e-16,2.220446049250313e-16,2.220446049250313e-16,2.220446049250313e-16,0.7682923085886638,2.220446049250313e-16,2.220446049250313e-16,2.220446049250313e-16,0.6024383693875861,2.220446049250313e-16,2.220446049250313e-16,0.015652074307318648
24.0,2.220446049250313e-16,0.6530569700034474,0.1473762352950312,1.0162725031000177,0.14016654072642123,2.220446049250313e-16,2.220446049250313e-16,2.220446049250313e-16,2.220446049250313e-16,2.220446049250313e-16,0.7682923085886638,2.220446049250313e-16,2.220446049250313e-16,2.220446049250313e-16,0.6024383693875861,2.220446049250313e-16,2.220446049250313e-16,0.015652074307318648
25.0,0.37244995449914103,0.3506129198635294,1.0084306357102553,2.220446049250313e-16,2.220446049250313e-16,0.1845434871463548,0.6560071633826455,0.0028352543646098702,2.220446049250313e-16,0.03536986117787492,0.6886943235262617,2.220446049250313e-16,0.10487802857111392,0.12903343159382352,0.00653684357790324,2.220446049250313e-16,2.220446049250313e-16,0.141497352975313
26.0,2.220446049250313e-16,0.9218327650273852,0.8467971843294417,2.220446049250313e-16,2.220446049250313e-16,0.17819603468814352,0.5540409112814747,2.220446049250313e-16,2.220446049250313e-16,2.220446049250313e-16,2.220446049250313e-16,2.220446049250313e-16,0.7225141103629322,0.10483374882381916,0.11194516254104274,2.220446049250313e-16,2.220446049250313e-16,0.12116877829848546
27.0,0.8330797545421954,0.13308180820353677,1.0084231125020182,2.220446049250313e-16,2.220446049250313e-16,0.556280884378668,2.220446049250313e-16,0.7559438343745518,2.220446049250313e-16,2.220446049250313e-16,2.220446049250313e-16,2.220446049250313e-16,2.220446049250313e-16,0.24156214947805812,2.220446049250313e-16,2.220446049250313e-16,2.220446049250313e-16,0.1552802038585606
28.0,2.220446049250313e-16,1.0790961381018669,0.9098924719761932,0.02487909939498399,0.09104374330846161,0.0012894148787059433,0.7329168745533132,2.220446049250313e-16,2.220446049250313e-16,2.220446049250313e-16,0.0031426295268055767,2.220446049250313e-16,0.5984986831367893,2.220446049250313e-16,2.220446049250313e-16,2.220446049250313e-16,2.220446049250313e-16,0.029253536462526975
29.0,2.220446049250313e-16,1.0790961381018669,0.9098924719761932,0.02487909939498399,0.09104374330846161,0.0012894148787059433,0.7329168745533132,2.220446049250313e-16,2.220446049250313e-16,2.220446049250313e-16,0.0031426295268055767,2.220446049250313e-16,0.5984986831367893,2.220446049250313e-16,2.220446049250313e-16,2.220446049250313e-16,2.220446049250313e-16,0.029253536462526975
30.0,2.220446049250313e-16,2.220446049250313e-16,2.220446049250313e-16,0.30083670935292345,2.220446049250313e-16,2.220446049250313e-16,0.09575288774829016,2.220446049250313e-16,2.220446049250313e-16,0.9182704026349666,0.6864756444637296,2.220446049250313e-16,0.6261099608387021,0.7664154161030718,0.7631224294160042,2.220446049250313e-16,2.220446049250313e-16,0.050884084553594056
31.0,0.6237826337036138,2.220446049250313e-16,2.220446049250313e-16,0.01622815410952394,0.7979337013058782,1.1045239918745546,2.220446049250313e-16,2.220446049250313e-16,0.5034785420223076,2.220446049250313e-16,2.220446049250313e-16,0.49662228898948246,0.008254123604698843,2.220446049250313e-16,0.022636382190245646,0.44926054993111897,2.220446049250313e-16,2.220446049250313e-16
32.0,0.6237826337036138,2.220446049250313e-16,2.220446049250313e-16,0.01622815410952394,0.7979337013058782,1.1045239918745546,2.220446049250313e-16,2.220446049250313e-16,0.5034785420223076,2.220446049250313e-16,2.220446049250313e-16,0.49662228898948246,0.008254123604698843,2.220446049250313e-16,0.022636382190245646,0.44926054993111897,2.220446049250313e-16,2.220446049250313e-16
33.0,2.220446049250313e-16,0.0258026436526563,2.220446049250313e-16,2.220446049250313e-16,0.13603913816316182,2.220446049250313e-16,0.3766560887051933,2.220446049250313e-16,2.220446049250313e-16,2.220446049250313e-16,0.7508745763868538,0.26595100096452373,0.0036437514935579126,2.220446049250313e-16,0.10345603326516406,0.00041334036013770774,0.581320074111011,1.3314468601462768
34.0,2.220446049250313e-16,0.025802643652656207,2.220446049250313e-16,2.220446049250313e-16,0.13603913816316204,2.220446049250313e-16,0.37665608870519324,2.220446049250313e-16,2.220446049250313e-16,2.220446049250313e-16,0.7508745763868538,0.26595100096452373,0.003643751493557882,2.220446049250313e-16,0.10345603326516414,0.00041334036013770503,0.5813200741110109,1.331446860146277
35.0,2.220446049250313e-16,0.8540150728466176,2.220446049250313e-16,0.9215036076958186,2.220446049250313e-16,0.15072759622965598,2.220446049250313e-16,2.220446049250313e-16,2.220446049250313e-16,0.4581156838916813,2.220446049250313e-16,2.220446049250313e-16,2.220446049250313e-16,2.220446049250313e-16,0.6894599151348876,2.220446049250313e-16,2.220446049250313e-16,2.220446049250313e-16
36.0,0.9320269151055546,2.220446049250313e-16,0.9062625865288375,2.220446049250313e-16,0.5076265905936841,0.6853653593158655,2.220446049250313e-16,2.220446049250313e-16,2.220446049250313e-16,0.12500111134995587,0.15780610132847256,2.220446049250313e-16,2.220446049250313e-16,2.220446049250313e-16,0.01730992713851861,2.220446049250313e-16,2.220446049250313e-16,2.220446049250313e-16
37.0,2.220446049250313e-16,1.059696483557142,0.5634888352026474,0.8981650054774879,2.220446049250313e-16,2.220446049250313e-16,0.024112397654398043,2.220446049250313e-16,0.5807367630815643,2.220446049250313e-16,0.001226291728070126,2.220446049250313e-16,2.220446049250313e-16,0.0012305325823642336,0.0040603448486566975,0.47673345868604666,0.010620679799001626,0.016323916697089387
38.0,2.220446049250313e-16,1.059696483557142,0.5634888352026474,0.8981650054774879,2.220446049250313e-16,2.220446049250313e-16,0.024112397654398043,2.220446049250313e-16,0.5807367630815643,2.220446049250313e-16,0.001226291728070126,2.220446049250313e-16,2.220446049250313e-16,0.0012305325823642336,0.0040603448486566975,0.47673345868604666,0.010620679799001626,0.016323916697089387
39.0,2.220446049250313e-16,1.0596964835571423,0.5634888352026478,0.8981650054774883,2.220446049250313e-16,2.220446049250313e-16,0.024112397654398123,2.220446049250313e-16,0.5807367630815641,2.220446049250313e-16,0.0012262917280701135,2.220446049250313e-16,2.220446049250313e-16,0.0012305325823639846,0.004060344848656719,0.4767334586860467,0.010620679799001739,0.01632391669708952
40.0,2.220446049250313e-16,2.220446049250313e-16,2.220446049250313e-16,0.3373207895978339,0.25657757085683963,2.220446049250313e-16,0.06815254336716886,0.782242063588159,2.220446049250313e-16,0.9561761788643248,2.220446049250313e-16,2.220446049250313e-16,0.042407855716538614,0.36277741609164443,0.9068367845608036,2.220446049250313e-16,0.09349652351613169,0.02934193916681434
41.0,0.3235218024398381,2.220446049250313e-16,2.220446049250313e-16,2.220446049250313e-16,0.3187769149686257,2.220446049250313e-16,0.6210189657236627,0.7933722957290344,0.12580903203460558,0.9325160892650689,2.220446049250313e-16,2.220446049250313e-16,0.5849170161097196,2.220446049250313e-16,0.47074095730856236,2.220446049250313e-16,0.5617139911569798,2.220446049250313e-16
42.0,0.005681102640895243,0.000903467515568579,2.220446049250313e-16,0.032483489085828154,1.4097212771996726,0.6383808327289934,0.20643046559083106,2.220446049250313e-16,2.220446049250313e-16,0.23087981232547508,0.0014105281170209488,2.220446049250313e-16,0.684402215270871,0.08118487519250955,2.220446049250313e-16,2.220446049250313e-16,0.031108009567370292,0.016787015546634716
43.0,0.001662486946899866,2.220446049250313e-16,2.220446049250313e-16,0.7244978898691816,0.087503144696922,0.026069892006082326,2.220446049250313e-16,0.7968469096941336,2.220446049250313e-16,0.11241434247176627,2.220446049250313e-16,2.220446049250313e-16,2.220446049250313e-16,0.23938490070568852,1.1390992708611756,2.220446049250313e-16,0.07668340313078237,0.32346758701726996
44.0,0.001662486946899866,2.220446049250313e-16,2.220446049250313e-16,0.7244978898691816,0.087503144696922,0.026069892006082326,2.220446049250313e-16,0.7968469096941336,2.220446049250313e-16,0.11241434247176627,2.220446049250313e-16,2.220446049250313e-16,2.220446049250313e-16,0.23938490070568852,1.1390992708611756,2.220446049250313e-16,0.07668340313078237,0.32346758701726996
45.0,2.220446049250313e-16,2.220446049250313e-16,2.220446049250313e-16,0.3423406462863048,2.220446049250313e-16,2.220446049250313e-16,0.09058954708596789,2.220446049250313e-16,2.220446049250313e-16,0.916964789097328,0.6844350599389701,2.220446049250313e-16,0.025138242495445752,0.7907463497402816,0.903533591814864,2.220446049250313e-16,0.10108647811613104,0.07461280291532328
46.0,0.2054284558362181,0.004629699144635624,2.220446049250313e-16,2.220446049250313e-16,1.1585780264200198,0.21552195210364503,0.7087835967960162,0.013791099217980394,2.220446049250313e-16,0.8646881241960886,2.220446049250313e-16,2.220446049250313e-16,0.6193404621597981,2.220446049250313e-16,2.220446049250313e-16,2.220446049250313e-16,0.03715208683963685,2.220446049250313e-16
47.0,2.220446049250313e-16,0.004395394394418003,2.220446049250313e-16,0.010843689294545156,1.3268563693311894,0.890111646297429,0.02961573765274992,2.220446049250313e-16,0.10611540072367345,0.10056841875292209,0.0030038211718897132,2.220446049250313e-16,0.6798410278528272,0.07902461123403554,2.220446049250313e-16,2.220446049250313e-16,0.03602307922218153,2.220446049250313e-16
48.0,2.220446049250313e-16,2.220446049250313e-16,2.220446049250313e-16,0.91295574527999,0.016906569015129547,0.07488859049148489,2.220446049250313e-16,0.7804104778681048,2.220446049250313e-16,2.220446049250313e-16,2.220446049250313e-16,2.220446049250313e-16,2.220446049250313e-16,0.19299131029676342,1.0085406403253625,2.220446049250313e-16,2.220446049250313e-16,0.42481460431583196
49.0,2.220446049250313e-16,2.220446049250313e-16,2.220446049250313e-16,0.91295574527999,0.016906569015129547,0.07488859049148489,2.220446049250313e-16,0.7804104778681048,2.220446049250313e-16,2.220446049250313e-16,2.220446049250313e-16,2.220446049250313e-16,2.220446049250313e-16,0.19299131029676342,1.0085406403253625,2.220446049250313e-16,2.220446049250313e-16,0.42481460431583196
50.0,2.220446049250313e-16,2.220446049250313e-16,2.220446049250313e-16,2.220446049250313e-16,2.220446049250313e-16,2.220446049250313e-16,0.8417904668099687,0.7635232057093817,0.514332463339085,0.933140733506777,2.220446049250313e-16,2.220446049250313e-16,0.6280091529198527,0.773183180620517,2.220446049250313e-16,2.220446049250313e-16,0.4479803954688744,2.220446049250313e-16
51.0,2.220446049250313e-16,0.9216101593473673,0.27626768538973234,2.220446049250313e-16,0.1401181303978611,2.220446049250313e-16,0.7002274517173206,2.220446049250313e-16,0.1397181318573059,2.220446049250313e-16,2.220446049250313e-16,0.4186659481391373,0.6109704713735068,2.220446049250313e-16,0.06720834622404237,2.220446049250313e-16,2.220446049250313e-16,0.452917965258008
52.0,0.8051919697004261,0.1384426787084253,1.0016209050483424,2.220446049250313e-16,2.220446049250313e-16,0.6652893344056389,2.220446049250313e-16,0.556760823683385,2.220446049250313e-16,2.220446049250313e-16,0.009835408506116318,2.220446049250313e-16,2.220446049250313e-16,0.4941193727128195,2.220446049250313e-16,2.220446049250313e-16,2.220446049250313e-16,0.03421923104103593
53.0,2.220446049250313e-16,1.0787259209700386,0.8185239388124633,0.02139791975891143,0.20436805825573914,2.220446049250313e-16,0.8246721207582126,2.220446049250313e-16,2.220446049250313e-16,2.220446049250313e-16,2.220446049250313e-16,2.220446049250313e-16,2.220446049250313e-16,2.220446049250313e-16,2.220446049250313e-16,2.220446049250313e-16,2.220446049250313e-16,0.2120999293200571
54.0,2.220446049250313e-16,1.0787259209700386,0.8185239388124633,0.02139791975891143,0.20436805825573914,2.220446049250313e-16,0.8246721207582126,2.220446049250313e-16,2.220446049250313e-16,2.220446049250313e-16,2.220446049250313e-16,2.220446049250313e-16,2.220446049250313e-16,2.220446049250313e-16,2.220446049250313e-16,2.220446049250313e-16,2.220446049250313e-16,0.2120999293200571
55.0,0.002277768341032392,0.8381271098396951,2.220446049250313e-16,0.8057835873203583,2.220446049250313e-16,0.10713528503825784,0.00017936577490275108,0.01860897290489042,0.5677586968474662,0.3268435307598671,2.220446049250313e-16,0.4832518049152055,2.220446049250313e-16,2.220446049250313e-16,0.020494909048287612,2.220446049250313e-16,0.4504771222576118,0.08094034663964718
56.0,0.9323027781074769,2.220446049250313e-16,0.8117397564332413,2.220446049250313e-16,0.5087872270173222,0.6897610807509588,2.220446049250313e-16,2.220446049250313e-16,2.220446049250313e-16,0.12502090049125278,0.15318464908998894,2.220446049250313e-16,2.220446049250313e-16,2.220446049250313e-16,0.007500106563314962,2.220446049250313e-16,2.220446049250313e-16,0.062383118426047254
57.0,2.220446049250313e-16,1.045885343183618,0.7302603594521249,0.8995897230586856,2.220446049250313e-16,2.220446049250313e-16,2.220446049250313e-16,2.220446049250313e-16,2.220446049250313e-16,2.220446049250313e-16,0.0014978724429487087,2.220446049250313e-16,2.220446049250313e-16,0.0008556454028225705,2.220446049250313e-16,0.47677363969765735,0.4436905189251615,0.00027909312039014756
58.0,2.220446049250313e-16,1.045885343183618,0.7302603594521249,0.8995897230586856,2.220446049250313e-16,2.220446049250313e-16,2.220446049250313e-16,2.220446049250313e-16,2.220446049250313e-16,2.220446049250313e-16,0.0014978724429487087,2.220446049250313e-16,2.220446049250313e-16,0.0008556454028225705,2.220446049250313e-16,0.47677363969765735,0.4436905189251615,0.00027909312039014756
59.0,2.220446049250313e-16,1.0458853431836177,0.7302603594521249,0.8995897230586856,2.220446049250313e-16,2.220446049250313e-16,2.220446049250313e-16,2.220446049250313e-16,2.220446049250313e-16,2.220446049250313e-16,0.0014978724429487087,2.220446049250313e-16,2.220446049250313e-16,0.0008556454028225176,2.220446049250313e-16,0.47677363969765746,0.44369051892516154,0.00027909312039009205
60.0,2.220446049250313e-16,2.220446049250313e-16,2.220446049250313e-16,2.220446049250313e-16,0.027836170805526944,2.220446049250313e-16,0.9030151979607244,0.7689669556014627,0.1057367822900014,0.9385689594766611,0.14200200410374944,2.220446049250313e-16,0.03417027714872971,0.6019966134239845,2.220446049250313e-16,2.220446049250313e-16,0.5295534069138729,0.20397912211525898
61.0,0.04592456682117253,2.220446049250313e-16,0.18808927388824936,2.220446049250313e-16,2.220446049250313e-16,1.3132702991106908,2.220446049250313e-16,0.11785460858253803,0.44960936991017003,0.011150479466591553,2.220446049250313e-16,2.220446049250313e-16,0.35424982537862015,0.8185038649681861,0.004946267029999508,0.44763518363736604,2.220446049250313e-16,0.06914395443109052
62.0,0.04592456682117253,2.220446049250313e-16,0.18808927388824936,2.220446049250313e-16,2.220446049250313e-16,1.3132702991106908,2.220446049250313e-16,0.11785460858253803,0.44960936991017003,0.011150479466591553,2.220446049250313e-16,2.220446049250313e-16,0.35424982537862015,0.8185038649681861,0.004946267029999508,0.44763518363736604,2.220446049250313e-16,0.06914395443109052
63.0,2.220446049250313e-16,0.02042753992521721,0.008527727399491591,2.220446049250313e-16,2.220446049250313e-16,0.0355066320734511,0.7817662448087462,0.010423875222224755,0.6971087591397327,0.01867738479908181,0.7773309750875774,0.31944278563275313,2.220446049250313e-16,2.220446049250313e-16,2.220446049250313e-16,0.47707419723668815,2.220446049250313e-16,1.0235794686289759
64.0,2.220446049250313e-16,0.02042753992521721,0.008527727399491591,2.220446049250313e-16,2.220446049250313e-16,0.0355066320734511,0.7817662448087462,0.010423875222224755,0.6971087591397327,0.01867738479908181,0.7773309750875774,0.31944278563275313,2.220446049250313e-16,2.220446049250313e-16,2.220446049250313e-16,0.47707419723668815,2.220446049250313e-16,1.0235794686289759
65.0,2.220446049250313e-16,2.220446049250313e-16,2.220446049250313e-16,2.220446049250313e-16,2.220446049250313e-16,2.220446049250313e-16,0.9135987841902073,2.220446049250313e-16,0.5644112330610218,0.9392462305604029,0.8290907567417335,0.4564221145306805,0.034715578584674264,0.5879741200647874,2.220446049250313e-16,2.220446049250313e-16,2.220446049250313e-16,0.23571667783423608
66.0,0.5203694835359989,2.220446049250313e-16,0.5442667997046109,2.220446049250313e-16,2.220446049250313e-16,1.2173318636332835,2.220446049250313e-16,0.124367620939571,2.220446049250313e-16,2.220446049250313e-16,2.220446049250313e-16,2.220446049250313e-16,2.220446049250313e-16,0.6928034257921315,0.008016608489390885,0.4500528293329625,2.220446049250313e-16,0.05803867480631261
67.0,0.5203694835359989,2.220446049250313e-16,0.5442667997046109,2.220446049250313e-16,2.220446049250313e-16,1.2173318636332835,2.220446049250313e-16,0.124367620939571,2.220446049250313e-16,2.220446049250313e-16,2.220446049250313e-16,2.220446049250313e-16,2.220446049250313e-16,0.6928034257921315,0.008016608489390885,0.4500528293329625,2.220446049250313e-16,0.05803867480631261
68.0,2.220446049250313e-16,0.014716467247838396,0.005892752220052588,2.220446049250313e-16,2.220446049250313e-16,0.028442097506226807,0.6462403631642099,2.220446049250313e-16,0.7019824223432,2.220446049250313e-16,0.7637071922225146,0.29146429120254697,0.005162157447247532,2.220446049250313e-16,0.038761346137055605,7.269142781858133e-05,2.220446049250313e-16,1.1845608812146602
69.0,2.220446049250313e-16,0.014716467247838396,0.005892752220052588,2.220446049250313e-16,2.220446049250313e-16,0.028442097506226807,0.6462403631642099,2.220446049250313e-16,0.7019824223432,2.220446049250313e-16,0.7637071922225146,0.29146429120254697,0.005162157447247532,2.220446049250313e-16,0.038761346137055605,7.269142781858133e-05,2.220446049250313e-16,1.1845608812146602
