20 0.16752978325656034 0.31869163089809965 0.2867192423425862 0.155046903706403 0.28140549310760604 0.43977358520856014 0.20290469796918242 0.2814054926606119 0.3777787272082919 0.27197234001686177 0.24121711994756836 0.3777787269026024 0.2725265177532054 0.4998511650249941 0.27889244213427367 0.29487216954032563 0.3186916326825762 0.31959537597395576 0.44517962325576116 0.25009370500118483
19 0.15540931465865174 0.2870328304327584 0.22935002598431595 0.12575366533799073 0.23917799803340684 0.5168975116688579 0.25963159351611925 0.23917799790540276 0.3689099571346176 0.25066314549140184 0.310861026607732 0.3689099566461129 0.23579789355084144 0.5917288150463762 0.2654984594151733 0.34659251932927876 0.28703283176031374 0.2689472222294757 0.4019370591212526 0.17819048297021645
27 0.28651747212508566 0.19968803595234833 0.32009030794312365 0.24503833373265232 0.3341333802924058 0.13519689529350004 0.1125540934713852 0.3341333798794404 0.4242169612245922 0.10069462101801116 0.09234694132940076 0.42421696091801164 0.43247097599016293 0.31023204094091766 0.5297902459735448 0.2016271645656957 0.1996880384534203 0.39933679589814836 0.17847360700435258 0.49364426668963335
49 0.15540931465865174 0.2870328304327584 0.22935002598431595 0.12575366533799073 0.23917799803340684 0.5168975116688579 0.25963159351611925 0.23917799790540276 0.3689099571346176 0.25066314549140184 0.310861026607732 0.3689099566461129 0.23579789355084144 0.5917288150463762 0.2654984594151733 0.34659251932927876 0.28703283176031374 0.2689472222294757 0.4019370591212526 0.17819048297021645
45 0.2341264688615645 0.08410820162451253 0.23501293979658025 0.15607764903972043 0.17559892010672815 0.39202134274076655 0.488136811157521 0.17559891975115535 0.4306382662128451 0.09393982405954061 0.44480811961715006 0.4306382658555872 0.23696355312384687 0.44334043120442695 0.3979629395903049 0.42806004079711546 0.08410820293431774 0.3423045367139208 0.28127918011305003 0.17189820526342564
51 0.18715413697496286 0.2511715066634286 0.289089588944103 0.16529519993650138 0.2704076566507323 0.5332280911453892 0.2721851784039479 0.2704076566358873 0.3393078930508515 0.26200187877863 0.31044690711186573 0.3393078926443296 0.21951147125472212 0.5168975116687754 0.23034230936008335 0.31894460311738054 0.2511715074806284 0.29491814546703665 0.4836354972920203 0.19217878406763148
16 0.34822967881152633 0.07595781338696223 0.3770039882288753 0.25622097616942036 0.20289310084237155 0.34700494194848536 0.40297902455115003 0.20289310081323256 0.3504648443612709 0.11030678917660111 0.39280195696416204 0.3504648440075335 0.44802252956250116 0.26914528853891423 0.3017802445450337 0.4307448908242221 0.07595781432829447 0.37983214903647444 0.35100293420941325 0.2518217587833105
28 0.22706071678873135 0.30263958605174507 0.21101748531628234 0.25949763591178937 0.6520325079899139 0.27040765664372846 0.12931561414924841 0.6520325077758068 0.21817883951432396 0.3283240635607958 0.11455068233988004 0.21817883919582598 0.23810316543438007 0.23917799799221745 0.14253129965915332 0.18104710307988967 0.3026395872489535 0.1975113220582899 0.31905131047123547 0.4351315880459613
43 0.010515276614639467 0.7586007319673566 0.0865489389539843 0.07019876370005683 0.3026395866001734 0.25117150705375746 0.004613122998397706 0.3026395865057595 0.1102435794103125 0.6149310433024275 0.030269437917722714 0.11024357891467317 0.12680519976582486 0.2870328310893013 0.031483197838411456 0.10117072613797469 0.7586007331734615 0.08793976181157626 0.24234354555828688 0.10348539369138689
25 0.39180126534236975 -0.02873695380477759 0.3058056274842273 0.22006631198756482 0.10908208608815757 0.206043819234176 0.6277205770848236 0.10908208576916432 0.40123238846078846 -0.02723202216128007 0.48447081337356707 0.40123238805951184 0.21447369355558085 0.2179174324447431 0.5189663966740694 0.37569610014221244 -0.028736951907621266 0.33689154828997947 0.17488765888718819 0.19264142077091234
44 0.010515276614639467 0.7586007319673566 0.0865489389539843 0.07019876370005683 0.3026395866001734 0.25117150705375746 0.004613122998397706 0.3026395865057595 0.1102435794103125 0.6149310433024275 0.030269437917722714 0.11024357891467317 0.12680519976582486 0.2870328310893013 0.031483197838411456 0.10117072613797469 0.7586007331734615 0.08793976181157626 0.24234354555828688 0.10348539369138689
40 0.15540931465865174 0.2870328304327584 0.22935002598431595 0.12575366533799073 0.23917799803340684 0.5168975116688579 0.25963159351611925 0.23917799790540276 0.3689099571346176 0.25066314549140184 0.310861026607732 0.3689099566461129 0.23579789355084144 0.5917288150463762 0.2654984594151733 0.34659251932927876 0.28703283176031374 0.2689472222294757 0.4019370591212526 0.17819048297021645
50 0.34822967881152633 0.07595781338696223 0.3770039882288753 0.25622097616942036 0.20289310084237155 0.34700494194848536 0.40297902455115003 0.20289310081323256 0.3504648443612709 0.11030678917660111 0.39280195696416204 0.3504648440075335 0.44802252956250116 0.26914528853891423 0.3017802445450337 0.4307448908242221 0.07595781432829447 0.37983214903647444 0.35100293420941325 0.2518217587833105
52 0.41240258594599366 0.08654893805759294 0.49292678939917633 0.41739454049515795 0.21101748523219796 0.2890895889442094 0.3610791259110626 0.21101748533122527 0.34729569761793655 0.08634945030607195 0.2930851819089643 0.34729569724176235 0.2625799957918711 0.2293500259842729 0.36981752934836526 0.250202343153626 0.08654893978435838 0.4302524704003457 0.36115845018521586 0.3516926052808097
34 0.17299177358053638 0.4014890247765385 0.20283281845841813 0.15638637801679756 0.5311788104325135 0.2189529390857527 0.07640234279997977 0.531178810392799 0.32268903932634363 0.32181460068962875 0.07716967376218845 0.32268903888129663 0.32926885882683704 0.33521202910053477 0.25749520500864237 0.19050224454093503 0.4014890272510816 0.25848706380562475 0.270755733750218 0.4250721172501871
2 0.2805533804408986 0.15721245754985128 0.33969036038328254 0.20031094719677373 0.2357401857897207 0.2602912302657678 0.2750988447859661 0.23574018554418086 0.4643077293059827 0.09082196341136647 0.2541316774626904 0.46430772887570265 0.349931738252566 0.3671153641000354 0.5121796884507113 0.308765019370361 0.15721245940280235 0.3957486677491074 0.26153230340770345 0.3428545295406786
21 0.4712649823725352 0.07019876297000106 0.4173945404951527 0.8395803936467174 0.25949763617580646 0.16529519993657898 0.25038326038294073 0.2594976359322752 0.20231739872440638 0.0753347985662302 0.1906891880691861 0.20231739844180047 0.20851234630795434 0.1257536653379426 0.24498156006349978 0.15831266379591769 0.07019876434689908 0.31238440488532576 0.2421120164876575 0.48966617954613056
17 0.18715413697496286 0.2511715066634286 0.289089588944103 0.16529519993650138 0.2704076566507323 0.5332280911453892 0.2721851784039479 0.2704076566358873 0.3393078930508515 0.26200187877863 0.31044690711186573 0.3393078926443296 0.21951147125472212 0.5168975116687754 0.23034230936008335 0.31894460311738054 0.2511715074806284 0.29491814546703665 0.4836354972920203 0.19217878406763148
30 0.31772890557346806 0.10804320570648368 0.3176428180036876 0.17763454460157532 0.2590672296917099 0.345568867680182 0.3921265699704699 0.25906722942611543 0.437913210710835 0.08740985820238913 0.35095817406564195 0.43791321016456286 0.26911252434178196 0.3733508962393566 0.4067294347587833 0.3603440308571908 0.1080432071345081 0.3471774253423965 0.3086497449167852 0.3139598689484217
68 0.22706071678873135 0.30263958605174507 0.21101748531628234 0.25949763591178937 0.6520325079899139 0.27040765664372846 0.12931561414924841 0.6520325077758068 0.21817883951432396 0.3283240635607958 0.11455068233988004 0.21817883919582598 0.23810316543438007 0.23917799799221745 0.14253129965915332 0.18104710307988967 0.3026395872489535 0.1975113220582899 0.31905131047123547 0.4351315880459613
67 0.47377096828955345 0.10348539294146186 0.3516926052807898 0.48966617954613945 0.43513158818855757 0.1921787840677105 0.2101802923243845 0.4351315880101829 0.2830076906777208 0.09573705127090104 0.14685598197446725 0.28300769034109763 0.2754921463361777 0.17819048297013662 0.26257105360347666 0.19020690974590604 0.10348539453740213 0.31233545145813846 0.24943443288376121 0.6061473299366114
12 0.34822967881152633 0.07595781338696223 0.3770039882288753 0.25622097616942036 0.20289310084237155 0.34700494194848536 0.40297902455115003 0.20289310081323256 0.3504648443612709 0.11030678917660111 0.39280195696416204 0.3504648440075335 0.44802252956250116 0.26914528853891423 0.3017802445450337 0.4307448908242221 0.07595781432829447 0.37983214903647444 0.35100293420941325 0.2518217587833105
6 0.371457907277754 0.0895225908853377 0.4040057673654905 0.26836075767031053 0.2422218799918038 0.33922455400841794 0.40150692043764485 0.2422218796311101 0.39613796073851265 0.08725593068451348 0.3428941444949057 0.39613796038833593 0.2542505922996257 0.3071564498317588 0.3739009626054575 0.3197541869781721 0.08952259239778107 0.38500151554532275 0.34990044255130137 0.3260828992522445
41 0.30741358013949527 0.11024357841376735 0.3472956974047137 0.20231739861464773 0.21817883931408447 0.3393078927166626 0.3938518654174777 0.2181788393863903 0.43824609316236324 0.08563213777871038 0.35321223913471883 0.4382460927084177 0.2759827244909371 0.36890995685887484 0.43081225973158044 0.3510988456292427 0.11024357999788267 0.37092863866279013 0.3149075428327161 0.2830076905759158
55 0.45084863774180595 0.0010449427237474928 0.2913619819802767 0.26608829446292104 0.1878746755717305 0.2676331610119099 0.48704851423811757 0.18787467551459716 0.3731166392430145 0.02603762579547799 0.4216517806553949 0.3731166387283627 0.4254429578146487 0.19332576708337312 0.35663368981007776 0.4039955534393878 0.0010449432168339796 0.39116693709971406 0.2258927800982456 0.2892237538631025
62 0.4505390975337897 0.08159034120758113 0.4788579263207331 0.43516633461476506 0.20238508165344896 0.11280595640317108 0.12196866874534196 0.20238508161023205 0.20814419545949076 0.03135823394812363 0.41723815003453263 0.2081441951365167 0.678822325553922 0.08070126078444911 0.34226667858208887 0.25590080491977 0.08159034280259984 0.31515127337063403 0.22373536102866953 0.41131037675321086
10 0.371457907277754 0.0895225908853377 0.4040057673654905 0.26836075767031053 0.2422218799918038 0.33922455400841794 0.40150692043764485 0.2422218796311101 0.39613796073851265 0.08725593068451348 0.3428941444949057 0.39613796038833593 0.2542505922996257 0.3071564498317588 0.3739009626054575 0.3197541869781721 0.08952259239778107 0.38500151554532275 0.34990044255130137 0.3260828992522445
15 0.31179965992924 0.08041813589749747 0.29657195700909383 0.22289297672071134 0.21403756538633228 0.3346718684762123 0.3717048267536032 0.21403756540356375 0.3288109035717222 0.1267307297099648 0.4032671492150599 0.3288109032542726 0.5886191164957691 0.2675524003679957 0.25857849564507196 0.5099715862160504 0.0804181364569908 0.3419199113346445 0.3102878817140001 0.23310266846483954
9 0.19066871067926136 0.1089466544459386 0.1978601299369352 0.1410345350610671 0.1689811728741839 0.37730288127524536 0.46226116387555166 0.1689811726966924 0.4600178206680533 0.0753092824495089 0.43928452743399227 0.4600178204037126 0.24968336673477579 0.484957150879867 0.44592078947630626 0.42609326346664556 0.10894665600499868 0.28375690462843167 0.24637640803430874 0.16237322780105012
61 0.2907227859673554 0.03286230879316448 0.29359282404270565 0.19630949835942224 0.12449377488415159 0.2969746900008797 0.4188184932357997 0.12449377463851208 0.33432119623991613 0.03693778719743563 0.7168595898054734 0.33432119570164576 0.4158825792114586 0.2761261406636911 0.3445127064962796 0.4504343367900821 0.03286231019895763 0.29538360429745963 0.2629122715756217 0.16398302913732424
18 0.359315933159764 0.06286729933326199 0.4306365568171791 0.3045781389374772 0.18044361599738812 0.37110517186299485 0.4777451829932903 0.18044361577188184 0.36457967638369815 0.08120722524326247 0.4037375850528839 0.36457967600297464 0.22053525056540269 0.3045799205514754 0.3481206729729553 0.32246454906093414 0.06286730079522537 0.3906753670999519 0.3740585925161924 0.24307372930469967
7 0.26361362203061217 0.09775188184473889 0.2898968722126502 0.17055770975632956 0.19195721345560776 0.3758490251061756 0.4547329288656615 0.19195721324255377 0.44009051341720484 0.08027731351162526 0.41492019157647464 0.44009051294481777 0.2483097070888787 0.41773887490219286 0.4177879205566002 0.39120774908149497 0.0977518832055795 0.3316609501851653 0.3014491900329912 0.21423056717824607
0 0.38183891840310236 0.03148319692632517 0.3698175293483746 0.24498156006350935 0.14253129980095916 0.23034230936014788 0.45941485002318566 0.14253129958637273 0.43081225993105443 0.0101824515153944 0.37327207681715113 0.43081225940678214 0.2846990913625874 0.2654984594151299 0.5544766786651554 0.3360470821138591 0.031483198647881516 0.39361575090450635 0.21037984176613328 0.2625710536034938
22 0.020428255865942054 0.6509237098526139 0.07605729883373934 0.11729481418032092 0.40002546877309114 0.32571016329323443 -0.00614547241093716 0.40002546874702555 0.0520296347440884 0.6771195289618379 0.04174139675019341 0.05202963455165749 0.09686385564211282 0.17386102957043562 0.07955795403723774 0.07796263943001401 0.6509237094773556 0.07105323738807806 0.42631689463226846 0.038784959551290556
47 0.36424465734502015 0.08793976100052196 0.4302524704003285 0.31238440488532476 0.1975113221597696 0.2949181454671321 0.36338099210238906 0.1975113219737904 0.370928638860659 0.12665452715812026 0.29361313488543156 0.370928638461453 0.29912810785836375 0.2689472222294115 0.3936157509044873 0.308421167801992 0.08793976265059616 0.5220742299097044 0.3357165791631177 0.3123354514581298
46 0.2749896820132535 0.030269437225029314 0.29308518190895994 0.19068918806919072 0.11455068237848184 0.31044690711196304 0.46042504513531396 0.11455068231456378 0.35321223937040863 0.029812394112804185 0.7300637556499787 0.35321223893865894 0.3115895157991576 0.3108610266076865 0.37327207681714947 0.41408339397068455 0.03026943875710001 0.2936131348854403 0.2645373125504265 0.1468559819744575
5 0.3143438490062789 0.08670014013320286 0.3452211745246645 0.20712738464548502 0.2101471729397352 0.37324222611589614 0.4521318308234165 0.2101471726493272 0.41675474573221877 0.08283994030933185 0.3995665294698178 0.41675474523732386 0.2411603196885095 0.3690794937623851 0.38717587197435216 0.36502761735640094 0.08670014162390813 0.3551111264762861 0.3336718674386828 0.25129056849567416
8 0.3878114448564719 0.004613122084370592 0.36107912591105995 0.25038326038295217 0.12931561429928135 0.2721851784040168 0.5784107487924649 0.12931561407110437 0.3938518656028083 0.00784225738773353 0.46042504513531707 0.39385186523104115 0.21959013934044988 0.25963159351610343 0.4594148500231921 0.36088814968039934 0.004613123998863379 0.363380992102402 0.24281170702576846 0.21018029232439162
14 0.2502375319774348 0.12680519911315105 0.2625799957918589 0.20851234630795015 0.23810316551559704 0.2195114712547808 0.2195901393404359 0.23810316537536164 0.27598272470190066 0.13400330071316274 0.3115895157991528 0.2759827243584114 0.8039632503278314 0.23579789355078862 0.28469909136257143 0.5628632470966567 0.12680520034885676 0.2991281078583616 0.22456070079529067 0.2754921463361567
42 0.49475491924695486 0.047192406245255704 0.436637440245804 0.38234752807896394 0.1813761540180968 0.1533930951611351 0.30703623165347405 0.18137615396695012 0.37379022415981555 0.014333000951645913 0.22742350326987434 0.37379022384596117 0.3382329916377432 0.19775871092867248 0.5581291757921548 0.22622668275917793 0.04719240787609081 0.43039071638111603 0.17955995811785178 0.4063689059529974
58 0.22706071678873135 0.30263958605174507 0.21101748531628234 0.25949763591178937 0.6520325079899139 0.27040765664372846 0.12931561414924841 0.6520325077758068 0.21817883951432396 0.3283240635607958 0.11455068233988004 0.21817883919582598 0.23810316543438007 0.23917799799221745 0.14253129965915332 0.18104710307988967 0.3026395872489535 0.1975113220582899 0.31905131047123547 0.4351315880459613
37 0.49475491924695486 0.047192406245255704 0.436637440245804 0.38234752807896394 0.1813761540180968 0.1533930951611351 0.30703623165347405 0.18137615396695012 0.37379022415981555 0.014333000951645913 0.22742350326987434 0.37379022384596117 0.3382329916377432 0.19775871092867248 0.5581291757921548 0.22622668275917793 0.04719240787609081 0.43039071638111603 0.17955995811785178 0.4063689059529974
64 0.010615268219548855 0.6149310432899306 0.08634945030607957 0.07533479856624065 0.3283240636640031 0.26200187877865266 0.007842257387723948 0.32832406354999566 0.08563213777174701 0.8566098411387033 0.029812394112801354 0.08563213757266465 0.13400330071316252 0.25066314549139923 0.010182451515389246 0.11738834118085086 0.6149310431726039 0.12665452715812447 0.277418518783191 0.09573705127090505
38 0.010515276614639467 0.7586007319673566 0.0865489389539843 0.07019876370005683 0.3026395866001734 0.25117150705375746 0.004613122998397706 0.3026395865057595 0.1102435794103125 0.6149310433024275 0.030269437917722714 0.11024357891467317 0.12680519976582486 0.2870328310893013 0.031483197838411456 0.10117072613797469 0.7586007331734615 0.08793976181157626 0.24234354555828688 0.10348539369138689
63 0.010615268219548855 0.6149310432899306 0.08634945030607957 0.07533479856624065 0.3283240636640031 0.26200187877865266 0.007842257387723948 0.32832406354999566 0.08563213777174701 0.8566098411387033 0.029812394112801354 0.08563213757266465 0.13400330071316252 0.25066314549139923 0.010182451515389246 0.11738834118085086 0.6149310431726039 0.12665452715812447 0.277418518783191 0.09573705127090505
23 0.020428255865942054 0.6509237098526139 0.07605729883373934 0.11729481418032092 0.40002546877309114 0.32571016329323443 -0.00614547241093716 0.40002546874702555 0.0520296347440884 0.6771195289618379 0.04174139675019341 0.05202963455165749 0.09686385564211282 0.17386102957043562 0.07955795403723774 0.07796263943001401 0.6509237094773556 0.07105323738807806 0.42631689463226846 0.038784959551290556
56 0.3858568796039866 0.1580559508142367 0.36455285990565844 0.3346604110783599 0.3797687483554346 0.16700199015514278 0.15502312329482662 0.3797687480041906 0.3733155854914562 0.10056647270158536 0.11418846662325464 0.3733155851566144 0.3680666475634078 0.2426844319490359 0.41970743586783255 0.19695958414030731 0.15805595285962473 0.3831581148622317 0.23265978913981705 0.5505735244259212
60 0.23334378531450456 0.10117072534445205 0.25020234315363066 0.15831266379592612 0.18104710322091158 0.31894460311746664 0.3608881496803914 0.18104710304893828 0.35109884587900114 0.11738834118085205 0.4140833939706853 0.351098845397423 0.5628632470966667 0.3465925193292483 0.33604708211385853 0.5969048373481819 0.10117072677430869 0.3084211678020058 0.26578357953165144 0.19020690974591384
13 0.27496141277969766 0.07394234817964113 0.2600569020739451 0.18761343368230737 0.19109888408656053 0.34791001592563814 0.4028588365002135 0.1910988840340901 0.33248430330295425 0.13250002468822078 0.4304987294058444 0.3324843029090557 0.5433827748928728 0.31196320165956803 0.27432483343007075 0.5613926632941512 0.07394234904615724 0.3503869733006068 0.2943432939965846 0.19185655048466355
26 0.28651747212508566 0.19968803595234833 0.32009030794312365 0.24503833373265232 0.3341333802924058 0.13519689529350004 0.1125540934713852 0.3341333798794404 0.4242169612245922 0.10069462101801116 0.09234694132940076 0.42421696091801164 0.43247097599016293 0.31023204094091766 0.5297902459735448 0.2016271645656957 0.1996880384534203 0.39933679589814836 0.17847360700435258 0.49364426668963335
69 0.22706071678873135 0.30263958605174507 0.21101748531628234 0.25949763591178937 0.6520325079899139 0.27040765664372846 0.12931561414924841 0.6520325077758068 0.21817883951432396 0.3283240635607958 0.11455068233988004 0.21817883919582598 0.23810316543438007 0.23917799799221745 0.14253129965915332 0.18104710307988967 0.3026395872489535 0.1975113220582899 0.31905131047123547 0.4351315880459613
57 0.3858568796039866 0.1580559508142367 0.36455285990565844 0.3346604110783599 0.3797687483554346 0.16700199015514278 0.15502312329482662 0.3797687480041906 0.3733155854914562 0.10056647270158536 0.11418846662325464 0.3733155851566144 0.3680666475634078 0.2426844319490359 0.41970743586783255 0.19695958414030731 0.15805595285962473 0.3831581148622317 0.23265978913981705 0.5505735244259212
1 0.16109408343652581 0.3799949763826067 0.2330737666696461 0.12048459022839726 0.3676875839032172 0.343329081945899 0.13756582576939164 0.3676875836996515 0.38605579674421187 0.2918585455599835 0.16957462449715663 0.3860557965376061 0.31062188366468413 0.4730592548288754 0.29652395909935203 0.2701835056458577 0.3799949787082853 0.2938539831917178 0.35296953446698365 0.32242864853427405
33 0.17299177358053638 0.4014890247765385 0.20283281845841813 0.15638637801679756 0.5311788104325135 0.2189529390857527 0.07640234279997977 0.531178810392799 0.32268903932634363 0.32181460068962875 0.07716967376218845 0.32268903888129663 0.32926885882683704 0.33521202910053477 0.25749520500864237 0.19050224454093503 0.4014890272510816 0.25848706380562475 0.270755733750218 0.4250721172501871
35 0.18715413697496286 0.2511715066634286 0.289089588944103 0.16529519993650138 0.2704076566507323 0.5332280911453892 0.2721851784039479 0.2704076566358873 0.3393078930508515 0.26200187877863 0.31044690711186573 0.3393078926443296 0.21951147125472212 0.5168975116687754 0.23034230936008335 0.31894460311738054 0.2511715074806284 0.29491814546703665 0.4836354972920203 0.19217878406763148
48 0.020428255865942054 0.6509237098526139 0.07605729883373934 0.11729481418032092 0.40002546877309114 0.32571016329323443 -0.00614547241093716 0.40002546874702555 0.0520296347440884 0.6771195289618379 0.04174139675019341 0.05202963455165749 0.09686385564211282 0.17386102957043562 0.07955795403723774 0.07796263943001401 0.6509237094773556 0.07105323738807806 0.42631689463226846 0.038784959551290556
65 0.38448721630258137 0.08640324183617525 0.3644000212925646 0.23686746620519544 0.29632985969902215 0.34673190724806763 0.39930938789875786 0.2963298596465176 0.3940622409340489 0.08956881684479914 0.3395249666330443 0.3940622404498056 0.24527369103571103 0.3124988922811843 0.3412116869173528 0.33067056674446854 0.08640324336244713 0.3532285503369139 0.34073137943990484 0.36675555543643434
54 0.3143438490062789 0.08670014013320286 0.3452211745246645 0.20712738464548502 0.2101471729397352 0.37324222611589614 0.4521318308234165 0.2101471726493272 0.41675474573221877 0.08283994030933185 0.3995665294698178 0.41675474523732386 0.2411603196885095 0.3690794937623851 0.38717587197435216 0.36502761735640094 0.08670014162390813 0.3551111264762861 0.3336718674386828 0.25129056849567416
53 0.020428255865942054 0.6509237098526139 0.07605729883373934 0.11729481418032092 0.40002546877309114 0.32571016329323443 -0.00614547241093716 0.40002546874702555 0.0520296347440884 0.6771195289618379 0.04174139675019341 0.05202963455165749 0.09686385564211282 0.17386102957043562 0.07955795403723774 0.07796263943001401 0.6509237094773556 0.07105323738807806 0.42631689463226846 0.038784959551290556
59 0.22706071678873135 0.30263958605174507 0.21101748531628234 0.25949763591178937 0.6520325079899139 0.27040765664372846 0.12931561414924841 0.6520325077758068 0.21817883951432396 0.3283240635607958 0.11455068233988004 0.21817883919582598 0.23810316543438007 0.23917799799221745 0.14253129965915332 0.18104710307988967 0.3026395872489535 0.1975113220582899 0.31905131047123547 0.4351315880459613
32 0.47377096828955345 0.10348539294146186 0.3516926052807898 0.48966617954613945 0.43513158818855757 0.1921787840677105 0.2101802923243845 0.4351315880101829 0.2830076906777208 0.09573705127090104 0.14685598197446725 0.28300769034109763 0.2754921463361777 0.17819048297013662 0.26257105360347666 0.19020690974590604 0.10348539453740213 0.31233545145813846 0.24943443288376121 0.6061473299366114
31 0.6055073129343234 0.010515275748102465 0.4124025859459724 0.4712649823725587 0.22706071685250767 0.18715413697522026 0.38781144485646496 0.22706071679726286 0.3074135803573553 0.010615268219536698 0.27498968201325547 0.3074135798147073 0.25023753197745274 0.15540931465852972 0.38183891840312656 0.23334378531450625 0.010515277378974442 0.36424465734504263 0.20866998284894106 0.4737709682896023
4 0.3056439068885348 0.06686353012094257 0.3657587027223472 0.23772616773608143 0.16543666467164134 0.39412726473367105 0.506821513029555 0.16543666437246152 0.38990019099441986 0.07843457612307929 0.44190277969660874 0.38990019037629026 0.21708870518980786 0.36449694850875763 0.36652214402014993 0.3631759623177303 0.06686353133802235 0.3595503271374343 0.35008881053707785 0.19165803712372784
11 0.18715413697496286 0.2511715066634286 0.289089588944103 0.16529519993650138 0.2704076566507323 0.5332280911453892 0.2721851784039479 0.2704076566358873 0.3393078930508515 0.26200187877863 0.31044690711186573 0.3393078926443296 0.21951147125472212 0.5168975116687754 0.23034230936008335 0.31894460311738054 0.2511715074806284 0.29491814546703665 0.4836354972920203 0.19217878406763148
36 0.30741358013949527 0.11024357841376735 0.3472956974047137 0.20231739861464773 0.21817883931408447 0.3393078927166626 0.3938518654174777 0.2181788393863903 0.43824609316236324 0.08563213777871038 0.35321223913471883 0.4382460927084177 0.2759827244909371 0.36890995685887484 0.43081225973158044 0.3510988456292427 0.11024357999788267 0.37092863866279013 0.3149075428327161 0.2830076905759158
3 0.18715413697496286 0.2511715066634286 0.289089588944103 0.16529519993650138 0.2704076566507323 0.5332280911453892 0.2721851784039479 0.2704076566358873 0.3393078930508515 0.26200187877863 0.31044690711186573 0.3393078926443296 0.21951147125472212 0.5168975116687754 0.23034230936008335 0.31894460311738054 0.2511715074806284 0.29491814546703665 0.4836354972920203 0.19217878406763148
66 0.47377096828955345 0.10348539294146186 0.3516926052807898 0.48966617954613945 0.43513158818855757 0.1921787840677105 0.2101802923243845 0.4351315880101829 0.2830076906777208 0.09573705127090104 0.14685598197446725 0.28300769034109763 0.2754921463361777 0.17819048297013662 0.26257105360347666 0.19020690974590604 0.10348539453740213 0.31233545145813846 0.24943443288376121 0.6061473299366114
29 0.22706071678873135 0.30263958605174507 0.21101748531628234 0.25949763591178937 0.6520325079899139 0.27040765664372846 0.12931561414924841 0.6520325077758068 0.21817883951432396 0.3283240635607958 0.11455068233988004 0.21817883919582598 0.23810316543438007 0.23917799799221745 0.14253129965915332 0.18104710307988967 0.3026395872489535 0.1975113220582899 0.31905131047123547 0.4351315880459613
24 0.2086699828490488 0.24234354484486445 0.36115845018524784 0.24211201648771435 0.3190513104587124 0.48363549729212696 0.24281170702579716 0.3190513102779559 0.3149075431009687 0.2774185187832196 0.2645373125504235 0.3149075426848958 0.22456070079533128 0.401937059121258 0.21037984176616864 0.2657835795316858 0.24234354622551785 0.33571657916315956 0.5535475577620517 0.2494344328837992
39 0.010515276614639467 0.7586007319673566 0.0865489389539843 0.07019876370005683 0.3026395866001734 0.25117150705375746 0.004613122998397706 0.3026395865057595 0.1102435794103125 0.6149310433024275 0.030269437917722714 0.11024357891467317 0.12680519976582486 0.2870328310893013 0.031483197838411456 0.10117072613797469 0.7586007331734615 0.08793976181157626 0.24234354555828688 0.10348539369138689
