58 0.34027009242232303 0.31843462698760727 0.14115036894021699 0.23506327019590664 0.5124631220724672 0.19556799401886907 0.2643149831424543 0.21124364776961085 0.3941746284882613 0.512463121985317 0.3184346269210835 0.5124631219146382 0.3184346270069826 0.31843462687846935 0.21124364799706488 0.15485236273323683 0.23506326967326024 0.270381529696067 0.23506327124576593 0.23506327129963003
19 0.19651687875645218 0.17647005361431384 0.25958086344113385 0.43657142542012767 0.21124364790638486 0.13672951883150755 0.24886970444717046 0.5147060337643029 0.29593619089552187 0.21124364789953748 0.1764700536538151 0.21124364788155145 0.17647005343609146 0.17647005321791595 0.5147060340444527 0.3273463945206944 0.436571424891066 0.26071538397547767 0.4365714265453735 0.4365714265374998
48 0.19651687875645218 0.17647005361431384 0.25958086344113385 0.43657142542012767 0.21124364790638486 0.13672951883150755 0.24886970444717046 0.5147060337643029 0.29593619089552187 0.21124364789953748 0.1764700536538151 0.21124364788155145 0.17647005343609146 0.17647005321791595 0.5147060340444527 0.3273463945206944 0.436571424891066 0.26071538397547767 0.4365714265453735 0.4365714265374998
52 -0.04002634299439831 0.35900305918989456 0.6554817601025836 0.24689518750134273 0.1411503688500628 0.36029802798377547 0.42743740398473357 0.259580863373591 0.1775368885278127 0.1411503687740339 0.3590030590850632 0.14115036894155078 0.3590030591757234 0.35900305891654294 0.2595808635303427 0.5195508286947859 0.24689518719070938 -0.02958530904778919 0.24689518812396613 0.2468951881812281
26 -0.04002634299439831 0.35900305918989456 0.6554817601025836 0.24689518750134273 0.1411503688500628 0.36029802798377547 0.42743740398473357 0.259580863373591 0.1775368885278127 0.1411503687740339 0.3590030590850632 0.14115036894155078 0.3590030591757234 0.35900305891654294 0.2595808635303427 0.5195508286947859 0.24689518719070938 -0.02958530904778919 0.24689518812396613 0.2468951881812281
57 0.07303990561979613 0.45789313859614306 0.3590030589606414 0.2014185989081012 0.31843462672871353 0.4273288513537836 0.397005480954685 0.17647005330631169 0.28738048407639527 0.31843462679227275 0.45789313891634476 0.3184346268519735 0.45789313903205087 0.45789313867128 0.1764700535572226 0.26484463602700886 0.20141859882978747 0.0734911139046548 0.20141859969882403 0.20141859974823917
35 0.03126341739479602 0.3183107154476328 0.48022324437792024 0.334034284263902 0.23566669189387837 0.22675237097601095 0.39559586983141354 0.3435709919839891 0.2238319154796269 0.23566669175105112 0.31831071543034456 0.23566669176256913 0.31831071547301554 0.31831071518307696 0.3435709922298154 0.504096653941214 0.3340342833513463 0.03382384834088445 0.33403428524985196 0.33403428509595307
45 0.24130354254096353 0.20141859946306795 0.24689518787844378 0.45620204124134034 0.2350632706657052 0.17581507857810297 0.263853239005317 0.4365714259001834 0.2443502916474949 0.2350632706657052 0.20141859946306795 0.23506327054928988 0.2014185995067237 0.2014185991429258 0.436571426136652 0.3659186632314153 0.45620204077567905 0.21206106890185206 0.45620204231818207 0.45620204191072844
13 0.19651687875645218 0.17647005361431384 0.25958086344113385 0.43657142542012767 0.21124364790638486 0.13672951883150755 0.24886970444717046 0.5147060337643029 0.29593619089552187 0.21124364789953748 0.1764700536538151 0.21124364788155145 0.17647005343609146 0.17647005321791595 0.5147060340444527 0.3273463945206944 0.436571424891066 0.26071538397547767 0.4365714265453735 0.4365714265374998
14 -0.07577673931497597 0.19839269803750176 0.6692953801723578 0.2892417774992013 0.10190755185508683 0.25620260714596615 0.29103671333426984 0.4079775235884449 0.1427738159671333 0.10190755185877075 0.19839269781066465 0.10190755171198985 0.19839269787746266 0.19839269747243363 0.4079775237684257 0.7163862201895977 0.2892417775428985 -0.06976171972034305 0.28924177765722847 0.28924177809660306
34 0.03126341739479602 0.3183107154476328 0.48022324437792024 0.334034284263902 0.23566669189387837 0.22675237097601095 0.39559586983141354 0.3435709919839891 0.2238319154796269 0.23566669175105112 0.31831071543034456 0.23566669176256913 0.31831071547301554 0.31831071518307696 0.3435709922298154 0.504096653941214 0.3340342833513463 0.03382384834088445 0.33403428524985196 0.33403428509595307
67 0.6819309125580585 0.07349111420447202 -0.029585309047784662 0.21206106836048538 0.2703815296757211 0.056982197886538494 0.07268147338726963 0.2607153839599077 0.3850409134045479 0.2703815295860926 0.07349111394468565 0.2703815297385887 0.0734911138350715 0.07349111385440661 0.2607153840697318 0.015065487026610676 0.21206106708364186 0.9057234665666213 0.212061069999865 0.2120610698590503
20 0.017723076131179794 0.27274868124765234 0.4910005664931186 0.33404433177459397 0.20304263041673246 0.17747398674051398 0.40129665225659156 0.4205681226120851 0.2953679387043208 0.20304263034219278 0.27274868110785533 0.20304263021223698 0.27274868118321177 0.2727486809076877 0.42056812291568973 0.5049706447962314 0.3340443308660634 0.04001161769915882 0.3340443325633476 0.33404433262561983
40 0.3050841940181681 0.24434228940683947 0.2123079140328658 0.44368500195190197 0.26156722745722816 0.2499539214466076 0.32243061512449034 0.32659935853793426 0.2580649565964467 0.26156722754220857 0.24434228912003425 0.2615672272912962 0.24434228944519498 0.24434228906702565 0.32659935877811513 0.38354042676985706 0.4436850020155709 0.19154051860898166 0.443685002516866 0.44368500254176835
11 0.24130354254096353 0.20141859946306795 0.24689518787844378 0.45620204124134034 0.2350632706657052 0.17581507857810297 0.263853239005317 0.4365714259001834 0.2443502916474949 0.2350632706657052 0.20141859946306795 0.23506327054928988 0.2014185995067237 0.2014185991429258 0.436571426136652 0.3659186632314153 0.45620204077567905 0.21206106890185206 0.45620204231818207 0.45620204191072844
4 0.03427301744046933 0.26484463637500943 0.5195508286947759 0.36591866307038506 0.15485236256848425 0.3292886443243668 0.3518176519326223 0.3273463944438056 0.14125706136171376 0.15485236270149266 0.26484463616354975 0.1548523624778432 0.264844636193559 0.2648446359328985 0.32734639467910515 0.6116366689669221 0.36591866298623466 0.015065487026603843 0.36591866332172085 0.3659186632986971
18 0.054035643193207784 0.31026432570401097 0.5019035841549166 0.34951579997962084 0.16748630581968232 0.4353195063101828 0.3495157486085261 0.24178135836900616 0.08613447379209159 0.16748630591367192 0.31026432615002875 0.1674863057083532 0.31026432615297056 0.3102643259800664 0.24178135855857888 0.592463842221775 0.34951580016351713 0.015202050178923263 0.3495158003259805 0.3495158002356834
6 0.03427301744046933 0.26484463637500943 0.5195508286947759 0.36591866307038506 0.15485236256848425 0.3292886443243668 0.3518176519326223 0.3273463944438056 0.14125706136171376 0.15485236270149266 0.26484463616354975 0.1548523624778432 0.264844636193559 0.2648446359328985 0.32734639467910515 0.6116366689669221 0.36591866298623466 0.015065487026603843 0.36591866332172085 0.3659186632986971
50 0.017723076131179794 0.27274868124765234 0.4910005664931186 0.33404433177459397 0.20304263041673246 0.17747398674051398 0.40129665225659156 0.4205681226120851 0.2953679387043208 0.20304263034219278 0.27274868110785533 0.20304263021223698 0.27274868118321177 0.2727486809076877 0.42056812291568973 0.5049706447962314 0.3340443308660634 0.04001161769915882 0.3340443325633476 0.33404433262561983
3 0.24130354254096353 0.20141859946306795 0.24689518787844378 0.45620204124134034 0.2350632706657052 0.17581507857810297 0.263853239005317 0.4365714259001834 0.2443502916474949 0.2350632706657052 0.20141859946306795 0.23506327054928988 0.2014185995067237 0.2014185991429258 0.436571426136652 0.3659186632314153 0.45620204077567905 0.21206106890185206 0.45620204231818207 0.45620204191072844
33 0.34027009242232303 0.31843462698760727 0.14115036894021699 0.23506327019590664 0.5124631220724672 0.19556799401886907 0.2643149831424543 0.21124364776961085 0.3941746284882613 0.512463121985317 0.3184346269210835 0.5124631219146382 0.3184346270069826 0.31843462687846935 0.21124364799706488 0.15485236273323683 0.23506326967326024 0.270381529696067 0.23506327124576593 0.23506327129963003
65 0.19651687875645218 0.17647005361431384 0.25958086344113385 0.43657142542012767 0.21124364790638486 0.13672951883150755 0.24886970444717046 0.5147060337643029 0.29593619089552187 0.21124364789953748 0.1764700536538151 0.21124364788155145 0.17647005343609146 0.17647005321791595 0.5147060340444527 0.3273463945206944 0.436571424891066 0.26071538397547767 0.4365714265453735 0.4365714265374998
31 0.06626553430081332 0.3970054805854052 0.4274374039847366 0.26385323861722915 0.2643149830951254 0.3092259878858434 0.47452767993390543 0.24886970428460695 0.3473667113517359 0.264314983173703 0.3970054809989973 0.26431498300508177 0.3970054811163194 0.3970054809436234 0.24886970454582077 0.3518176519326465 0.26385323806772476 0.07268147338726955 0.2638532392334605 0.2638532396197035
46 0.01126533914788432 0.22381790636092244 0.5225505404198503 0.37118190153414 0.15015717514388485 0.2608005172641734 0.3098579494230527 0.40315358325139916 0.1540436257345465 0.15015717533045847 0.22381790619679634 0.15015717515436777 0.22381790627990794 0.22381790599000295 0.40315358346751773 0.6282396441401994 0.37118190139309537 0.008532378173531701 0.3711819021815011 0.3711819021407509
43 0.8631302676159682 0.07303990550716859 -0.040026342994384845 0.2413035421074059 0.3402700923620656 0.08889343399849782 0.06626553430080699 0.19651687856374453 0.30994931139454585 0.3402700923851771 0.07303990569603754 0.3402700923925552 0.07303990564029425 0.0730399053829064 0.19651687881600766 0.03427301744046969 0.24130354116766983 0.6819309125580578 0.24130354359423 0.24130354299585366
30 0.03126341739479602 0.3183107154476328 0.48022324437792024 0.334034284263902 0.23566669189387837 0.22675237097601095 0.39559586983141354 0.3435709919839891 0.2238319154796269 0.23566669175105112 0.31831071543034456 0.23566669176256913 0.31831071547301554 0.31831071518307696 0.3435709922298154 0.504096653941214 0.3340342833513463 0.03382384834088445 0.33403428524985196 0.33403428509595307
15 0.19651687875645218 0.17647005361431384 0.25958086344113385 0.43657142542012767 0.21124364790638486 0.13672951883150755 0.24886970444717046 0.5147060337643029 0.29593619089552187 0.21124364789953748 0.1764700536538151 0.21124364788155145 0.17647005343609146 0.17647005321791595 0.5147060340444527 0.3273463945206944 0.436571424891066 0.26071538397547767 0.4365714265453735 0.4365714265374998
53 0.3099493113945361 0.2873804838649385 0.1775368885278194 0.24435029138491152 0.39417462835643996 0.122063931011979 0.34736671135172176 0.29593619072387584 0.5984838993395629 0.39417462842718765 0.2873804840832934 0.39417462838602674 0.28738048405255806 0.28738048404000627 0.29593619102897284 0.14125706136171803 0.24435029042756842 0.38504091340454505 0.24435029247060355 0.24435029218819446
68 0.6819309125580585 0.07349111420447202 -0.029585309047784662 0.21206106836048538 0.2703815296757211 0.056982197886538494 0.07268147338726963 0.2607153839599077 0.3850409134045479 0.2703815295860926 0.07349111394468565 0.2703815297385887 0.0734911138350715 0.07349111385440661 0.2607153840697318 0.015065487026610676 0.21206106708364186 0.9057234665666213 0.212061069999865 0.2120610698590503
59 0.34027009242232303 0.31843462698760727 0.14115036894021699 0.23506327019590664 0.5124631220724672 0.19556799401886907 0.2643149831424543 0.21124364776961085 0.3941746284882613 0.512463121985317 0.3184346269210835 0.5124631219146382 0.3184346270069826 0.31843462687846935 0.21124364799706488 0.15485236273323683 0.23506326967326024 0.270381529696067 0.23506327124576593 0.23506327129963003
25 0.017723076131179794 0.27274868124765234 0.4910005664931186 0.33404433177459397 0.20304263041673246 0.17747398674051398 0.40129665225659156 0.4205681226120851 0.2953679387043208 0.20304263034219278 0.27274868110785533 0.20304263021223698 0.27274868118321177 0.2727486809076877 0.42056812291568973 0.5049706447962314 0.3340443308660634 0.04001161769915882 0.3340443325633476 0.33404433262561983
12 0.03427301744046933 0.26484463637500943 0.5195508286947759 0.36591866307038506 0.15485236256848425 0.3292886443243668 0.3518176519326223 0.3273463944438056 0.14125706136171376 0.15485236270149266 0.26484463616354975 0.1548523624778432 0.264844636193559 0.2648446359328985 0.32734639467910515 0.6116366689669221 0.36591866298623466 0.015065487026603843 0.36591866332172085 0.3659186632986971
55 0.017723076131179794 0.27274868124765234 0.4910005664931186 0.33404433177459397 0.20304263041673246 0.17747398674051398 0.40129665225659156 0.4205681226120851 0.2953679387043208 0.20304263034219278 0.27274868110785533 0.20304263021223698 0.27274868118321177 0.2727486809076877 0.42056812291568973 0.5049706447962314 0.3340443308660634 0.04001161769915882 0.3340443325633476 0.33404433262561983
37 0.07303990561979613 0.45789313859614306 0.3590030589606414 0.2014185989081012 0.31843462672871353 0.4273288513537836 0.397005480954685 0.17647005330631169 0.28738048407639527 0.31843462679227275 0.45789313891634476 0.3184346268519735 0.45789313903205087 0.45789313867128 0.1764700535572226 0.26484463602700886 0.20141859882978747 0.0734911139046548 0.20141859969882403 0.20141859974823917
32 0.06626553430081332 0.3970054805854052 0.4274374039847366 0.26385323861722915 0.2643149830951254 0.3092259878858434 0.47452767993390543 0.24886970428460695 0.3473667113517359 0.264314983173703 0.3970054809989973 0.26431498300508177 0.3970054811163194 0.3970054809436234 0.24886970454582077 0.3518176519326465 0.26385323806772476 0.07268147338726955 0.2638532392334605 0.2638532396197035
41 0.3050841940181681 0.24434228940683947 0.2123079140328658 0.44368500195190197 0.26156722745722816 0.2499539214466076 0.32243061512449034 0.32659935853793426 0.2580649565964467 0.26156722754220857 0.24434228912003425 0.2615672272912962 0.24434228944519498 0.24434228906702565 0.32659935877811513 0.38354042676985706 0.4436850020155709 0.19154051860898166 0.443685002516866 0.44368500254176835
61 0.07303990561979613 0.45789313859614306 0.3590030589606414 0.2014185989081012 0.31843462672871353 0.4273288513537836 0.397005480954685 0.17647005330631169 0.28738048407639527 0.31843462679227275 0.45789313891634476 0.3184346268519735 0.45789313903205087 0.45789313867128 0.1764700535572226 0.26484463602700886 0.20141859882978747 0.0734911139046548 0.20141859969882403 0.20141859974823917
64 0.34027009242232303 0.31843462698760727 0.14115036894021699 0.23506327019590664 0.5124631220724672 0.19556799401886907 0.2643149831424543 0.21124364776961085 0.3941746284882613 0.512463121985317 0.3184346269210835 0.5124631219146382 0.3184346270069826 0.31843462687846935 0.21124364799706488 0.15485236273323683 0.23506326967326024 0.270381529696067 0.23506327124576593 0.23506327129963003
27 0.07303990561979613 0.45789313859614306 0.3590030589606414 0.2014185989081012 0.31843462672871353 0.4273288513537836 0.397005480954685 0.17647005330631169 0.28738048407639527 0.31843462679227275 0.45789313891634476 0.3184346268519735 0.45789313903205087 0.45789313867128 0.1764700535572226 0.26484463602700886 0.20141859882978747 0.0734911139046548 0.20141859969882403 0.20141859974823917
51 0.06626553430081332 0.3970054805854052 0.4274374039847366 0.26385323861722915 0.2643149830951254 0.3092259878858434 0.47452767993390543 0.24886970428460695 0.3473667113517359 0.264314983173703 0.3970054809989973 0.26431498300508177 0.3970054811163194 0.3970054809436234 0.24886970454582077 0.3518176519326465 0.26385323806772476 0.07268147338726955 0.2638532392334605 0.2638532396197035
8 0.054035643193207784 0.31026432570401097 0.5019035841549166 0.34951579997962084 0.16748630581968232 0.4353195063101828 0.3495157486085261 0.24178135836900616 0.08613447379209159 0.16748630591367192 0.31026432615002875 0.1674863057083532 0.31026432615297056 0.3102643259800664 0.24178135855857888 0.592463842221775 0.34951580016351713 0.015202050178923263 0.3495158003259805 0.3495158002356834
60 0.03126341739479602 0.3183107154476328 0.48022324437792024 0.334034284263902 0.23566669189387837 0.22675237097601095 0.39559586983141354 0.3435709919839891 0.2238319154796269 0.23566669175105112 0.31831071543034456 0.23566669176256913 0.31831071547301554 0.31831071518307696 0.3435709922298154 0.504096653941214 0.3340342833513463 0.03382384834088445 0.33403428524985196 0.33403428509595307
10 0.054035643193207784 0.31026432570401097 0.5019035841549166 0.34951579997962084 0.16748630581968232 0.4353195063101828 0.3495157486085261 0.24178135836900616 0.08613447379209159 0.16748630591367192 0.31026432615002875 0.1674863057083532 0.31026432615297056 0.3102643259800664 0.24178135855857888 0.592463842221775 0.34951580016351713 0.015202050178923263 0.3495158003259805 0.3495158002356834
1 0.19651687875645218 0.17647005361431384 0.25958086344113385 0.43657142542012767 0.21124364790638486 0.13672951883150755 0.24886970444717046 0.5147060337643029 0.29593619089552187 0.21124364789953748 0.1764700536538151 0.21124364788155145 0.17647005343609146 0.17647005321791595 0.5147060340444527 0.3273463945206944 0.436571424891066 0.26071538397547767 0.4365714265453735 0.4365714265374998
17 0.24130354254096353 0.20141859946306795 0.24689518787844378 0.45620204124134034 0.2350632706657052 0.17581507857810297 0.263853239005317 0.4365714259001834 0.2443502916474949 0.2350632706657052 0.20141859946306795 0.23506327054928988 0.2014185995067237 0.2014185991429258 0.436571426136652 0.3659186632314153 0.45620204077567905 0.21206106890185206 0.45620204231818207 0.45620204191072844
21 0.07303990561979613 0.45789313859614306 0.3590030589606414 0.2014185989081012 0.31843462672871353 0.4273288513537836 0.397005480954685 0.17647005330631169 0.28738048407639527 0.31843462679227275 0.45789313891634476 0.3184346268519735 0.45789313903205087 0.45789313867128 0.1764700535572226 0.26484463602700886 0.20141859882978747 0.0734911139046548 0.20141859969882403 0.20141859974823917
22 0.07303990561979613 0.45789313859614306 0.3590030589606414 0.2014185989081012 0.31843462672871353 0.4273288513537836 0.397005480954685 0.17647005330631169 0.28738048407639527 0.31843462679227275 0.45789313891634476 0.3184346268519735 0.45789313903205087 0.45789313867128 0.1764700535572226 0.26484463602700886 0.20141859882978747 0.0734911139046548 0.20141859969882403 0.20141859974823917
49 0.8631302676159682 0.07303990550716859 -0.040026342994384845 0.2413035421074059 0.3402700923620656 0.08889343399849782 0.06626553430080699 0.19651687856374453 0.30994931139454585 0.3402700923851771 0.07303990569603754 0.3402700923925552 0.07303990564029425 0.0730399053829064 0.19651687881600766 0.03427301744046969 0.24130354116766983 0.6819309125580578 0.24130354359423 0.24130354299585366
56 0.07303990561979613 0.45789313859614306 0.3590030589606414 0.2014185989081012 0.31843462672871353 0.4273288513537836 0.397005480954685 0.17647005330631169 0.28738048407639527 0.31843462679227275 0.45789313891634476 0.3184346268519735 0.45789313903205087 0.45789313867128 0.1764700535572226 0.26484463602700886 0.20141859882978747 0.0734911139046548 0.20141859969882403 0.20141859974823917
69 0.6819309125580585 0.07349111420447202 -0.029585309047784662 0.21206106836048538 0.2703815296757211 0.056982197886538494 0.07268147338726963 0.2607153839599077 0.3850409134045479 0.2703815295860926 0.07349111394468565 0.2703815297385887 0.0734911138350715 0.07349111385440661 0.2607153840697318 0.015065487026610676 0.21206106708364186 0.9057234665666213 0.212061069999865 0.2120610698590503
7 0.24130354254096353 0.20141859946306795 0.24689518787844378 0.45620204124134034 0.2350632706657052 0.17581507857810297 0.263853239005317 0.4365714259001834 0.2443502916474949 0.2350632706657052 0.20141859946306795 0.23506327054928988 0.2014185995067237 0.2014185991429258 0.436571426136652 0.3659186632314153 0.45620204077567905 0.21206106890185206 0.45620204231818207 0.45620204191072844
39 0.34027009242232303 0.31843462698760727 0.14115036894021699 0.23506327019590664 0.5124631220724672 0.19556799401886907 0.2643149831424543 0.21124364776961085 0.3941746284882613 0.512463121985317 0.3184346269210835 0.5124631219146382 0.3184346270069826 0.31843462687846935 0.21124364799706488 0.15485236273323683 0.23506326967326024 0.270381529696067 0.23506327124576593 0.23506327129963003
63 0.34027009242232303 0.31843462698760727 0.14115036894021699 0.23506327019590664 0.5124631220724672 0.19556799401886907 0.2643149831424543 0.21124364776961085 0.3941746284882613 0.512463121985317 0.3184346269210835 0.5124631219146382 0.3184346270069826 0.31843462687846935 0.21124364799706488 0.15485236273323683 0.23506326967326024 0.270381529696067 0.23506327124576593 0.23506327129963003
66 -0.0015696824941665733 0.4569240746386438 0.5443561327700647 0.11179648630781559 0.12405452647992313 0.782946044440967 0.19214104582421646 0.1475465655564509 0.09305694684561545 0.1240545263934839 0.45692407505027605 0.12405452635319644 0.45692407519267164 0.45692407495088216 0.1475465658090763 0.26134740458641703 0.1117964867094068 0.009904926779811496 0.11179648575008314 0.1117964858421374
2 0.03427301744046933 0.26484463637500943 0.5195508286947759 0.36591866307038506 0.15485236256848425 0.3292886443243668 0.3518176519326223 0.3273463944438056 0.14125706136171376 0.15485236270149266 0.26484463616354975 0.1548523624778432 0.264844636193559 0.2648446359328985 0.32734639467910515 0.6116366689669221 0.36591866298623466 0.015065487026603843 0.36591866332172085 0.3659186632986971
5 0.24130354254096353 0.20141859946306795 0.24689518787844378 0.45620204124134034 0.2350632706657052 0.17581507857810297 0.263853239005317 0.4365714259001834 0.2443502916474949 0.2350632706657052 0.20141859946306795 0.23506327054928988 0.2014185995067237 0.2014185991429258 0.436571426136652 0.3659186632314153 0.45620204077567905 0.21206106890185206 0.45620204231818207 0.45620204191072844
28 0.3099493113945361 0.2873804838649385 0.1775368885278194 0.24435029138491152 0.39417462835643996 0.122063931011979 0.34736671135172176 0.29593619072387584 0.5984838993395629 0.39417462842718765 0.2873804840832934 0.39417462838602674 0.28738048405255806 0.28738048404000627 0.29593619102897284 0.14125706136171803 0.24435029042756842 0.38504091340454505 0.24435029247060355 0.24435029218819446
38 0.34027009242232303 0.31843462698760727 0.14115036894021699 0.23506327019590664 0.5124631220724672 0.19556799401886907 0.2643149831424543 0.21124364776961085 0.3941746284882613 0.512463121985317 0.3184346269210835 0.5124631219146382 0.3184346270069826 0.31843462687846935 0.21124364799706488 0.15485236273323683 0.23506326967326024 0.270381529696067 0.23506327124576593 0.23506327129963003
23 0.34027009242232303 0.31843462698760727 0.14115036894021699 0.23506327019590664 0.5124631220724672 0.19556799401886907 0.2643149831424543 0.21124364776961085 0.3941746284882613 0.512463121985317 0.3184346269210835 0.5124631219146382 0.3184346270069826 0.31843462687846935 0.21124364799706488 0.15485236273323683 0.23506326967326024 0.270381529696067 0.23506327124576593 0.23506327129963003
62 0.07303990561979613 0.45789313859614306 0.3590030589606414 0.2014185989081012 0.31843462672871353 0.4273288513537836 0.397005480954685 0.17647005330631169 0.28738048407639527 0.31843462679227275 0.45789313891634476 0.3184346268519735 0.45789313903205087 0.45789313867128 0.1764700535572226 0.26484463602700886 0.20141859882978747 0.0734911139046548 0.20141859969882403 0.20141859974823917
42 0.08889343399849285 0.42732885111359065 0.36029802798375676 0.1758150785896632 0.19556799394093527 0.7961601545640383 0.3092259878858289 0.13672951870094438 0.12206393101197652 0.19556799389115379 0.42732885139094734 0.19556799376574238 0.42732885159813233 0.42732885128223363 0.136729519041964 0.3292886443243716 0.17581507862766546 0.05698219788653675 0.1758150786415205 0.17581507858868262
54 0.0010891187358835126 0.23350281411555684 0.49377495886025136 0.3332390677787535 0.1835011799305674 0.14934429935637966 0.3681562333312993 0.48348541159661196 0.31303468532115736 0.1835011798108941 0.2335028140932966 0.18350117980764596 0.23350281428635664 0.23350281395263217 0.4834854117564912 0.5166982691218497 0.33323906665360553 0.036928364040596094 0.3332390689806271 0.33323906895536987
9 0.24130354254096353 0.20141859946306795 0.24689518787844378 0.45620204124134034 0.2350632706657052 0.17581507857810297 0.263853239005317 0.4365714259001834 0.2443502916474949 0.2350632706657052 0.20141859946306795 0.23506327054928988 0.2014185995067237 0.2014185991429258 0.436571426136652 0.3659186632314153 0.45620204077567905 0.21206106890185206 0.45620204231818207 0.45620204191072844
16 0.03427301744046933 0.26484463637500943 0.5195508286947759 0.36591866307038506 0.15485236256848425 0.3292886443243668 0.3518176519326223 0.3273463944438056 0.14125706136171376 0.15485236270149266 0.26484463616354975 0.1548523624778432 0.264844636193559 0.2648446359328985 0.32734639467910515 0.6116366689669221 0.36591866298623466 0.015065487026603843 0.36591866332172085 0.3659186632986971
29 0.3099493113945361 0.2873804838649385 0.1775368885278194 0.24435029138491152 0.39417462835643996 0.122063931011979 0.34736671135172176 0.29593619072387584 0.5984838993395629 0.39417462842718765 0.2873804840832934 0.39417462838602674 0.28738048405255806 0.28738048404000627 0.29593619102897284 0.14125706136171803 0.24435029042756842 0.38504091340454505 0.24435029247060355 0.24435029218819446
47 0.07249191596164715 0.3309314951429621 0.4952429093842778 0.3231123657336771 0.15446788507981715 0.44027792748703753 0.4490318347493966 0.23552308834261637 0.2199382003476005 0.15446788511756576 0.33093149550141154 0.1544678850591651 0.3309314955628806 0.33093149543367184 0.23552308869252275 0.5147952249905898 0.3231123656079699 0.045912706974607635 0.3231123660935496 0.32311236589967285
36 0.07303990561979613 0.45789313859614306 0.3590030589606414 0.2014185989081012 0.31843462672871353 0.4273288513537836 0.397005480954685 0.17647005330631169 0.28738048407639527 0.31843462679227275 0.45789313891634476 0.3184346268519735 0.45789313903205087 0.45789313867128 0.1764700535572226 0.26484463602700886 0.20141859882978747 0.0734911139046548 0.20141859969882403 0.20141859974823917
0 -0.07577673931497597 0.19839269803750176 0.6692953801723578 0.2892417774992013 0.10190755185508683 0.25620260714596615 0.29103671333426984 0.4079775235884449 0.1427738159671333 0.10190755185877075 0.19839269781066465 0.10190755171198985 0.19839269787746266 0.19839269747243363 0.4079775237684257 0.7163862201895977 0.2892417775428985 -0.06976171972034305 0.28924177765722847 0.28924177809660306
44 0.8631302676159682 0.07303990550716859 -0.040026342994384845 0.2413035421074059 0.3402700923620656 0.08889343399849782 0.06626553430080699 0.19651687856374453 0.30994931139454585 0.3402700923851771 0.07303990569603754 0.3402700923925552 0.07303990564029425 0.0730399053829064 0.19651687881600766 0.03427301744046969 0.24130354116766983 0.6819309125580578 0.24130354359423 0.24130354299585366
24 0.34027009242232303 0.31843462698760727 0.14115036894021699 0.23506327019590664 0.5124631220724672 0.19556799401886907 0.2643149831424543 0.21124364776961085 0.3941746284882613 0.512463121985317 0.3184346269210835 0.5124631219146382 0.3184346270069826 0.31843462687846935 0.21124364799706488 0.15485236273323683 0.23506326967326024 0.270381529696067 0.23506327124576593 0.23506327129963003
