22 0.032930114700293535 0.19373671147577692 0.01942012200725182 0.5287212437012397 0.2574287985711865 0.6976103302664061 0.20874155632606753 0.1937367123112055 0.20874155647482767 0.5287212435693088 0.20874155644643036 0.25742879853121825 0.04775203530549781 0.10209474240725265 0.6976103298426334 0.25384390153130143 0.06100570557358993 0.032930114252578656 0.047752034231002695 0.20874155576497097
28 0.3922699713579542 0.29647632068460295 0.2826753988302756 0.046765487792764515 0.2967988907262475 0.07516664106476607 0.3299026493645733 0.29647632165514215 0.32990264962693433 0.04676548782784703 0.3299026496354164 0.29679889055567743 0.4720117533049786 0.43527769003291517 0.07516664066637031 0.34684351946612185 0.23056200640680904 0.39226996854381435 0.4720117514841145 0.32990264900956245
56 0.05930248253887818 0.24824346305775805 0.007444718907394622 0.6677565899227325 0.31305470118992046 0.5287212438999647 0.20921614757149962 0.24824346368208702 0.20921614775147368 0.6677565898659297 0.2092161475247062 0.313054700987172 0.04372578437145448 0.07788861593123138 0.5287212431275994 0.17643245808982966 0.08161081503313784 0.05930248197904743 0.043725783386737486 0.2092161471685281
47 0.19023551671781982 0.280652603710768 0.2029045994214821 0.31305470087053794 0.6290066526155559 0.25742879858358364 0.24275759520554888 0.28065260462152997 0.24275759538283254 0.31305470145678305 0.24275759544684267 0.6290066523418911 0.17595007931580262 0.44044033088559503 0.2574287983796577 0.22214999230536622 0.260948815541107 0.19023551646459616 0.17595007814844746 0.242757594958243
5 0.29408009540929925 0.38116807502228767 0.13334890178465097 0.20921614731196314 0.2427575953770429 0.20874155652199988 0.4325643478659913 0.3811680758371949 0.43256434838986024 0.20921614771941677 0.4325643482734449 0.24275759526062757 0.3267904066015035 0.20448043597486132 0.2087415557962231 0.4422447045656739 0.16339543185974925 0.2940800948708784 0.3267904052627273 0.43256434740033
48 0.23919204218572732 0.33755395180799874 0.12917086536981495 0.17643245789247336 0.22214999225427684 0.25384390157946735 0.44224470426645884 0.33755395270799365 0.44224470471856564 0.17643245825446094 0.44224470439181607 0.22214999216806994 0.3378266479278477 0.19090952529072197 0.2538439012156342 0.5374879962957426 0.12352072517534965 0.23919204194733465 0.3378266464328561 0.4422447039983404
33 0.23919204218572732 0.33755395180799874 0.12917086536981495 0.17643245789247336 0.22214999225427684 0.25384390157946735 0.44224470426645884 0.33755395270799365 0.44224470471856564 0.17643245825446094 0.44224470439181607 0.22214999216806994 0.3378266479278477 0.19090952529072197 0.2538439012156342 0.5374879962957426 0.12352072517534965 0.23919204194733465 0.3378266464328561 0.4422447039983404
2 0.5023722407185464 0.32226694329997696 0.36472830944582024 0.05930248225123956 0.19023551658175106 0.03293011454677003 0.29408009532568335 0.322266944115379 0.29408009544601227 0.059302482299089986 0.2940800955306848 0.1902355165398421 0.46093903398681446 0.3211762500751407 0.03293011438265567 0.23919204222283846 0.3764240795296088 0.5023722420007374 0.4609390330644928 0.2940800949607886
1 0.29408009540929925 0.38116807502228767 0.13334890178465097 0.20921614731196314 0.2427575953770429 0.20874155652199988 0.4325643478659913 0.3811680758371949 0.43256434838986024 0.20921614771941677 0.4325643482734449 0.24275759526062757 0.3267904066015035 0.20448043597486132 0.2087415557962231 0.4422447045656739 0.16339543185974925 0.2940800948708784 0.3267904052627273 0.43256434740033
61 0.19023551671781982 0.280652603710768 0.2029045994214821 0.31305470087053794 0.6290066526155559 0.25742879858358364 0.24275759520554888 0.28065260462152997 0.24275759538283254 0.31305470145678305 0.24275759544684267 0.6290066523418911 0.17595007931580262 0.44044033088559503 0.2574287983796577 0.22214999230536622 0.260948815541107 0.19023551646459616 0.17595007814844746 0.242757594958243
29 0.32117625029345104 0.27578512969897195 0.47369805736867443 0.07788861597329841 0.4404403311934986 0.10209474244097909 0.20448043611366087 0.2757851305455379 0.20448043620879594 0.07788861610205577 0.20448043611045882 0.44044033070595523 0.2865778402593301 0.6489500079519948 0.10209474226360928 0.19090952529071592 0.45513329961693394 0.3211762498650294 0.2865778389504369 0.20448043548326256
57 0.05930248253887818 0.24824346305775805 0.007444718907394622 0.6677565899227325 0.31305470118992046 0.5287212438999647 0.20921614757149962 0.24824346368208702 0.20921614775147368 0.6677565898659297 0.2092161475247062 0.313054700987172 0.04372578437145448 0.07788861593123138 0.5287212431275994 0.17643245808982966 0.08161081503313784 0.05930248197904743 0.043725783386737486 0.2092161471685281
15 0.29408009540929925 0.38116807502228767 0.13334890178465097 0.20921614731196314 0.2427575953770429 0.20874155652199988 0.4325643478659913 0.3811680758371949 0.43256434838986024 0.20921614771941677 0.4325643482734449 0.24275759526062757 0.3267904066015035 0.20448043597486132 0.2087415557962231 0.4422447045656739 0.16339543185974925 0.2940800948708784 0.3267904052627273 0.43256434740033
30 0.32117625029345104 0.27578512969897195 0.47369805736867443 0.07788861597329841 0.4404403311934986 0.10209474244097909 0.20448043611366087 0.2757851305455379 0.20448043620879594 0.07788861610205577 0.20448043611045882 0.44044033070595523 0.2865778402593301 0.6489500079519948 0.10209474226360928 0.19090952529071592 0.45513329961693394 0.3211762498650294 0.2865778389504369 0.20448043548326256
45 0.32117625029345104 0.27578512969897195 0.47369805736867443 0.07788861597329841 0.4404403311934986 0.10209474244097909 0.20448043611366087 0.2757851305455379 0.20448043620879594 0.07788861610205577 0.20448043611045882 0.44044033070595523 0.2865778402593301 0.6489500079519948 0.10209474226360928 0.19090952529071592 0.45513329961693394 0.3211762498650294 0.2865778389504369 0.20448043548326256
59 0.32117625029345104 0.27578512969897195 0.47369805736867443 0.07788861597329841 0.4404403311934986 0.10209474244097909 0.20448043611366087 0.2757851305455379 0.20448043620879594 0.07788861610205577 0.20448043611045882 0.44044033070595523 0.2865778402593301 0.6489500079519948 0.10209474226360928 0.19090952529071592 0.45513329961693394 0.3211762498650294 0.2865778389504369 0.20448043548326256
60 0.32117625029345104 0.27578512969897195 0.47369805736867443 0.07788861597329841 0.4404403311934986 0.10209474244097909 0.20448043611366087 0.2757851305455379 0.20448043620879594 0.07788861610205577 0.20448043611045882 0.44044033070595523 0.2865778402593301 0.6489500079519948 0.10209474226360928 0.19090952529071592 0.45513329961693394 0.3211762498650294 0.2865778389504369 0.20448043548326256
27 0.05930248253887818 0.24824346305775805 0.007444718907394622 0.6677565899227325 0.31305470118992046 0.5287212438999647 0.20921614757149962 0.24824346368208702 0.20921614775147368 0.6677565898659297 0.2092161475247062 0.313054700987172 0.04372578437145448 0.07788861593123138 0.5287212431275994 0.17643245808982966 0.08161081503313784 0.05930248197904743 0.043725783386737486 0.2092161471685281
58 0.3922699713579542 0.29647632068460295 0.2826753988302756 0.046765487792764515 0.2967988907262475 0.07516664106476607 0.3299026493645733 0.29647632165514215 0.32990264962693433 0.04676548782784703 0.3299026496354164 0.29679889055567743 0.4720117533049786 0.43527769003291517 0.07516664066637031 0.34684351946612185 0.23056200640680904 0.39226996854381435 0.4720117514841145 0.32990264900956245
21 0.032930114700293535 0.19373671147577692 0.01942012200725182 0.5287212437012397 0.2574287985711865 0.6976103302664061 0.20874155632606753 0.1937367123112055 0.20874155647482767 0.5287212435693088 0.20874155644643036 0.25742879853121825 0.04775203530549781 0.10209474240725265 0.6976103298426334 0.25384390153130143 0.06100570557358993 0.032930114252578656 0.047752034231002695 0.20874155576497097
36 0.032930114700293535 0.19373671147577692 0.01942012200725182 0.5287212437012397 0.2574287985711865 0.6976103302664061 0.20874155632606753 0.1937367123112055 0.20874155647482767 0.5287212435693088 0.20874155644643036 0.25742879853121825 0.04775203530549781 0.10209474240725265 0.6976103298426334 0.25384390153130143 0.06100570557358993 0.032930114252578656 0.047752034231002695 0.20874155576497097
55 0.3764240794908072 0.25117258610162285 0.6368736287268006 0.08161081486065389 0.26094881543265075 0.061005705558645505 0.16339543160708164 0.25117258713225205 0.16339543211940008 0.08161081534251588 0.16339543202280704 0.26094881545118775 0.2780855215198961 0.4551332996169336 0.06100570530085855 0.12352072517533667 0.737573579866794 0.3764240791403593 0.2780855202790287 0.16339543156649922
11 0.29408009540929925 0.38116807502228767 0.13334890178465097 0.20921614731196314 0.2427575953770429 0.20874155652199988 0.4325643478659913 0.3811680758371949 0.43256434838986024 0.20921614771941677 0.4325643482734449 0.24275759526062757 0.3267904066015035 0.20448043597486132 0.2087415557962231 0.4422447045656739 0.16339543185974925 0.2940800948708784 0.3267904052627273 0.43256434740033
17 0.29408009540929925 0.38116807502228767 0.13334890178465097 0.20921614731196314 0.2427575953770429 0.20874155652199988 0.4325643478659913 0.3811680758371949 0.43256434838986024 0.20921614771941677 0.4325643482734449 0.24275759526062757 0.3267904066015035 0.20448043597486132 0.2087415557962231 0.4422447045656739 0.16339543185974925 0.2940800948708784 0.3267904052627273 0.43256434740033
39 0.322266943941335 0.43891432729539775 0.148472855827688 0.24824346325331534 0.2806526041789573 0.1937367123763435 0.38116807540267994 0.43891432826358995 0.381168075922373 0.24824346357066637 0.38116807578092093 0.28065260400878544 0.3121368751140872 0.2757851300649129 0.19373671164178743 0.33755395244102143 0.2511725865642769 0.32226694352401286 0.3121368734247772 0.3811680752804947
31 0.19023551671781982 0.280652603710768 0.2029045994214821 0.31305470087053794 0.6290066526155559 0.25742879858358364 0.24275759520554888 0.28065260462152997 0.24275759538283254 0.31305470145678305 0.24275759544684267 0.6290066523418911 0.17595007931580262 0.44044033088559503 0.2574287983796577 0.22214999230536622 0.260948815541107 0.19023551646459616 0.17595007814844746 0.242757594958243
37 0.032930114700293535 0.19373671147577692 0.01942012200725182 0.5287212437012397 0.2574287985711865 0.6976103302664061 0.20874155632606753 0.1937367123112055 0.20874155647482767 0.5287212435693088 0.20874155644643036 0.25742879853121825 0.04775203530549781 0.10209474240725265 0.6976103298426334 0.25384390153130143 0.06100570557358993 0.032930114252578656 0.047752034231002695 0.20874155576497097
34 0.3647283094420832 0.14847285540042143 0.8460408194779321 0.00744471883840455 0.20290459948303685 0.019420122046676813 0.1333489016780391 0.14847285632451515 0.13334890190798498 0.007444718999676913 0.1333489019268429 0.20290459928674515 0.2941570098404146 0.4736980573686769 0.019420121872488757 0.12917086536982508 0.6368736287268112 0.36472830933172334 0.29415700872411205 0.13334890168078792
18 0.23919204218572732 0.33755395180799874 0.12917086536981495 0.17643245789247336 0.22214999225427684 0.25384390157946735 0.44224470426645884 0.33755395270799365 0.44224470471856564 0.17643245825446094 0.44224470439181607 0.22214999216806994 0.3378266479278477 0.19090952529072197 0.2538439012156342 0.5374879962957426 0.12352072517534965 0.23919204194733465 0.3378266464328561 0.4422447039983404
7 0.29408009540929925 0.38116807502228767 0.13334890178465097 0.20921614731196314 0.2427575953770429 0.20874155652199988 0.4325643478659913 0.3811680758371949 0.43256434838986024 0.20921614771941677 0.4325643482734449 0.24275759526062757 0.3267904066015035 0.20448043597486132 0.2087415557962231 0.4422447045656739 0.16339543185974925 0.2940800948708784 0.3267904052627273 0.43256434740033
3 0.29408009540929925 0.38116807502228767 0.13334890178465097 0.20921614731196314 0.2427575953770429 0.20874155652199988 0.4325643478659913 0.3811680758371949 0.43256434838986024 0.20921614771941677 0.4325643482734449 0.24275759526062757 0.3267904066015035 0.20448043597486132 0.2087415557962231 0.4422447045656739 0.16339543185974925 0.2940800948708784 0.3267904052627273 0.43256434740033
19 0.3647283094420832 0.14847285540042143 0.8460408194779321 0.00744471883840455 0.20290459948303685 0.019420122046676813 0.1333489016780391 0.14847285632451515 0.13334890190798498 0.007444718999676913 0.1333489019268429 0.20290459928674515 0.2941570098404146 0.4736980573686769 0.019420121872488757 0.12917086536982508 0.6368736287268112 0.36472830933172334 0.29415700872411205 0.13334890168078792
42 0.05930248253887818 0.24824346305775805 0.007444718907394622 0.6677565899227325 0.31305470118992046 0.5287212438999647 0.20921614757149962 0.24824346368208702 0.20921614775147368 0.6677565898659297 0.2092161475247062 0.313054700987172 0.04372578437145448 0.07788861593123138 0.5287212431275994 0.17643245808982966 0.08161081503313784 0.05930248197904743 0.043725783386737486 0.2092161471685281
44 0.32117625029345104 0.27578512969897195 0.47369805736867443 0.07788861597329841 0.4404403311934986 0.10209474244097909 0.20448043611366087 0.2757851305455379 0.20448043620879594 0.07788861610205577 0.20448043611045882 0.44044033070595523 0.2865778402593301 0.6489500079519948 0.10209474226360928 0.19090952529071592 0.45513329961693394 0.3211762498650294 0.2865778389504369 0.20448043548326256
49 0.3647283094420832 0.14847285540042143 0.8460408194779321 0.00744471883840455 0.20290459948303685 0.019420122046676813 0.1333489016780391 0.14847285632451515 0.13334890190798498 0.007444718999676913 0.1333489019268429 0.20290459928674515 0.2941570098404146 0.4736980573686769 0.019420121872488757 0.12917086536982508 0.6368736287268112 0.36472830933172334 0.29415700872411205 0.13334890168078792
0 0.5023722407185464 0.32226694329997696 0.36472830944582024 0.05930248225123956 0.19023551658175106 0.03293011454677003 0.29408009532568335 0.322266944115379 0.29408009544601227 0.059302482299089986 0.2940800955306848 0.1902355165398421 0.46093903398681446 0.3211762500751407 0.03293011438265567 0.23919204222283846 0.3764240795296088 0.5023722420007374 0.4609390330644928 0.2940800949607886
14 0.5023722407185464 0.32226694329997696 0.36472830944582024 0.05930248225123956 0.19023551658175106 0.03293011454677003 0.29408009532568335 0.322266944115379 0.29408009544601227 0.059302482299089986 0.2940800955306848 0.1902355165398421 0.46093903398681446 0.3211762500751407 0.03293011438265567 0.23919204222283846 0.3764240795296088 0.5023722420007374 0.4609390330644928 0.2940800949607886
53 0.322266943941335 0.43891432729539775 0.148472855827688 0.24824346325331534 0.2806526041789573 0.1937367123763435 0.38116807540267994 0.43891432826358995 0.381168075922373 0.24824346357066637 0.38116807578092093 0.28065260400878544 0.3121368751140872 0.2757851300649129 0.19373671164178743 0.33755395244102143 0.2511725865642769 0.32226694352401286 0.3121368734247772 0.3811680752804947
10 0.46093903384857565 0.3121368735026306 0.29415700928100785 0.04372578389438839 0.17595007890361553 0.04775203492127883 0.32679040611680094 0.3121368743243082 0.32679040607745974 0.04372578424104835 0.32679040603871656 0.17595007859033387 0.5111892091984297 0.2865778397206796 0.04775203447448209 0.3378266471045534 0.27808552084174465 0.4609390338540464 0.5111892077439851 0.32679040546586513
43 0.3922699713579542 0.29647632068460295 0.2826753988302756 0.046765487792764515 0.2967988907262475 0.07516664106476607 0.3299026493645733 0.29647632165514215 0.32990264962693433 0.04676548782784703 0.3299026496354164 0.29679889055567743 0.4720117533049786 0.43527769003291517 0.07516664066637031 0.34684351946612185 0.23056200640680904 0.39226996854381435 0.4720117514841145 0.32990264900956245
24 0.3222669438109733 0.4389143272128422 0.14847285582768777 0.24824346334207803 0.2806526041822508 0.1937367122154683 0.38116807537153363 0.43891432824602816 0.3811680756043643 0.24824346345849335 0.38116807577898726 0.28065260412404314 0.31213687488343567 0.27578513006491256 0.19373671151697636 0.33755395244104136 0.25117258656427666 0.3222669434035197 0.31213687313720584 0.3811680750804953
41 0.05930248253887818 0.24824346305775805 0.007444718907394622 0.6677565899227325 0.31305470118992046 0.5287212438999647 0.20921614757149962 0.24824346368208702 0.20921614775147368 0.6677565898659297 0.2092161475247062 0.313054700987172 0.04372578437145448 0.07788861593123138 0.5287212431275994 0.17643245808982966 0.08161081503313784 0.05930248197904743 0.043725783386737486 0.2092161471685281
38 0.322266943941335 0.43891432729539775 0.148472855827688 0.24824346325331534 0.2806526041789573 0.1937367123763435 0.38116807540267994 0.43891432826358995 0.381168075922373 0.24824346357066637 0.38116807578092093 0.28065260400878544 0.3121368751140872 0.2757851300649129 0.19373671164178743 0.33755395244102143 0.2511725865642769 0.32226694352401286 0.3121368734247772 0.3811680752804947
32 0.19023551671781982 0.280652603710768 0.2029045994214821 0.31305470087053794 0.6290066526155559 0.25742879858358364 0.24275759520554888 0.28065260462152997 0.24275759538283254 0.31305470145678305 0.24275759544684267 0.6290066523418911 0.17595007931580262 0.44044033088559503 0.2574287983796577 0.22214999230536622 0.260948815541107 0.19023551646459616 0.17595007814844746 0.242757594958243
12 0.5023722407185464 0.32226694329997696 0.36472830944582024 0.05930248225123956 0.19023551658175106 0.03293011454677003 0.29408009532568335 0.322266944115379 0.29408009544601227 0.059302482299089986 0.2940800955306848 0.1902355165398421 0.46093903398681446 0.3211762500751407 0.03293011438265567 0.23919204222283846 0.3764240795296088 0.5023722420007374 0.4609390330644928 0.2940800949607886
62 0.19023551671781982 0.280652603710768 0.2029045994214821 0.31305470087053794 0.6290066526155559 0.25742879858358364 0.24275759520554888 0.28065260462152997 0.24275759538283254 0.31305470145678305 0.24275759544684267 0.6290066523418911 0.17595007931580262 0.44044033088559503 0.2574287983796577 0.22214999230536622 0.260948815541107 0.19023551646459616 0.17595007814844746 0.242757594958243
52 0.032930114700293535 0.19373671147577692 0.01942012200725182 0.5287212437012397 0.2574287985711865 0.6976103302664061 0.20874155632606753 0.1937367123112055 0.20874155647482767 0.5287212435693088 0.20874155644643036 0.25742879853121825 0.04775203530549781 0.10209474240725265 0.6976103298426334 0.25384390153130143 0.06100570557358993 0.032930114252578656 0.047752034231002695 0.20874155576497097
25 0.3764240794908072 0.25117258610162285 0.6368736287268006 0.08161081486065389 0.26094881543265075 0.061005705558645505 0.16339543160708164 0.25117258713225205 0.16339543211940008 0.08161081534251588 0.16339543202280704 0.26094881545118775 0.2780855215198961 0.4551332996169336 0.06100570530085855 0.12352072517533667 0.737573579866794 0.3764240791403593 0.2780855202790287 0.16339543156649922
8 0.5023722407185464 0.32226694329997696 0.36472830944582024 0.05930248225123956 0.19023551658175106 0.03293011454677003 0.29408009532568335 0.322266944115379 0.29408009544601227 0.059302482299089986 0.2940800955306848 0.1902355165398421 0.46093903398681446 0.3211762500751407 0.03293011438265567 0.23919204222283846 0.3764240795296088 0.5023722420007374 0.4609390330644928 0.2940800949607886
50 0.032930114700293535 0.19373671147577692 0.01942012200725182 0.5287212437012397 0.2574287985711865 0.6976103302664061 0.20874155632606753 0.1937367123112055 0.20874155647482767 0.5287212435693088 0.20874155644643036 0.25742879853121825 0.04775203530549781 0.10209474240725265 0.6976103298426334 0.25384390153130143 0.06100570557358993 0.032930114252578656 0.047752034231002695 0.20874155576497097
35 0.032930114700293535 0.19373671147577692 0.01942012200725182 0.5287212437012397 0.2574287985711865 0.6976103302664061 0.20874155632606753 0.1937367123112055 0.20874155647482767 0.5287212435693088 0.20874155644643036 0.25742879853121825 0.04775203530549781 0.10209474240725265 0.6976103298426334 0.25384390153130143 0.06100570557358993 0.032930114252578656 0.047752034231002695 0.20874155576497097
46 0.19023551671781982 0.280652603710768 0.2029045994214821 0.31305470087053794 0.6290066526155559 0.25742879858358364 0.24275759520554888 0.28065260462152997 0.24275759538283254 0.31305470145678305 0.24275759544684267 0.6290066523418911 0.17595007931580262 0.44044033088559503 0.2574287983796577 0.22214999230536622 0.260948815541107 0.19023551646459616 0.17595007814844746 0.242757594958243
54 0.322266943941335 0.43891432729539775 0.148472855827688 0.24824346325331534 0.2806526041789573 0.1937367123763435 0.38116807540267994 0.43891432826358995 0.381168075922373 0.24824346357066637 0.38116807578092093 0.28065260400878544 0.3121368751140872 0.2757851300649129 0.19373671164178743 0.33755395244102143 0.2511725865642769 0.32226694352401286 0.3121368734247772 0.3811680752804947
6 0.5023722407185464 0.32226694329997696 0.36472830944582024 0.05930248225123956 0.19023551658175106 0.03293011454677003 0.29408009532568335 0.322266944115379 0.29408009544601227 0.059302482299089986 0.2940800955306848 0.1902355165398421 0.46093903398681446 0.3211762500751407 0.03293011438265567 0.23919204222283846 0.3764240795296088 0.5023722420007374 0.4609390330644928 0.2940800949607886
23 0.322266943941335 0.43891432729539775 0.148472855827688 0.24824346325331534 0.2806526041789573 0.1937367123763435 0.38116807540267994 0.43891432826358995 0.381168075922373 0.24824346357066637 0.38116807578092093 0.28065260400878544 0.3121368751140872 0.2757851300649129 0.19373671164178743 0.33755395244102143 0.2511725865642769 0.32226694352401286 0.3121368734247772 0.3811680752804947
26 0.05930248253887818 0.24824346305775805 0.007444718907394622 0.6677565899227325 0.31305470118992046 0.5287212438999647 0.20921614757149962 0.24824346368208702 0.20921614775147368 0.6677565898659297 0.2092161475247062 0.313054700987172 0.04372578437145448 0.07788861593123138 0.5287212431275994 0.17643245808982966 0.08161081503313784 0.05930248197904743 0.043725783386737486 0.2092161471685281
40 0.3764240794908072 0.25117258610162285 0.6368736287268006 0.08161081486065389 0.26094881543265075 0.061005705558645505 0.16339543160708164 0.25117258713225205 0.16339543211940008 0.08161081534251588 0.16339543202280704 0.26094881545118775 0.2780855215198961 0.4551332996169336 0.06100570530085855 0.12352072517533667 0.737573579866794 0.3764240791403593 0.2780855202790287 0.16339543156649922
51 0.032930114700293535 0.19373671147577692 0.01942012200725182 0.5287212437012397 0.2574287985711865 0.6976103302664061 0.20874155632606753 0.1937367123112055 0.20874155647482767 0.5287212435693088 0.20874155644643036 0.25742879853121825 0.04775203530549781 0.10209474240725265 0.6976103298426334 0.25384390153130143 0.06100570557358993 0.032930114252578656 0.047752034231002695 0.20874155576497097
16 0.46093903384857565 0.3121368735026306 0.29415700928100785 0.04372578389438839 0.17595007890361553 0.04775203492127883 0.32679040611680094 0.3121368743243082 0.32679040607745974 0.04372578424104835 0.32679040603871656 0.17595007859033387 0.5111892091984297 0.2865778397206796 0.04775203447448209 0.3378266471045534 0.27808552084174465 0.4609390338540464 0.5111892077439851 0.32679040546586513
4 0.46093903384857565 0.3121368735026306 0.29415700928100785 0.04372578389438839 0.17595007890361553 0.04775203492127883 0.32679040611680094 0.3121368743243082 0.32679040607745974 0.04372578424104835 0.32679040603871656 0.17595007859033387 0.5111892091984297 0.2865778397206796 0.04775203447448209 0.3378266471045534 0.27808552084174465 0.4609390338540464 0.5111892077439851 0.32679040546586513
9 0.29408009540929925 0.38116807502228767 0.13334890178465097 0.20921614731196314 0.2427575953770429 0.20874155652199988 0.4325643478659913 0.3811680758371949 0.43256434838986024 0.20921614771941677 0.4325643482734449 0.24275759526062757 0.3267904066015035 0.20448043597486132 0.2087415557962231 0.4422447045656739 0.16339543185974925 0.2940800948708784 0.3267904052627273 0.43256434740033
20 0.032930114700293535 0.19373671147577692 0.01942012200725182 0.5287212437012397 0.2574287985711865 0.6976103302664061 0.20874155632606753 0.1937367123112055 0.20874155647482767 0.5287212435693088 0.20874155644643036 0.25742879853121825 0.04775203530549781 0.10209474240725265 0.6976103298426334 0.25384390153130143 0.06100570557358993 0.032930114252578656 0.047752034231002695 0.20874155576497097
13 0.29408009540929925 0.38116807502228767 0.13334890178465097 0.20921614731196314 0.2427575953770429 0.20874155652199988 0.4325643478659913 0.3811680758371949 0.43256434838986024 0.20921614771941677 0.4325643482734449 0.24275759526062757 0.3267904066015035 0.20448043597486132 0.2087415557962231 0.4422447045656739 0.16339543185974925 0.2940800948708784 0.3267904052627273 0.43256434740033
