7 0.3269622066386891 0.4032285796863052 0.1607973722934802 0.22015711938338597 0.39316648479573313 0.3698080008650038 0.34465578980939987 0.0816094603790751 0.35866338162432226 0.11797315335268167 0.3001423054905243 0.2160459603682247 0.4737468557109991 0.31333081474797586 0.3586633815209143 0.5147196415252105 0.13701970875408956 0.13001727742882654 0.22015711959695022 0.3996717472147084
59 0.33955027400666116 0.3440343590264895 0.20808755657328534 0.31147608888329176 0.381159431878198 0.31848074995730336 0.3153077209227556 0.08437831274824323 0.3086931056706401 0.1470871505918087 0.32936420943127914 0.3426362553756391 0.4378097439725402 0.3922746114473656 0.30869310581194637 0.48447506814637903 0.1779047623204947 0.10462060737785073 0.3114760890890551 0.33881171664400755
25 0.3117316718722925 0.3084257578548747 0.24617299348707206 0.2832285651683156 0.31638547598570715 0.09896887500093128 0.5307779129139083 0.3466089974824464 0.3095328608392876 0.37520346413352473 0.312322343524191 0.41608639113745316 0.3243511858456639 0.36361436406653125 0.3095328603874137 0.3227286994027858 0.2679374360697705 0.14466973745415773 0.28322856513787 0.19351158681202593
31 0.31944419992283546 0.4055013614791392 0.20622777151637806 0.22058223055755022 0.3620588787172263 0.5311019315498129 0.21197465846277197 0.00593369227917151 0.38808812838799156 0.0013085639879761857 0.3154368045413385 0.09920603679584872 0.4101122315590118 0.29390878426411504 0.3880881284837727 0.4123009622735978 0.10259242435685323 0.19919995382431566 0.2205822304993852 0.5002156651134442
2 0.32752584273491403 0.35330489434861867 0.3646326839941226 0.35136514752999437 0.3116295577185713 0.49747765224311824 0.19103485243981222 0.0018557013591500285 0.3756203798775221 0.0069579501675661555 0.36652108708309894 0.10750288238451691 0.30666648854059536 0.36791832468677516 0.3756203799333725 0.27414338116502196 0.1311675530036621 0.3143105533639848 0.3513651480210806 0.39780550109428003
13 0.3291365657858031 0.41753510300278057 0.2146453919726631 0.24022532224514684 0.3684358356817936 0.3809548537424774 0.36139331312526435 0.09578795529277803 0.40344205873512656 0.08989927329340944 0.3359005958687761 0.1565741359143174 0.4146300395279312 0.3082674235106704 0.4034420585515167 0.4112585009227783 0.16407455577145738 0.19184029093491242 0.2402253226038475 0.4055013607288669
65 0.3205600067867334 0.33590059659776755 0.29897008275118314 0.39721009198355883 0.31681186207173423 0.30526187842071256 0.3251191367034727 0.1089133924624034 0.3554746053515249 0.09386122945228084 0.42414706508728794 0.27072852133722664 0.3003342235957693 0.34032129958646745 0.3554746052254579 0.27147965971828575 0.3118454705934251 0.2777781418289795 0.3972100923681725 0.3154368046667914
33 0.10685381493791635 0.09578795541571852 0.10802012901749289 0.10745092377084897 0.09698284056876909 -0.03442625744446061 0.3495623842709338 0.9347253319065166 0.10395025917482037 0.7369218889547536 0.1089133923839627 0.38071943550820764 0.08193924203451809 0.10857686497027033 0.1039502590636734 0.07171841271917911 0.4291989763792258 0.09371744740512239 0.10745092361648545 0.005933692279194474
42 0.3286717889389917 0.29423712128655566 0.3472519825658578 0.4311359161903814 0.3067203263237515 0.27342677403609483 0.2941560440559157 0.10621693456434075 0.31392950578796547 0.11911534614931861 0.4019584751275596 0.35274200670677025 0.28615150495726727 0.4021997263624642 0.31392950561847494 0.27008493085585633 0.3002998074801763 0.2574889595597994 0.4311359161245135 0.2757653256531041
61 0.3041095240711663 0.187486714536529 0.4853217197511886 0.507819390254115 0.23044132330175573 0.18775830728098084 0.20033367400279342 0.0997092756597536 0.21311006440746333 0.14329001164460578 0.33159500971306716 0.48490143661298735 0.19063607464243315 0.42366469205556845 0.21311006428008372 0.18713583459082878 0.35854604297269144 0.3431466937123698 0.5078193903024518 0.1703786438656492
9 0.31196379482054803 0.4112585025515416 0.10648438585313792 0.18321402881627208 0.40327608150131283 0.3753323861620024 0.3407945459681319 0.07171841321658935 0.3443723207101763 0.11929148032964638 0.2714796597911735 0.20668424562952148 0.5110481275844629 0.25931265495995004 0.34437232078294544 0.5754766240918615 0.1359693649635462 0.11991633711434642 0.18321402889564084 0.4123009632124094
44 0.33620482314251166 0.33921480368239115 0.2691269758227184 0.36898544857363014 0.34609386402873044 0.31089498381334074 0.3239880408451066 0.1006672776082886 0.339499972871157 0.11924537414584647 0.39027276326084837 0.3101117352408756 0.3557923311428874 0.3831997864324711 0.33949997299992246 0.3550843104140378 0.24908438606288658 0.1893932959415349 0.3689854489154781 0.32400765092301276
39 0.10685381493791635 0.09578795541571852 0.10802012901749289 0.10745092377084897 0.09698284056876909 -0.03442625744446061 0.3495623842709338 0.9347253319065166 0.10395025917482037 0.7369218889547536 0.1089133923839627 0.38071943550820764 0.08193924203451809 0.10857686497027033 0.1039502590636734 0.07171841271917911 0.4291989763792258 0.09371744740512239 0.10745092361648545 0.005933692279194474
8 0.3122959477193027 0.380954854358471 0.23186676161875297 0.22808696304160553 0.34231231145828567 0.6199439020826483 0.12236873201070604 -0.03442625744443438 0.3709947846960118 -0.03974609362247149 0.30526187816251343 0.0618760898376146 0.3782224098922048 0.30010860608270357 0.37099478470981184 0.37533238535353664 0.06644249713045891 0.21800131600059838 0.2280869636196172 0.531101931549799
29 0.10685381493791635 0.09578795541571852 0.10802012901749289 0.10745092377084897 0.09698284056876909 -0.03442625744446061 0.3495623842709338 0.9347253319065166 0.10395025917482037 0.7369218889547536 0.1089133923839627 0.38071943550820764 0.08193924203451809 0.10857686497027033 0.1039502590636734 0.07171841271917911 0.4291989763792258 0.09371744740512239 0.10745092361648545 0.005933692279194474
32 0.34921557365707984 0.30826742378396377 0.43839590147044827 0.37322770177671427 0.3055515608304906 0.3001086059970947 0.2920336221757862 0.10857686478579737 0.34170575718049623 0.12146944606299312 0.3403212989168021 0.29653086164625103 0.28707540115168584 0.4898713634823271 0.34170575731776676 0.2593126537025115 0.1674136158776009 0.2750686758522308 0.3732277018430304 0.2939087840394057
53 0.11428096739764518 0.08989927362924588 0.09867363130668844 0.1121758754707954 0.1106834750626731 -0.03974609362249997 0.3041612450705453 0.7369218889547469 0.08448736703783795 0.965063284337752 0.09386122925181145 0.4443681245338026 0.10921294952479568 0.12146944611340478 0.08448736694170911 0.11929147984823082 0.3125192834260345 0.06385157937234373 0.11217587532600905 0.001308563987972028
21 0.325617373795357 0.27547045062648423 0.5119582664960327 0.4090332237442015 0.263046593090426 0.564312292168965 0.07956847519054726 -0.04425945029529405 0.30066300985417904 -0.023900632274585287 0.2907989667939162 0.10057520472220832 0.2532922425290101 0.4417874318325079 0.3006630102520578 0.23781449105438432 0.04264704259233215 0.3678267411374019 0.4090332246031767 0.31013615770495334
34 0.30425526272600595 0.3302287120285905 0.15797256757926453 0.23997820298906675 0.35584861972801746 0.1241888784563551 0.5335178751668177 0.2663021904199351 0.28046041399049226 0.43323999969034327 0.2596990666632598 0.3797662657341296 0.4304448317349581 0.3150878558958438 0.2804604139318801 0.48810400580738283 0.20699489364349735 0.07762940109094166 0.2399782032074176 0.1794525548651821
17 0.39773501171341863 0.3863780978895702 0.1640330521163987 0.20431264225903406 0.4325166164807334 0.5065729278927878 0.19641644423406715 0.005981748766929515 0.35425780546095986 0.003728359509135245 0.29472903079458684 0.1342583615603591 0.42643391450927554 0.27842981881934603 0.35425780520568767 0.45016424153680795 0.1057521046259734 0.16747725225243434 0.20431264214786965 0.4920920164738372
38 0.10685381493791635 0.09578795541571852 0.10802012901749289 0.10745092377084897 0.09698284056876909 -0.03442625744446061 0.3495623842709338 0.9347253319065166 0.10395025917482037 0.7369218889547536 0.1089133923839627 0.38071943550820764 0.08193924203451809 0.10857686497027033 0.1039502590636734 0.07171841271917911 0.4291989763792258 0.09371744740512239 0.10745092361648545 0.005933692279194474
69 0.19590296655123443 0.16407455633341342 0.24510045953267143 0.3760187281849741 0.17809796003578074 0.06644249713042533 0.2924716514014746 0.42919897637921967 0.1746843048483121 0.31251928342604324 0.31184546978681926 0.5417012291018497 0.14408481848671373 0.16741361598692792 0.17468430469179078 0.13596936428500456 0.7520184569891919 0.30535966745498044 0.3760187284250346 0.10259242435687489
62 0.3041095240711663 0.187486714536529 0.4853217197511886 0.507819390254115 0.23044132330175573 0.18775830728098084 0.20033367400279342 0.0997092756597536 0.21311006440746333 0.14329001164460578 0.33159500971306716 0.48490143661298735 0.19063607464243315 0.42366469205556845 0.21311006428008372 0.18713583459082878 0.35854604297269144 0.3431466937123698 0.5078193903024518 0.1703786438656492
10 0.32472301587741575 0.3913053853192987 0.19513077363387596 0.22359065759409874 0.37509300952082847 0.5136876376244797 0.20227892984364942 0.005960706739328202 0.3634173542039973 0.005937754436203559 0.30482291586258803 0.14561659297329835 0.4346865277672046 0.3261767130788526 0.3634173541543335 0.4571444762187282 0.09021265716798789 0.16332119258638222 0.22359065796211666 0.4903132153216665
67 0.30102040824724324 0.2402253227420689 0.4218487620747781 0.4851024838062745 0.2532053514650452 0.22808696322590616 0.2498982271762562 0.10745092350396171 0.27329542555088104 0.11217587530497188 0.3972100915604349 0.38310473652697385 0.20835332197259535 0.3732277015428634 0.27329542550306113 0.18321402769331008 0.3760187280733413 0.37431075569292555 0.48510248400956457 0.22058223019855375
47 0.3056501657200207 0.3520556757134619 0.16925590095355825 0.2422271488946102 0.3475564539398642 0.1281306867507383 0.5700423690575271 0.3043817948617961 0.3215599965056655 0.3701089016891724 0.2941807261956826 0.3296213237641863 0.4006373390606885 0.2990527104527347 0.3215599965959172 0.4268377287489103 0.2448351812407377 0.1110710569079892 0.2422271491371462 0.1960536902387065
14 0.3291365657858031 0.41753510300278057 0.2146453919726631 0.24022532224514684 0.3684358356817936 0.3809548537424774 0.36139331312526435 0.09578795529277803 0.40344205873512656 0.08989927329340944 0.3359005958687761 0.1565741359143174 0.4146300395279312 0.3082674235106704 0.4034420585515167 0.4112585009227783 0.16407455577145738 0.19184029093491242 0.2402253226038475 0.4055013607288669
6 0.333699163859103 0.403442060024484 0.2749026865240248 0.27329542605433677 0.34913553452617346 0.37099478503875916 0.35657891739119857 0.10395025922094953 0.41047355163344285 0.08448736713439968 0.3554746051832287 0.1567170635401872 0.3695259565868414 0.34170575768142053 0.41047355151688364 0.3443723203648979 0.17468430499464505 0.2353104259588669 0.2732954261266306 0.38808812870984033
16 0.3789910863334301 0.390588137956995 0.15738717098578434 0.20119620297647078 0.4223631047837819 0.5092843430006181 0.19916701044094545 0.00583998799636181 0.3565445291898982 0.002969059529783984 0.2963412694631945 0.13484497303626114 0.4332344729132899 0.275054184993363 0.356544529019362 0.45876486493086877 0.10518710931653762 0.16760810751137808 0.20119620286775786 0.4971592440196521
55 0.33620482314251166 0.33921480368239115 0.2691269758227184 0.36898544857363014 0.34609386402873044 0.31089498381334074 0.3239880408451066 0.1006672776082886 0.339499972871157 0.11924537414584647 0.39027276326084837 0.3101117352408756 0.3557923311428874 0.3831997864324711 0.33949997299992246 0.3550843104140378 0.24908438606288658 0.1893932959415349 0.3689854489154781 0.32400765092301276
52 0.5291086023763664 0.22713715406611162 0.5501060272145452 0.42066847275377733 0.37840178558468723 0.3992616112420084 0.11858345593623537 -0.0022429706281355145 0.2627166885753979 0.026994249695279224 0.2506478356092544 0.21743585385630584 0.18736664682017548 0.4443949596886608 0.26271668880863003 0.1617532653314428 0.1321771462273075 0.3378207863358611 0.4206684737781959 0.2322828365055483
43 0.3205600067867334 0.33590059659776755 0.29897008275118314 0.39721009198355883 0.31681186207173423 0.30526187842071256 0.3251191367034727 0.1089133924624034 0.3554746053515249 0.09386122945228084 0.42414706508728794 0.27072852133722664 0.3003342235957693 0.34032129958646745 0.3554746052254579 0.27147965971828575 0.3118454705934251 0.2777781418289795 0.3972100923681725 0.3154368046667914
0 0.331861872598549 0.3428930740754109 0.3445993183353982 0.37026268041809773 0.3174729235736223 0.318658378970506 0.32513917100927153 0.11054150164787241 0.3701420338037448 0.09536273067400891 0.3970341466634324 0.24314712635986094 0.3010266178989509 0.388051021371319 0.3701420335383286 0.26583840187394914 0.24484920782588637 0.2865180122741803 0.37026268027817344 0.3245180997241404
60 0.3304220688416071 0.37507582731185324 0.24798686513882762 0.29897008179100487 0.3555662205412566 0.4960535366337559 0.19989941429267263 0.0020534451052506043 0.367130055652976 0.005659064016022034 0.35412349833591555 0.1505102464980551 0.38585894051610775 0.3475170726816282 0.36713005583767666 0.3865608705305822 0.12835959521369816 0.20054708507319213 0.2989700822668627 0.4516380986408286
26 0.2978535433820692 0.33311780579968703 0.2806871633248067 0.27367567542875154 0.28937655815536034 0.09324594984312183 0.5585292318346062 0.4006230418498246 0.36389228663543105 0.2580582792801248 0.3471594658801141 0.3141067434749134 0.2683649925168554 0.32268560448561573 0.3638922863000951 0.2203419525203913 0.3473794029504708 0.24846179099853438 0.2736756751575901 0.22134605585555295
15 0.48078408633722286 0.368435835701541 0.20341599519533474 0.2532053509848162 0.4749918386855558 0.34231231102748827 0.32776778664907474 0.09698284011810332 0.3491355337048191 0.11068347462819678 0.316811860828387 0.21384083810971416 0.39193556589095974 0.3055515604469286 0.34913553345575005 0.4032760798840103 0.17809795942707074 0.17121122988046109 0.2532053510105883 0.36205887806333203
68 0.29265353815993406 0.296372814279889 0.3559465854610921 0.4451389510958478 0.2702157154779733 0.27104925647716144 0.2946923636536484 0.11228414745584508 0.33132673214466124 0.07888684626467854 0.4377236951027826 0.2741169403245833 0.22814142052351727 0.2993132511874337 0.33132673201875235 0.18450426603025652 0.39127448003917986 0.4014564084772715 0.4451389512723267 0.2740882597710504
48 0.11428096739764518 0.08989927362924588 0.09867363130668844 0.1121758754707954 0.1106834750626731 -0.03974609362249997 0.3041612450705453 0.7369218889547469 0.08448736703783795 0.965063284337752 0.09386122925181145 0.4443681245338026 0.10921294952479568 0.12146944611340478 0.08448736694170911 0.11929147984823082 0.3125192834260345 0.06385157937234373 0.11217587532600905 0.001308563987972028
1 0.3347562023592077 0.38193188533708844 0.19125506850745855 0.2682194764297934 0.3847853438625211 0.35073849748792585 0.3387897516497731 0.08699372338866657 0.34965525762272226 0.1241892057701623 0.328966679806082 0.2577903962648805 0.4452215357978249 0.3509260721119283 0.3496552577718878 0.4772024418418237 0.1622884970562326 0.13102757185712938 0.2682194765256303 0.37545437514553986
19 0.3039976326250479 0.36139331365438837 0.2029526764296012 0.2498982275008557 0.3277677871863034 0.12236873201067065 0.5876568170783231 0.3495623842709421 0.35657891705441846 0.3041612450705597 0.3251191361768962 0.29389395370827476 0.35113318053821985 0.2920336223568468 0.35657891715757467 0.34079454501113404 0.2924716514014765 0.163929372285072 0.24989822744050144 0.21197465846277105
12 0.333699163859103 0.403442060024484 0.2749026865240248 0.27329542605433677 0.34913553452617346 0.37099478503875916 0.35657891739119857 0.10395025922094953 0.41047355163344285 0.08448736713439968 0.3554746051832287 0.1567170635401872 0.3695259565868414 0.34170575768142053 0.41047355151688364 0.3443723203648979 0.17468430499464505 0.2353104259588669 0.2732954261266306 0.38808812870984033
5 0.3039976326250479 0.36139331365438837 0.2029526764296012 0.2498982275008557 0.3277677871863034 0.12236873201067065 0.5876568170783231 0.3495623842709421 0.35657891705441846 0.3041612450705597 0.3251191361768962 0.29389395370827476 0.35113318053821985 0.2920336223568468 0.35657891715757467 0.34079454501113404 0.2924716514014765 0.163929372285072 0.24989822744050144 0.21197465846277105
37 0.28586045007404065 0.21464539276724112 0.6093705258244275 0.42184876253480014 0.20341599577215752 0.23186676195796252 0.20295267680984214 0.10802012908166458 0.27490268666004675 0.09867363126144774 0.2989700824744865 0.278179397481663 0.14942015732381123 0.4383959020618681 0.2749026862664268 0.10648438511906196 0.2451004596564424 0.5838328636712291 0.4218487627392302 0.2062277719675505
41 0.3286717889389917 0.29423712128655566 0.3472519825658578 0.4311359161903814 0.3067203263237515 0.27342677403609483 0.2941560440559157 0.10621693456434075 0.31392950578796547 0.11911534614931861 0.4019584751275596 0.35274200670677025 0.28615150495726727 0.4021997263624642 0.31392950561847494 0.27008493085585633 0.3002998074801763 0.2574889595597994 0.4311359161245135 0.2757653256531041
46 0.2531304061693992 0.2420613703314361 0.5703871722281382 0.42608658286289247 0.19702412760722754 0.4383718632321155 0.12221144327211396 -0.007232666901597415 0.2799343494479038 0.011875973854769049 0.30316694175940123 0.08672368769612929 0.1649684824424933 0.27940126346211047 0.2799343493875319 0.13417347467509677 0.14613929061228273 0.7020316753920414 0.42608658373220054 0.22036935655153764
45 0.3002666649647828 0.3575062743348728 0.13659703176777568 0.22308228984411782 0.36122349644059837 0.13604297293894604 0.562861881555412 0.2687045763177212 0.3052126357719115 0.39559932902047207 0.2667559523503249 0.3166164716148658 0.44311311215692717 0.27827303256393765 0.3052126359493075 0.49557697212446816 0.22047775594999014 0.08844792250040262 0.22308229039516606 0.18919097289082235
56 0.30102040824724324 0.2402253227420689 0.4218487620747781 0.4851024838062745 0.2532053514650452 0.22808696322590616 0.2498982271762562 0.10745092350396171 0.27329542555088104 0.11217587530497188 0.3972100915604349 0.38310473652697385 0.20835332197259535 0.3732277015428634 0.27329542550306113 0.18321402769331008 0.3760187280733413 0.37431075569292555 0.48510248400956457 0.22058223019855375
58 0.24840106014492314 0.15657413653730656 0.2781793973606819 0.3831047363880533 0.2138408385247909 0.06187608983758248 0.2938939537082727 0.3807194355082154 0.1567170633239717 0.4443681245338276 0.27072852110198764 0.6662376806689642 0.19084473731441787 0.29653086175884813 0.15671706312064615 0.2066842448257176 0.5417012291018619 0.16696978969114998 0.3831047366891628 0.09920603679589854
11 0.3222237504487515 0.4146300393820723 0.14942015653170881 0.20835332157221548 0.39193556546033687 0.3782224094120612 0.3511331798303919 0.08193924163659225 0.3695259556274956 0.1092129492356312 0.30033422269501503 0.19084473675995098 0.474222480458916 0.2870754006999885 0.36952595564452295 0.5110481260388536 0.1440848178537591 0.13914150912711942 0.20835332182937116 0.41011223075859754
64 0.19590296655123443 0.16407455633341342 0.24510045953267143 0.3760187281849741 0.17809796003578074 0.06644249713042533 0.2924716514014746 0.42919897637921967 0.1746843048483121 0.31251928342604324 0.31184546978681926 0.5417012291018497 0.14408481848671373 0.16741361598692792 0.17468430469179078 0.13596936428500456 0.7520184569891919 0.30535966745498044 0.3760187284250346 0.10259242435687489
27 0.20446034750232464 0.19184029146015408 0.5838328634856852 0.3743107553790636 0.1712112300905152 0.21800131587189464 0.16392937219073148 0.09371744732775081 0.23531042562222954 0.06385157930977488 0.2777781412806206 0.1669697895546446 0.13914150944988313 0.2750686758898472 0.2353104256306757 0.11991633617025524 0.30535966729609787 0.851842050861659 0.37431075577334727 0.19919995372843488
66 0.30102040824724324 0.2402253227420689 0.4218487620747781 0.4851024838062745 0.2532053514650452 0.22808696322590616 0.2498982271762562 0.10745092350396171 0.27329542555088104 0.11217587530497188 0.3972100915604349 0.38310473652697385 0.20835332197259535 0.3732277015428634 0.27329542550306113 0.18321402769331008 0.3760187280733413 0.37431075569292555 0.48510248400956457 0.22058223019855375
22 0.11553718951127652 0.09498846122256802 0.10487009773455598 0.10551928606421601 0.11678823017453761 -0.0599640582351469 0.2563130456189282 0.5968049683858473 0.07927314204253126 1.0741164179365517 0.07219722228782421 0.46025891199451346 0.1332770233616702 0.1276701611797585 0.07927314197438516 0.1569574510065353 0.2433812407734689 0.05797208859727798 0.10551928606207296 -0.0034098729996387706
28 0.10685381493791635 0.09578795541571852 0.10802012901749289 0.10745092377084897 0.09698284056876909 -0.03442625744446061 0.3495623842709338 0.9347253319065166 0.10395025917482037 0.7369218889547536 0.1089133923839627 0.38071943550820764 0.08193924203451809 0.10857686497027033 0.1039502590636734 0.07171841271917911 0.4291989763792258 0.09371744740512239 0.10745092361648545 0.005933692279194474
54 0.11428096739764518 0.08989927362924588 0.09867363130668844 0.1121758754707954 0.1106834750626731 -0.03974609362249997 0.3041612450705453 0.7369218889547469 0.08448736703783795 0.965063284337752 0.09386122925181145 0.4443681245338026 0.10921294952479568 0.12146944611340478 0.08448736694170911 0.11929147984823082 0.3125192834260345 0.06385157937234373 0.11217587532600905 0.001308563987972028
50 0.3039976326250479 0.36139331365438837 0.2029526764296012 0.2498982275008557 0.3277677871863034 0.12236873201067065 0.5876568170783231 0.3495623842709421 0.35657891705441846 0.3041612450705597 0.3251191361768962 0.29389395370827476 0.35113318053821985 0.2920336223568468 0.35657891715757467 0.34079454501113404 0.2924716514014765 0.163929372285072 0.24989822744050144 0.21197465846277105
30 0.3222237504487515 0.4146300393820723 0.14942015653170881 0.20835332157221548 0.39193556546033687 0.3782224094120612 0.3511331798303919 0.08193924163659225 0.3695259556274956 0.1092129492356312 0.30033422269501503 0.19084473675995098 0.474222480458916 0.2870754006999885 0.36952595564452295 0.5110481260388536 0.1440848178537591 0.13914150912711942 0.20835332182937116 0.41011223075859754
40 0.3438536330271842 0.32589024258346144 0.2555854123867975 0.3516510299051313 0.3630537178082777 0.3030074418720641 0.30805869052138996 0.09097163234440024 0.307046156234128 0.14598678750545 0.3486538039503954 0.3635203131040912 0.3965976520023552 0.41936382831292085 0.3070461561920465 0.4267920101521569 0.20155137691125605 0.12753603898447874 0.3516510299288323 0.31678552548619043
3 0.3056501657200207 0.3520556757134619 0.16925590095355825 0.2422271488946102 0.3475564539398642 0.1281306867507383 0.5700423690575271 0.3043817948617961 0.3215599965056655 0.3701089016891724 0.2941807261956826 0.3296213237641863 0.4006373390606885 0.2990527104527347 0.3215599965959172 0.4268377287489103 0.2448351812407377 0.1110710569079892 0.2422271491371462 0.1960536902387065
63 0.19590296655123443 0.16407455633341342 0.24510045953267143 0.3760187281849741 0.17809796003578074 0.06644249713042533 0.2924716514014746 0.42919897637921967 0.1746843048483121 0.31251928342604324 0.31184546978681926 0.5417012291018497 0.14408481848671373 0.16741361598692792 0.17468430469179078 0.13596936428500456 0.7520184569891919 0.30535966745498044 0.3760187284250346 0.10259242435687489
4 0.32981131108760375 0.3853397077562094 0.345130578160953 0.3052188366597962 0.3200335250725583 0.35817514796639716 0.34594235291127545 0.11194974426959653 0.4152776716055229 0.07328369421476003 0.37091301407351007 0.14417148553515374 0.3126213807598784 0.3581003550316503 0.4152776715153628 0.26317928276900393 0.19556582167214787 0.31235212328424805 0.3052188367978278 0.3670166601104685
18 0.33690957761616763 0.39920407867303237 0.23507536280698707 0.2601537063349285 0.3695648896080409 0.36743482135922073 0.3511615128518418 0.09565741214302495 0.38689877972862646 0.1034018952583892 0.3364291227986849 0.19614935365058273 0.41193679607721134 0.35098649144679356 0.3868987798727176 0.41402786539546155 0.15339116343312517 0.1788165078475667 0.26015370697091145 0.3884807500678967
23 0.11553718951127652 0.09498846122256802 0.10487009773455598 0.10551928606421601 0.11678823017453761 -0.0599640582351469 0.2563130456189282 0.5968049683858473 0.07927314204253126 1.0741164179365517 0.07219722228782421 0.46025891199451346 0.1332770233616702 0.1276701611797585 0.07927314197438516 0.1569574510065353 0.2433812407734689 0.05797208859727798 0.10551928606207296 -0.0034098729996387706
24 0.11553718951127652 0.09498846122256802 0.10487009773455598 0.10551928606421601 0.11678823017453761 -0.0599640582351469 0.2563130456189282 0.5968049683858473 0.07927314204253126 1.0741164179365517 0.07219722228782421 0.46025891199451346 0.1332770233616702 0.1276701611797585 0.07927314197438516 0.1569574510065353 0.2433812407734689 0.05797208859727798 0.10551928606207296 -0.0034098729996387706
49 0.11428096739764518 0.08989927362924588 0.09867363130668844 0.1121758754707954 0.1106834750626731 -0.03974609362249997 0.3041612450705453 0.7369218889547469 0.08448736703783795 0.965063284337752 0.09386122925181145 0.4443681245338026 0.10921294952479568 0.12146944611340478 0.08448736694170911 0.11929147984823082 0.3125192834260345 0.06385157937234373 0.11217587532600905 0.001308563987972028
51 0.5391215682335974 0.32913656711148553 0.2858604503161017 0.30102040920530093 0.48078408872828154 0.3122959485732774 0.3039976333638065 0.10685381531112054 0.3336991643263481 0.11428096785245928 0.3205600064740905 0.24840106079427537 0.3222237513766126 0.34921557458605246 0.3336991643608277 0.3119637944851168 0.1959029671153896 0.20446034796382748 0.30102040954958487 0.31944420059215917
36 0.3291365657858031 0.41753510300278057 0.2146453919726631 0.24022532224514684 0.3684358356817936 0.3809548537424774 0.36139331312526435 0.09578795529277803 0.40344205873512656 0.08989927329340944 0.3359005958687761 0.1565741359143174 0.4146300395279312 0.3082674235106704 0.4034420585515167 0.4112585009227783 0.16407455577145738 0.19184029093491242 0.2402253226038475 0.4055013607288669
57 0.33039395744725963 0.3313671025460363 0.3686446078506686 0.39461974513473036 0.31108733093415425 0.4660169209553074 0.18134673975579663 -0.002415697951664654 0.35070188996992246 0.009517355496812981 0.3816169710136738 0.15968518001859505 0.3035290171700218 0.3860293627960081 0.35070189011046876 0.2805655829592035 0.15576453687111877 0.2986268619488016 0.39461974553407864 0.3692365203401797
20 0.3322659485351348 0.3760822888297943 0.169710406640843 0.2537895588237244 0.3942259503607276 0.3467797676523255 0.3297236554359961 0.08003481846406371 0.32951254891575377 0.13589644371519774 0.3063990097110342 0.27954731462682886 0.47168101569457915 0.3497263043075835 0.32951254868733376 0.5239578849013895 0.14635600539540664 0.10792022753271527 0.2537895593681184 0.37377246218286553
35 0.32741337763587414 0.41454054147379943 0.18046958847732905 0.22548566171534948 0.3825572563050023 0.378426733312012 0.3556187816653649 0.08838005562909286 0.383791168039604 0.1024943528800537 0.3176335970275892 0.1808690894640735 0.44794093065566004 0.30392340596125594 0.3837911681483005 0.4670579231091081 0.15078728804634284 0.1578037922535737 0.22548566195978884 0.40664920550100947
