id,x_0,x_1,x_2,x_3,x_4,x_5,x_6,x_7,x_8,x_9,x_10,x_11,x_12,x_13,x_14,x_15,x_16,x_17,x_18
0.0,2.220446049250313e-16,0.38297688052341566,2.220446049250313e-16,0.00029847910539143596,0.3063401071159821,2.220446049250313e-16,0.19504657990613644,0.048013936435817736,2.220446049250313e-16,0.7290837041958511,2.220446049250313e-16,1.1484259058445367,2.220446049250313e-16,2.220446049250313e-16,0.4634705066209578,0.41468812007801553,2.220446049250313e-16,2.220446049250313e-16,0.21658786921422346
1.0,2.220446049250313e-16,2.220446049250313e-16,0.7634557422894053,0.006739978020546561,0.3119289464283462,0.10663163342398507,2.220446049250313e-16,2.220446049250313e-16,0.46963031996509075,2.220446049250313e-16,0.15219717954878584,2.220446049250313e-16,2.220446049250313e-16,0.8863411035603863,2.220446049250313e-16,0.6303012696774153,0.02278122951396978,0.7956362259986218,2.220446049250313e-16
2.0,2.220446049250313e-16,0.1760842931161427,2.220446049250313e-16,0.012327083200942113,2.220446049250313e-16,2.220446049250313e-16,0.7252829546443201,2.220446049250313e-16,2.220446049250313e-16,0.7139219432296492,2.220446049250313e-16,0.09936895133666068,2.220446049250313e-16,2.220446049250313e-16,1.0557014155501054,0.41360163317694804,2.220446049250313e-16,2.220446049250313e-16,0.31703808864836014
3.0,0.4780725787924609,2.220446049250313e-16,0.7656580382781891,2.220446049250313e-16,2.220446049250313e-16,2.220446049250313e-16,2.220446049250313e-16,2.220446049250313e-16,0.0007051264395743218,2.220446049250313e-16,0.07441091844014883,0.14188465863426541,0.004248361347444986,0.7805649138038013,2.220446049250313e-16,0.0252621687686282,0.6432163910568912,2.220446049250313e-16,0.9929884150047549
4.0,2.220446049250313e-16,2.220446049250313e-16,0.00347709434087373,2.220446049250313e-16,0.32231987181481747,2.220446049250313e-16,2.220446049250313e-16,0.9321583195130533,2.220446049250313e-16,0.9069659797947044,0.27106116889431553,2.220446049250313e-16,0.0006918770992723484,0.10345081051002263,0.0053387919456983485,2.220446049250313e-16,0.032130477213711275,0.8746143302434795,2.220446049250313e-16
5.0,2.220446049250313e-16,2.220446049250313e-16,0.7639792625947592,2.220446049250313e-16,2.220446049250313e-16,0.19244504149435812,2.220446049250313e-16,2.220446049250313e-16,0.0010004094124192564,0.03736349301834533,2.220446049250313e-16,0.31482598415369023,2.220446049250313e-16,1.2113535162454991,2.220446049250313e-16,0.34077244589452826,2.220446049250313e-16,0.33579370094157374,0.04872563643847625
6.0,2.220446049250313e-16,2.220446049250313e-16,2.220446049250313e-16,2.220446049250313e-16,2.220446049250313e-16,2.220446049250313e-16,0.7189257995034568,2.220446049250313e-16,2.220446049250313e-16,0.9312929512668058,2.220446049250313e-16,0.41607573882407245,2.220446049250313e-16,0.045300872418234585,0.9441559421045291,2.220446049250313e-16,2.220446049250313e-16,0.15385713030358739,2.220446049250313e-16
7.0,0.47807257879246084,2.220446049250313e-16,0.7585030993672268,2.220446049250313e-16,0.6181663673240942,0.23808869627113205,2.220446049250313e-16,2.220446049250313e-16,0.4757094499324992,2.220446049250313e-16,0.1233324638863451,0.15217380979700348,2.220446049250313e-16,0.8411545125451977,2.220446049250313e-16,2.220446049250313e-16,2.220446049250313e-16,2.220446049250313e-16,0.623253520386209
8.0,0.4780725787924609,2.220446049250313e-16,2.220446049250313e-16,2.220446049250313e-16,2.220446049250313e-16,2.220446049250313e-16,0.49150956011446956,2.220446049250313e-16,2.220446049250313e-16,0.8410584035004156,2.220446049250313e-16,0.04952075627145739,2.220446049250313e-16,2.220446049250313e-16,0.8911885181604968,0.06360447791220282,2.220446049250313e-16,0.4690266532764233,0.25402962307967775
9.0,0.4780725787924609,2.220446049250313e-16,0.7655770862063823,2.220446049250313e-16,2.220446049250313e-16,2.220446049250313e-16,2.220446049250313e-16,2.220446049250313e-16,0.00013513868643655336,2.220446049250313e-16,0.09088168019371501,0.12091541654978083,0.004136084268428799,1.0053767498580815,2.220446049250313e-16,0.02487232368685306,0.12578530350080738,2.220446049250313e-16,1.0021900005443956
10.0,2.220446049250313e-16,2.220446049250313e-16,0.0045603768411834585,2.220446049250313e-16,2.220446049250313e-16,2.220446049250313e-16,2.220446049250313e-16,0.8167283547717439,2.220446049250313e-16,0.9055482704791594,0.5417601159322304,2.220446049250313e-16,0.0014272035299772836,0.21394364433947166,0.005317625730472484,2.220446049250313e-16,0.043284913018348595,0.8789813077791365,2.220446049250313e-16
11.0,2.220446049250313e-16,2.220446049250313e-16,2.220446049250313e-16,0.779341967114822,2.220446049250313e-16,2.220446049250313e-16,2.220446049250313e-16,0.06686522958569885,2.220446049250313e-16,0.1604858942955642,0.16228626943567012,2.220446049250313e-16,2.220446049250313e-16,0.5974162604522335,2.220446049250313e-16,0.25700606488382877,0.8290179237586756,0.9097954431802104,0.03804067165361937
12.0,0.47807257879246084,2.220446049250313e-16,0.004581556133379551,0.03724346136445744,0.3198700467371869,2.220446049250313e-16,2.220446049250313e-16,0.862889686546314,2.220446049250313e-16,0.8090741193027909,0.27948410227973597,0.5006583329933344,0.0001366841420563755,0.08225984517915727,2.220446049250313e-16,0.27108327524962345,0.03338924979727685,0.2285265596762102,0.09493964021078745
13.0,2.220446049250313e-16,2.220446049250313e-16,0.7613232370607794,0.005286796113695091,0.6301827853873028,5.551115123125783e-17,2.220446049250313e-16,0.030212799983826477,2.220446049250313e-16,2.220446049250313e-16,0.7178155293537882,2.220446049250313e-16,2.220446049250313e-16,2.220446049250313e-16,2.220446049250313e-16,0.7014701293778356,0.7926264968421531,0.8415923416224697,0.1575735753321123
14.0,0.4780725787924609,2.220446049250313e-16,0.008326957992796273,0.7936020189898791,2.220446049250313e-16,2.220446049250313e-16,0.7076317763751362,0.6097102497590654,2.220446049250313e-16,0.16935790950411397,2.220446049250313e-16,1.0145325876040623,2.220446049250313e-16,0.022188456895110436,0.07945117164316808,0.25316022021817103,2.220446049250313e-16,0.09279398703386135,2.220446049250313e-16
15.0,0.47807257879246084,2.220446049250313e-16,0.003823070889654438,0.756845176025506,2.220446049250313e-16,2.220446049250313e-16,2.220446049250313e-16,2.220446049250313e-16,2.220446049250313e-16,0.06869128366251304,0.08878265717189344,0.14727449050241184,0.010464196329515065,0.8096127424922922,2.220446049250313e-16,0.28327659844086106,0.6616023051283968,0.022922677986324472,0.6704673181168124
16.0,2.220446049250313e-16,2.220446049250313e-16,0.0060149301202444974,2.220446049250313e-16,2.220446049250313e-16,2.220446049250313e-16,2.220446049250313e-16,0.6291262196661258,2.220446049250313e-16,0.9058354393113224,0.7323820527240156,2.220446049250313e-16,2.220446049250313e-16,0.245097491291748,0.0046217185233836805,2.220446049250313e-16,0.07986066169925339,0.8813250372957142,0.029487026602208435
17.0,0.47807257879246084,2.220446049250313e-16,0.0002838230263548624,0.7629151919200174,2.220446049250313e-16,2.220446049250313e-16,2.220446049250313e-16,2.220446049250313e-16,0.0006169883478418749,2.220446049250313e-16,0.07396303502927887,0.12218349920385489,0.005130116292221037,0.7811277736022528,2.220446049250313e-16,0.00024293943502280688,0.6427320697164164,2.220446049250313e-16,1.0017766031841338
18.0,2.220446049250313e-16,0.17759432409988143,2.220446049250313e-16,0.026251697394254814,2.220446049250313e-16,2.220446049250313e-16,0.725168458312692,2.220446049250313e-16,2.220446049250313e-16,0.6073654122212306,2.220446049250313e-16,0.10555403513960587,2.220446049250313e-16,2.220446049250313e-16,1.0190408555938872,0.6991671315565192,2.220446049250313e-16,2.220446049250313e-16,0.30697874847774287
19.0,2.220446049250313e-16,0.5996751171403236,0.7803702500342028,2.220446049250313e-16,0.3104809771519113,2.220446049250313e-16,0.5057425967358667,0.5401584293046492,0.47920615723478277,2.220446049250313e-16,2.220446049250313e-16,0.22903038755833205,0.16819102983876266,2.220446049250313e-16,2.220446049250313e-16,2.220446049250313e-16,0.5704690629019555,0.013229374007256434,0.4588002670282697
20.0,2.220446049250313e-16,2.220446049250313e-16,0.37958633239474837,0.38676470751284997,0.6301110470802286,2.7755575615628914e-17,2.220446049250313e-16,0.03398777540310143,2.220446049250313e-16,2.220446049250313e-16,0.717585476146495,2.220446049250313e-16,2.220446049250313e-16,2.220446049250313e-16,2.220446049250313e-16,0.6889308806172714,0.7921256825518975,0.8423771429072759,0.16035369589058598
21.0,2.220446049250313e-16,0.19526740310858276,2.220446049250313e-16,0.034905898456895734,0.3176159748945044,2.220446049250313e-16,0.5042612703477762,0.4342700493872169,2.220446049250313e-16,0.809961622380603,2.220446049250313e-16,0.3146030986808128,2.220446049250313e-16,2.220446049250313e-16,0.613353395374215,0.27296046761848564,2.220446049250313e-16,0.013179593951372994,0.18229312993847052
22.0,2.220446049250313e-16,2.220446049250313e-16,0.004630583658364367,2.220446049250313e-16,0.6342488182431643,2.220446049250313e-16,2.220446049250313e-16,0.8110424256742425,2.220446049250313e-16,0.8970057072126203,0.5512751097032,2.220446049250313e-16,0.0014315817281542681,2.220446049250313e-16,0.005642375623847879,2.220446049250313e-16,0.031652056739092244,0.8720517282599626,2.220446049250313e-16
23.0,2.220446049250313e-16,0.5597587626372128,0.3806020815047346,0.383490506622089,0.28412166606847894,2.220446049250313e-16,0.00013464035429244805,0.055487225524775925,0.0013004499352927846,2.220446049250313e-16,0.6676599166225876,2.220446049250313e-16,0.002701913492924014,0.1080947239411218,0.003350236512767313,0.008060510582152347,0.7517192411458068,2.220446049250313e-16,1.0776333448095388
24.0,2.220446049250313e-16,0.5597587626372128,0.3806020815047346,0.383490506622089,0.28412166606847894,2.220446049250313e-16,0.00013464035429244805,0.055487225524775925,0.0013004499352927846,2.220446049250313e-16,0.6676599166225876,2.220446049250313e-16,0.002701913492924014,0.1080947239411218,0.003350236512767313,0.008060510582152347,0.7517192411458068,2.220446049250313e-16,1.0776333448095388
25.0,2.220446049250313e-16,2.220446049250313e-16,0.786978819475497,2.220446049250313e-16,2.220446049250313e-16,0.03713003008565424,2.220446049250313e-16,0.11596632563675616,2.220446049250313e-16,2.220446049250313e-16,2.220446049250313e-16,2.220446049250313e-16,0.9994839698775696,2.220446049250313e-16,0.8188325378075548,2.220446049250313e-16,2.220446049250313e-16,0.024772772982697325,0.09667668895076947
26.0,2.220446049250313e-16,2.220446049250313e-16,0.786978819475497,2.220446049250313e-16,2.220446049250313e-16,0.03713003008565424,2.220446049250313e-16,0.11596632563675616,2.220446049250313e-16,2.220446049250313e-16,2.220446049250313e-16,2.220446049250313e-16,0.9994839698775696,2.220446049250313e-16,0.8188325378075548,2.220446049250313e-16,2.220446049250313e-16,0.024772772982697325,0.09667668895076947
27.0,2.220446049250313e-16,2.220446049250313e-16,2.220446049250313e-16,0.7861210145536854,2.220446049250313e-16,2.220446049250313e-16,2.220446049250313e-16,2.220446049250313e-16,0.011101623602309263,0.08278140259711735,2.220446049250313e-16,0.0980089264972095,0.7708397501320304,2.220446049250313e-16,1.0132404528792833,2.220446049250313e-16,2.220446049250313e-16,2.220446049250313e-16,0.11016467800646786
28.0,2.220446049250313e-16,0.6132500002603966,2.220446049250313e-16,2.220446049250313e-16,2.220446049250313e-16,0.6496996416912179,0.00011392128378728506,0.7915472520124335,2.220446049250313e-16,2.220446049250313e-16,2.220446049250313e-16,0.006079703403716441,0.848546231517171,2.220446049250313e-16,0.07668058522769673,2.220446049250313e-16,0.2096894535173983,2.220446049250313e-16,0.22483626305438204
29.0,2.220446049250313e-16,2.220446049250313e-16,2.220446049250313e-16,2.220446049250313e-16,2.220446049250313e-16,0.7751377553766773,2.220446049250313e-16,0.7892111305958764,2.220446049250313e-16,2.220446049250313e-16,0.006909265256593328,0.005441399955416123,0.9941524426219599,2.220446049250313e-16,0.13870037759005635,2.220446049250313e-16,0.22101431877101396,2.220446049250313e-16,0.02352492854149511
30.0,2.220446049250313e-16,2.220446049250313e-16,2.220446049250313e-16,2.220446049250313e-16,0.312768590126528,0.8471311090438751,2.220446049250313e-16,2.220446049250313e-16,0.48191593001982613,2.220446049250313e-16,2.220446049250313e-16,0.3723218134557258,2.220446049250313e-16,0.9465754770344733,2.220446049250313e-16,2.220446049250313e-16,2.220446049250313e-16,0.10337474820740732,0.37014693633346835
31.0,2.220446049250313e-16,0.18562702612848667,2.220446049250313e-16,2.220446049250313e-16,2.220446049250313e-16,2.220446049250313e-16,0.0003277539601976853,2.220446049250313e-16,0.4697519294732365,0.8640122521375636,2.220446049250313e-16,2.220446049250313e-16,0.35759606407592626,2.220446049250313e-16,1.0349689146445507,2.220446049250313e-16,2.220446049250313e-16,0.1033754062469453,0.18210920671204817
32.0,2.220446049250313e-16,0.4079416371556566,2.220446049250313e-16,2.220446049250313e-16,2.220446049250313e-16,0.9816494209618652,2.220446049250313e-16,2.220446049250313e-16,2.220446049250313e-16,2.220446049250313e-16,0.71186025696721,2.220446049250313e-16,0.9041136587195945,0.2935831602390389,2.220446049250313e-16,2.220446049250313e-16,2.220446049250313e-16,2.220446049250313e-16,2.220446049250313e-16
33.0,2.220446049250313e-16,0.4079416371556566,2.220446049250313e-16,2.220446049250313e-16,2.220446049250313e-16,0.9816494209618652,2.220446049250313e-16,2.220446049250313e-16,2.220446049250313e-16,2.220446049250313e-16,0.71186025696721,2.220446049250313e-16,0.9041136587195945,0.2935831602390389,2.220446049250313e-16,2.220446049250313e-16,2.220446049250313e-16,2.220446049250313e-16,2.220446049250313e-16
34.0,2.220446049250313e-16,0.4079416371556566,2.220446049250313e-16,2.220446049250313e-16,2.220446049250313e-16,0.9816494209618652,2.220446049250313e-16,2.220446049250313e-16,2.220446049250313e-16,2.220446049250313e-16,0.71186025696721,2.220446049250313e-16,0.9041136587195946,0.2935831602390387,2.220446049250313e-16,2.220446049250313e-16,2.220446049250313e-16,2.220446049250313e-16,2.220446049250313e-16
35.0,2.220446049250313e-16,0.18780761719745623,2.220446049250313e-16,2.220446049250313e-16,0.3089879386621961,0.926842600813131,0.2758793555373403,2.220446049250313e-16,2.220446049250313e-16,2.220446049250313e-16,0.13451942933835107,2.220446049250313e-16,0.14348537147960808,0.7009840266608295,0.012044165368460133,2.220446049250313e-16,2.220446049250313e-16,0.10715187677076005,0.5166609438286791
36.0,2.220446049250313e-16,0.18562702612848667,2.220446049250313e-16,2.220446049250313e-16,2.220446049250313e-16,2.220446049250313e-16,0.0003277539601976853,2.220446049250313e-16,0.4697519294732365,0.8640122521375636,2.220446049250313e-16,2.220446049250313e-16,0.35759606407592626,2.220446049250313e-16,1.0349689146445507,2.220446049250313e-16,2.220446049250313e-16,0.1033754062469453,0.18210920671204817
37.0,2.220446049250313e-16,2.220446049250313e-16,2.220446049250313e-16,2.220446049250313e-16,2.220446049250313e-16,0.9967278923120997,0.49252493905046757,2.220446049250313e-16,2.220446049250313e-16,2.220446049250313e-16,0.7119720314992058,2.220446049250313e-16,0.7112831542214302,0.2908522932078586,0.015949538672591107,2.220446049250313e-16,2.220446049250313e-16,2.220446049250313e-16,2.220446049250313e-16
38.0,2.220446049250313e-16,2.220446049250313e-16,2.220446049250313e-16,2.220446049250313e-16,2.220446049250313e-16,0.9967278923120997,0.49252493905046757,2.220446049250313e-16,2.220446049250313e-16,2.220446049250313e-16,0.7119720314992058,2.220446049250313e-16,0.7112831542214302,0.2908522932078586,0.015949538672591107,2.220446049250313e-16,2.220446049250313e-16,2.220446049250313e-16,2.220446049250313e-16
39.0,0.47807257879246084,0.17594509993144009,0.7683122914369946,2.220446049250313e-16,2.220446049250313e-16,0.08761892666167953,0.7271650306363601,0.06449860383835779,0.47673111269164453,2.220446049250313e-16,0.696852411213012,2.220446049250313e-16,0.00017993098069698,0.059601243654256876,0.02182987891387832,2.220446049250313e-16,0.5968221570530141,2.220446049250313e-16,0.6932612033336377
40.0,2.220446049250313e-16,0.6239757588792595,0.773055609453184,0.007500799382729611,2.220446049250313e-16,0.05723015874469796,0.5062210183348065,0.588323947752924,2.220446049250313e-16,2.220446049250313e-16,0.021286031744587135,0.20603927843313552,0.5752665520113686,2.220446049250313e-16,0.23058277682618972,0.27339180821885056,0.07951523879752802,0.013092345878638757,2.220446049250313e-16
41.0,2.220446049250313e-16,0.3845591746331316,0.021805886018575582,2.220446049250313e-16,2.220446049250313e-16,0.657104461279872,2.220446049250313e-16,0.12490305871761023,2.220446049250313e-16,2.220446049250313e-16,2.220446049250313e-16,2.220446049250313e-16,0.9107340390920186,2.220446049250313e-16,0.7435228436706831,2.220446049250313e-16,2.220446049250313e-16,0.02637771244171381,0.0921532943606671
42.0,2.220446049250313e-16,2.220446049250313e-16,2.220446049250313e-16,0.7861210145536854,2.220446049250313e-16,2.220446049250313e-16,2.220446049250313e-16,2.220446049250313e-16,0.011101623602309263,0.08278140259711735,2.220446049250313e-16,0.0980089264972095,0.7708397501320304,2.220446049250313e-16,1.0132404528792833,2.220446049250313e-16,2.220446049250313e-16,2.220446049250313e-16,0.11016467800646786
43.0,2.220446049250313e-16,2.220446049250313e-16,2.220446049250313e-16,2.220446049250313e-16,2.220446049250313e-16,0.8733761914057991,2.220446049250313e-16,0.6955451828506087,2.220446049250313e-16,2.220446049250313e-16,0.01858147926069187,2.220446049250313e-16,0.9785503184305461,2.220446049250313e-16,0.27603732117462565,2.220446049250313e-16,0.069398134428477,2.220446049250313e-16,2.220446049250313e-16
44.0,2.220446049250313e-16,2.220446049250313e-16,2.220446049250313e-16,2.220446049250313e-16,2.220446049250313e-16,0.8733761914057991,2.220446049250313e-16,0.6955451828506087,2.220446049250313e-16,2.220446049250313e-16,0.01858147926069187,2.220446049250313e-16,0.9785503184305461,2.220446049250313e-16,0.27603732117462565,2.220446049250313e-16,0.069398134428477,2.220446049250313e-16,2.220446049250313e-16
45.0,2.220446049250313e-16,2.220446049250313e-16,0.7634124481157087,2.220446049250313e-16,2.220446049250313e-16,0.20203411058371318,2.220446049250313e-16,2.220446049250313e-16,0.0010165988878026208,0.02472972255590311,2.220446049250313e-16,0.12286093785331675,2.220446049250313e-16,1.1502141040224172,2.220446049250313e-16,0.34119050036965337,2.220446049250313e-16,0.5302241534068729,0.05993956053504682
46.0,0.4780725787924609,2.220446049250313e-16,2.220446049250313e-16,2.220446049250313e-16,2.220446049250313e-16,2.220446049250313e-16,0.4922186589020063,2.220446049250313e-16,2.220446049250313e-16,0.8938770708976692,2.220446049250313e-16,0.013882412494098795,2.220446049250313e-16,2.220446049250313e-16,0.8994441478061918,2.220446049250313e-16,2.220446049250313e-16,0.7098550348883909,2.220446049250313e-16
47.0,0.4780725787924609,2.220446049250313e-16,2.220446049250313e-16,2.220446049250313e-16,2.220446049250313e-16,0.9275742777824376,0.23432797519567206,2.220446049250313e-16,0.4734024133910397,2.220446049250313e-16,2.220446049250313e-16,2.220446049250313e-16,0.40313931355350363,0.9266507910502358,2.220446049250313e-16,2.220446049250313e-16,2.220446049250313e-16,2.220446049250313e-16,2.220446049250313e-16
48.0,2.220446049250313e-16,2.220446049250313e-16,2.220446049250313e-16,0.024891540638396915,2.220446049250313e-16,0.8345357988950569,2.220446049250313e-16,2.220446049250313e-16,0.4844522829693484,2.220446049250313e-16,2.220446049250313e-16,0.45524499247499356,2.220446049250313e-16,1.0268800427338398,0.0032060505492780725,0.000895849637312199,2.220446049250313e-16,0.2913737167198731,0.0968820656350899
49.0,0.4780725787924609,2.220446049250313e-16,2.220446049250313e-16,2.220446049250313e-16,2.220446049250313e-16,0.9275742777824376,0.23432797519567206,2.220446049250313e-16,0.4734024133910397,2.220446049250313e-16,2.220446049250313e-16,2.220446049250313e-16,0.40313931355350363,0.9266507910502358,2.220446049250313e-16,2.220446049250313e-16,2.220446049250313e-16,2.220446049250313e-16,2.220446049250313e-16
50.0,2.220446049250313e-16,2.220446049250313e-16,0.0093586000317247,0.7705791694706003,0.6314069612922202,1.5265566588595902e-16,2.220446049250313e-16,0.18501865643196744,2.220446049250313e-16,2.220446049250313e-16,0.7243721553696448,2.220446049250313e-16,2.220446049250313e-16,2.220446049250313e-16,2.220446049250313e-16,0.6767045126542549,0.6189685078705759,0.8693324294003447,0.110132302471944
51.0,2.220446049250313e-16,2.220446049250313e-16,0.0045113638450701415,0.37648056753611625,0.31192894642834634,2.220446049250313e-16,0.2097370283030642,0.8171127351057456,2.220446049250313e-16,0.5811550065080967,2.220446049250313e-16,0.3822677219791966,0.0019610102998893664,2.220446049250313e-16,2.220446049250313e-16,2.220446049250313e-16,2.220446049250313e-16,0.8991189683432474,2.220446049250313e-16
52.0,2.220446049250313e-16,0.39863280807435,2.220446049250313e-16,0.7910300188113744,0.6320973589124375,2.220446049250313e-16,2.220446049250313e-16,0.46587485798000056,2.220446049250313e-16,0.18412001569328115,2.220446049250313e-16,1.1298923185747167,2.220446049250313e-16,0.014477329949167613,0.1669677665029128,0.25027370192003145,2.220446049250313e-16,0.06533244528285709,0.08337688133423796
53.0,2.220446049250313e-16,0.5714084402337775,0.0008176823748947681,0.7647476789196,0.6111412283198232,2.220446049250313e-16,0.23448340269336315,0.06491340848676114,0.002973299761732914,2.220446049250313e-16,0.401537077499704,2.220446049250313e-16,0.005925973868446403,0.16860151578033364,0.004934208588721083,0.0055235926644495136,0.7586921484987521,2.220446049250313e-16,0.8955032314313252
54.0,0.4780725787924609,2.220446049250313e-16,0.0020905015002809554,0.7923762574855905,0.30528585055394847,2.220446049250313e-16,0.20535843103656015,0.9477982095446853,2.220446049250313e-16,2.220446049250313e-16,2.220446049250313e-16,0.6115755969995873,2.220446049250313e-16,2.220446049250313e-16,2.220446049250313e-16,0.6611388275555072,0.03055215817122716,0.19345120917642447,0.2574441489556614
55.0,2.220446049250313e-16,0.5956270344335919,2.220446049250313e-16,0.7798902109400778,2.220446049250313e-16,2.220446049250313e-16,0.23285270133623948,2.220446049250313e-16,0.4700328719843215,0.08254195638256154,2.220446049250313e-16,0.08834317255635867,0.17687222530149083,2.220446049250313e-16,1.0211743363288153,0.3176405595082862,2.220446049250313e-16,2.220446049250313e-16,0.153710239778565
56.0,0.47807257879246084,2.220446049250313e-16,0.004480609425495393,2.220446049250313e-16,2.220446049250313e-16,0.6639500490115401,0.22924327165503378,0.389468367020125,2.220446049250313e-16,2.220446049250313e-16,2.220446049250313e-16,0.2673239475091119,0.820630053569402,2.220446049250313e-16,2.220446049250313e-16,2.220446049250313e-16,0.7647638761598556,2.220446049250313e-16,0.15394302091187945
57.0,2.220446049250313e-16,2.220446049250313e-16,2.220446049250313e-16,0.013799398304980365,2.220446049250313e-16,2.220446049250313e-16,2.220446049250313e-16,2.220446049250313e-16,0.47155348154889415,0.7156419233100078,1.6653345369377348e-16,0.11247519857988812,0.6407842662406178,2.220446049250313e-16,1.0100586471394837,0.3506822708921368,2.220446049250313e-16,2.220446049250313e-16,2.220446049250313e-16
58.0,2.220446049250313e-16,2.220446049250313e-16,2.220446049250313e-16,2.220446049250313e-16,0.6279973801039195,0.8654994093984585,2.220446049250313e-16,2.220446049250313e-16,0.4834245358611868,2.220446049250313e-16,2.220446049250313e-16,0.32811576007666077,2.220446049250313e-16,0.829458701232476,2.220446049250313e-16,2.220446049250313e-16,2.220446049250313e-16,0.28274969047143383,0.24226598591020362
59.0,2.220446049250313e-16,2.220446049250313e-16,2.220446049250313e-16,2.220446049250313e-16,2.220446049250313e-16,0.7765747512435177,2.220446049250313e-16,0.38644236089921824,2.220446049250313e-16,2.220446049250313e-16,2.220446049250313e-16,0.27775650526257134,0.9752382076640596,2.220446049250313e-16,0.010405113821765573,2.220446049250313e-16,0.773621498102541,2.220446049250313e-16,2.220446049250313e-16
60.0,2.220446049250313e-16,2.220446049250313e-16,2.220446049250313e-16,0.7793931604585099,2.220446049250313e-16,2.220446049250313e-16,2.220446049250313e-16,2.220446049250313e-16,2.220446049250313e-16,0.1591982685176453,0.12207446209765427,2.220446049250313e-16,2.220446049250313e-16,0.7457705231677088,2.220446049250313e-16,0.2583508941259279,0.698238554362944,0.9022167388049247,0.034215871425693045
61.0,0.4780725787924609,2.220446049250313e-16,2.220446049250313e-16,2.220446049250313e-16,0.6342488182431645,2.220446049250313e-16,2.220446049250313e-16,0.120078245410506,2.220446049250313e-16,0.9018266671418932,2.220446049250313e-16,0.35573367339231077,2.220446049250313e-16,2.220446049250313e-16,0.6277599277638599,2.220446049250313e-16,2.220446049250313e-16,0.7051079958723119,2.220446049250313e-16
62.0,2.220446049250313e-16,2.220446049250313e-16,2.220446049250313e-16,0.015225750890447209,0.3192150125665224,2.220446049250313e-16,0.4999322816750276,0.015294091872556266,2.220446049250313e-16,0.9067715098642196,2.220446049250313e-16,0.5217259418255135,2.220446049250313e-16,0.018323880063137885,0.8969644538605407,2.220446049250313e-16,2.220446049250313e-16,0.012431068405711607,0.12032459893968409
63.0,2.220446049250313e-16,0.5596763733612389,0.763824068499618,2.220446049250313e-16,0.2841202024705883,0.031933671080614685,0.00013449488295630175,0.09856303513651143,0.0004442875269675643,2.220446049250313e-16,0.4139975318400379,2.220446049250313e-16,2.220446049250313e-16,0.5047984862339534,0.006710722156432138,0.019703336311896674,0.24113400072557975,2.220446049250313e-16,1.0776900645559306
64.0,2.220446049250313e-16,0.5596763733612389,0.763824068499618,2.220446049250313e-16,0.2841202024705883,0.031933671080614685,0.00013449488295630175,0.09856303513651143,0.0004442875269675643,2.220446049250313e-16,0.4139975318400379,2.220446049250313e-16,2.220446049250313e-16,0.5047984862339534,0.006710722156432138,0.019703336311896674,0.24113400072557975,2.220446049250313e-16,1.0776900645559306
65.0,0.47807257879246084,2.220446049250313e-16,0.7739387931029572,2.220446049250313e-16,2.220446049250313e-16,2.220446049250313e-16,0.47836362536684435,0.4914931875464393,0.47096493049292737,0.016391742370158315,2.220446049250313e-16,0.7472195727210692,0.0020478630251485903,0.01196739197527381,2.220446049250313e-16,0.6150386464759142,0.5984606003569825,0.15527717530007812,0.05691616579784667
66.0,2.220446049250313e-16,0.403383893737296,2.220446049250313e-16,0.7847328711887872,2.220446049250313e-16,2.220446049250313e-16,0.7065134364595029,0.4589566687161532,0.4715291510346717,2.220446049250313e-16,2.220446049250313e-16,1.0663427927011966,2.220446049250313e-16,0.011420153208548086,0.18117700183637633,0.6005708261230371,2.220446049250313e-16,2.220446049250313e-16,2.220446049250313e-16
67.0,2.220446049250313e-16,0.4034939254254114,2.220446049250313e-16,0.5973161267096123,5.551115123125783e-16,2.220446049250313e-16,0.706442453060112,0.4578410541137232,0.47153517578961507,0.15456012041266806,2.220446049250313e-16,1.0701003071453832,2.220446049250313e-16,0.008592279376266956,0.17648103801045237,0.6066371048682027,2.220446049250313e-16,2.220446049250313e-16,2.220446049250313e-16
68.0,2.220446049250313e-16,0.6069920614245919,0.3956191984362874,0.37694458074996096,2.220446049250313e-16,0.015892208821904685,0.7235289188498689,0.982981340697707,0.4803338485641152,2.220446049250313e-16,2.220446049250313e-16,0.18706312391414517,0.27119160944413473,2.220446049250313e-16,2.220446049250313e-16,2.220446049250313e-16,0.02275731969930985,0.004351488936981525,0.34428341702675963
69.0,2.220446049250313e-16,2.220446049250313e-16,0.010928229913356216,0.8028167889816435,0.6342488182431649,2.220446049250313e-16,2.220446049250313e-16,0.18066465120541114,0.47154087323153143,2.220446049250313e-16,0.7295455138617418,0.08535333318580139,2.220446049250313e-16,0.005918038339844191,0.030082610795177475,0.6104104683256053,0.625811862125652,0.7244499702473539,2.220446049250313e-16
