29 0.051219838558800995 0.3164821969432164 0.31648219623893264 0.13918682204911265 0.25434209542516645 0.19450297310623108 0.05121983886811442 0.40143126466311246 0.19658264161424552 0.05121983882576675 0.3226419452863885 0.1811859513818495 0.5318600609343586 0.22056779339303162 0.4014312643366405 0.25434209528494184 0.13918682212202638 0.6577623882729837 0.5318600608279165 0.19450297232393765
23 0.23426766417094735 0.36655074425348777 0.3665507443649536 0.1834859046092705 0.3617846451504917 0.3999053110674592 0.23426766398450535 0.4637799910191539 0.15196624924669996 0.23426766418268707 0.25988673462668366 0.257067572476086 0.3064832159677929 0.29253934614603433 0.4637799906032541 0.36178464512948844 0.18348590406426207 0.23944229914074935 0.3064832163093431 0.399905309928925
25 0.07527456389478113 0.5713173427094762 0.5713173425147876 0.04720310610630667 0.25516029479039837 0.3164687133948902 0.07527456353613346 0.3665507444959101 0.041274812278627615 0.07527456367631215 0.3893135620664722 0.4127288770839412 0.25149530843368295 0.20200603253887472 0.36655074425840195 0.25516029445039484 0.04720310556001261 0.4853664566107607 0.2514953086318919 0.31646871250825653
47 0.2817509844709362 0.2514953081732357 0.25149530845262474 0.23806505830425767 0.22458660842087833 0.24759554881331397 0.28175098405751714 0.3064832165118609 0.20522332796494752 0.28175098414731437 0.18077788081923177 0.13296380831724441 0.6878497148750317 0.18776935081983429 0.30648321631770425 0.22458660814252954 0.23806505790714458 0.1914201635086148 0.6878497152889471 0.2475955479578872
6 0.0036735625837713047 0.3771625808637373 0.37716258037040934 0.017553962977214618 0.3203517267090637 0.27644804571647763 0.0036735607577360802 0.28224294787942433 0.03905088151796892 0.003673560950027149 0.5966854385115447 0.6123115313355157 0.15155314632825365 0.3331999152843316 0.2822429475183616 0.3203517263523775 0.01755396179723624 0.5545979745639971 0.15155314638499695 0.2764480445578852
13 0.18608710452682098 0.2551602943705652 0.2551602942129624 0.21527682234818407 0.4595038462797849 0.4243546084173679 0.1860871038271477 0.36178464530052834 0.22304013396564384 0.18608710394694036 0.3195323369961386 0.30672070462366147 0.22458660799384322 0.4886621753432223 0.3617846448884578 0.45950384632436303 0.2152768217053872 0.20832926978842128 0.22458660843745362 0.4243546075077715
21 0.45819168863224424 0.04720310516356178 0.04720310606708444 0.560507953379487 0.21527682198619894 0.18998472835685307 0.4581916887268946 0.18348590438949766 0.5845635836082723 0.4581916887836893 0.016296532935542608 0.011094655844728763 0.23806505800484165 0.22290499876478126 0.18348590418634222 0.21527682216573304 0.5605079528933984 0.0059941359283347 0.23806505798941463 0.18998472753560014
1 0.20987726602470502 0.31646871272823773 0.3164687128155492 0.18998472823295742 0.42435460805427283 0.4384329764870927 0.20987726566090714 0.3999053108491353 0.1682067039714088 0.20987726585008204 0.30025523186795056 0.29601539765479146 0.24759554828051478 0.4019849789452934 0.39990531045623356 0.4243546079378575 0.18998472767998464 0.20159695656531795 0.2475955483096186 0.43843297590501606
31 0.2817509844709362 0.2514953081732357 0.25149530845262474 0.23806505830425767 0.22458660842087833 0.24759554881331397 0.28175098405751714 0.3064832165118609 0.20522332796494752 0.28175098414731437 0.18077788081923177 0.13296380831724441 0.6878497148750317 0.18776935081983429 0.30648321631770425 0.22458660814252954 0.23806505790714458 0.1914201635086148 0.6878497152889471 0.2475955479578872
54 0.23426766417094735 0.36655074425348777 0.3665507443649536 0.1834859046092705 0.3617846451504917 0.3999053110674592 0.23426766398450535 0.4637799910191539 0.15196624924669996 0.23426766418268707 0.25988673462668366 0.257067572476086 0.3064832159677929 0.29253934614603433 0.4637799906032541 0.36178464512948844 0.18348590406426207 0.23944229914074935 0.3064832163093431 0.399905309928925
57 0.5687436668209661 0.07527456330318542 0.07527456367055636 0.458191688862557 0.1860871041421245 0.20987726602328566 0.5687436667836446 0.23426766433425025 0.3834590814518712 0.5687436664950942 0.0027288782940373393 0.00828685202409735 0.2817509838104013 0.1575904642966932 0.23426766391717974 0.18608710424076588 0.4581916882779468 -0.0233399386913192 0.2817509840222795 0.209877265379403
58 0.05538370214609312 0.3351704270316829 0.33517042613438325 0.09477639533080909 0.37669153735552824 0.339818297534431 0.05538369925326433 0.35527463130291353 0.11181189854989182 0.055383699455580145 0.5235971604478507 0.418928520486052 0.31522136741038304 0.33594682752713134 0.3552746310076001 0.37669153723338283 0.09477639355592257 0.45493400777557547 0.31522136748726487 0.3398182963186026
11 0.17124818522162075 0.23248488441112927 0.23248488426999545 0.21317364749733572 0.4784455796086376 0.42183892311068566 0.17124818493861305 0.3186921480299927 0.24022171225922453 0.17124818500323147 0.3278927611786933 0.3228801063266828 0.19785614935901716 0.5596090962659612 0.318692147800616 0.47844557931288245 0.21317364697978525 0.1877848174776139 0.19785614930599923 0.4218389220668281
27 0.23426766417094735 0.36655074425348777 0.3665507443649536 0.1834859046092705 0.3617846451504917 0.3999053110674592 0.23426766398450535 0.4637799910191539 0.15196624924669996 0.23426766418268707 0.25988673462668366 0.257067572476086 0.3064832159677929 0.29253934614603433 0.4637799906032541 0.36178464512948844 0.18348590406426207 0.23944229914074935 0.3064832163093431 0.399905309928925
41 0.5687436668209661 0.07527456330318542 0.07527456367055636 0.458191688862557 0.1860871041421245 0.20987726602328566 0.5687436667836446 0.23426766433425025 0.3834590814518712 0.5687436664950942 0.0027288782940373393 0.00828685202409735 0.2817509838104013 0.1575904642966932 0.23426766391717974 0.18608710424076588 0.4581916882779468 -0.0233399386913192 0.2817509840222795 0.209877265379403
33 0.17124818522162075 0.23248488441112927 0.23248488426999545 0.21317364749733572 0.4784455796086376 0.42183892311068566 0.17124818493861305 0.3186921480299927 0.24022171225922453 0.17124818500323147 0.3278927611786933 0.3228801063266828 0.19785614935901716 0.5596090962659612 0.318692147800616 0.47844557931288245 0.21317364697978525 0.1877848174776139 0.19785614930599923 0.4218389220668281
43 0.05538370214609312 0.3351704270316829 0.33517042613438325 0.09477639533080909 0.37669153735552824 0.339818297534431 0.05538369925326433 0.35527463130291353 0.11181189854989182 0.055383699455580145 0.5235971604478507 0.418928520486052 0.31522136741038304 0.33594682752713134 0.3552746310076001 0.37669153723338283 0.09477639355592257 0.45493400777557547 0.31522136748726487 0.3398182963186026
49 -0.02333993817991046 0.48536645683819307 0.48536645622728825 0.005994136211740053 0.20832926993354453 0.20159695692115304 -0.023339938884172108 0.23944229911744827 0.017279120194052082 -0.023339938739851785 0.48883589919305065 0.49029335463654433 0.1914201635069224 0.19056165984743498 0.23944229892549598 0.20832926971689372 0.005994135762097592 0.8094064748843796 0.19142016349999 0.20159695612191778
35 0.45819168863224424 0.04720310516356178 0.04720310606708444 0.560507953379487 0.21527682198619894 0.18998472835685307 0.4581916887268946 0.18348590438949766 0.5845635836082723 0.4581916887836893 0.016296532935542608 0.011094655844728763 0.23806505800484165 0.22290499876478126 0.18348590418634222 0.21527682216573304 0.5605079528933984 0.0059941359283347 0.23806505798941463 0.18998472753560014
61 0.23300996854162015 0.1295141200771056 0.12951412029007545 0.31643860263078477 0.29883209919607784 0.2334105257679811 0.233009967032605 0.36039211494458173 0.3476714057688755 0.23300996698604995 0.21821813900687043 0.15638597582049027 0.5894070057745947 0.2579629469904726 0.360392114634861 0.2988320993829906 0.31643860141239755 0.3164260941404283 0.5894070058818771 0.2334105247524278
20 0.45819168863224424 0.04720310516356178 0.04720310606708444 0.560507953379487 0.21527682198619894 0.18998472835685307 0.4581916887268946 0.18348590438949766 0.5845635836082723 0.4581916887836893 0.016296532935542608 0.011094655844728763 0.23806505800484165 0.22290499876478126 0.18348590418634222 0.21527682216573304 0.5605079528933984 0.0059941359283347 0.23806505798941463 0.18998472753560014
39 0.23426766417094735 0.36655074425348777 0.3665507443649536 0.1834859046092705 0.3617846451504917 0.3999053110674592 0.23426766398450535 0.4637799910191539 0.15196624924669996 0.23426766418268707 0.25988673462668366 0.257067572476086 0.3064832159677929 0.29253934614603433 0.4637799906032541 0.36178464512948844 0.18348590406426207 0.23944229914074935 0.3064832163093431 0.399905309928925
40 0.07365306181647253 0.6798851193051965 0.6798851194588269 0.07509533379551961 0.11332971646126225 0.04354601055990959 0.07365306203723256 0.31280260885021427 0.05436428162716302 0.07365306221997557 0.1377053099668504 0.15326840750134338 0.4203058835458907 0.255218680155762 0.3128026086198015 0.11332971618086528 0.0750953335589888 0.597327304967962 0.42030588368154226 0.04354600983376006
15 0.20987726602470502 0.31646871272823773 0.3164687128155492 0.18998472823295742 0.42435460805427283 0.4384329764870927 0.20987726566090714 0.3999053108491353 0.1682067039714088 0.20987726585008204 0.30025523186795056 0.29601539765479146 0.24759554828051478 0.4019849789452934 0.39990531045623356 0.4243546079378575 0.18998472767998464 0.20159695656531795 0.2475955483096186 0.43843297590501606
8 0.07527456389478113 0.5713173427094762 0.5713173425147876 0.04720310610630667 0.25516029479039837 0.3164687133948902 0.07527456353613346 0.3665507444959101 0.041274812278627615 0.07527456367631215 0.3893135620664722 0.4127288770839412 0.25149530843368295 0.20200603253887472 0.36655074425840195 0.25516029445039484 0.04720310556001261 0.4853664566107607 0.2514953086318919 0.31646871250825653
4 0.05984978566214569 0.39509512916316286 0.39509512869553526 0.06909257102758228 0.362452881474352 0.3424983640345843 0.059849783036467326 0.3628108600413656 0.09572630790748252 0.05984978324925737 0.49658864706634953 0.4936320838809792 0.20295289681624196 0.33589146334086833 0.36281085975867144 0.3624528813216815 0.06909256935089718 0.4602788928057067 0.20295289670396816 0.34249836256389105
37 0.45819168863224424 0.04720310516356178 0.04720310606708444 0.560507953379487 0.21527682198619894 0.18998472835685307 0.4581916887268946 0.18348590438949766 0.5845635836082723 0.4581916887836893 0.016296532935542608 0.011094655844728763 0.23806505800484165 0.22290499876478126 0.18348590418634222 0.21527682216573304 0.5605079528933984 0.0059941359283347 0.23806505798941463 0.18998472753560014
60 -0.00218948585732093 0.35042251339456226 0.3504225125611999 0.023236077795005132 0.33225767864463795 0.2791426668997013 -0.002189487960880678 0.28503931925686665 0.04552061773686677 -0.0021894877846064553 0.6194111894236706 0.5696439084840441 0.20259872738757892 0.3377514056630409 0.2850393189786158 0.332257678298961 0.02323607651130295 0.5544222149664962 0.20259872730387 0.2791426657002851
52 0.3834590815249379 0.04127481178241443 0.04127481216175396 0.5845635838711051 0.22304013399502148 0.1682067043594039 0.3834590813575531 0.15196624920432084 0.7139147815637443 0.38345908141965773 0.019080726498144223 0.013998491758839085 0.20522332793710804 0.2738733151828547 0.15196624904482492 0.22304013390120492 0.5845635832855874 0.017279120194039734 0.20522332806414806 0.16820670360189394
51 0.15759046443233252 0.2020060324132458 0.2020060323151559 0.2229049989620271 0.48866217544057106 0.40198497939431965 0.15759046436722346 0.2925393461595578 0.2738733151828725 0.1575904643689992 0.3303058953479334 0.32670169403759275 0.18776935054216132 0.6123028490005981 0.29253934570835693 0.4886621753032073 0.22290499848224818 0.19056165984744294 0.18776935043960552 0.4019849784153296
55 0.07365306181647253 0.6798851193051965 0.6798851194588269 0.07509533379551961 0.11332971646126225 0.04354601055990959 0.07365306203723256 0.31280260885021427 0.05436428162716302 0.07365306221997557 0.1377053099668504 0.15326840750134338 0.4203058835458907 0.255218680155762 0.3128026086198015 0.11332971618086528 0.0750953335589888 0.597327304967962 0.42030588368154226 0.04354600983376006
7 0.18608710452682098 0.2551602943705652 0.2551602942129624 0.21527682234818407 0.4595038462797849 0.4243546084173679 0.1860871038271477 0.36178464530052834 0.22304013396564384 0.18608710394694036 0.3195323369961386 0.30672070462366147 0.22458660799384322 0.4886621753432223 0.3617846448884578 0.45950384632436303 0.2152768217053872 0.20832926978842128 0.22458660843745362 0.4243546075077715
28 0.002728878789248169 0.38931356222615227 0.3893135615713168 0.016296533241134427 0.3195323372099316 0.30025523237630036 0.0027288781744086816 0.2598867348027722 0.019080726498157972 0.002728878239563455 0.63037239087419 0.6046227823870692 0.18077788055834226 0.3303058953478504 0.2598867346030813 0.31953233683706544 0.016296532707814202 0.48883589919304415 0.18077788083480084 0.3002552313205443
42 0.5687436668209661 0.07527456330318542 0.07527456367055636 0.458191688862557 0.1860871041421245 0.20987726602328566 0.5687436667836446 0.23426766433425025 0.3834590814518712 0.5687436664950942 0.0027288782940373393 0.00828685202409735 0.2817509838104013 0.1575904642966932 0.23426766391717974 0.18608710424076588 0.4581916882779468 -0.0233399386913192 0.2817509840222795 0.209877265379403
46 0.2817509844709362 0.2514953081732357 0.25149530845262474 0.23806505830425767 0.22458660842087833 0.24759554881331397 0.28175098405751714 0.3064832165118609 0.20522332796494752 0.28175098414731437 0.18077788081923177 0.13296380831724441 0.6878497148750317 0.18776935081983429 0.30648321631770425 0.22458660814252954 0.23806505790714458 0.1914201635086148 0.6878497152889471 0.2475955479578872
56 0.5687436668209661 0.07527456330318542 0.07527456367055636 0.458191688862557 0.1860871041421245 0.20987726602328566 0.5687436667836446 0.23426766433425025 0.3834590814518712 0.5687436664950942 0.0027288782940373393 0.00828685202409735 0.2817509838104013 0.1575904642966932 0.23426766391717974 0.18608710424076588 0.4581916882779468 -0.0233399386913192 0.2817509840222795 0.209877265379403
62 -0.003153539119863474 0.44436272471527194 0.44436272356374595 0.026846861169984564 0.2791482606280787 0.2785181969928245 -0.003153540480772184 0.292501709385819 0.04095955673661046 -0.0031535402830368477 0.5589428780850642 0.472669650436258 0.2581557768719885 0.2362455873723361 0.2925017091245962 0.27914826021859235 0.026846860365153602 0.628353633796175 0.25815577675919654 0.27851819547535994
53 0.23426766417094735 0.36655074425348777 0.3665507443649536 0.1834859046092705 0.3617846451504917 0.3999053110674592 0.23426766398450535 0.4637799910191539 0.15196624924669996 0.23426766418268707 0.25988673462668366 0.257067572476086 0.3064832159677929 0.29253934614603433 0.4637799906032541 0.36178464512948844 0.18348590406426207 0.23944229914074935 0.3064832163093431 0.399905309928925
5 0.18608710452682098 0.2551602943705652 0.2551602942129624 0.21527682234818407 0.4595038462797849 0.4243546084173679 0.1860871038271477 0.36178464530052834 0.22304013396564384 0.18608710394694036 0.3195323369961386 0.30672070462366147 0.22458660799384322 0.4886621753432223 0.3617846448884578 0.45950384632436303 0.2152768217053872 0.20832926978842128 0.22458660843745362 0.4243546075077715
50 0.3834590815249379 0.04127481178241443 0.04127481216175396 0.5845635838711051 0.22304013399502148 0.1682067043594039 0.3834590813575531 0.15196624920432084 0.7139147815637443 0.38345908141965773 0.019080726498144223 0.013998491758839085 0.20522332793710804 0.2738733151828547 0.15196624904482492 0.22304013390120492 0.5845635832855874 0.017279120194039734 0.20522332806414806 0.16820670360189394
12 0.0068512939073302175 0.44069971888904685 0.44069971855906853 0.014024409981419619 0.28954576453981723 0.28880496511602094 0.006851293335363786 0.27527081444374185 0.024327752173529695 0.006851293507082684 0.5734166354764655 0.5995818323545994 0.15216880094037716 0.28211639482743656 0.27527081416226185 0.28954576421023487 0.014024409498388799 0.5568907539450865 0.1521688012327552 0.2888049643093306
36 0.45819168863224424 0.04720310516356178 0.04720310606708444 0.560507953379487 0.21527682198619894 0.18998472835685307 0.4581916887268946 0.18348590438949766 0.5845635836082723 0.4581916887836893 0.016296532935542608 0.011094655844728763 0.23806505800484165 0.22290499876478126 0.18348590418634222 0.21527682216573304 0.5605079528933984 0.0059941359283347 0.23806505798941463 0.18998472753560014
9 0.18608710452682098 0.2551602943705652 0.2551602942129624 0.21527682234818407 0.4595038462797849 0.4243546084173679 0.1860871038271477 0.36178464530052834 0.22304013396564384 0.18608710394694036 0.3195323369961386 0.30672070462366147 0.22458660799384322 0.4886621753432223 0.3617846448884578 0.45950384632436303 0.2152768217053872 0.20832926978842128 0.22458660843745362 0.4243546075077715
10 0.008286852105993793 0.41272887697171184 0.41272887682023335 0.01109465592107499 0.30672070480123104 0.2960153980454789 0.008286852017965978 0.2570675726240367 0.013998491758854276 0.008286852126674687 0.6046227823870454 0.6442357312399348 0.13296380842069308 0.3267016940375553 0.2570675724047436 0.30672070453493117 0.011094655703008924 0.4902933546365295 0.1329638081749087 0.29601539731180027
22 0.19977086945629763 0.25123519829066904 0.25123519810155565 0.24549240679867615 0.4194709342195858 0.3786431545762753 0.19977086819587972 0.43409105078715404 0.2544622026545581 0.19977086813570555 0.2945038746559473 0.26380388792480064 0.2872548283248871 0.3895086346931836 0.43409105044286905 0.4194709342860506 0.24549240593902125 0.2830113535562777 0.28725482895260473 0.3786431536013986
34 0.004991660490958939 0.6801124046487061 0.6801124045515443 0.06686697556241132 0.11044542747503129 0.010129869068546033 0.004991658755160912 0.16514603334543318 -0.020651655286383335 0.004991658908426312 0.16907230401318785 0.15029485496181227 0.38431133922410626 0.2649535504147685 0.16514603319379875 0.11044542726831416 0.06686697430436786 0.7389669026496307 0.3843113394566467 0.010129868254231513
0 0.07527456389478113 0.5713173427094762 0.5713173425147876 0.04720310610630667 0.25516029479039837 0.3164687133948902 0.07527456353613346 0.3665507444959101 0.041274812278627615 0.07527456367631215 0.3893135620664722 0.4127288770839412 0.25149530843368295 0.20200603253887472 0.36655074425840195 0.25516029445039484 0.04720310556001261 0.4853664566107607 0.2514953086318919 0.31646871250825653
26 0.18608710452682098 0.2551602943705652 0.2551602942129624 0.21527682234818407 0.4595038462797849 0.4243546084173679 0.1860871038271477 0.36178464530052834 0.22304013396564384 0.18608710394694036 0.3195323369961386 0.30672070462366147 0.22458660799384322 0.4886621753432223 0.3617846448884578 0.45950384632436303 0.2152768217053872 0.20832926978842128 0.22458660843745362 0.4243546075077715
24 0.23426766417094735 0.36655074425348777 0.3665507443649536 0.1834859046092705 0.3617846451504917 0.3999053110674592 0.23426766398450535 0.4637799910191539 0.15196624924669996 0.23426766418268707 0.25988673462668366 0.257067572476086 0.3064832159677929 0.29253934614603433 0.4637799906032541 0.36178464512948844 0.18348590406426207 0.23944229914074935 0.3064832163093431 0.399905309928925
16 0.06867981591032059 0.4850273362220757 0.48502733588092417 0.053791383608491686 0.313953888911467 0.34793599822169874 0.06867981466531414 0.36338304839881047 0.06182560944783147 0.06867981477894174 0.45676056966548406 0.4713430951062052 0.21502656241751572 0.26451658416836515 0.36338304817973294 0.3139538886211201 0.053791382595456134 0.4572349494669965 0.21502656239480117 0.34793599737643277
14 0.07527456389478113 0.5713173427094762 0.5713173425147876 0.04720310610630667 0.25516029479039837 0.3164687133948902 0.07527456353613346 0.3665507444959101 0.041274812278627615 0.07527456367631215 0.3893135620664722 0.4127288770839412 0.25149530843368295 0.20200603253887472 0.36655074425840195 0.25516029445039484 0.04720310556001261 0.4853664566107607 0.2514953086318919 0.31646871250825653
3 0.20987726602470502 0.31646871272823773 0.3164687128155492 0.18998472823295742 0.42435460805427283 0.4384329764870927 0.20987726566090714 0.3999053108491353 0.1682067039714088 0.20987726585008204 0.30025523186795056 0.29601539765479146 0.24759554828051478 0.4019849789452934 0.39990531045623356 0.4243546079378575 0.18998472767998464 0.20159695656531795 0.2475955483096186 0.43843297590501606
19 0.005215186043642461 0.649921680756961 0.649921680422267 0.04708858602680266 0.14398277667351067 0.12322805140865967 0.005215184646658599 0.2352185908894171 0.007308621027513951 0.005215184763073921 0.2793989025854664 0.26775772816036714 0.315558651345782 0.18050626603246656 0.23521859053289518 0.14398277652799152 0.047088585095480084 0.7620305540525258 0.315558651345782 0.12322805065196007
38 0.23426766417094735 0.36655074425348777 0.3665507443649536 0.1834859046092705 0.3617846451504917 0.3999053110674592 0.23426766398450535 0.4637799910191539 0.15196624924669996 0.23426766418268707 0.25988673462668366 0.257067572476086 0.3064832159677929 0.29253934614603433 0.4637799906032541 0.36178464512948844 0.18348590406426207 0.23944229914074935 0.3064832163093431 0.399905309928925
45 0.06625242423874073 0.47534793122306046 0.4753479305028362 0.1158057094292926 0.18519137836508995 0.1802235904293034 0.06625242640690307 0.33050855144703256 0.10055049428039461 0.06625242657269347 0.2833144084793752 0.11615593082662538 0.5978054082422091 0.1861586393134241 0.330508551216608 0.185191378358222 0.11580571075535429 0.5486533836206464 0.5978054081115846 0.1802235900053505
59 0.04951079567725313 0.2962881279027338 0.29628812676266564 0.12746726367706698 0.32793665430392 0.2625650801387252 0.04951079315234922 0.4036232941635811 0.17886740063951054 0.04951079335384407 0.42800469957478576 0.28951137563716506 0.4303836291926086 0.27205861431942685 0.40362329396173946 0.3279366543283675 0.12746726233350314 0.6005602288030909 0.4303836291782225 0.26256507886527514
17 0.20987726602470502 0.31646871272823773 0.3164687128155492 0.18998472823295742 0.42435460805427283 0.4384329764870927 0.20987726566090714 0.3999053108491353 0.1682067039714088 0.20987726585008204 0.30025523186795056 0.29601539765479146 0.24759554828051478 0.4019849789452934 0.39990531045623356 0.4243546079378575 0.18998472767998464 0.20159695656531795 0.2475955483096186 0.43843297590501606
30 0.051219838558800995 0.3164821969432164 0.31648219623893264 0.13918682204911265 0.25434209542516645 0.19450297310623108 0.05121983886811442 0.40143126466311246 0.19658264161424552 0.05121983882576675 0.3226419452863885 0.1811859513818495 0.5318600609343586 0.22056779339303162 0.4014312643366405 0.25434209528494184 0.13918682212202638 0.6577623882729837 0.5318600608279165 0.19450297232393765
32 0.2817509844709362 0.2514953081732357 0.25149530845262474 0.23806505830425767 0.22458660842087833 0.24759554881331397 0.28175098405751714 0.3064832165118609 0.20522332796494752 0.28175098414731437 0.18077788081923177 0.13296380831724441 0.6878497148750317 0.18776935081983429 0.30648321631770425 0.22458660814252954 0.23806505790714458 0.1914201635086148 0.6878497152889471 0.2475955479578872
18 0.18608710452682098 0.2551602943705652 0.2551602942129624 0.21527682234818407 0.4595038462797849 0.4243546084173679 0.1860871038271477 0.36178464530052834 0.22304013396564384 0.18608710394694036 0.3195323369961386 0.30672070462366147 0.22458660799384322 0.4886621753432223 0.3617846448884578 0.45950384632436303 0.2152768217053872 0.20832926978842128 0.22458660843745362 0.4243546075077715
2 0.07527456389478113 0.5713173427094762 0.5713173425147876 0.04720310610630667 0.25516029479039837 0.3164687133948902 0.07527456353613346 0.3665507444959101 0.041274812278627615 0.07527456367631215 0.3893135620664722 0.4127288770839412 0.25149530843368295 0.20200603253887472 0.36655074425840195 0.25516029445039484 0.04720310556001261 0.4853664566107607 0.2514953086318919 0.31646871250825653
48 0.15759046443233252 0.2020060324132458 0.2020060323151559 0.2229049989620271 0.48866217544057106 0.40198497939431965 0.15759046436722346 0.2925393461595578 0.2738733151828725 0.1575904643689992 0.3303058953479334 0.32670169403759275 0.18776935054216132 0.6123028490005981 0.29253934570835693 0.4886621753032073 0.22290499848224818 0.19056165984744294 0.18776935043960552 0.4019849784153296
44 0.06625242423874073 0.47534793122306046 0.4753479305028362 0.1158057094292926 0.18519137836508995 0.1802235904293034 0.06625242640690307 0.33050855144703256 0.10055049428039461 0.06625242657269347 0.2833144084793752 0.11615593082662538 0.5978054082422091 0.1861586393134241 0.330508551216608 0.185191378358222 0.11580571075535429 0.5486533836206464 0.5978054081115846 0.1802235900053505
