65 0.4917332679700804 0.12910442475439984 0.24045364631212623 0.1291044247343724 0.3220197974256176 0.29953502915277774 0.2995350286918943 0.31256367427813925 0.23887433456105808 0.04377541555809923 0.31256367452174194 0.049328593601526444 0.5197820877824377 0.4598007321105971 0.2995350288187579 0.049328593759187245 0.41776039660699804 0.41776039670817217 0.31256367562053716 0.3265186742463838
50 0.4126448767710096 0.1948038394840539 0.2528265035018259 0.19480383946934968 0.5039722334332655 0.334536559973376 0.33453655974320995 0.3477968082908851 0.16240962656915214 0.13702709636945146 0.3477968085258379 0.15090006590122382 0.23879097660335144 0.36236675024008613 0.334536559643339 0.1509000660386918 0.29533258977341303 0.29533258952145636 0.34779681193929307 0.23937312817737735
4 0.5349459075372978 0.09282331673478379 0.18781184209722385 0.09282331723177177 0.3379455076648188 0.2043429654518136 0.2043429653663205 0.2486202842969236 0.32941072334231086 0.012591903529897688 0.24862028485562968 -0.01605877481116242 0.5057117847446192 0.5208074927133759 0.20434296529512358 -0.016058774714814424 0.4770196054186344 0.47701960731750415 0.24862028008083747 0.3808780480558628
33 0.0436784148253161 0.3092839004879743 0.2506641663080961 0.3092839003874207 0.06327493005095818 0.2339684450491087 0.23396844503217298 0.2257393479192005 -0.010278236507733492 0.7530270210995641 0.2257393481722211 0.6497241128903732 0.043775415558079546 0.04521196499632893 0.2339684451552092 0.649724112896208 0.048934811574585076 0.048934811272147195 0.225739348684312 0.05154231714001232
41 0.2706401137362744 0.2838481354816371 0.41750882790994953 0.2838481357049953 0.2933452003138327 0.3373225001622092 0.33732249976910994 0.4128619230722007 0.17805954576668723 0.2621354863365476 0.4128619235675625 0.2682086557912191 0.23549852052064474 0.2524227399637797 0.33732249966980093 0.2682086558998277 0.29139011132308573 0.29139011229103273 0.4128619209675934 0.34440657741948094
2 0.33266510273196104 0.1890235869657175 0.35213851325983225 0.1890235867822023 0.40197501292347426 0.3004313542021908 0.3004313535889741 0.2519051465985931 0.43898356956890006 0.04690450496831625 0.2519051468294552 0.043962470262735934 0.3718561119019306 0.40271792710718024 0.3004313539198225 0.04396247034010658 0.4513375110931261 0.4513375110600064 0.25190514842087747 0.40556653980492313
30 0.5573743571821448 0.1244754932409231 0.20881170390617051 0.12447549305242217 0.27738066495437114 0.2844839641767827 0.28448396365628104 0.34139869963240166 0.2080954077291839 0.043678414825357226 0.3413987002090768 0.06335099347591744 0.4917332679702105 0.4685604266695876 0.2844839637927656 0.06335099369054202 0.4058559260169974 0.40585592578381324 0.3413987027583262 0.3183140396471443
47 0.0633509935995085 0.25385479068833744 0.18500848753594754 0.2538547908151162 0.05709073009514483 0.20038936883358963 0.2003893685485571 0.24500600170001025 0.0065149921651469584 0.6497241128070291 0.24500600196065436 0.739248311180977 0.04932859367307043 0.04830713136032095 0.20038936863891968 0.7392483110940881 0.04762007662553963 0.04762007645138201 0.24500600256755317 0.06782992420322678
61 0.20809540772906063 0.24473320464216128 0.2416981813643441 0.24473320480471955 0.44935243858855406 0.16699407194911456 0.16699407154225482 0.13062061480993634 0.9552002719052495 -0.010278236507719403 0.13062061520924997 0.006514992125798881 0.2388743345610472 0.280363972243075 0.16699407170989597 0.006514992233913035 0.34550952661865336 0.3455095267526827 0.1306206159212145 0.3933306949710903
63 0.0436784148253161 0.3092839004879743 0.2506641663080961 0.3092839003874207 0.06327493005095818 0.2339684450491087 0.23396844503217298 0.2257393479192005 -0.010278236507733492 0.7530270210995641 0.2257393481722211 0.6497241128903732 0.043775415558079546 0.04521196499632893 0.2339684451552092 0.649724112896208 0.048934811574585076 0.048934811272147195 0.225739348684312 0.05154231714001232
6 0.2773806649542762 0.26554032576787656 0.32512065255923733 0.2655403258195845 0.6537913133574336 0.27605033406097845 0.2760503332651003 0.24333331885124157 0.4493524385885534 0.06327493005096907 0.2433333189792163 0.05709073005719778 0.3220197974255998 0.32711590749709135 0.27605033336961227 0.057090730189851044 0.3643394023578224 0.36433940232194717 0.24333331991718796 0.3924505626858344
23 0.4233394710274731 0.18461491888128687 0.21987924833195163 0.18461491869947552 0.19074615418780655 0.35180671406278297 0.35180671360812815 0.4766274781120267 0.09978920850731347 0.19504378293732527 0.47662747846020065 0.2847746772236197 0.34419018295043863 0.30420359140813896 0.3518067137522314 0.2847746773035782 0.260537588583919 0.2605375877486237 0.47662748201915656 0.2403861675420105
46 0.21097059827301953 0.21870180792041316 0.12498258712156558 0.21870180874480288 0.42699817349678637 0.1154346615713676 0.11543466120478618 0.12011842601672008 1.0491117977070683 -0.006558994490186147 0.12011842672633578 -0.02725787631463924 0.2417998567831398 0.2969873341665721 0.11543466083955126 -0.02725787618421177 0.2963029332853003 0.29630293659826323 0.12011841613514761 0.3904665478755196
31 0.18421461149735804 0.2705051201760834 0.24678497555120837 0.27050512012216404 0.456294825539558 0.11442039468279716 0.11442039477616707 0.17787008484490957 0.9725584497934646 -0.0015021101310156643 0.17787008514410682 0.025328215529747223 0.17058788066211364 0.20457441087275247 0.11442039492253886 0.025328215621779202 0.3369187263962959 0.3369187256732539 0.17787008803988236 0.41281880104850305
60 0.341398700687641 0.22727200683517598 0.3241226997404538 0.22727200684127224 0.24333331903677133 0.381086724627752 0.3810867240299651 0.4321513751333519 0.13062061503603287 0.22573934809029989 0.43215137534965514 0.2450060017837958 0.31256367456759926 0.30206862032827003 0.38108672425832946 0.24500600210416076 0.2854294298795315 0.28542942985717723 0.43215137628199335 0.2827934920424321
13 0.36003490549014905 0.15830488836911144 0.31475771967388555 0.15830488866651435 0.39792757167975146 0.3134286501463418 0.31342864987686847 0.2578399607452204 0.34812125467184457 0.0443859726130641 0.25783996107321805 0.03322134722826435 0.49173587146142717 0.4276448078905573 0.31342864993026 0.0332213473580019 0.4409501535501703 0.4409501540735622 0.25783996012080473 0.3602017742168748
29 0.12447549305024318 0.7000079017734041 0.321334749260731 0.700007901790161 0.26554032574502895 0.2591691043466494 0.2591691037219523 0.22727200670920175 0.24473320471994994 0.30928390048781673 0.22727200721365318 0.25385479063281025 0.12910442482004406 0.14061181978429207 0.2591691036584803 0.2538547908003271 0.1607579514969476 0.16075795132329312 0.22727200778875445 0.31889060127478625
66 0.18421461149735804 0.2705051201760834 0.24678497555120837 0.27050512012216404 0.456294825539558 0.11442039468279716 0.11442039477616707 0.17787008484490957 0.9725584497934646 -0.0015021101310156643 0.17787008514410682 0.025328215529747223 0.17058788066211364 0.20457441087275247 0.11442039492253886 0.025328215621779202 0.3369187263962959 0.3369187256732539 0.17787008803988236 0.41281880104850305
62 0.2706401137362744 0.2838481354816371 0.41750882790994953 0.2838481357049953 0.2933452003138327 0.3373225001622092 0.33732249976910994 0.4128619230722007 0.17805954576668723 0.2621354863365476 0.4128619235675625 0.2682086557912191 0.23549852052064474 0.2524227399637797 0.33732249966980093 0.2682086558998277 0.29139011132308573 0.29139011229103273 0.4128619209675934 0.34440657741948094
27 0.1657379002047199 0.531525678346668 0.31132798735404177 0.5315256779478087 0.4108921774324627 0.20265157086213056 0.20265157097761116 0.20122717242202584 0.672445575550243 0.02028318531220959 0.201227172522733 0.10674465945049451 0.14830169985560482 0.17169419642937928 0.20265157108908236 0.10674465951602655 0.23983078480117484 0.23983078353170978 0.20122717729429887 0.5042657374962654
8 0.33266510273196104 0.1890235869657175 0.35213851325983225 0.1890235867822023 0.40197501292347426 0.3004313542021908 0.3004313535889741 0.2519051465985931 0.43898356956890006 0.04690450496831625 0.2519051468294552 0.043962470262735934 0.3718561119019306 0.40271792710718024 0.3004313539198225 0.04396247034010658 0.4513375110931261 0.4513375110600064 0.25190514842087747 0.40556653980492313
21 0.24502801344381892 0.18725311884191906 0.2547940416265504 0.1872531192153983 0.4551825239146037 0.19560015926997307 0.19560015879511525 0.14952852961669685 0.7897065740134999 0.0017484992395615667 0.14952853003519526 -0.008954192225062208 0.3110750811753048 0.3674988035308784 0.19560015881612805 -0.008954192115232212 0.43314014762219305 0.43314014896112607 0.149528526458737 0.43009526565064465
5 0.4539415212266572 0.1813202832540177 0.2558279273759775 0.1813202830824622 0.4741839586230611 0.2730283118165932 0.27302831101520586 0.3336858781782552 0.27231525019912706 0.06611295929798634 0.3336858785069809 0.06963712959310278 0.41441642327781414 0.3971833332520306 0.2730283111411824 0.06963712969625249 0.39392804725984487 0.39392804678106413 0.33368588147338946 0.38994453972604504
49 0.0633509935995085 0.25385479068833744 0.18500848753594754 0.2538547908151162 0.05709073009514483 0.20038936883358963 0.2003893685485571 0.24500600170001025 0.0065149921651469584 0.6497241128070291 0.24500600196065436 0.739248311180977 0.04932859367307043 0.04830713136032095 0.20038936863891968 0.7392483110940881 0.04762007662553963 0.04762007645138201 0.24500600256755317 0.06782992420322678
51 0.33274404705135496 0.12156526284263393 0.17616496539860133 0.1215652638390972 0.5069994011580214 0.1625336548434172 0.16253365426976316 0.16985394557077246 0.6536914217643799 0.015197449564323907 0.16985394599588535 -0.03625533893282361 0.34227456974446835 0.4459669023276968 0.16253365405267933 -0.03625533877553026 0.47328259936899775 0.4732826025084967 0.16985393705124127 0.43185789238458316
45 0.38333128843619296 0.21106213072385543 0.2709938686928727 0.2110621307234872 0.21979717581351602 0.3367622394422407 0.33676223862315013 0.47177424361791576 0.11429957799251012 0.22004757520689444 0.4717742438390272 0.29408281053815444 0.30694638732479573 0.2848437260499439 0.33676223875729744 0.2940828107604673 0.26814653360039026 0.26814653348927586 0.4717742449029545 0.2839927885209676
12 0.20881170390600826 0.32133474914756666 0.5056307915827392 0.32133474927278355 0.32512065255918976 0.39759897966863195 0.3975989795877552 0.3241226994375253 0.2416981813643115 0.250664166308109 0.3241226997963623 0.1850084874697926 0.24045364631206712 0.2655593344547231 0.3975989793276067 0.1850084875446647 0.3076446953721203 0.3076446952446724 0.324122700482915 0.3029211541838707
42 0.35473904228849207 0.1410062902740231 0.24813318508709936 0.14100629060721978 0.43229338015768426 0.16792866950369353 0.1679286690826692 0.24752204133796193 0.5557436535947907 0.024817716003714935 0.247522041520308 -0.0035464141543683106 0.35493147515071116 0.393460339938318 0.1679286690597312 -0.003546413973529217 0.49968039102064976 0.49968039160721506 0.24752204040812284 0.4771353002399367
68 0.0436784148253161 0.3092839004879743 0.2506641663080961 0.3092839003874207 0.06327493005095818 0.2339684450491087 0.23396844503217298 0.2257393479192005 -0.010278236507733492 0.7530270210995641 0.2257393481722211 0.6497241128903732 0.043775415558079546 0.04521196499632893 0.2339684451552092 0.649724112896208 0.048934811574585076 0.048934811272147195 0.225739348684312 0.05154231714001232
14 0.4685604266690501 0.14061181983239307 0.26555933445457863 0.14061181994677233 0.3271159074968782 0.30386784983387205 0.30386784956474683 0.3020686199012953 0.28036397224293835 0.045211964996272266 0.30206862035647036 0.048307131283513556 0.4598007321103408 0.46220669949649934 0.3038678495872641 0.04830713145738349 0.43435863908496 0.43435863939209834 0.3020686212677786 0.35346284000291495
26 0.1657379002047199 0.531525678346668 0.31132798735404177 0.5315256779478087 0.4108921774324627 0.20265157086213056 0.20265157097761116 0.20122717242202584 0.672445575550243 0.02028318531220959 0.201227172522733 0.10674465945049451 0.14830169985560482 0.17169419642937928 0.20265157108908236 0.10674465951602655 0.23983078480117484 0.23983078353170978 0.20122717729429887 0.5042657374962654
54 0.4126448767710096 0.1948038394840539 0.2528265035018259 0.19480383946934968 0.5039722334332655 0.334536559973376 0.33453655974320995 0.3477968082908851 0.16240962656915214 0.13702709636945146 0.3477968085258379 0.15090006590122382 0.23879097660335144 0.36236675024008613 0.334536559643339 0.1509000660386918 0.29533258977341303 0.29533258952145636 0.34779681193929307 0.23937312817737735
53 0.3516577811575692 0.20941702152829833 0.28364228934239966 0.20941702141752935 0.25315450043990356 0.35509063440382554 0.3550906342830741 0.45835118122943264 0.10838142259037316 0.22086052061346675 0.45835118155683324 0.269126580640226 0.3754063360258641 0.2709628265541205 0.3550906341501834 0.26912658077669294 0.26574813014522203 0.2657481295943085 0.45835118338485364 0.2717990392734423
58 0.12447549305024318 0.7000079017734041 0.321334749260731 0.700007901790161 0.26554032574502895 0.2591691043466494 0.2591691037219523 0.22727200670920175 0.24473320471994994 0.30928390048781673 0.22727200721365318 0.25385479063281025 0.12910442482004406 0.14061181978429207 0.2591691036584803 0.2538547908003271 0.1607579514969476 0.16075795132329312 0.22727200778875445 0.31889060127478625
10 0.33266510273196104 0.1890235869657175 0.35213851325983225 0.1890235867822023 0.40197501292347426 0.3004313542021908 0.3004313535889741 0.2519051465985931 0.43898356956890006 0.04690450496831625 0.2519051468294552 0.043962470262735934 0.3718561119019306 0.40271792710718024 0.3004313539198225 0.04396247034010658 0.4513375110931261 0.4513375110600064 0.25190514842087747 0.40556653980492313
57 0.2126884920196893 0.43330764644480113 0.3296927306615753 0.433307646320185 0.4245883011557689 0.2086152144965966 0.20861521398687996 0.2771399958449864 0.5307031594150937 0.05281248369217876 0.27713999595303945 0.1071102223337348 0.18975203682370256 0.2223101876015232 0.20861521400460378 0.1071102224307146 0.3317068005055834 0.3317068000209758 0.2771399983556724 0.5617765102182747
40 0.20881170390600826 0.32133474914756666 0.5056307915827392 0.32133474927278355 0.32512065255918976 0.39759897966863195 0.3975989795877552 0.3241226994375253 0.2416981813643115 0.250664166308109 0.3241226997963623 0.1850084874697926 0.24045364631206712 0.2655593344547231 0.3975989793276067 0.1850084875446647 0.3076446953721203 0.3076446952446724 0.324122700482915 0.3029211541838707
11 0.20881170390600826 0.32133474914756666 0.5056307915827392 0.32133474927278355 0.32512065255918976 0.39759897966863195 0.3975989795877552 0.3241226994375253 0.2416981813643115 0.250664166308109 0.3241226997963623 0.1850084874697926 0.24045364631206712 0.2655593344547231 0.3975989793276067 0.1850084875446647 0.3076446953721203 0.3076446952446724 0.324122700482915 0.3029211541838707
16 0.33266510273196104 0.1890235869657175 0.35213851325983225 0.1890235867822023 0.40197501292347426 0.3004313542021908 0.3004313535889741 0.2519051465985931 0.43898356956890006 0.04690450496831625 0.2519051468294552 0.043962470262735934 0.3718561119019306 0.40271792710718024 0.3004313539198225 0.04396247034010658 0.4513375110931261 0.4513375110600064 0.25190514842087747 0.40556653980492313
48 0.0633509935995085 0.25385479068833744 0.18500848753594754 0.2538547908151162 0.05709073009514483 0.20038936883358963 0.2003893685485571 0.24500600170001025 0.0065149921651469584 0.6497241128070291 0.24500600196065436 0.739248311180977 0.04932859367307043 0.04830713136032095 0.20038936863891968 0.7392483110940881 0.04762007662553963 0.04762007645138201 0.24500600256755317 0.06782992420322678
1 0.2844839638487148 0.2591691038273671 0.39759897954031487 0.2591691037894636 0.27605033348894087 0.41153409624522824 0.41153409569081667 0.38108672417524486 0.16699407172785624 0.2339684452041935 0.38108672452793313 0.2003893686170535 0.29953502883864347 0.3038678498288498 0.41153409598474916 0.20038936883792854 0.3010087009006212 0.30100870099010796 0.38108672542886785 0.2836745457294966
25 0.3183140396470412 0.31889060135644787 0.3029211541839283 0.31889060113141543 0.3924505626858401 0.2836745462110697 0.28367454531678793 0.28279349184984603 0.3933306949710932 0.05154231714002799 0.28279349220893524 0.06782992415646186 0.32651867424637837 0.3534628400031538 0.28367454575189277 0.06782992438410848 0.3872044816901212 0.3872044817824918 0.2827934930813827 0.5198195469909876
37 0.0436784148253161 0.3092839004879743 0.2506641663080961 0.3092839003874207 0.06327493005095818 0.2339684450491087 0.23396844503217298 0.2257393479192005 -0.010278236507733492 0.7530270210995641 0.2257393481722211 0.6497241128903732 0.043775415558079546 0.04521196499632893 0.2339684451552092 0.649724112896208 0.048934811574585076 0.048934811272147195 0.225739348684312 0.05154231714001232
69 0.0436784148253161 0.3092839004879743 0.2506641663080961 0.3092839003874207 0.06327493005095818 0.2339684450491087 0.23396844503217298 0.2257393479192005 -0.010278236507733492 0.7530270210995641 0.2257393481722211 0.6497241128903732 0.043775415558079546 0.04521196499632893 0.2339684451552092 0.649724112896208 0.048934811574585076 0.048934811272147195 0.225739348684312 0.05154231714001232
0 0.33266510273196104 0.1890235869657175 0.35213851325983225 0.1890235867822023 0.40197501292347426 0.3004313542021908 0.3004313535889741 0.2519051465985931 0.43898356956890006 0.04690450496831625 0.2519051468294552 0.043962470262735934 0.3718561119019306 0.40271792710718024 0.3004313539198225 0.04396247034010658 0.4513375110931261 0.4513375110600064 0.25190514842087747 0.40556653980492313
7 0.2844839638487148 0.2591691038273671 0.39759897954031487 0.2591691037894636 0.27605033348894087 0.41153409624522824 0.41153409569081667 0.38108672417524486 0.16699407172785624 0.2339684452041935 0.38108672452793313 0.2003893686170535 0.29953502883864347 0.3038678498288498 0.41153409598474916 0.20038936883792854 0.3010087009006212 0.30100870099010796 0.38108672542886785 0.2836745457294966
3 0.341398700687641 0.22727200683517598 0.3241226997404538 0.22727200684127224 0.24333331903677133 0.381086724627752 0.3810867240299651 0.4321513751333519 0.13062061503603287 0.22573934809029989 0.43215137534965514 0.2450060017837958 0.31256367456759926 0.30206862032827003 0.38108672425832946 0.24500600210416076 0.2854294298795315 0.28542942985717723 0.43215137628199335 0.2827934920424321
19 0.40585592588742264 0.1607579513085263 0.30764469531857386 0.16075795157557488 0.3643394023896951 0.301008700868085 0.3010087009552548 0.2854294296807651 0.3455095266943728 0.048934811383486036 0.28542942971877194 0.047620076462416644 0.417760396655407 0.43435863924803897 0.30100870085368603 0.047620076618448005 0.4475222892715905 0.44752228937770067 0.2854294309201445 0.38720448180587275
20 0.341398700687641 0.22727200683517598 0.3241226997404538 0.22727200684127224 0.24333331903677133 0.381086724627752 0.3810867240299651 0.4321513751333519 0.13062061503603287 0.22573934809029989 0.43215137534965514 0.2450060017837958 0.31256367456759926 0.30206862032827003 0.38108672425832946 0.24500600210416076 0.2854294298795315 0.28542942985717723 0.43215137628199335 0.2827934920424321
22 0.0436784148253161 0.3092839004879743 0.2506641663080961 0.3092839003874207 0.06327493005095818 0.2339684450491087 0.23396844503217298 0.2257393479192005 -0.010278236507733492 0.7530270210995641 0.2257393481722211 0.6497241128903732 0.043775415558079546 0.04521196499632893 0.2339684451552092 0.649724112896208 0.048934811574585076 0.048934811272147195 0.225739348684312 0.05154231714001232
28 0.12447549305024318 0.7000079017734041 0.321334749260731 0.700007901790161 0.26554032574502895 0.2591691043466494 0.2591691037219523 0.22727200670920175 0.24473320471994994 0.30928390048781673 0.22727200721365318 0.25385479063281025 0.12910442482004406 0.14061181978429207 0.2591691036584803 0.2538547908003271 0.1607579514969476 0.16075795132329312 0.22727200778875445 0.31889060127478625
35 0.2781908977562436 0.36458583376440334 0.28737071975441414 0.364585834248297 0.5980907576249965 0.2591982569728697 0.25919825616442804 0.38847005825801506 0.10819255924492749 0.31099986299426474 0.38847005880527896 0.3122858094191784 0.15418789754574952 0.19905910054553236 0.25919825606256547 0.3122858095863042 0.18398917754642133 0.18398917885327842 0.3884700550213837 0.2547560495052036
38 0.2781908977562436 0.36458583376440334 0.28737071975441414 0.364585834248297 0.5980907576249965 0.2591982569728697 0.25919825616442804 0.38847005825801506 0.10819255924492749 0.31099986299426474 0.38847005880527896 0.3122858094191784 0.15418789754574952 0.19905910054553236 0.25919825606256547 0.3122858095863042 0.18398917754642133 0.18398917885327842 0.3884700550213837 0.2547560495052036
39 0.0436784148253161 0.3092839004879743 0.2506641663080961 0.3092839003874207 0.06327493005095818 0.2339684450491087 0.23396844503217298 0.2257393479192005 -0.010278236507733492 0.7530270210995641 0.2257393481722211 0.6497241128903732 0.043775415558079546 0.04521196499632893 0.2339684451552092 0.649724112896208 0.048934811574585076 0.048934811272147195 0.225739348684312 0.05154231714001232
52 0.03236573046413817 0.27320632803720085 0.2067698301439427 0.2732063276623581 0.09426742676489275 0.21010449302390097 0.2101044928237474 0.2386501357681888 -0.0072906010402977745 0.6940723539462801 0.2386501358438657 0.6991167266157241 0.11478247739675607 0.009452841374213023 0.21010449301798717 0.6991167265468479 0.038927653528974364 0.038927652121324395 0.23865013934992052 0.05785563323183835
55 0.3183140396470412 0.31889060135644787 0.3029211541839283 0.31889060113141543 0.3924505626858401 0.2836745462110697 0.28367454531678793 0.28279349184984603 0.3933306949710932 0.05154231714002799 0.28279349220893524 0.06782992415646186 0.32651867424637837 0.3534628400031538 0.28367454575189277 0.06782992438410848 0.3872044816901212 0.3872044817824918 0.2827934930813827 0.5198195469909876
9 0.40585592588742264 0.1607579513085263 0.30764469531857386 0.16075795157557488 0.3643394023896951 0.301008700868085 0.3010087009552548 0.2854294296807651 0.3455095266943728 0.048934811383486036 0.28542942971877194 0.047620076462416644 0.417760396655407 0.43435863924803897 0.30100870085368603 0.047620076618448005 0.4475222892715905 0.44752228937770067 0.2854294309201445 0.38720448180587275
44 0.341398700687641 0.22727200683517598 0.3241226997404538 0.22727200684127224 0.24333331903677133 0.381086724627752 0.3810867240299651 0.4321513751333519 0.13062061503603287 0.22573934809029989 0.43215137534965514 0.2450060017837958 0.31256367456759926 0.30206862032827003 0.38108672425832946 0.24500600210416076 0.2854294298795315 0.28542942985717723 0.43215137628199335 0.2827934920424321
34 0.0436784148253161 0.3092839004879743 0.2506641663080961 0.3092839003874207 0.06327493005095818 0.2339684450491087 0.23396844503217298 0.2257393479192005 -0.010278236507733492 0.7530270210995641 0.2257393481722211 0.6497241128903732 0.043775415558079546 0.04521196499632893 0.2339684451552092 0.649724112896208 0.048934811574585076 0.048934811272147195 0.225739348684312 0.05154231714001232
67 0.0436784148253161 0.3092839004879743 0.2506641663080961 0.3092839003874207 0.06327493005095818 0.2339684450491087 0.23396844503217298 0.2257393479192005 -0.010278236507733492 0.7530270210995641 0.2257393481722211 0.6497241128903732 0.043775415558079546 0.04521196499632893 0.2339684451552092 0.649724112896208 0.048934811574585076 0.048934811272147195 0.225739348684312 0.05154231714001232
17 0.2844839638487148 0.2591691038273671 0.39759897954031487 0.2591691037894636 0.27605033348894087 0.41153409624522824 0.41153409569081667 0.38108672417524486 0.16699407172785624 0.2339684452041935 0.38108672452793313 0.2003893686170535 0.29953502883864347 0.3038678498288498 0.41153409598474916 0.20038936883792854 0.3010087009006212 0.30100870099010796 0.38108672542886785 0.2836745457294966
64 0.0436784148253161 0.3092839004879743 0.2506641663080961 0.3092839003874207 0.06327493005095818 0.2339684450491087 0.23396844503217298 0.2257393479192005 -0.010278236507733492 0.7530270210995641 0.2257393481722211 0.6497241128903732 0.043775415558079546 0.04521196499632893 0.2339684451552092 0.649724112896208 0.048934811574585076 0.048934811272147195 0.225739348684312 0.05154231714001232
24 0.2706401137362744 0.2838481354816371 0.41750882790994953 0.2838481357049953 0.2933452003138327 0.3373225001622092 0.33732249976910994 0.4128619230722007 0.17805954576668723 0.2621354863365476 0.4128619235675625 0.2682086557912191 0.23549852052064474 0.2524227399637797 0.33732249966980093 0.2682086558998277 0.29139011132308573 0.29139011229103273 0.4128619209675934 0.34440657741948094
18 0.40585592588742264 0.1607579513085263 0.30764469531857386 0.16075795157557488 0.3643394023896951 0.301008700868085 0.3010087009552548 0.2854294296807651 0.3455095266943728 0.048934811383486036 0.28542942971877194 0.047620076462416644 0.417760396655407 0.43435863924803897 0.30100870085368603 0.047620076618448005 0.4475222892715905 0.44752228937770067 0.2854294309201445 0.38720448180587275
32 0.0436784148253161 0.3092839004879743 0.2506641663080961 0.3092839003874207 0.06327493005095818 0.2339684450491087 0.23396844503217298 0.2257393479192005 -0.010278236507733492 0.7530270210995641 0.2257393481722211 0.6497241128903732 0.043775415558079546 0.04521196499632893 0.2339684451552092 0.649724112896208 0.048934811574585076 0.048934811272147195 0.225739348684312 0.05154231714001232
15 0.4685604266690501 0.14061181983239307 0.26555933445457863 0.14061181994677233 0.3271159074968782 0.30386784983387205 0.30386784956474683 0.3020686199012953 0.28036397224293835 0.045211964996272266 0.30206862035647036 0.048307131283513556 0.4598007321103408 0.46220669949649934 0.3038678495872641 0.04830713145738349 0.43435863908496 0.43435863939209834 0.3020686212677786 0.35346284000291495
36 0.17540292214401762 0.31295337431644177 0.1924391935436868 0.3129533745159884 0.6010682651641988 0.1452904787211757 0.14529047864839031 0.12278022856293937 0.973289195699403 -0.020514869949326806 0.12278022893834464 0.018538606879981788 0.23885568445736732 0.2062713235669703 0.14529047861263136 0.01853860698602256 0.22186748771792117 0.22186748830325892 0.12278022742596903 0.3274101472959514
43 0.0436784148253161 0.3092839004879743 0.2506641663080961 0.3092839003874207 0.06327493005095818 0.2339684450491087 0.23396844503217298 0.2257393479192005 -0.010278236507733492 0.7530270210995641 0.2257393481722211 0.6497241128903732 0.043775415558079546 0.04521196499632893 0.2339684451552092 0.649724112896208 0.048934811574585076 0.048934811272147195 0.225739348684312 0.05154231714001232
59 0.4108697156359628 0.24120515653724064 0.2651988745994322 0.24120515599104345 0.37624896173731764 0.22853746889495663 0.22853746858354257 0.3770000992412399 0.2670057438371326 0.07204862339671647 0.3770000993411876 0.09803108531987238 0.40430425663186254 0.3296006966490101 0.22853746880076947 0.09803108541856806 0.3948790661011545 0.39487906540176204 0.3770001020668533 0.4897258494667051
56 0.2126884920196893 0.43330764644480113 0.3296927306615753 0.433307646320185 0.4245883011557689 0.2086152144965966 0.20861521398687996 0.2771399958449864 0.5307031594150937 0.05281248369217876 0.27713999595303945 0.1071102223337348 0.18975203682370256 0.2223101876015232 0.20861521400460378 0.1071102224307146 0.3317068005055834 0.3317068000209758 0.2771399983556724 0.5617765102182747
