43 0.5418830708278268 0.5418830706302487 0.2125094483014951 0.19432512832035487 0.03518630794560123 0.21250944840382704 0.5418830710562177 0.051012230221386345 0.5418830708310166 0.1977448756918432 0.19432512815624745 0.051012229982805204 0.21250944849950582 0.08671172437596682 0.03518630787223146 0.5418830706494859 0.08177778589554346 0.03518630771129861 0.4699125830188451 0.19432512803296023
54 0.27700530791627204 0.2770053078826176 0.17186865241506882 0.32151088663794575 0.2388667538851155 0.17186865242065508 0.2770053086305655 0.08022098831519354 0.2770053086026021 0.3867613882813562 0.3215108862904263 0.08022098806232197 0.17186865231389561 0.6407669260255722 0.23886675361631649 0.2770053083217556 0.45664281006653684 0.23886675383366865 0.4803785084704964 0.3215108858659091
1 0.19432512822095305 0.1943251279881224 0.4266284056866425 0.44538034830475226 0.15368397568818182 0.4266284062759951 0.1943251281627454 0.3298250749357976 0.19432512824369041 0.4147602397493326 0.4453803483629599 0.3298250746447593 0.4266284061013721 0.3437603413677872 0.15368397522252053 0.1943251279881224 0.20050792707870113 0.1536839751061052 0.2263542769615059 0.4453803484211676
10 0.05101223007627119 0.051012229626581175 0.2848570448734098 0.32982507414589624 0.3400268187095014 0.284857045332746 0.05101222990344348 0.5606649777351661 0.05101223009179069 0.3531126677149738 0.32982507466593947 0.56066497749171 0.28485704516561383 0.4239490332698277 0.3400268184953179 0.05101222986106764 0.3623275499572497 0.34002681823606157 0.07717950189715289 0.3298250754406544
2 0.05101223007627119 0.051012229626581175 0.2848570448734098 0.32982507414589624 0.3400268187095014 0.284857045332746 0.05101222990344348 0.5606649777351661 0.05101223009179069 0.3531126677149738 0.32982507466593947 0.56066497749171 0.28485704516561383 0.4239490332698277 0.3400268184953179 0.05101222986106764 0.3623275499572497 0.34002681823606157 0.07717950189715289 0.3298250754406544
25 0.21250944848658676 0.21250944792049045 0.4870803748897957 0.4266284058024133 0.14216360940344402 0.487080375010153 0.21250944827021978 0.28485704506636583 0.21250944837351346 0.3496940482102325 0.42662840610406344 0.2848570448343004 0.4870803750305754 0.3473623916842624 0.14216360911108275 0.21250944823582085 0.1505314809753029 0.14216360897618022 0.1670226749568589 0.4266284058752967
18 0.05101223007627119 0.051012229626581175 0.2848570448734098 0.32982507414589624 0.3400268187095014 0.284857045332746 0.05101222990344348 0.5606649777351661 0.05101223009179069 0.3531126677149738 0.32982507466593947 0.56066497749171 0.28485704516561383 0.4239490332698277 0.3400268184953179 0.05101222986106764 0.3623275499572497 0.34002681823606157 0.07717950189715289 0.3298250754406544
5 0.19432512822095305 0.1943251279881224 0.4266284056866425 0.44538034830475226 0.15368397568818182 0.4266284062759951 0.1943251281627454 0.3298250749357976 0.19432512824369041 0.4147602397493326 0.4453803483629599 0.3298250746447593 0.4266284061013721 0.3437603413677872 0.15368397522252053 0.1943251279881224 0.20050792707870113 0.1536839751061052 0.2263542769615059 0.4453803484211676
49 0.5418830708278268 0.5418830706302487 0.2125094483014951 0.19432512832035487 0.03518630794560123 0.21250944840382704 0.5418830710562177 0.051012230221386345 0.5418830708310166 0.1977448756918432 0.19432512815624745 0.051012229982805204 0.21250944849950582 0.08671172437596682 0.03518630787223146 0.5418830706494859 0.08177778589554346 0.03518630771129861 0.4699125830188451 0.19432512803296023
60 0.19774487577690836 0.19774487516173564 0.3496940481867822 0.4147602395555801 0.18251224681413475 0.34969404831531287 0.19774487585523484 0.3531126679658842 0.19774487573341942 0.5171206765226434 0.4147602400584281 0.35311266751961157 0.3496940484894775 0.35977546469592137 0.18251224658324577 0.1977448755124947 0.305806431259401 0.182512246521343 0.286129068596234 0.4147602399403778
19 0.19432512822095305 0.1943251279881224 0.4266284056866425 0.44538034830475226 0.15368397568818182 0.4266284062759951 0.1943251281627454 0.3298250749357976 0.19432512824369041 0.4147602397493326 0.4453803483629599 0.3298250746447593 0.4266284061013721 0.3437603413677872 0.15368397522252053 0.1943251279881224 0.20050792707870113 0.1536839751061052 0.2263542769615059 0.4453803484211676
35 0.21250944848658676 0.21250944792049045 0.4870803748897957 0.4266284058024133 0.14216360940344402 0.487080375010153 0.21250944827021978 0.28485704506636583 0.21250944837351346 0.3496940482102325 0.42662840610406344 0.2848570448343004 0.4870803750305754 0.3473623916842624 0.14216360911108275 0.21250944823582085 0.1505314809753029 0.14216360897618022 0.1670226749568589 0.4266284058752967
31 0.19774487577690836 0.19774487516173564 0.3496940481867822 0.4147602395555801 0.18251224681413475 0.34969404831531287 0.19774487585523484 0.3531126679658842 0.19774487573341942 0.5171206765226434 0.4147602400584281 0.35311266751961157 0.3496940484894775 0.35977546469592137 0.18251224658324577 0.1977448755124947 0.305806431259401 0.182512246521343 0.286129068596234 0.4147602399403778
64 0.4699125837126397 0.4699125826004425 0.1670226750622287 0.22635427670802133 0.029513796347229365 0.16702267508737373 0.46991258307075423 0.07717950218606408 0.469912582859702 0.286129068596238 0.22635427691222207 0.07717950175980089 0.16702267506854238 0.08320648077441557 0.029513796178924356 0.4699125827444418 0.12006801445069504 0.029513796024476225 0.735374931377108 0.2263542773768353
59 0.4699125837126397 0.4699125826004425 0.1670226750622287 0.22635427670802133 0.029513796347229365 0.16702267508737373 0.46991258307075423 0.07717950218606408 0.469912582859702 0.286129068596238 0.22635427691222207 0.07717950175980089 0.16702267506854238 0.08320648077441557 0.029513796178924356 0.4699125827444418 0.12006801445069504 0.029513796024476225 0.735374931377108 0.2263542773768353
69 0.5418830708278268 0.5418830706302487 0.2125094483014951 0.19432512832035487 0.03518630794560123 0.21250944840382704 0.5418830710562177 0.051012230221386345 0.5418830708310166 0.1977448756918432 0.19432512815624745 0.051012229982805204 0.21250944849950582 0.08671172437596682 0.03518630787223146 0.5418830706494859 0.08177778589554346 0.03518630771129861 0.4699125830188451 0.19432512803296023
42 0.5418830708278268 0.5418830706302487 0.2125094483014951 0.19432512832035487 0.03518630794560123 0.21250944840382704 0.5418830710562177 0.051012230221386345 0.5418830708310166 0.1977448756918432 0.19432512815624745 0.051012229982805204 0.21250944849950582 0.08671172437596682 0.03518630787223146 0.5418830706494859 0.08177778589554346 0.03518630771129861 0.4699125830188451 0.19432512803296023
66 0.03518630791001853 0.03518630762458079 0.14216360892537708 0.15368397501520129 0.6393898230830427 0.14216360937664185 0.03518630797452172 0.34002681866893725 0.03518630800092769 0.18251224672605124 0.15368397544222082 0.3400268184077142 0.1421636091233324 0.29578878525100183 0.6393898228040285 0.0351863081107782 0.5319347231904705 0.6393898227291607 0.029513796211388766 0.15368397551610108
30 0.19774487577690836 0.19774487516173564 0.3496940481867822 0.4147602395555801 0.18251224681413475 0.34969404831531287 0.19774487585523484 0.3531126679658842 0.19774487573341942 0.5171206765226434 0.4147602400584281 0.35311266751961157 0.3496940484894775 0.35977546469592137 0.18251224658324577 0.1977448755124947 0.305806431259401 0.182512246521343 0.286129068596234 0.4147602399403778
29 0.5418830708278268 0.5418830706302487 0.2125094483014951 0.19432512832035487 0.03518630794560123 0.21250944840382704 0.5418830710562177 0.051012230221386345 0.5418830708310166 0.1977448756918432 0.19432512815624745 0.051012229982805204 0.21250944849950582 0.08671172437596682 0.03518630787223146 0.5418830706494859 0.08177778589554346 0.03518630771129861 0.4699125830188451 0.19432512803296023
52 0.12887202448190255 0.12887202465128794 0.1695595397166113 0.25392400235036355 0.44870988192934297 0.16955954000590295 0.1288720249480531 0.24055333972139062 0.12887202507219617 0.4127545785756729 0.25392400260479137 0.24055333934575132 0.1695595399281993 0.6442873876236044 0.4487098816483777 0.12887202485298893 0.5522818322974773 0.4487098815749402 0.14792139582879532 0.2539240014755001
9 0.19432512822095305 0.1943251279881224 0.4266284056866425 0.44538034830475226 0.15368397568818182 0.4266284062759951 0.1943251281627454 0.3298250749357976 0.19432512824369041 0.4147602397493326 0.4453803483629599 0.3298250746447593 0.4266284061013721 0.3437603413677872 0.15368397522252053 0.1943251279881224 0.20050792707870113 0.1536839751061052 0.2263542769615059 0.4453803484211676
40 0.21250944848658676 0.21250944792049045 0.4870803748897957 0.4266284058024133 0.14216360940344402 0.487080375010153 0.21250944827021978 0.28485704506636583 0.21250944837351346 0.3496940482102325 0.42662840610406344 0.2848570448343004 0.4870803750305754 0.3473623916842624 0.14216360911108275 0.21250944823582085 0.1505314809753029 0.14216360897618022 0.1670226749568589 0.4266284058752967
27 0.5418830708278268 0.5418830706302487 0.2125094483014951 0.19432512832035487 0.03518630794560123 0.21250944840382704 0.5418830710562177 0.051012230221386345 0.5418830708310166 0.1977448756918432 0.19432512815624745 0.051012229982805204 0.21250944849950582 0.08671172437596682 0.03518630787223146 0.5418830706494859 0.08177778589554346 0.03518630771129861 0.4699125830188451 0.19432512803296023
56 0.19774487577690836 0.19774487516173564 0.3496940481867822 0.4147602395555801 0.18251224681413475 0.34969404831531287 0.19774487585523484 0.3531126679658842 0.19774487573341942 0.5171206765226434 0.4147602400584281 0.35311266751961157 0.3496940484894775 0.35977546469592137 0.18251224658324577 0.1977448755124947 0.305806431259401 0.182512246521343 0.286129068596234 0.4147602399403778
53 0.27700530791627204 0.2770053078826176 0.17186865241506882 0.32151088663794575 0.2388667538851155 0.17186865242065508 0.2770053086305655 0.08022098831519354 0.2770053086026021 0.3867613882813562 0.3215108862904263 0.08022098806232197 0.17186865231389561 0.6407669260255722 0.23886675361631649 0.2770053083217556 0.45664281006653684 0.23886675383366865 0.4803785084704964 0.3215108858659091
48 0.5418830708278268 0.5418830706302487 0.2125094483014951 0.19432512832035487 0.03518630794560123 0.21250944840382704 0.5418830710562177 0.051012230221386345 0.5418830708310166 0.1977448756918432 0.19432512815624745 0.051012229982805204 0.21250944849950582 0.08671172437596682 0.03518630787223146 0.5418830706494859 0.08177778589554346 0.03518630771129861 0.4699125830188451 0.19432512803296023
55 0.19774487577690836 0.19774487516173564 0.3496940481867822 0.4147602395555801 0.18251224681413475 0.34969404831531287 0.19774487585523484 0.3531126679658842 0.19774487573341942 0.5171206765226434 0.4147602400584281 0.35311266751961157 0.3496940484894775 0.35977546469592137 0.18251224658324577 0.1977448755124947 0.305806431259401 0.182512246521343 0.286129068596234 0.4147602399403778
33 0.4699125837126397 0.4699125826004425 0.1670226750622287 0.22635427670802133 0.029513796347229365 0.16702267508737373 0.46991258307075423 0.07717950218606408 0.469912582859702 0.286129068596238 0.22635427691222207 0.07717950175980089 0.16702267506854238 0.08320648077441557 0.029513796178924356 0.4699125827444418 0.12006801445069504 0.029513796024476225 0.735374931377108 0.2263542773768353
37 0.5418830708278268 0.5418830706302487 0.2125094483014951 0.19432512832035487 0.03518630794560123 0.21250944840382704 0.5418830710562177 0.051012230221386345 0.5418830708310166 0.1977448756918432 0.19432512815624745 0.051012229982805204 0.21250944849950582 0.08671172437596682 0.03518630787223146 0.5418830706494859 0.08177778589554346 0.03518630771129861 0.4699125830188451 0.19432512803296023
13 0.19432512822095305 0.1943251279881224 0.4266284056866425 0.44538034830475226 0.15368397568818182 0.4266284062759951 0.1943251281627454 0.3298250749357976 0.19432512824369041 0.4147602397493326 0.4453803483629599 0.3298250746447593 0.4266284061013721 0.3437603413677872 0.15368397522252053 0.1943251279881224 0.20050792707870113 0.1536839751061052 0.2263542769615059 0.4453803484211676
24 0.5418830708278268 0.5418830706302487 0.2125094483014951 0.19432512832035487 0.03518630794560123 0.21250944840382704 0.5418830710562177 0.051012230221386345 0.5418830708310166 0.1977448756918432 0.19432512815624745 0.051012229982805204 0.21250944849950582 0.08671172437596682 0.03518630787223146 0.5418830706494859 0.08177778589554346 0.03518630771129861 0.4699125830188451 0.19432512803296023
46 0.03518630791001853 0.03518630762458079 0.14216360892537708 0.15368397501520129 0.6393898230830427 0.14216360937664185 0.03518630797452172 0.34002681866893725 0.03518630800092769 0.18251224672605124 0.15368397544222082 0.3400268184077142 0.1421636091233324 0.29578878525100183 0.6393898228040285 0.0351863081107782 0.5319347231904705 0.6393898227291607 0.029513796211388766 0.15368397551610108
51 0.12887202448190255 0.12887202465128794 0.1695595397166113 0.25392400235036355 0.44870988192934297 0.16955954000590295 0.1288720249480531 0.24055333972139062 0.12887202507219617 0.4127545785756729 0.25392400260479137 0.24055333934575132 0.1695595399281993 0.6442873876236044 0.4487098816483777 0.12887202485298893 0.5522818322974773 0.4487098815749402 0.14792139582879532 0.2539240014755001
67 0.5418830708278268 0.5418830706302487 0.2125094483014951 0.19432512832035487 0.03518630794560123 0.21250944840382704 0.5418830710562177 0.051012230221386345 0.5418830708310166 0.1977448756918432 0.19432512815624745 0.051012229982805204 0.21250944849950582 0.08671172437596682 0.03518630787223146 0.5418830706494859 0.08177778589554346 0.03518630771129861 0.4699125830188451 0.19432512803296023
14 0.05101223007627119 0.051012229626581175 0.2848570448734098 0.32982507414589624 0.3400268187095014 0.284857045332746 0.05101222990344348 0.5606649777351661 0.05101223009179069 0.3531126677149738 0.32982507466593947 0.56066497749171 0.28485704516561383 0.4239490332698277 0.3400268184953179 0.05101222986106764 0.3623275499572497 0.34002681823606157 0.07717950189715289 0.3298250754406544
7 0.19432512822095305 0.1943251279881224 0.4266284056866425 0.44538034830475226 0.15368397568818182 0.4266284062759951 0.1943251281627454 0.3298250749357976 0.19432512824369041 0.4147602397493326 0.4453803483629599 0.3298250746447593 0.4266284061013721 0.3437603413677872 0.15368397522252053 0.1943251279881224 0.20050792707870113 0.1536839751061052 0.2263542769615059 0.4453803484211676
63 0.4699125837126397 0.4699125826004425 0.1670226750622287 0.22635427670802133 0.029513796347229365 0.16702267508737373 0.46991258307075423 0.07717950218606408 0.469912582859702 0.286129068596238 0.22635427691222207 0.07717950175980089 0.16702267506854238 0.08320648077441557 0.029513796178924356 0.4699125827444418 0.12006801445069504 0.029513796024476225 0.735374931377108 0.2263542773768353
16 0.05101223007627119 0.051012229626581175 0.2848570448734098 0.32982507414589624 0.3400268187095014 0.284857045332746 0.05101222990344348 0.5606649777351661 0.05101223009179069 0.3531126677149738 0.32982507466593947 0.56066497749171 0.28485704516561383 0.4239490332698277 0.3400268184953179 0.05101222986106764 0.3623275499572497 0.34002681823606157 0.07717950189715289 0.3298250754406544
39 0.5418830708278268 0.5418830706302487 0.2125094483014951 0.19432512832035487 0.03518630794560123 0.21250944840382704 0.5418830710562177 0.051012230221386345 0.5418830708310166 0.1977448756918432 0.19432512815624745 0.051012229982805204 0.21250944849950582 0.08671172437596682 0.03518630787223146 0.5418830706494859 0.08177778589554346 0.03518630771129861 0.4699125830188451 0.19432512803296023
26 0.03518630791001853 0.03518630762458079 0.14216360892537708 0.15368397501520129 0.6393898230830427 0.14216360937664185 0.03518630797452172 0.34002681866893725 0.03518630800092769 0.18251224672605124 0.15368397544222082 0.3400268184077142 0.1421636091233324 0.29578878525100183 0.6393898228040285 0.0351863081107782 0.5319347231904705 0.6393898227291607 0.029513796211388766 0.15368397551610108
58 0.4699125837126397 0.4699125826004425 0.1670226750622287 0.22635427670802133 0.029513796347229365 0.16702267508737373 0.46991258307075423 0.07717950218606408 0.469912582859702 0.286129068596238 0.22635427691222207 0.07717950175980089 0.16702267506854238 0.08320648077441557 0.029513796178924356 0.4699125827444418 0.12006801445069504 0.029513796024476225 0.735374931377108 0.2263542773768353
61 0.19774487577690836 0.19774487516173564 0.3496940481867822 0.4147602395555801 0.18251224681413475 0.34969404831531287 0.19774487585523484 0.3531126679658842 0.19774487573341942 0.5171206765226434 0.4147602400584281 0.35311266751961157 0.3496940484894775 0.35977546469592137 0.18251224658324577 0.1977448755124947 0.305806431259401 0.182512246521343 0.286129068596234 0.4147602399403778
22 0.5418830708278268 0.5418830706302487 0.2125094483014951 0.19432512832035487 0.03518630794560123 0.21250944840382704 0.5418830710562177 0.051012230221386345 0.5418830708310166 0.1977448756918432 0.19432512815624745 0.051012229982805204 0.21250944849950582 0.08671172437596682 0.03518630787223146 0.5418830706494859 0.08177778589554346 0.03518630771129861 0.4699125830188451 0.19432512803296023
50 0.08671172452086054 0.0867117241651342 0.34736239160947313 0.3437603409956489 0.2957887855389998 0.3473623920168882 0.08671172437670857 0.423949033540325 0.08671172459470394 0.35977546469591426 0.3437603412940192 0.4239490331119169 0.3473623917021902 0.6340195749625331 0.29578878531398883 0.0867117243286469 0.29262410526082866 0.2957887850867056 0.0832064807744097 0.3437603416146807
8 0.05101223007627119 0.051012229626581175 0.2848570448734098 0.32982507414589624 0.3400268187095014 0.284857045332746 0.05101222990344348 0.5606649777351661 0.05101223009179069 0.3531126677149738 0.32982507466593947 0.56066497749171 0.28485704516561383 0.4239490332698277 0.3400268184953179 0.05101222986106764 0.3623275499572497 0.34002681823606157 0.07717950189715289 0.3298250754406544
17 0.19432512822095305 0.1943251279881224 0.4266284056866425 0.44538034830475226 0.15368397568818182 0.4266284062759951 0.1943251281627454 0.3298250749357976 0.19432512824369041 0.4147602397493326 0.4453803483629599 0.3298250746447593 0.4266284061013721 0.3437603413677872 0.15368397522252053 0.1943251279881224 0.20050792707870113 0.1536839751061052 0.2263542769615059 0.4453803484211676
11 0.19432512822095305 0.1943251279881224 0.4266284056866425 0.44538034830475226 0.15368397568818182 0.4266284062759951 0.1943251281627454 0.3298250749357976 0.19432512824369041 0.4147602397493326 0.4453803483629599 0.3298250746447593 0.4266284061013721 0.3437603413677872 0.15368397522252053 0.1943251279881224 0.20050792707870113 0.1536839751061052 0.2263542769615059 0.4453803484211676
23 0.5418830708278268 0.5418830706302487 0.2125094483014951 0.19432512832035487 0.03518630794560123 0.21250944840382704 0.5418830710562177 0.051012230221386345 0.5418830708310166 0.1977448756918432 0.19432512815624745 0.051012229982805204 0.21250944849950582 0.08671172437596682 0.03518630787223146 0.5418830706494859 0.08177778589554346 0.03518630771129861 0.4699125830188451 0.19432512803296023
4 0.05101223007627119 0.051012229626581175 0.2848570448734098 0.32982507414589624 0.3400268187095014 0.284857045332746 0.05101222990344348 0.5606649777351661 0.05101223009179069 0.3531126677149738 0.32982507466593947 0.56066497749171 0.28485704516561383 0.4239490332698277 0.3400268184953179 0.05101222986106764 0.3623275499572497 0.34002681823606157 0.07717950189715289 0.3298250754406544
34 0.4699125837126397 0.4699125826004425 0.1670226750622287 0.22635427670802133 0.029513796347229365 0.16702267508737373 0.46991258307075423 0.07717950218606408 0.469912582859702 0.286129068596238 0.22635427691222207 0.07717950175980089 0.16702267506854238 0.08320648077441557 0.029513796178924356 0.4699125827444418 0.12006801445069504 0.029513796024476225 0.735374931377108 0.2263542773768353
41 0.03518630791001853 0.03518630762458079 0.14216360892537708 0.15368397501520129 0.6393898230830427 0.14216360937664185 0.03518630797452172 0.34002681866893725 0.03518630800092769 0.18251224672605124 0.15368397544222082 0.3400268184077142 0.1421636091233324 0.29578878525100183 0.6393898228040285 0.0351863081107782 0.5319347231904705 0.6393898227291607 0.029513796211388766 0.15368397551610108
20 0.21250944848658676 0.21250944792049045 0.4870803748897957 0.4266284058024133 0.14216360940344402 0.487080375010153 0.21250944827021978 0.28485704506636583 0.21250944837351346 0.3496940482102325 0.42662840610406344 0.2848570448343004 0.4870803750305754 0.3473623916842624 0.14216360911108275 0.21250944823582085 0.1505314809753029 0.14216360897618022 0.1670226749568589 0.4266284058752967
15 0.19432512822095305 0.1943251279881224 0.4266284056866425 0.44538034830475226 0.15368397568818182 0.4266284062759951 0.1943251281627454 0.3298250749357976 0.19432512824369041 0.4147602397493326 0.4453803483629599 0.3298250746447593 0.4266284061013721 0.3437603413677872 0.15368397522252053 0.1943251279881224 0.20050792707870113 0.1536839751061052 0.2263542769615059 0.4453803484211676
21 0.03518630791001853 0.03518630762458079 0.14216360892537708 0.15368397501520129 0.6393898230830427 0.14216360937664185 0.03518630797452172 0.34002681866893725 0.03518630800092769 0.18251224672605124 0.15368397544222082 0.3400268184077142 0.1421636091233324 0.29578878525100183 0.6393898228040285 0.0351863081107782 0.5319347231904705 0.6393898227291607 0.029513796211388766 0.15368397551610108
68 0.5418830708278268 0.5418830706302487 0.2125094483014951 0.19432512832035487 0.03518630794560123 0.21250944840382704 0.5418830710562177 0.051012230221386345 0.5418830708310166 0.1977448756918432 0.19432512815624745 0.051012229982805204 0.21250944849950582 0.08671172437596682 0.03518630787223146 0.5418830706494859 0.08177778589554346 0.03518630771129861 0.4699125830188451 0.19432512803296023
45 0.21250944848658676 0.21250944792049045 0.4870803748897957 0.4266284058024133 0.14216360940344402 0.487080375010153 0.21250944827021978 0.28485704506636583 0.21250944837351346 0.3496940482102325 0.42662840610406344 0.2848570448343004 0.4870803750305754 0.3473623916842624 0.14216360911108275 0.21250944823582085 0.1505314809753029 0.14216360897618022 0.1670226749568589 0.4266284058752967
32 0.08177778598441543 0.08177778585489787 0.15053148085538148 0.20050792697561604 0.5319347233075724 0.15053148115712614 0.08177778595778648 0.36232755017956303 0.08177778607798762 0.30580643125939844 0.20050792717794547 0.3623275498362843 0.1505314808962729 0.292624105260834 0.5319347232423808 0.08177778601449257 0.6877380150285418 0.5319347230619805 0.12006801445069118 0.20050792724239289
47 0.5418830708278268 0.5418830706302487 0.2125094483014951 0.19432512832035487 0.03518630794560123 0.21250944840382704 0.5418830710562177 0.051012230221386345 0.5418830708310166 0.1977448756918432 0.19432512815624745 0.051012229982805204 0.21250944849950582 0.08671172437596682 0.03518630787223146 0.5418830706494859 0.08177778589554346 0.03518630771129861 0.4699125830188451 0.19432512803296023
44 0.5418830708278268 0.5418830706302487 0.2125094483014951 0.19432512832035487 0.03518630794560123 0.21250944840382704 0.5418830710562177 0.051012230221386345 0.5418830708310166 0.1977448756918432 0.19432512815624745 0.051012229982805204 0.21250944849950582 0.08671172437596682 0.03518630787223146 0.5418830706494859 0.08177778589554346 0.03518630771129861 0.4699125830188451 0.19432512803296023
6 0.05101223007627119 0.051012229626581175 0.2848570448734098 0.32982507414589624 0.3400268187095014 0.284857045332746 0.05101222990344348 0.5606649777351661 0.05101223009179069 0.3531126677149738 0.32982507466593947 0.56066497749171 0.28485704516561383 0.4239490332698277 0.3400268184953179 0.05101222986106764 0.3623275499572497 0.34002681823606157 0.07717950189715289 0.3298250754406544
57 0.08177778598441543 0.08177778585489787 0.15053148085538148 0.20050792697561604 0.5319347233075724 0.15053148115712614 0.08177778595778648 0.36232755017956303 0.08177778607798762 0.30580643125939844 0.20050792717794547 0.3623275498362843 0.1505314808962729 0.292624105260834 0.5319347232423808 0.08177778601449257 0.6877380150285418 0.5319347230619805 0.12006801445069118 0.20050792724239289
0 0.05101223007627119 0.051012229626581175 0.2848570448734098 0.32982507414589624 0.3400268187095014 0.284857045332746 0.05101222990344348 0.5606649777351661 0.05101223009179069 0.3531126677149738 0.32982507466593947 0.56066497749171 0.28485704516561383 0.4239490332698277 0.3400268184953179 0.05101222986106764 0.3623275499572497 0.34002681823606157 0.07717950189715289 0.3298250754406544
65 0.21250944848658676 0.21250944792049045 0.4870803748897957 0.4266284058024133 0.14216360940344402 0.487080375010153 0.21250944827021978 0.28485704506636583 0.21250944837351346 0.3496940482102325 0.42662840610406344 0.2848570448343004 0.4870803750305754 0.3473623916842624 0.14216360911108275 0.21250944823582085 0.1505314809753029 0.14216360897618022 0.1670226749568589 0.4266284058752967
3 0.19432512822095305 0.1943251279881224 0.4266284056866425 0.44538034830475226 0.15368397568818182 0.4266284062759951 0.1943251281627454 0.3298250749357976 0.19432512824369041 0.4147602397493326 0.4453803483629599 0.3298250746447593 0.4266284061013721 0.3437603413677872 0.15368397522252053 0.1943251279881224 0.20050792707870113 0.1536839751061052 0.2263542769615059 0.4453803484211676
62 0.08177778598441543 0.08177778585489787 0.15053148085538148 0.20050792697561604 0.5319347233075724 0.15053148115712614 0.08177778595778648 0.36232755017956303 0.08177778607798762 0.30580643125939844 0.20050792717794547 0.3623275498362843 0.1505314808962729 0.292624105260834 0.5319347232423808 0.08177778601449257 0.6877380150285418 0.5319347230619805 0.12006801445069118 0.20050792724239289
12 0.05394579959569976 0.05394579900681803 0.36433513707409443 0.33635859024240056 0.28501622353819916 0.3643351376420865 0.05394579912444798 0.5491040279474698 0.05394579922916199 0.32943026927107 0.3363585905933812 0.5491040277598788 0.36433513718079485 0.464798652721276 0.2850162233981721 0.05394579915396416 0.2705632192217594 0.2850162231845331 0.055156788779798335 0.3363585912742456
36 0.03518630791001853 0.03518630762458079 0.14216360892537708 0.15368397501520129 0.6393898230830427 0.14216360937664185 0.03518630797452172 0.34002681866893725 0.03518630800092769 0.18251224672605124 0.15368397544222082 0.3400268184077142 0.1421636091233324 0.29578878525100183 0.6393898228040285 0.0351863081107782 0.5319347231904705 0.6393898227291607 0.029513796211388766 0.15368397551610108
28 0.5418830708278268 0.5418830706302487 0.2125094483014951 0.19432512832035487 0.03518630794560123 0.21250944840382704 0.5418830710562177 0.051012230221386345 0.5418830708310166 0.1977448756918432 0.19432512815624745 0.051012229982805204 0.21250944849950582 0.08671172437596682 0.03518630787223146 0.5418830706494859 0.08177778589554346 0.03518630771129861 0.4699125830188451 0.19432512803296023
38 0.5418830708278268 0.5418830706302487 0.2125094483014951 0.19432512832035487 0.03518630794560123 0.21250944840382704 0.5418830710562177 0.051012230221386345 0.5418830708310166 0.1977448756918432 0.19432512815624745 0.051012229982805204 0.21250944849950582 0.08671172437596682 0.03518630787223146 0.5418830706494859 0.08177778589554346 0.03518630771129861 0.4699125830188451 0.19432512803296023
