13 0.26744044251134946 0.14038329124484758 0.19045202778519466 0.27250516523201596 0.14653667550389426 0.43398808627322216 0.3390724450615271 0.44613740777471966 0.28253896943368195 0.2825389694717529 0.32433341849700514 0.26744044306075426 0.19465835414336702 0.26744044317225985 0.28253896953115903 0.08416933610023973 0.6023559289306388 0.30386512757360457 0.2958079807190114 0.4461374062063581
21 0.31206644593612987 0.4725933655300049 0.39908817478840364 0.27971628669598503 0.5388665041071955 0.12914717247916127 0.018076609364625466 0.12540545638679246 0.1580395932063593 0.15803959364574502 0.1702299338568269 0.31206644642410636 0.012203955200131018 0.3120664468974746 0.15803959348560237 0.7998032478972599 0.08416933610021016 0.22560820350410762 0.32622865470423346 0.12540545534008352
52 0.31179873459693963 0.4496322610825355 0.3811095336102326 0.2722425536526644 0.6360555897866622 0.24664218354234738 0.08619489778461319 0.17802142215360808 0.2621705542735704 0.2621705547237969 0.2756294502859637 0.31179873499128136 0.08685200755581497 0.31179873533602015 0.2621705548579686 0.5388665041071822 0.14653667550387517 0.1569361373340908 0.35271656640407606 0.17802142097270224
51 0.4069702891310796 0.17424384303777948 0.33677671248211244 0.35937867740795676 0.21308221956462914 0.317652336918073 0.07390150617893271 0.356250162508833 0.17323222430861154 0.17323222431424443 0.29740831611432056 0.4069702913414539 0.039007204636472996 0.4069702918582238 0.17323222455766862 0.2009225606375916 0.4026060394886207 0.5286484707440212 0.40331629194351576 0.35625016119482145
53 0.06864594184071347 0.1045236926411704 0.09070589971189026 0.06987400415658777 0.08685200755582197 0.2631226555673483 0.6042834984773026 0.27522548351111925 0.3474583871612755 0.34745838723843164 0.32391658430974135 0.06864594215162434 0.926176066134624 0.06864594240699319 0.3474583874176104 0.012203955200136419 0.19465835414335855 -0.05893505716758593 -0.04443397506604525 0.2752254826191582
59 0.17475394714895087 0.5144035327486642 0.25272708616992295 0.31420347367877494 0.22143585345074826 0.16390824515086114 0.19672380608713508 0.27223477471529656 0.5272582980285042 0.5272582982486799 0.3258029241653617 0.17475394483632511 0.43964081429403806 0.17475394518728046 0.5272582982298661 0.19043452992116106 0.19547050187096413 0.08480281350395318 0.057032915165297814 0.27223477292648174
49 0.3508159370983795 0.49418407042742823 0.39314730488915306 0.44613117021937837 0.3298257301146438 0.25165742049125794 0.03981701761540364 0.27898771362823627 0.29488892714241727 0.29488892763445546 0.3098790061560439 0.3508159369571485 0.09310578235788518 0.35081593751349593 0.29488892764063457 0.362654327710287 0.19131791117754168 0.26337815600100273 0.31707693227371847 0.27898771213309603
2 0.4427175921364297 0.22896797877584082 0.4229335908823984 0.38793218377621447 0.2659854024048835 0.23408936447924078 0.03715086257825936 0.3293096907581286 0.1501653755297591 0.1501653752359669 0.39193330806338667 0.4427175935027208 0.06993298950453947 0.44271759389352067 0.15016537511415556 0.3883921561491433 0.22108011330796593 0.40265759435067977 0.3131154154246729 0.3293096883553432
36 0.2564097307687717 0.6504027863541025 0.3351983960255047 0.37186172822557223 0.44963226108255694 0.1914410025229343 0.05308383921867009 0.19722054007717096 0.3686503215615353 0.36865032205905557 0.2534039390437767 0.25640973127952876 0.10452369264114743 0.25640973179889054 0.3686503222841767 0.4725933655300089 0.14038329124483162 0.14415999639121152 0.2509753982753184 0.1972205387289181
45 0.37450757201750445 0.37186172822561303 0.36578174231089317 0.44362346877225617 0.2722425536527284 0.29808683164189687 0.054416310308311185 0.31378338422574104 0.2709559247075531 0.2709559250349715 0.31271127438570095 0.3745075724476234 0.06987400415661407 0.3745075727844941 0.27095592503537097 0.2797162866960148 0.2725051652320276 0.35409032032870463 0.3830115142213945 0.3137833828789309
8 0.4261833084228207 0.3351983960255438 0.47506935336549594 0.36578174231088645 0.38110953361023137 0.24709738582557647 0.03710825482993671 0.2985200281821064 0.1550936438824012 0.15509364427729 0.3375110942752303 0.4261833084255969 0.09070589971191549 0.4261833090264014 0.15509364437078188 0.39908817478842246 0.1904520277852115 0.3367809293983102 0.30672958486032603 0.2985200269702889
62 0.23847592895155165 0.34733465477293385 0.16261143837792005 0.26262863290440597 0.4698172613172829 0.35045237525924794 0.14245328594941917 0.19204188611280817 0.44465870131852764 0.4446587014204419 0.21805120383315424 0.23847593096584824 0.023132401752176526 0.2384759312781961 0.4446587015227588 0.3237008764994995 0.28928069590261185 0.19723583528724734 0.5541829506770914 0.19204188475263492
57 0.2564097307687717 0.6504027863541025 0.3351983960255047 0.37186172822557223 0.44963226108255694 0.1914410025229343 0.05308383921867009 0.19722054007717096 0.3686503215615353 0.36865032205905557 0.2534039390437767 0.25640973127952876 0.10452369264114743 0.25640973179889054 0.3686503222841767 0.4725933655300089 0.14038329124483162 0.14415999639121152 0.2509753982753184 0.1972205387289181
15 0.3255167363677174 0.1972205394391242 0.2985200276096016 0.31378338357126445 0.17802142154034328 0.4107548349332433 0.21639836652770938 0.46598013707262 0.260505497790291 0.2605054975792882 0.4208895913195043 0.3255167368333787 0.27522548305500294 0.32551673729903996 0.2605054977684631 0.12540545588740953 0.44613740708685157 0.23097373893435602 0.2225568982471664 0.4659801355592208
63 0.17475394714895087 0.5144035327486642 0.25272708616992295 0.31420347367877494 0.22143585345074826 0.16390824515086114 0.19672380608713508 0.27223477471529656 0.5272582980285042 0.5272582982486799 0.3258029241653617 0.17475394483632511 0.43964081429403806 0.17475394518728046 0.5272582982298661 0.19043452992116106 0.19547050187096413 0.08480281350395318 0.057032915165297814 0.27223477292648174
11 0.26744044251134946 0.14038329124484758 0.19045202778519466 0.27250516523201596 0.14653667550389426 0.43398808627322216 0.3390724450615271 0.44613740777471966 0.28253896943368195 0.2825389694717529 0.32433341849700514 0.26744044306075426 0.19465835414336702 0.26744044317225985 0.28253896953115903 0.08416933610023973 0.6023559289306388 0.30386512757360457 0.2958079807190114 0.4461374062063581
14 0.42838504096077734 0.25640973137941975 0.42618330857562076 0.374507572545121 0.3117987350370833 0.28869076995930315 0.05199587445885952 0.32551673780308016 0.16684711110283842 0.1668471111582584 0.33065993603865873 0.42838504168347064 0.0686459421968136 0.4283850420252432 0.16684711097575672 0.31206644652469223 0.2674404429697514 0.4055989103510427 0.36831445942827234 0.3255167364708015
40 0.33065993586979303 0.2534039390437868 0.3375110942752535 0.3127112743857011 0.27562945028602753 0.39971902097353096 0.18196767688496845 0.42088959225087036 0.2866805353772748 0.28668053553317324 0.47345602209803433 0.3306599360506087 0.32391658430975745 0.3306599362818197 0.2866805358900388 0.1702299338568537 0.32433341849701297 0.15961840630741173 0.19399222537770575 0.4208895905974138
18 0.42838504096077734 0.25640973137941975 0.42618330857562076 0.374507572545121 0.3117987350370833 0.28869076995930315 0.05199587445885952 0.32551673780308016 0.16684711110283842 0.1668471111582584 0.33065993603865873 0.42838504168347064 0.0686459421968136 0.4283850420252432 0.16684711097575672 0.31206644652469223 0.2674404429697514 0.4055989103510427 0.36831445942827234 0.3255167364708015
60 0.405598909807265 0.144159996391187 0.33678092939836834 0.35409032032866894 0.15693613733409964 0.20288384376929994 -0.03367893692765471 0.2309737396173677 0.10482828953544371 0.10482828963310856 0.15961840630739668 0.40559891039702056 -0.058935057167608385 0.40559891090601025 0.10482828958436838 0.22560820350410093 0.3038651275735892 0.7998227636685201 0.47790635858494807 0.230973738188709
42 0.36964826235396203 0.4553544669687724 0.46760981812090474 0.3259206428024582 0.5371331316130913 0.20859450085517278 0.0459347860100292 0.23049192130023052 0.18028251501376938 0.18028251505077947 0.3104683650504313 0.3696482623772817 0.10696455568666437 0.36964826267247364 0.1802825152315648 0.5219270781401394 0.13654835497129528 0.23261550380757953 0.2587705304868459 0.2304919197782845
68 0.26794609924860624 0.13143090868762822 0.18541901822418322 0.26130362259930906 0.10368753983829851 0.4039962586463029 0.33273564360504365 0.4658743260751294 0.2519154505962805 0.2519154506131147 0.3051461691355736 0.2679461001726289 0.17620514107171772 0.267946100557546 0.25191545083066486 0.07311763032493841 0.6570549762499094 0.3431352944310871 0.27671291700815887 0.46587432465113104
37 0.3518971016358118 0.5190867649216182 0.416384145282719 0.39944771282090963 0.4185116343057773 0.20158395064475462 -0.0008928369681393717 0.17703876381096112 0.20005987435594041 0.20005987513594264 0.1666472007044302 0.3518971022133875 -0.00230803245744984 0.35189710254265577 0.20005987538195275 0.5632105515037494 0.13785077745429328 0.29864646269251216 0.41761048362878816 0.17703876327827295
58 0.17475394714895087 0.5144035327486642 0.25272708616992295 0.31420347367877494 0.22143585345074826 0.16390824515086114 0.19672380608713508 0.27223477471529656 0.5272582980285042 0.5272582982486799 0.3258029241653617 0.17475394483632511 0.43964081429403806 0.17475394518728046 0.5272582982298661 0.19043452992116106 0.19547050187096413 0.08480281350395318 0.057032915165297814 0.27223477292648174
20 0.3527352946461677 0.17691393581969586 0.304591712412097 0.2985190377764233 0.24830937075971227 0.362838612327946 0.1579393410132373 0.38178257821751443 0.21373216402903214 0.2137321641440027 0.37039517473130973 0.35273529662882297 0.145320659305154 0.3527352967637578 0.21373216401952178 0.1724168050825586 0.38853075341001614 0.3019358132365899 0.3066792506210763 0.3817825770674186
4 0.42838504096077734 0.25640973137941975 0.42618330857562076 0.374507572545121 0.3117987350370833 0.28869076995930315 0.05199587445885952 0.32551673780308016 0.16684711110283842 0.1668471111582584 0.33065993603865873 0.42838504168347064 0.0686459421968136 0.4283850420252432 0.16684711097575672 0.31206644652469223 0.2674404429697514 0.4055989103510427 0.36831445942827234 0.3255167364708015
55 0.37450757201750445 0.37186172822561303 0.36578174231089317 0.44362346877225617 0.2722425536527284 0.29808683164189687 0.054416310308311185 0.31378338422574104 0.2709559247075531 0.2709559250349715 0.31271127438570095 0.3745075724476234 0.06987400415661407 0.3745075727844941 0.27095592503537097 0.2797162866960148 0.2725051652320276 0.35409032032870463 0.3830115142213945 0.3137833828789309
38 0.1668471109298425 0.36865032189775987 0.15509364423508978 0.27095592507993166 0.26217055465143196 0.32341115310560187 0.3417092342680055 0.26050549836008463 0.5437076947124385 0.5437076949230155 0.28668053554132833 0.16684711104654842 0.3474583872612707 0.16684711158601523 0.543707694921012 0.15803959360773964 0.28253896958659896 0.10482828966340364 0.22744521084684277 0.26050549715048443
16 0.3756275740470439 0.1679707336427392 0.2866183677495286 0.35071981686938924 0.28259956284054355 0.35696543139815334 0.10048572417665184 0.3276039071775462 0.22412009117535253 0.2241200913323329 0.28294299572915765 0.3756275758625007 0.02612500314892086 0.3756275763087072 0.22412009153296877 0.20534921764987524 0.41667161715211953 0.4833928663390381 0.48003059677939064 0.3276039057596381
1 0.3707088271796159 0.23504863913086826 0.3628973493026768 0.3001214123106466 0.2771550588157839 0.3161610932549737 0.10674764156419729 0.3735930709741813 0.1997584190925526 0.19975841920544662 0.40348464990909416 0.37070882887496215 0.18190556035195676 0.3707088294282772 0.19975841926440424 0.21909932355087178 0.29992492925262815 0.2576966940100654 0.23709118395445153 0.3735930696647778
47 0.3056638190409415 0.4897178331893069 0.3256329931936427 0.4042349005992942 0.40703566893268067 0.28135400614715894 0.07124042564947898 0.2380339797141364 0.35880333705524353 0.3588033372249339 0.2826868950104566 0.30566381930878866 0.07740774331470614 0.3056638199541724 0.35880333745334797 0.37587571410399334 0.19911389230708604 0.20430967586930932 0.39040272521584285 0.2380339784312636
28 0.05212534926718464 0.06708132455993673 0.058778706833119886 0.07207510505479864 0.08047324389705612 0.29871933357385017 0.8447744241561849 0.24759646278295694 0.3521359058353245 0.35213590562885755 0.2283050598821449 0.05212534802006019 0.7384240895116215 0.05212534834217507 0.3521359057783412 0.01722424204274912 0.2742641538983294 -0.042162296715124205 -0.007111347339197433 0.24759646161054893
43 0.06864594184071347 0.1045236926411704 0.09070589971189026 0.06987400415658777 0.08685200755582197 0.2631226555673483 0.6042834984773026 0.27522548351111925 0.3474583871612755 0.34745838723843164 0.32391658430974135 0.06864594215162434 0.926176066134624 0.06864594240699319 0.3474583874176104 0.012203955200136419 0.19465835414335855 -0.05893505716758593 -0.04443397506604525 0.2752254826191582
10 0.42838504096077734 0.25640973137941975 0.42618330857562076 0.374507572545121 0.3117987350370833 0.28869076995930315 0.05199587445885952 0.32551673780308016 0.16684711110283842 0.1668471111582584 0.33065993603865873 0.42838504168347064 0.0686459421968136 0.4283850420252432 0.16684711097575672 0.31206644652469223 0.2674404429697514 0.4055989103510427 0.36831445942827234 0.3255167364708015
50 0.26744044251134946 0.14038329124484758 0.19045202778519466 0.27250516523201596 0.14653667550389426 0.43398808627322216 0.3390724450615271 0.44613740777471966 0.28253896943368195 0.2825389694717529 0.32433341849700514 0.26744044306075426 0.19465835414336702 0.26744044317225985 0.28253896953115903 0.08416933610023973 0.6023559289306388 0.30386512757360457 0.2958079807190114 0.4461374062063581
32 0.2564097307687717 0.6504027863541025 0.3351983960255047 0.37186172822557223 0.44963226108255694 0.1914410025229343 0.05308383921867009 0.19722054007717096 0.3686503215615353 0.36865032205905557 0.2534039390437767 0.25640973127952876 0.10452369264114743 0.25640973179889054 0.3686503222841767 0.4725933655300089 0.14038329124483162 0.14415999639121152 0.2509753982753184 0.1972205387289181
6 0.42838504096077734 0.25640973137941975 0.42618330857562076 0.374507572545121 0.3117987350370833 0.28869076995930315 0.05199587445885952 0.32551673780308016 0.16684711110283842 0.1668471111582584 0.33065993603865873 0.42838504168347064 0.0686459421968136 0.4283850420252432 0.16684711097575672 0.31206644652469223 0.2674404429697514 0.4055989103510427 0.36831445942827234 0.3255167364708015
22 0.05212534926718464 0.06708132455993673 0.058778706833119886 0.07207510505479864 0.08047324389705612 0.29871933357385017 0.8447744241561849 0.24759646278295694 0.3521359058353245 0.35213590562885755 0.2283050598821449 0.05212534802006019 0.7384240895116215 0.05212534834217507 0.3521359057783412 0.01722424204274912 0.2742641538983294 -0.042162296715124205 -0.007111347339197433 0.24759646161054893
26 0.2886907691963643 0.1914410025229088 0.2470973858255697 0.2980868316418373 0.24664218354237266 0.45836383283680715 0.2923932704326529 0.41075483562607207 0.32341115313725005 0.32341115318891517 0.3997190209734728 0.28869077000515186 0.26312265556730113 0.28869077028167867 0.3234111531711596 0.129147172479154 0.43398808627319246 0.20288384376931215 0.2838451429793797 0.41075483452286005
66 0.3840987403047325 0.3448562591938478 0.46343438226842587 0.3341473384508584 0.41572005500662795 0.178748508694769 -0.013705536352735475 0.14066352304497115 0.09940487111649801 0.09940487187527976 0.09105442569936885 0.38409873845066406 -0.02275430876432257 0.3840987389703286 0.09940487204132177 0.609164585933652 0.13311793596927649 0.4217483076592691 0.5122422393713222 0.14066352268145046
44 0.26744044251134946 0.14038329124484758 0.19045202778519466 0.27250516523201596 0.14653667550389426 0.43398808627322216 0.3390724450615271 0.44613740777471966 0.28253896943368195 0.2825389694717529 0.32433341849700514 0.26744044306075426 0.19465835414336702 0.26744044317225985 0.28253896953115903 0.08416933610023973 0.6023559289306388 0.30386512757360457 0.2958079807190114 0.4461374062063581
30 0.36466127497458173 0.28887557151080817 0.3087001370080742 0.4186789853581367 0.25493321481378756 0.33476992866533894 0.07834635532244878 0.32308736666593346 0.27360168673924 0.2736016870698765 0.29465238276262634 0.36466127606609755 0.04627467256096805 0.3646612765792854 0.27360168737040325 0.22250183553633032 0.35312706701014923 0.41494926366398516 0.44174076182863226 0.3230873654620739
46 0.3056638190409415 0.4897178331893069 0.3256329931936427 0.4042349005992942 0.40703566893268067 0.28135400614715894 0.07124042564947898 0.2380339797141364 0.35880333705524353 0.3588033372249339 0.2826868950104566 0.30566381930878866 0.07740774331470614 0.3056638199541724 0.35880333745334797 0.37587571410399334 0.19911389230708604 0.20430967586930932 0.39040272521584285 0.2380339784312636
23 0.05212534926718464 0.06708132455993673 0.058778706833119886 0.07207510505479864 0.08047324389705612 0.29871933357385017 0.8447744241561849 0.24759646278295694 0.3521359058353245 0.35213590562885755 0.2283050598821449 0.05212534802006019 0.7384240895116215 0.05212534834217507 0.3521359057783412 0.01722424204274912 0.2742641538983294 -0.042162296715124205 -0.007111347339197433 0.24759646161054893
5 0.3255167363677174 0.1972205394391242 0.2985200276096016 0.31378338357126445 0.17802142154034328 0.4107548349332433 0.21639836652770938 0.46598013707262 0.260505497790291 0.2605054975792882 0.4208895913195043 0.3255167368333787 0.27522548305500294 0.32551673729903996 0.2605054977684631 0.12540545588740953 0.44613740708685157 0.23097373893435602 0.2225568982471664 0.4659801355592208
35 0.36466127497458173 0.28887557151080817 0.3087001370080742 0.4186789853581367 0.25493321481378756 0.33476992866533894 0.07834635532244878 0.32308736666593346 0.27360168673924 0.2736016870698765 0.29465238276262634 0.36466127606609755 0.04627467256096805 0.3646612765792854 0.27360168737040325 0.22250183553633032 0.35312706701014923 0.41494926366398516 0.44174076182863226 0.3230873654620739
31 0.368314458799199 0.2509753982752973 0.30672958486035573 0.38301151422136426 0.3527165664040729 0.28384514297941044 0.008565475063435865 0.22255689880047097 0.2274452104389603 0.22744521093412162 0.19399222537764954 0.3683144595513152 -0.04443397506605336 0.3683144600797783 0.22744521083279734 0.32622865470423484 0.2958079807189958 0.4779063585849419 0.6066522857498072 0.2225568974846873
17 0.3255167363677174 0.1972205394391242 0.2985200276096016 0.31378338357126445 0.17802142154034328 0.4107548349332433 0.21639836652770938 0.46598013707262 0.260505497790291 0.2605054975792882 0.4208895913195043 0.3255167368333787 0.27522548305500294 0.32551673729903996 0.2605054977684631 0.12540545588740953 0.44613740708685157 0.23097373893435602 0.2225568982471664 0.4659801355592208
29 0.2986336826447079 0.1624036154500216 0.2444110773839637 0.29773613659874115 0.14820637519519872 0.4250295409403614 0.2773467766078908 0.46523711223814723 0.26632305255311256 0.26632305292256075 0.36999033225732453 0.2986336827769112 0.23138889015828082 0.298633683257282 0.2663230528751596 0.09898129016750319 0.5368814267918952 0.2753335932657153 0.2611561216843726 0.46523711068066287
33 0.1668471109298425 0.36865032189775987 0.15509364423508978 0.27095592507993166 0.26217055465143196 0.32341115310560187 0.3417092342680055 0.26050549836008463 0.5437076947124385 0.5437076949230155 0.28668053554132833 0.16684711104654842 0.3474583872612707 0.16684711158601523 0.543707694921012 0.15803959360773964 0.28253896958659896 0.10482828966340364 0.22744521084684277 0.26050549715048443
69 0.05199587431037096 0.05308383921868135 0.03710825482990135 0.05441631030827066 0.08619489778460035 0.29239327043266955 0.9659619223243896 0.21639836694807782 0.34170923419918 0.3417092340947886 0.18196767688494367 0.0519958744629611 0.6042834984773064 0.05199587459317799 0.34170923421274213 0.018076609364616636 0.3390724450615243 -0.033678936927660316 0.008565475063431508 0.21639836606047858
56 0.2564097307687717 0.6504027863541025 0.3351983960255047 0.37186172822557223 0.44963226108255694 0.1914410025229343 0.05308383921867009 0.19722054007717096 0.3686503215615353 0.36865032205905557 0.2534039390437767 0.25640973127952876 0.10452369264114743 0.25640973179889054 0.3686503222841767 0.4725933655300089 0.14038329124483162 0.14415999639121152 0.2509753982753184 0.1972205387289181
64 0.17475394714895087 0.5144035327486642 0.25272708616992295 0.31420347367877494 0.22143585345074826 0.16390824515086114 0.19672380608713508 0.27223477471529656 0.5272582980285042 0.5272582982486799 0.3258029241653617 0.17475394483632511 0.43964081429403806 0.17475394518728046 0.5272582982298661 0.19043452992116106 0.19547050187096413 0.08480281350395318 0.057032915165297814 0.27223477292648174
9 0.3255167363677174 0.1972205394391242 0.2985200276096016 0.31378338357126445 0.17802142154034328 0.4107548349332433 0.21639836652770938 0.46598013707262 0.260505497790291 0.2605054975792882 0.4208895913195043 0.3255167368333787 0.27522548305500294 0.32551673729903996 0.2605054977684631 0.12540545588740953 0.44613740708685157 0.23097373893435602 0.2225568982471664 0.4659801355592208
61 0.23847592895155165 0.34733465477293385 0.16261143837792005 0.26262863290440597 0.4698172613172829 0.35045237525924794 0.14245328594941917 0.19204188611280817 0.44465870131852764 0.4446587014204419 0.21805120383315424 0.23847593096584824 0.023132401752176526 0.2384759312781961 0.4446587015227588 0.3237008764994995 0.28928069590261185 0.19723583528724734 0.5541829506770914 0.19204188475263492
54 0.06864594184071347 0.1045236926411704 0.09070589971189026 0.06987400415658777 0.08685200755582197 0.2631226555673483 0.6042834984773026 0.27522548351111925 0.3474583871612755 0.34745838723843164 0.32391658430974135 0.06864594215162434 0.926176066134624 0.06864594240699319 0.3474583874176104 0.012203955200136419 0.19465835414335855 -0.05893505716758593 -0.04443397506604525 0.2752254826191582
0 0.3591821566688122 0.3272136253748687 0.40024108418348925 0.27521758385067996 0.35264677809969885 0.2499529467895473 0.06937635585114864 0.3304281235326614 0.20925861247532015 0.20925861262597753 0.4213942537764965 0.3591821584950873 0.22233783283675554 0.35918215871176923 0.20925861269803045 0.28923985564056626 0.1990788042833909 0.19370162276059846 0.1529563988990936 0.3304281219167141
41 0.33065993586979303 0.2534039390437868 0.3375110942752535 0.3127112743857011 0.27562945028602753 0.39971902097353096 0.18196767688496845 0.42088959225087036 0.2866805353772748 0.28668053553317324 0.47345602209803433 0.3306599360506087 0.32391658430975745 0.3306599362818197 0.2866805358900388 0.1702299338568537 0.32433341849701297 0.15961840630741173 0.19399222537770575 0.4208895905974138
3 0.3255167363677174 0.1972205394391242 0.2985200276096016 0.31378338357126445 0.17802142154034328 0.4107548349332433 0.21639836652770938 0.46598013707262 0.260505497790291 0.2605054975792882 0.4208895913195043 0.3255167368333787 0.27522548305500294 0.32551673729903996 0.2605054977684631 0.12540545588740953 0.44613740708685157 0.23097373893435602 0.2225568982471664 0.4659801355592208
34 0.1668471109298425 0.36865032189775987 0.15509364423508978 0.27095592507993166 0.26217055465143196 0.32341115310560187 0.3417092342680055 0.26050549836008463 0.5437076947124385 0.5437076949230155 0.28668053554132833 0.16684711104654842 0.3474583872612707 0.16684711158601523 0.543707694921012 0.15803959360773964 0.28253896958659896 0.10482828966340364 0.22744521084684277 0.26050549715048443
39 0.1668471109298425 0.36865032189775987 0.15509364423508978 0.27095592507993166 0.26217055465143196 0.32341115310560187 0.3417092342680055 0.26050549836008463 0.5437076947124385 0.5437076949230155 0.28668053554132833 0.16684711104654842 0.3474583872612707 0.16684711158601523 0.543707694921012 0.15803959360773964 0.28253896958659896 0.10482828966340364 0.22744521084684277 0.26050549715048443
67 0.05199587431037096 0.05308383921868135 0.03710825482990135 0.05441631030827066 0.08619489778460035 0.29239327043266955 0.9659619223243896 0.21639836694807782 0.34170923419918 0.3417092340947886 0.18196767688494367 0.0519958744629611 0.6042834984773064 0.05199587459317799 0.34170923421274213 0.018076609364616636 0.3390724450615243 -0.033678936927660316 0.008565475063431508 0.21639836606047858
27 0.4153105735520447 0.3016253326050086 0.4587267514753453 0.3633191039636741 0.3947355417053806 0.21755670169138208 0.011027765190895707 0.20970859272105816 0.12708574506227138 0.12708574539385054 0.19790447964161717 0.4153105729046059 -0.002387240994891513 0.415310573530161 0.12708574561413932 0.4828979228942313 0.17373278565949493 0.4279164913687507 0.473083736959705 0.20970859168306388
7 0.3255167363677174 0.1972205394391242 0.2985200276096016 0.31378338357126445 0.17802142154034328 0.4107548349332433 0.21639836652770938 0.46598013707262 0.260505497790291 0.2605054975792882 0.4208895913195043 0.3255167368333787 0.27522548305500294 0.32551673729903996 0.2605054977684631 0.12540545588740953 0.44613740708685157 0.23097373893435602 0.2225568982471664 0.4659801355592208
65 0.3659872350720953 0.13262997421984435 0.24270105320105279 0.30872852578496796 0.10844654043502905 0.29977705844418245 0.08926773300098177 0.37944976763982985 0.15979774704741131 0.15979774715685208 0.2428214151523323 0.3659872391050049 0.01633253794118293 0.36598723946086476 0.15979774723279466 0.11509331364956346 0.5453096089285202 0.6725563545789647 0.36057766503646593 0.37944976670285646
25 0.33065993586979303 0.2534039390437868 0.3375110942752535 0.3127112743857011 0.27562945028602753 0.39971902097353096 0.18196767688496845 0.42088959225087036 0.2866805353772748 0.28668053553317324 0.47345602209803433 0.3306599360506087 0.32391658430975745 0.3306599362818197 0.2866805358900388 0.1702299338568537 0.32433341849701297 0.15961840630741173 0.19399222537770575 0.4208895905974138
24 0.05212534926718464 0.06708132455993673 0.058778706833119886 0.07207510505479864 0.08047324389705612 0.29871933357385017 0.8447744241561849 0.24759646278295694 0.3521359058353245 0.35213590562885755 0.2283050598821449 0.05212534802006019 0.7384240895116215 0.05212534834217507 0.3521359057783412 0.01722424204274912 0.2742641538983294 -0.042162296715124205 -0.007111347339197433 0.24759646161054893
19 0.35084054743765597 0.16614214926461518 0.28342833849061655 0.33975862839626597 0.130248160571784 0.3415178560945027 0.1567053694357892 0.4810850716749754 0.2379453011697942 0.2379453006757625 0.5032321079392953 0.35084054906135076 0.287672107834304 0.3508405495707082 0.23794530067983483 0.21285005539474675 0.39111599906991407 0.22420624695199545 0.1629001595023415 0.48108506895650077
48 0.17475394714895087 0.5144035327486642 0.25272708616992295 0.31420347367877494 0.22143585345074826 0.16390824515086114 0.19672380608713508 0.27223477471529656 0.5272582980285042 0.5272582982486799 0.3258029241653617 0.17475394483632511 0.43964081429403806 0.17475394518728046 0.5272582982298661 0.19043452992116106 0.19547050187096413 0.08480281350395318 0.057032915165297814 0.27223477292648174
12 0.4164985517081808 0.14471809775771105 0.37965132358149356 0.3532622994919198 0.21803369159552072 0.1998391490930975 -0.02654911950696492 0.21522452673529177 0.09715920663300141 0.09715920706494889 0.15643409996739102 0.4164985510425412 -0.05150962109287508 0.4164985515130017 0.09715920687264296 0.29347699969827434 0.2639087687510384 0.7280220632344679 0.5173532851635163 0.21522452512002302
