47 0.19253393529600119 0.21832401788855915 0.09750376509745272 0.6693634730366883 0.0584441005651601 0.4923121390005541 0.4923121387792165 0.218324017752562 0.6693634729071198 0.06792575413048244 0.33376407632929045 0.019937977397929744 0.028105438766266515 0.49231213919131467 0.19253393532551064 0.028105438553353658 0.2183240177278952 0.03726160591286463 0.09750376435604621 0.13359926408991252
2 0.351468095139206 0.3262960403564417 0.40322440884978344 0.0822789076865325 0.4534421735743096 0.08658129190115914 0.08658129161402692 0.3262960404829691 0.08227890739664305 0.41686639508672446 0.2513142118692158 0.44896002258349815 0.26812274954717014 0.08658129190265093 0.3514680955301116 0.2681227492894366 0.3262960398096331 0.34630548990454013 0.40322440843437285 0.4054789041175578
58 0.47029037362676357 0.4124974458711559 0.2853672360751657 0.192533935181742 0.3640728011367781 0.2557291471734084 0.2557291468255136 0.4124974458194991 0.19253393526006776 0.34148932499147017 0.28915621525397966 0.2562934504487765 0.18669117152488748 0.25572914715718276 0.4702903755033154 0.1866911712894063 0.41249744515959236 0.22225132425383878 0.28536723565839706 0.31052746565292216
33 0.341489325017896 0.29402531409578864 0.28958404032236806 0.0679257542698269 0.38203083437689384 0.11501630130554266 0.11501630124705968 0.2940253138325292 0.06792575402922094 0.5557166703068138 0.3560043860416397 0.44190465568972076 0.35582262709682827 0.11501630144310299 0.3414893253796831 0.35582262683988447 0.29402531361500717 0.33341377442084397 0.28958403972119845 0.38679953014996227
43 0.3628353142677765 0.4808889490061045 0.4365204994480807 0.2674898693540625 0.2823718529852998 0.1951850194549933 0.1951850191384401 0.4808889487705952 0.26748986960927806 0.2388050980422113 0.278142143455689 0.21508927449143345 0.1193682759280422 0.19518501941375824 0.3628353149645644 0.11936827581226576 0.4808889487258929 0.14724706319649064 0.43652049917206864 0.3063583118829374
20 0.3628353142677765 0.4808889490061045 0.4365204994480807 0.2674898693540625 0.2823718529852998 0.1951850194549933 0.1951850191384401 0.4808889487705952 0.26748986960927806 0.2388050980422113 0.278142143455689 0.21508927449143345 0.1193682759280422 0.19518501941375824 0.3628353149645644 0.11936827581226576 0.4808889487258929 0.14724706319649064 0.43652049917206864 0.3063583118829374
36 0.47029037362676357 0.4124974458711559 0.2853672360751657 0.192533935181742 0.3640728011367781 0.2557291471734084 0.2557291468255136 0.4124974458194991 0.19253393526006776 0.34148932499147017 0.28915621525397966 0.2562934504487765 0.18669117152488748 0.25572914715718276 0.4702903755033154 0.1866911712894063 0.41249744515959236 0.22225132425383878 0.28536723565839706 0.31052746565292216
38 0.25572914697881577 0.2215917778502187 0.05963914316207711 0.4923121389711223 0.07547431582422388 0.6055598531931605 0.605559852833816 0.2215917777456075 0.4923121390413191 0.11501630132804319 0.3111918746847082 0.022882870704728636 0.03680409408123631 0.6055598533495083 0.25572914746564873 0.036804093912643714 0.22159177732303026 0.030925076673247145 0.05963914280274345 0.09988763035603589
22 0.19253393529600119 0.21832401788855915 0.09750376509745272 0.6693634730366883 0.0584441005651601 0.4923121390005541 0.4923121387792165 0.218324017752562 0.6693634729071198 0.06792575413048244 0.33376407632929045 0.019937977397929744 0.028105438766266515 0.49231213919131467 0.19253393532551064 0.028105438553353658 0.2183240177278952 0.03726160591286463 0.09750376435604621 0.13359926408991252
41 0.29216117570295963 0.37809159816122656 0.6004157845889715 0.08616155006166801 0.4628574720315434 0.055291216639984694 0.05529121633177988 0.3780915975687212 0.08616154993560597 0.276060476216718 0.16690521819163878 0.3676782370696469 0.17909030088578198 0.0552912166775281 0.29216117569180583 0.17909030070113027 0.3780915975472226 0.20441022402685144 0.600415784366104 0.30977586922337835
64 0.28915621507209077 0.26039383831979745 0.21664811718987795 0.33376407649289347 0.13896863269249712 0.31119187484819766 0.3111918745162126 0.260393838990603 0.33376407630288224 0.3560043860416516 0.7175530890698003 0.20694622639799862 0.18304580918496957 0.31119187467071513 0.28915621558060445 0.18304580892809896 0.26039383824236784 0.21095999932153034 0.2166481166619285 0.4548575558845369
4 0.24684313290604198 0.2797353838502494 0.584716727904479 0.00974803892789277 0.5293295770696728 0.008428526262981786 0.008428525978595192 0.27973538377869767 0.009748038769656209 0.32670125083303225 0.12092556065043332 0.5032896433128524 0.23317353621878528 0.00842852636830528 0.2468431342208239 0.2331735359974039 0.279735383617432 0.30207861393204194 0.5847167280303178 0.32269242417504906
27 0.19253393529600119 0.21832401788855915 0.09750376509745272 0.6693634730366883 0.0584441005651601 0.4923121390005541 0.4923121387792165 0.218324017752562 0.6693634729071198 0.06792575413048244 0.33376407632929045 0.019937977397929744 0.028105438766266515 0.49231213919131467 0.19253393532551064 0.028105438553353658 0.2183240177278952 0.03726160591286463 0.09750376435604621 0.13359926408991252
39 0.25572914697881577 0.2215917778502187 0.05963914316207711 0.4923121389711223 0.07547431582422388 0.6055598531931605 0.605559852833816 0.2215917777456075 0.4923121390413191 0.11501630132804319 0.3111918746847082 0.022882870704728636 0.03680409408123631 0.6055598533495083 0.25572914746564873 0.036804093912643714 0.22159177732303026 0.030925076673247145 0.05963914280274345 0.09988763035603589
28 0.19253393529600119 0.21832401788855915 0.09750376509745272 0.6693634730366883 0.0584441005651601 0.4923121390005541 0.4923121387792165 0.218324017752562 0.6693634729071198 0.06792575413048244 0.33376407632929045 0.019937977397929744 0.028105438766266515 0.49231213919131467 0.19253393532551064 0.028105438553353658 0.2183240177278952 0.03726160591286463 0.09750376435604621 0.13359926408991252
54 0.47029037362676357 0.4124974458711559 0.2853672360751657 0.192533935181742 0.3640728011367781 0.2557291471734084 0.2557291468255136 0.4124974458194991 0.19253393526006776 0.34148932499147017 0.28915621525397966 0.2562934504487765 0.18669117152488748 0.25572914715718276 0.4702903755033154 0.1866911712894063 0.41249744515959236 0.22225132425383878 0.28536723565839706 0.31052746565292216
65 0.3489031881090366 0.36752230722153006 0.3330483792978534 0.3391588552162105 0.19748163279325606 0.24841026748928544 0.24841026739788433 0.3675223075579109 0.3391588554154832 0.2649288768524326 0.5136426119907604 0.23698647340767584 0.13458295491184213 0.24841026736579622 0.34890319008819476 0.1345829547698982 0.367522306856177 0.2039242611298038 0.33304837889134886 0.4550059875762259
50 0.47029037362676357 0.4124974458711559 0.2853672360751657 0.192533935181742 0.3640728011367781 0.2557291471734084 0.2557291468255136 0.4124974458194991 0.19253393526006776 0.34148932499147017 0.28915621525397966 0.2562934504487765 0.18669117152488748 0.25572914715718276 0.4702903755033154 0.1866911712894063 0.41249744515959236 0.22225132425383878 0.28536723565839706 0.31052746565292216
11 0.4124974456551573 0.4694671072303818 0.37576280238705084 0.21832401796168233 0.3351505730731257 0.22159177776661512 0.22159177739528851 0.469467107401435 0.21832401798671183 0.29402531395377074 0.26039383851544523 0.24077108278384218 0.14368646006662 0.2215917776361642 0.4124974459088046 0.14368645994850365 0.4694671069671675 0.16322478896542528 0.3757628021328796 0.28455643576990886
63 0.28915621507209077 0.26039383831979745 0.21664811718987795 0.33376407649289347 0.13896863269249712 0.31119187484819766 0.3111918745162126 0.260393838990603 0.33376407630288224 0.3560043860416516 0.7175530890698003 0.20694622639799862 0.18304580918496957 0.31119187467071513 0.28915621558060445 0.18304580892809896 0.26039383824236784 0.21095999932153034 0.2166481166619285 0.4548575558845369
34 0.29850969207626066 0.24652827379312758 0.1437532431141006 0.2130459015670766 0.16094340636378313 0.36569850144152477 0.36569850124229664 0.24652827408078887 0.21304590147558866 0.5467250585617176 0.7102438349225069 0.16992283901664304 0.2612975515584128 0.36569850137996196 0.2985096936507377 0.2612975513690736 0.24652827298866745 0.17226241108263607 0.14375324274909704 0.28580404057957004
49 0.19253393529600119 0.21832401788855915 0.09750376509745272 0.6693634730366883 0.0584441005651601 0.4923121390005541 0.4923121387792165 0.218324017752562 0.6693634729071198 0.06792575413048244 0.33376407632929045 0.019937977397929744 0.028105438766266515 0.49231213919131467 0.19253393532551064 0.028105438553353658 0.2183240177278952 0.03726160591286463 0.09750376435604621 0.13359926408991252
53 0.25572914697881577 0.2215917778502187 0.05963914316207711 0.4923121389711223 0.07547431582422388 0.6055598531931605 0.605559852833816 0.2215917777456075 0.4923121390413191 0.11501630132804319 0.3111918746847082 0.022882870704728636 0.03680409408123631 0.6055598533495083 0.25572914746564873 0.036804093912643714 0.22159177732303026 0.030925076673247145 0.05963914280274345 0.09988763035603589
68 0.25572914697881577 0.2215917778502187 0.05963914316207711 0.4923121389711223 0.07547431582422388 0.6055598531931605 0.605559852833816 0.2215917777456075 0.4923121390413191 0.11501630132804319 0.3111918746847082 0.022882870704728636 0.03680409408123631 0.6055598533495083 0.25572914746564873 0.036804093912643714 0.22159177732303026 0.030925076673247145 0.05963914280274345 0.09988763035603589
13 0.4124974456551573 0.4694671072303818 0.37576280238705084 0.21832401796168233 0.3351505730731257 0.22159177776661512 0.22159177739528851 0.469467107401435 0.21832401798671183 0.29402531395377074 0.26039383851544523 0.24077108278384218 0.14368646006662 0.2215917776361642 0.4124974459088046 0.14368645994850365 0.4694671069671675 0.16322478896542528 0.3757628021328796 0.28455643576990886
55 0.47029037362676357 0.4124974458711559 0.2853672360751657 0.192533935181742 0.3640728011367781 0.2557291471734084 0.2557291468255136 0.4124974458194991 0.19253393526006776 0.34148932499147017 0.28915621525397966 0.2562934504487765 0.18669117152488748 0.25572914715718276 0.4702903755033154 0.1866911712894063 0.41249744515959236 0.22225132425383878 0.28536723565839706 0.31052746565292216
26 0.22225132434521314 0.16322478910549607 0.20181025226777857 0.03726160584864911 0.3440949050260087 0.030925076736103698 0.03092507649070081 0.1632247890297068 0.03726160585006758 0.333413774420848 0.2109599993215255 0.46460307755712615 0.5720807844312062 0.03092507669390828 0.22225132452477758 0.5720807843235522 0.16322478887438296 0.6567697899319646 0.20181025183572157 0.39793896137729723
6 0.38221099953069193 0.3025248828009613 0.33673894894264367 0.042674374825808756 0.545628977389901 0.08557823746161301 0.08557823734217572 0.30252488307923775 0.04267437469339961 0.4303942054656181 0.1249815122019024 0.443139204590951 0.35244027515769183 0.08557823750303949 0.38221100011240333 0.35244027505418346 0.302524882749562 0.4026272952961536 0.336738948562242 0.27454268004499455
21 0.1866911715131098 0.14368646030638663 0.17423672699000903 0.02810543876353026 0.27312495059004555 0.03680409398532186 0.036804093848299656 0.14368646030198395 0.02810543861523077 0.35582262689083044 0.1830458090377514 0.3736068225872715 0.7189492359578225 0.03680409403191613 0.18669117140392869 0.7189492358740481 0.14368645991694654 0.5720807843206885 0.17423672677006552 0.2581624481184995
29 0.19253393529600119 0.21832401788855915 0.09750376509745272 0.6693634730366883 0.0584441005651601 0.4923121390005541 0.4923121387792165 0.218324017752562 0.6693634729071198 0.06792575413048244 0.33376407632929045 0.019937977397929744 0.028105438766266515 0.49231213919131467 0.19253393532551064 0.028105438553353658 0.2183240177278952 0.03726160591286463 0.09750376435604621 0.13359926408991252
8 0.38221099953069193 0.3025248828009613 0.33673894894264367 0.042674374825808756 0.545628977389901 0.08557823746161301 0.08557823734217572 0.30252488307923775 0.04267437469339961 0.4303942054656181 0.1249815122019024 0.443139204590951 0.35244027515769183 0.08557823750303949 0.38221100011240333 0.35244027505418346 0.302524882749562 0.4026272952961536 0.336738948562242 0.27454268004499455
7 0.4124974456551573 0.4694671072303818 0.37576280238705084 0.21832401796168233 0.3351505730731257 0.22159177776661512 0.22159177739528851 0.469467107401435 0.21832401798671183 0.29402531395377074 0.26039383851544523 0.24077108278384218 0.14368646006662 0.2215917776361642 0.4124974459088046 0.14368645994850365 0.4694671069671675 0.16322478896542528 0.3757628021328796 0.28455643576990886
45 0.3628353142677765 0.4808889490061045 0.4365204994480807 0.2674898693540625 0.2823718529852998 0.1951850194549933 0.1951850191384401 0.4808889487705952 0.26748986960927806 0.2388050980422113 0.278142143455689 0.21508927449143345 0.1193682759280422 0.19518501941375824 0.3628353149645644 0.11936827581226576 0.4808889487258929 0.14724706319649064 0.43652049917206864 0.3063583118829374
51 0.47029037362676357 0.4124974458711559 0.2853672360751657 0.192533935181742 0.3640728011367781 0.2557291471734084 0.2557291468255136 0.4124974458194991 0.19253393526006776 0.34148932499147017 0.28915621525397966 0.2562934504487765 0.18669117152488748 0.25572914715718276 0.4702903755033154 0.1866911712894063 0.41249744515959236 0.22225132425383878 0.28536723565839706 0.31052746565292216
31 0.3105274655797565 0.28455643589924406 0.35372176530724886 0.13359926423262714 0.30833074506622893 0.09988763064363759 0.09988763003768497 0.28455643571886036 0.1335992640978736 0.38679953014993274 0.45485755588449983 0.4177189362477982 0.25816244824002155 0.09988763050781468 0.31052746614151516 0.2581624481125573 0.28455643562526056 0.397938961377271 0.3537217650250497 0.5750153272682326
66 0.24684313290604198 0.2797353838502494 0.584716727904479 0.00974803892789277 0.5293295770696728 0.008428526262981786 0.008428525978595192 0.27973538377869767 0.009748038769656209 0.32670125083303225 0.12092556065043332 0.5032896433128524 0.23317353621878528 0.00842852636830528 0.2468431342208239 0.2331735359974039 0.279735383617432 0.30207861393204194 0.5847167280303178 0.32269242417504906
61 0.2562934505711595 0.24077108338243958 0.3682743961845035 0.019937977485191712 0.44503806490029074 0.02288287096387941 0.022882870596221457 0.24077108247647097 0.019937977345985545 0.4419046556897354 0.20694622639800395 0.5616249787959162 0.37360682264876194 0.02288287080363682 0.25629345065553594 0.3736068226561775 0.2407710825108986 0.4646030775571386 0.3682743958955422 0.4177189362478256
19 0.3065999541284181 0.3666127190509504 0.5490488577460817 0.09395392384318356 0.4391244836326767 0.06613925125144544 0.06613925082409183 0.3666127191056781 0.0939539236263898 0.322643111130151 0.22319662198161966 0.3982998022537221 0.19005885865872033 0.06613925120699425 0.30659995429840053 0.19005885840939477 0.36661271869768625 0.24021549212418264 0.5490488573927856 0.3738121699468256
12 0.38221099953069193 0.3025248828009613 0.33673894894264367 0.042674374825808756 0.545628977389901 0.08557823746161301 0.08557823734217572 0.30252488307923775 0.04267437469339961 0.4303942054656181 0.1249815122019024 0.443139204590951 0.35244027515769183 0.08557823750303949 0.38221100011240333 0.35244027505418346 0.302524882749562 0.4026272952961536 0.336738948562242 0.27454268004499455
24 0.19253393529600119 0.21832401788855915 0.09750376509745272 0.6693634730366883 0.0584441005651601 0.4923121390005541 0.4923121387792165 0.218324017752562 0.6693634729071198 0.06792575413048244 0.33376407632929045 0.019937977397929744 0.028105438766266515 0.49231213919131467 0.19253393532551064 0.028105438553353658 0.2183240177278952 0.03726160591286463 0.09750376435604621 0.13359926408991252
57 0.3796385003178648 0.23413437694004 0.22502481004187103 0.05504017033445957 0.4673156525595185 0.09770281736502788 0.09770281703747559 0.23413437700068526 0.055040170260697976 0.4454242363159606 0.17544784695427512 0.3900134380700857 0.4723796872603103 0.09770281716847919 0.379638502611845 0.4723796869943639 0.2341343763341746 0.517187036394172 0.22502480969989244 0.3127666843782157
0 0.3640728012460601 0.335150573226329 0.4245833713228294 0.05844410064937797 0.5361709638798274 0.07547431594693706 0.07547431553285294 0.3351505732402332 0.05844410042013884 0.3820308343768889 0.1389686326924825 0.4450380649002666 0.2731249507483129 0.07547431591066077 0.36407280139371184 0.27312495058430697 0.33515057296205547 0.3440949050260037 0.4245833708543825 0.30833074506625824
30 0.24456787710266834 0.28338324416778754 0.5835505997121901 0.008444687736637278 0.516716131762723 0.009843929962479223 0.00984392954061217 0.28338324426573114 0.008444687584303251 0.35088764353950147 0.1380519148256788 0.5052560262978819 0.2344234530574269 0.009843929937058479 0.2445678779566323 0.23442345290426478 0.283383243538601 0.27918088610902186 0.5835505995989125 0.3247464096347974
40 0.4124974456551573 0.4694671072303818 0.37576280238705084 0.21832401796168233 0.3351505730731257 0.22159177776661512 0.22159177739528851 0.469467107401435 0.21832401798671183 0.29402531395377074 0.26039383851544523 0.24077108278384218 0.14368646006662 0.2215917776361642 0.4124974459088046 0.14368645994850365 0.4694671069671675 0.16322478896542528 0.3757628021328796 0.28455643576990886
5 0.3628353142677765 0.4808889490061045 0.4365204994480807 0.2674898693540625 0.2823718529852998 0.1951850194549933 0.1951850191384401 0.4808889487705952 0.26748986960927806 0.2388050980422113 0.278142143455689 0.21508927449143345 0.1193682759280422 0.19518501941375824 0.3628353149645644 0.11936827581226576 0.4808889487258929 0.14724706319649064 0.43652049917206864 0.3063583118829374
67 0.33347065400230563 0.2123103588468216 0.25847335849196473 0.1465156904885557 0.3451737075953952 0.09121617056600548 0.09121617050085165 0.21231035874765813 0.1465156904683105 0.2583965656627875 0.3995786030303765 0.38417060353390864 0.32783262576524913 0.09121617074486109 0.3334706552382051 0.3278326255315826 0.2123103581904867 0.6044337171324273 0.2584733581818799 0.6059290304055408
17 0.4124974456551573 0.4694671072303818 0.37576280238705084 0.21832401796168233 0.3351505730731257 0.22159177776661512 0.22159177739528851 0.469467107401435 0.21832401798671183 0.29402531395377074 0.26039383851544523 0.24077108278384218 0.14368646006662 0.2215917776361642 0.4124974459088046 0.14368645994850365 0.4694671069671675 0.16322478896542528 0.3757628021328796 0.28455643576990886
23 0.19253393529600119 0.21832401788855915 0.09750376509745272 0.6693634730366883 0.0584441005651601 0.4923121390005541 0.4923121387792165 0.218324017752562 0.6693634729071198 0.06792575413048244 0.33376407632929045 0.019937977397929744 0.028105438766266515 0.49231213919131467 0.19253393532551064 0.028105438553353658 0.2183240177278952 0.03726160591286463 0.09750376435604621 0.13359926408991252
59 0.25572914697881577 0.2215917778502187 0.05963914316207711 0.4923121389711223 0.07547431582422388 0.6055598531931605 0.605559852833816 0.2215917777456075 0.4923121390413191 0.11501630132804319 0.3111918746847082 0.022882870704728636 0.03680409408123631 0.6055598533495083 0.25572914746564873 0.036804093912643714 0.22159177732303026 0.030925076673247145 0.05963914280274345 0.09988763035603589
52 0.3796385003178648 0.23413437694004 0.22502481004187103 0.05504017033445957 0.4673156525595185 0.09770281736502788 0.09770281703747559 0.23413437700068526 0.055040170260697976 0.4454242363159606 0.17544784695427512 0.3900134380700857 0.4723796872603103 0.09770281716847919 0.379638502611845 0.4723796869943639 0.2341343763341746 0.517187036394172 0.22502480969989244 0.3127666843782157
35 0.47029037362676357 0.4124974458711559 0.2853672360751657 0.192533935181742 0.3640728011367781 0.2557291471734084 0.2557291468255136 0.4124974458194991 0.19253393526006776 0.34148932499147017 0.28915621525397966 0.2562934504487765 0.18669117152488748 0.25572914715718276 0.4702903755033154 0.1866911712894063 0.41249744515959236 0.22225132425383878 0.28536723565839706 0.31052746565292216
37 0.32920574314260453 0.15663700000839834 0.15460832820785889 0.06660133912508952 0.3264135719614507 0.10524859682590017 0.10524859662782649 0.15663700004331452 0.06660133897795925 0.43512383118912745 0.22233359013469145 0.2438772348472641 0.6358031969017311 0.10524859673277798 0.329205748514956 0.6358031968581324 0.1566369992544471 0.5734890543906104 0.15460832810795574 0.2779089419967867
14 0.38221099953069193 0.3025248828009613 0.33673894894264367 0.042674374825808756 0.545628977389901 0.08557823746161301 0.08557823734217572 0.30252488307923775 0.04267437469339961 0.4303942054656181 0.1249815122019024 0.443139204590951 0.35244027515769183 0.08557823750303949 0.38221100011240333 0.35244027505418346 0.302524882749562 0.4026272952961536 0.336738948562242 0.27454268004499455
62 0.2997803005245667 0.21099983467293498 0.16004374726871565 0.08790809167427162 0.24327987771721504 0.13550949417408006 0.1355094938816254 0.2109998345579583 0.08790809141122831 0.5682504589417264 0.5011958108852318 0.35503604355129564 0.4727901910721372 0.13550949413880217 0.2997803016012502 0.47279019090987473 0.21099983418756849 0.41599240200763576 0.16004374699976465 0.42998769815859555
46 0.1866911715131098 0.14368646030638663 0.17423672699000903 0.02810543876353026 0.27312495059004555 0.03680409398532186 0.036804093848299656 0.14368646030198395 0.02810543861523077 0.35582262689083044 0.1830458090377514 0.3736068225872715 0.7189492359578225 0.03680409403191613 0.18669117140392869 0.7189492358740481 0.14368645991694654 0.5720807843206885 0.17423672677006552 0.2581624481184995
15 0.4124974456551573 0.4694671072303818 0.37576280238705084 0.21832401796168233 0.3351505730731257 0.22159177776661512 0.22159177739528851 0.469467107401435 0.21832401798671183 0.29402531395377074 0.26039383851544523 0.24077108278384218 0.14368646006662 0.2215917776361642 0.4124974459088046 0.14368645994850365 0.4694671069671675 0.16322478896542528 0.3757628021328796 0.28455643576990886
48 0.19253393529600119 0.21832401788855915 0.09750376509745272 0.6693634730366883 0.0584441005651601 0.4923121390005541 0.4923121387792165 0.218324017752562 0.6693634729071198 0.06792575413048244 0.33376407632929045 0.019937977397929744 0.028105438766266515 0.49231213919131467 0.19253393532551064 0.028105438553353658 0.2183240177278952 0.03726160591286463 0.09750376435604621 0.13359926408991252
44 0.19253393529600119 0.21832401788855915 0.09750376509745272 0.6693634730366883 0.0584441005651601 0.4923121390005541 0.4923121387792165 0.218324017752562 0.6693634729071198 0.06792575413048244 0.33376407632929045 0.019937977397929744 0.028105438766266515 0.49231213919131467 0.19253393532551064 0.028105438553353658 0.2183240177278952 0.03726160591286463 0.09750376435604621 0.13359926408991252
25 0.2853672360683658 0.3757628022002959 0.5960695633647239 0.09750376461424037 0.4245833710411738 0.05963914302212459 0.05963914274450636 0.37576280263495204 0.09750376454174077 0.2895840400034805 0.21664811696089412 0.3682743962708983 0.17423672700472423 0.05963914303660838 0.2853672361196394 0.17423672686383265 0.3757628020250537 0.20181025212959738 0.5960695631168097 0.35372176521676896
32 0.3105274655797565 0.28455643589924406 0.35372176530724886 0.13359926423262714 0.30833074506622893 0.09988763064363759 0.09988763003768497 0.28455643571886036 0.1335992640978736 0.38679953014993274 0.45485755588449983 0.4177189362477982 0.25816244824002155 0.09988763050781468 0.31052746614151516 0.2581624481125573 0.28455643562526056 0.397938961377271 0.3537217650250497 0.5750153272682326
56 0.47029037362676357 0.4124974458711559 0.2853672360751657 0.192533935181742 0.3640728011367781 0.2557291471734084 0.2557291468255136 0.4124974458194991 0.19253393526006776 0.34148932499147017 0.28915621525397966 0.2562934504487765 0.18669117152488748 0.25572914715718276 0.4702903755033154 0.1866911712894063 0.41249744515959236 0.22225132425383878 0.28536723565839706 0.31052746565292216
69 0.25572914697881577 0.2215917778502187 0.05963914316207711 0.4923121389711223 0.07547431582422388 0.6055598531931605 0.605559852833816 0.2215917777456075 0.4923121390413191 0.11501630132804319 0.3111918746847082 0.022882870704728636 0.03680409408123631 0.6055598533495083 0.25572914746564873 0.036804093912643714 0.22159177732303026 0.030925076673247145 0.05963914280274345 0.09988763035603589
3 0.2853672360683658 0.3757628022002959 0.5960695633647239 0.09750376461424037 0.4245833710411738 0.05963914302212459 0.05963914274450636 0.37576280263495204 0.09750376454174077 0.2895840400034805 0.21664811696089412 0.3682743962708983 0.17423672700472423 0.05963914303660838 0.2853672361196394 0.17423672686383265 0.3757628020250537 0.20181025212959738 0.5960695631168097 0.35372176521676896
10 0.38221099953069193 0.3025248828009613 0.33673894894264367 0.042674374825808756 0.545628977389901 0.08557823746161301 0.08557823734217572 0.30252488307923775 0.04267437469339961 0.4303942054656181 0.1249815122019024 0.443139204590951 0.35244027515769183 0.08557823750303949 0.38221100011240333 0.35244027505418346 0.302524882749562 0.4026272952961536 0.336738948562242 0.27454268004499455
16 0.3640728012460601 0.335150573226329 0.4245833713228294 0.05844410064937797 0.5361709638798274 0.07547431594693706 0.07547431553285294 0.3351505732402332 0.05844410042013884 0.3820308343768889 0.1389686326924825 0.4450380649002666 0.2731249507483129 0.07547431591066077 0.36407280139371184 0.27312495058430697 0.33515057296205547 0.3440949050260037 0.4245833708543825 0.30833074506625824
42 0.25738451439443427 0.2646509155304978 0.5308045807522946 0.015932994312749773 0.5349657649939142 0.009213172019832502 0.009213172029213077 0.26465091514723976 0.015932994211482907 0.3144789240501257 0.11403889019469406 0.5250046105305208 0.2577029919221191 0.009213172009918606 0.25738451552742836 0.25770299196218766 0.2646509152578111 0.39621975247594715 0.5308045805602689 0.3596671361804292
1 0.4124974456551573 0.4694671072303818 0.37576280238705084 0.21832401796168233 0.3351505730731257 0.22159177776661512 0.22159177739528851 0.469467107401435 0.21832401798671183 0.29402531395377074 0.26039383851544523 0.24077108278384218 0.14368646006662 0.2215917776361642 0.4124974459088046 0.14368645994850365 0.4694671069671675 0.16322478896542528 0.3757628021328796 0.28455643576990886
9 0.4124974456551573 0.4694671072303818 0.37576280238705084 0.21832401796168233 0.3351505730731257 0.22159177776661512 0.22159177739528851 0.469467107401435 0.21832401798671183 0.29402531395377074 0.26039383851544523 0.24077108278384218 0.14368646006662 0.2215917776361642 0.4124974459088046 0.14368645994850365 0.4694671069671675 0.16322478896542528 0.3757628021328796 0.28455643576990886
18 0.36398884121852826 0.2870144640403624 0.30102839552390115 0.0735608099894592 0.43382299042228806 0.10126442891037582 0.10126442875093004 0.2870144630566908 0.07356080982935773 0.47720372333011246 0.27770021042534915 0.4450707407862446 0.3512874379871042 0.10126442900740945 0.36398884206206333 0.3512874378148784 0.28701446305713485 0.408784585023266 0.3010283950695474 0.3999705571736645
60 0.31585817713458464 0.3470914897320902 0.47319602115551 0.100647759038498 0.3959009983512591 0.0832468946969791 0.08324689407117027 0.3470914896162055 0.1006477590872842 0.39381479556778454 0.31063565374692786 0.42566616644937866 0.21594188552145432 0.08324689450793929 0.3158581772976462 0.2159418854350766 0.34709148920297367 0.2733146507235691 0.473196020639437 0.43887240948472955
