26 0.48678519964397005 0.2567325801096574 0.2567325797134462 0.0899724489716039 0.48210948036937584 0.5811021006177665 0.11128509821765246 0.2692341758220025 0.1870271237578254 0.08997244900145071 0.08997244917268574 0.1870271238337607 0.2567325794208917 0.44069222649981193 0.20658157184292933 0.1112850978837403 0.2567325798221352 0.2692341742206313 0.44069222604617975 0.48210948065865655
48 0.09878517685437681 0.1843957342761921 0.18439573488819982 0.44356134306973743 0.0648919916553149 0.23000968632277302 0.7395293782315148 0.03866988259733223 0.21943461890039934 0.443561342955259 0.44356134315142737 0.21943461896403088 0.18439573466116307 0.05044347200486022 0.06691514048227105 0.7395293776632943 0.184395734161755 0.038669882258833214 0.05044347146174901 0.06489199102619375
25 0.5656075181593372 0.31959626047312106 0.3195962601737298 0.06102899306401759 0.25850206471282117 0.3425753300753388 0.09878517705994157 0.3891289813347644 0.35171834888334674 0.06102899310170265 0.06102899323598409 0.35171834901578863 0.31959625991253715 0.34368068921743006 0.45093101022453813 0.09878517674245564 0.3195962600951268 0.3891289801068551 0.34368068894512876 0.2585020646499046
38 0.3959560627529917 0.3164557155178893 0.31645571588104515 0.13096391051585388 0.12728686599008948 0.1607962900607157 0.3496454369420497 0.2049984060154647 0.6258413716152944 0.13096391054665357 0.1309639104711278 0.6258413716345054 0.3164557162758711 0.07589370119979051 0.45660660361964445 0.3496454364639191 0.31645571538177 0.2049984062788276 0.07589370043824138 0.12728686546120693
41 0.3195962603771346 0.4247056058373846 0.4247056062631738 0.238857900478979 0.20750305526366958 0.29045345022420543 0.18439573475259888 0.30674902612328375 0.400888963162578 0.23885790052927217 0.23885790105223598 0.40088896325205925 0.42470560585515704 0.27970486353647234 0.31722900816368116 0.1843957343010505 0.4247056055260984 0.30674902596152487 0.2797048629862936 0.2075030548688553
54 0.34257533007532864 0.29045344996200384 0.29045345047830723 0.31961767903544785 0.2909941336934978 0.8111426998005574 0.23000968660867688 0.1762815891556889 0.23552583311958697 0.31961767917538403 0.3196176789165921 0.23552583318269896 0.2904534503922489 0.23357736656286376 0.15295217135226236 0.23000968620987078 0.2904534496021551 0.17628158900147384 0.2335773651788868 0.2909941332071932
5 0.3517183489498964 0.4008889629959854 0.4008889633645706 0.2063689299718221 0.15380236792032254 0.23552583309986508 0.21943461928128308 0.30172444644933133 0.5028890909434546 0.20636892995788092 0.20636893001477077 0.502889091190858 0.400888963556775 0.21165689693506506 0.3593447541817948 0.2194346187573006 0.400888962991466 0.3017244459894137 0.21165689591876863 0.1538023676331918
67 0.2585020647370597 0.20750305498950183 0.20750305469846353 0.07527838415990118 0.6603294780943543 0.29099413347136993 0.06489199151292269 0.3315436327829957 0.15380236785095747 0.07527838441728818 0.0752783846719467 0.15380236780367795 0.20750305490219034 0.4725929526066466 0.25482473540682926 0.06489199125098821 0.20750305464025587 0.3315436326665804 0.4725929517444456 0.6603294777451083
51 0.48678519964397005 0.2567325801096574 0.2567325797134462 0.0899724489716039 0.48210948036937584 0.5811021006177665 0.11128509821765246 0.2692341758220025 0.1870271237578254 0.08997244900145071 0.08997244917268574 0.1870271238337607 0.2567325794208917 0.44069222649981193 0.20658157184292933 0.1112850978837403 0.2567325798221352 0.2692341742206313 0.44069222604617975 0.48210948065865655
13 0.3517183489498964 0.4008889629959854 0.4008889633645706 0.2063689299718221 0.15380236792032254 0.23552583309986508 0.21943461928128308 0.30172444644933133 0.5028890909434546 0.20636892995788092 0.20636893001477077 0.502889091190858 0.400888963556775 0.21165689693506506 0.3593447541817948 0.2194346187573006 0.400888962991466 0.3017244459894137 0.21165689591876863 0.1538023676331918
28 0.34257533007532864 0.29045344996200384 0.29045345047830723 0.31961767903544785 0.2909941336934978 0.8111426998005574 0.23000968660867688 0.1762815891556889 0.23552583311958697 0.31961767917538403 0.3196176789165921 0.23552583318269896 0.2904534503922489 0.23357736656286376 0.15295217135226236 0.23000968620987078 0.2904534496021551 0.17628158900147384 0.2335773651788868 0.2909941332071932
58 0.3195962603771346 0.4247056058373846 0.4247056062631738 0.238857900478979 0.20750305526366958 0.29045345022420543 0.18439573475259888 0.30674902612328375 0.400888963162578 0.23885790052927217 0.23885790105223598 0.40088896325205925 0.42470560585515704 0.27970486353647234 0.31722900816368116 0.1843957343010505 0.4247056055260984 0.30674902596152487 0.2797048629862936 0.2075030548688553
61 0.3195962603771346 0.4247056058373846 0.4247056062631738 0.238857900478979 0.20750305526366958 0.29045345022420543 0.18439573475259888 0.30674902612328375 0.400888963162578 0.23885790052927217 0.23885790105223598 0.40088896325205925 0.42470560585515704 0.27970486353647234 0.31722900816368116 0.1843957343010505 0.4247056055260984 0.30674902596152487 0.2797048629862936 0.2075030548688553
4 0.3891289805630732 0.3067490259581567 0.3067490258994244 0.06184786180491364 0.3315436328672017 0.17628158878890027 0.03866988240903162 0.4840323743426843 0.30172444600903714 0.061847861700591554 0.06184786164778672 0.3017244461624101 0.30674902614379246 0.41642655577528137 0.45754006436747474 0.0386698822592959 0.3067490257637982 0.4840323740715616 0.41642655526038047 0.33154363252422564
16 0.3891289805630732 0.3067490259581567 0.3067490258994244 0.06184786180491364 0.3315436328672017 0.17628158878890027 0.03866988240903162 0.4840323743426843 0.30172444600903714 0.061847861700591554 0.06184786164778672 0.3017244461624101 0.30674902614379246 0.41642655577528137 0.45754006436747474 0.0386698822592959 0.3067490257637982 0.4840323740715616 0.41642655526038047 0.33154363252422564
17 0.3517183489498964 0.4008889629959854 0.4008889633645706 0.2063689299718221 0.15380236792032254 0.23552583309986508 0.21943461928128308 0.30172444644933133 0.5028890909434546 0.20636892995788092 0.20636893001477077 0.502889091190858 0.400888963556775 0.21165689693506506 0.3593447541817948 0.2194346187573006 0.400888962991466 0.3017244459894137 0.21165689591876863 0.1538023676331918
6 0.3891289805630732 0.3067490259581567 0.3067490258994244 0.06184786180491364 0.3315436328672017 0.17628158878890027 0.03866988240903162 0.4840323743426843 0.30172444600903714 0.061847861700591554 0.06184786164778672 0.3017244461624101 0.30674902614379246 0.41642655577528137 0.45754006436747474 0.0386698822592959 0.3067490257637982 0.4840323740715616 0.41642655526038047 0.33154363252422564
53 0.34257533007532864 0.29045344996200384 0.29045345047830723 0.31961767903544785 0.2909941336934978 0.8111426998005574 0.23000968660867688 0.1762815891556889 0.23552583311958697 0.31961767917538403 0.3196176789165921 0.23552583318269896 0.2904534503922489 0.23357736656286376 0.15295217135226236 0.23000968620987078 0.2904534496021551 0.17628158900147384 0.2335773651788868 0.2909941332071932
57 0.34368068883633895 0.2797048631746854 0.27970486320220433 0.07203048656243612 0.47259295229849824 0.23357736572754706 0.05044347191946741 0.41642655559846503 0.2116568966306504 0.07203048638063884 0.07203048629703222 0.21165689680276248 0.27970486311586834 0.4908919899549018 0.3587118234621879 0.05044347161786236 0.2797048629456978 0.4164265552308749 0.4908919889820064 0.47259295207855645
52 0.48678519964397005 0.2567325801096574 0.2567325797134462 0.0899724489716039 0.48210948036937584 0.5811021006177665 0.11128509821765246 0.2692341758220025 0.1870271237578254 0.08997244900145071 0.08997244917268574 0.1870271238337607 0.2567325794208917 0.44069222649981193 0.20658157184292933 0.1112850978837403 0.2567325798221352 0.2692341742206313 0.44069222604617975 0.48210948065865655
23 0.0979726644099951 0.2067218510286108 0.206721851498122 0.5207705966418433 0.06160982871506697 0.2684523314890506 0.6390806386031745 0.04636311904114733 0.21675633069087827 0.5207705966867516 0.520770596718208 0.21675633080144377 0.20672185160076142 0.061017097293152404 0.05502612951098327 0.6390806381464793 0.2067218508903121 0.04636311887477032 0.06101709696859031 0.061609828121762036
3 0.3517183489498964 0.4008889629959854 0.4008889633645706 0.2063689299718221 0.15380236792032254 0.23552583309986508 0.21943461928128308 0.30172444644933133 0.5028890909434546 0.20636892995788092 0.20636893001477077 0.502889091190858 0.400888963556775 0.21165689693506506 0.3593447541817948 0.2194346187573006 0.400888962991466 0.3017244459894137 0.21165689591876863 0.1538023676331918
22 0.40751234560307287 0.40341179692342405 0.40341179708556824 0.20820166697683673 0.16663444336669214 0.27052391879425197 0.30116735091826585 0.21485498341432574 0.44227690357381955 0.20820166711699703 0.20820166718053823 0.44227690368509875 0.40341179736372 0.24036044459525877 0.3784381724225978 0.3011673504465848 0.4034117968278641 0.21485498285686666 0.24036044355016858 0.16663444297457253
49 0.09878517685437681 0.1843957342761921 0.18439573488819982 0.44356134306973743 0.0648919916553149 0.23000968632277302 0.7395293782315148 0.03866988259733223 0.21943461890039934 0.443561342955259 0.44356134315142737 0.21943461896403088 0.18439573466116307 0.05044347200486022 0.06691514048227105 0.7395293776632943 0.184395734161755 0.038669882258833214 0.05044347146174901 0.06489199102619375
33 0.420258243899236 0.3537135506877706 0.353713551160926 0.15986215644932011 0.13233887116283663 0.2026684152636747 0.3468266775997087 0.19757237110603143 0.5587596120546954 0.15986215627671405 0.15986215638128767 0.5587596122891852 0.3537135513250724 0.14069205972468413 0.4327779089747022 0.3468266771772482 0.35371355059517806 0.19757237088553406 0.14069205824468675 0.1323388706826923
1 0.3517183489498964 0.4008889629959854 0.4008889633645706 0.2063689299718221 0.15380236792032254 0.23552583309986508 0.21943461928128308 0.30172444644933133 0.5028890909434546 0.20636892995788092 0.20636893001477077 0.502889091190858 0.400888963556775 0.21165689693506506 0.3593447541817948 0.2194346187573006 0.400888962991466 0.3017244459894137 0.21165689591876863 0.1538023676331918
62 0.2585020647370597 0.20750305498950183 0.20750305469846353 0.07527838415990118 0.6603294780943543 0.29099413347136993 0.06489199151292269 0.3315436327829957 0.15380236785095747 0.07527838441728818 0.0752783846719467 0.15380236780367795 0.20750305490219034 0.4725929526066466 0.25482473540682926 0.06489199125098821 0.20750305464025587 0.3315436326665804 0.4725929517444456 0.6603294777451083
60 0.3195962603771346 0.4247056058373846 0.4247056062631738 0.238857900478979 0.20750305526366958 0.29045345022420543 0.18439573475259888 0.30674902612328375 0.400888963162578 0.23885790052927217 0.23885790105223598 0.40088896325205925 0.42470560585515704 0.27970486353647234 0.31722900816368116 0.1843957343010505 0.4247056055260984 0.30674902596152487 0.2797048629862936 0.2075030548688553
30 0.3195962603771346 0.4247056058373846 0.4247056062631738 0.238857900478979 0.20750305526366958 0.29045345022420543 0.18439573475259888 0.30674902612328375 0.400888963162578 0.23885790052927217 0.23885790105223598 0.40088896325205925 0.42470560585515704 0.27970486353647234 0.31722900816368116 0.1843957343010505 0.4247056055260984 0.30674902596152487 0.2797048629862936 0.2075030548688553
66 0.3195962603771346 0.4247056058373846 0.4247056062631738 0.238857900478979 0.20750305526366958 0.29045345022420543 0.18439573475259888 0.30674902612328375 0.400888963162578 0.23885790052927217 0.23885790105223598 0.40088896325205925 0.42470560585515704 0.27970486353647234 0.31722900816368116 0.1843957343010505 0.4247056055260984 0.30674902596152487 0.2797048629862936 0.2075030548688553
14 0.3891289805630732 0.3067490259581567 0.3067490258994244 0.06184786180491364 0.3315436328672017 0.17628158878890027 0.03866988240903162 0.4840323743426843 0.30172444600903714 0.061847861700591554 0.06184786164778672 0.3017244461624101 0.30674902614379246 0.41642655577528137 0.45754006436747474 0.0386698822592959 0.3067490257637982 0.4840323740715616 0.41642655526038047 0.33154363252422564
47 0.09878517685437681 0.1843957342761921 0.18439573488819982 0.44356134306973743 0.0648919916553149 0.23000968632277302 0.7395293782315148 0.03866988259733223 0.21943461890039934 0.443561342955259 0.44356134315142737 0.21943461896403088 0.18439573466116307 0.05044347200486022 0.06691514048227105 0.7395293776632943 0.184395734161755 0.038669882258833214 0.05044347146174901 0.06489199102619375
2 0.450931010224524 0.3172290080876753 0.31722900817977984 0.049941100244463466 0.2548247356097609 0.15295217135226105 0.06691514061393558 0.4575400645472275 0.3593447541805358 0.04994110052563267 0.04994110035723048 0.35934475432320423 0.31722900795776066 0.3587118239245785 0.5386367127588668 0.06691514036975335 0.3172290077942543 0.4575400644364361 0.35871182306729243 0.2548247353376024
15 0.3517183489498964 0.4008889629959854 0.4008889633645706 0.2063689299718221 0.15380236792032254 0.23552583309986508 0.21943461928128308 0.30172444644933133 0.5028890909434546 0.20636892995788092 0.20636893001477077 0.502889091190858 0.400888963556775 0.21165689693506506 0.3593447541817948 0.2194346187573006 0.400888962991466 0.3017244459894137 0.21165689591876863 0.1538023676331918
65 0.3195962603771346 0.4247056058373846 0.4247056062631738 0.238857900478979 0.20750305526366958 0.29045345022420543 0.18439573475259888 0.30674902612328375 0.400888963162578 0.23885790052927217 0.23885790105223598 0.40088896325205925 0.42470560585515704 0.27970486353647234 0.31722900816368116 0.1843957343010505 0.4247056055260984 0.30674902596152487 0.2797048629862936 0.2075030548688553
18 0.3891289805630732 0.3067490259581567 0.3067490258994244 0.06184786180491364 0.3315436328672017 0.17628158878890027 0.03866988240903162 0.4840323743426843 0.30172444600903714 0.061847861700591554 0.06184786164778672 0.3017244461624101 0.30674902614379246 0.41642655577528137 0.45754006436747474 0.0386698822592959 0.3067490257637982 0.4840323740715616 0.41642655526038047 0.33154363252422564
59 0.061028993147568183 0.23885790029525064 0.23885790107205787 0.6205865859217509 0.07527838475314069 0.31961767904425537 0.44356134351227483 0.06184786197959031 0.20636892995440959 0.6205865859194658 0.6205865858915818 0.20636893001099735 0.23885790078802469 0.07203048651336155 0.04994110057225918 0.44356134290225796 0.23885790028615028 0.0618478618396503 0.07203048630081 0.07527838402231259
34 0.061028993147568183 0.23885790029525064 0.23885790107205787 0.6205865859217509 0.07527838475314069 0.31961767904425537 0.44356134351227483 0.06184786197959031 0.20636892995440959 0.6205865859194658 0.6205865858915818 0.20636893001099735 0.23885790078802469 0.07203048651336155 0.04994110057225918 0.44356134290225796 0.23885790028615028 0.0618478618396503 0.07203048630081 0.07527838402231259
39 0.09878517685437681 0.1843957342761921 0.18439573488819982 0.44356134306973743 0.0648919916553149 0.23000968632277302 0.7395293782315148 0.03866988259733223 0.21943461890039934 0.443561342955259 0.44356134315142737 0.21943461896403088 0.18439573466116307 0.05044347200486022 0.06691514048227105 0.7395293776632943 0.184395734161755 0.038669882258833214 0.05044347146174901 0.06489199102619375
55 0.3195962603771346 0.4247056058373846 0.4247056062631738 0.238857900478979 0.20750305526366958 0.29045345022420543 0.18439573475259888 0.30674902612328375 0.400888963162578 0.23885790052927217 0.23885790105223598 0.40088896325205925 0.42470560585515704 0.27970486353647234 0.31722900816368116 0.1843957343010505 0.4247056055260984 0.30674902596152487 0.2797048629862936 0.2075030548688553
64 0.061028993147568183 0.23885790029525064 0.23885790107205787 0.6205865859217509 0.07527838475314069 0.31961767904425537 0.44356134351227483 0.06184786197959031 0.20636892995440959 0.6205865859194658 0.6205865858915818 0.20636893001099735 0.23885790078802469 0.07203048651336155 0.04994110057225918 0.44356134290225796 0.23885790028615028 0.0618478618396503 0.07203048630081 0.07527838402231259
21 0.4092142416319597 0.150591128832562 0.1505911284451398 0.003983336613235942 0.5449441704465453 0.17069320650755265 0.026511485121390864 0.40228636136397605 0.18788639062213974 0.003983336550783588 0.0039833366017542615 0.18788639075002297 0.1505911283250336 0.5412477727588346 0.3605360671009777 0.02651148497234912 0.1505911284522834 0.4022863606117227 0.5412477722000362 0.5449441705693365
19 0.3517183489498964 0.4008889629959854 0.4008889633645706 0.2063689299718221 0.15380236792032254 0.23552583309986508 0.21943461928128308 0.30172444644933133 0.5028890909434546 0.20636892995788092 0.20636893001477077 0.502889091190858 0.400888963556775 0.21165689693506506 0.3593447541817948 0.2194346187573006 0.400888962991466 0.3017244459894137 0.21165689591876863 0.1538023676331918
35 0.420258243899236 0.3537135506877706 0.353713551160926 0.15986215644932011 0.13233887116283663 0.2026684152636747 0.3468266775997087 0.19757237110603143 0.5587596120546954 0.15986215627671405 0.15986215638128767 0.5587596122891852 0.3537135513250724 0.14069205972468413 0.4327779089747022 0.3468266771772482 0.35371355059517806 0.19757237088553406 0.14069205824468675 0.1323388706826923
12 0.450931010224524 0.3172290080876753 0.31722900817977984 0.049941100244463466 0.2548247356097609 0.15295217135226105 0.06691514061393558 0.4575400645472275 0.3593447541805358 0.04994110052563267 0.04994110035723048 0.35934475432320423 0.31722900795776066 0.3587118239245785 0.5386367127588668 0.06691514036975335 0.3172290077942543 0.4575400644364361 0.35871182306729243 0.2548247353376024
40 0.3195962603771346 0.4247056058373846 0.4247056062631738 0.238857900478979 0.20750305526366958 0.29045345022420543 0.18439573475259888 0.30674902612328375 0.400888963162578 0.23885790052927217 0.23885790105223598 0.40088896325205925 0.42470560585515704 0.27970486353647234 0.31722900816368116 0.1843957343010505 0.4247056055260984 0.30674902596152487 0.2797048629862936 0.2075030548688553
11 0.3517183489498964 0.4008889629959854 0.4008889633645706 0.2063689299718221 0.15380236792032254 0.23552583309986508 0.21943461928128308 0.30172444644933133 0.5028890909434546 0.20636892995788092 0.20636893001477077 0.502889091190858 0.400888963556775 0.21165689693506506 0.3593447541817948 0.2194346187573006 0.400888962991466 0.3017244459894137 0.21165689591876863 0.1538023676331918
37 0.09878517685437681 0.1843957342761921 0.18439573488819982 0.44356134306973743 0.0648919916553149 0.23000968632277302 0.7395293782315148 0.03866988259733223 0.21943461890039934 0.443561342955259 0.44356134315142737 0.21943461896403088 0.18439573466116307 0.05044347200486022 0.06691514048227105 0.7395293776632943 0.184395734161755 0.038669882258833214 0.05044347146174901 0.06489199102619375
9 0.3517183489498964 0.4008889629959854 0.4008889633645706 0.2063689299718221 0.15380236792032254 0.23552583309986508 0.21943461928128308 0.30172444644933133 0.5028890909434546 0.20636892995788092 0.20636893001477077 0.502889091190858 0.400888963556775 0.21165689693506506 0.3593447541817948 0.2194346187573006 0.400888962991466 0.3017244459894137 0.21165689591876863 0.1538023676331918
43 0.061028993147568183 0.23885790029525064 0.23885790107205787 0.6205865859217509 0.07527838475314069 0.31961767904425537 0.44356134351227483 0.06184786197959031 0.20636892995440959 0.6205865859194658 0.6205865858915818 0.20636893001099735 0.23885790078802469 0.07203048651336155 0.04994110057225918 0.44356134290225796 0.23885790028615028 0.0618478618396503 0.07203048630081 0.07527838402231259
32 0.34368068883633895 0.2797048631746854 0.27970486320220433 0.07203048656243612 0.47259295229849824 0.23357736572754706 0.05044347191946741 0.41642655559846503 0.2116568966306504 0.07203048638063884 0.07203048629703222 0.21165689680276248 0.27970486311586834 0.4908919899549018 0.3587118234621879 0.05044347161786236 0.2797048629456978 0.4164265552308749 0.4908919889820064 0.47259295207855645
0 0.3891289805630732 0.3067490259581567 0.3067490258994244 0.06184786180491364 0.3315436328672017 0.17628158878890027 0.03866988240903162 0.4840323743426843 0.30172444600903714 0.061847861700591554 0.06184786164778672 0.3017244461624101 0.30674902614379246 0.41642655577528137 0.45754006436747474 0.0386698822592959 0.3067490257637982 0.4840323740715616 0.41642655526038047 0.33154363252422564
20 0.3897752773216945 0.3769921026201321 0.37699210315077125 0.1804454628699604 0.13505746922555745 0.2114792449816429 0.2826640320805984 0.2543941657806711 0.5454628809773293 0.1804454631099873 0.18044546303557224 0.5454628811329204 0.3769921032129966 0.16904602204364327 0.3990123888308534 0.28266403163305204 0.3769921024255135 0.2543941657438023 0.1690460214045381 0.1350574686961575
29 0.34257533007532864 0.29045344996200384 0.29045345047830723 0.31961767903544785 0.2909941336934978 0.8111426998005574 0.23000968660867688 0.1762815891556889 0.23552583311958697 0.31961767917538403 0.3196176789165921 0.23552583318269896 0.2904534503922489 0.23357736656286376 0.15295217135226236 0.23000968620987078 0.2904534496021551 0.17628158900147384 0.2335773651788868 0.2909941332071932
68 0.061028993147568183 0.23885790029525064 0.23885790107205787 0.6205865859217509 0.07527838475314069 0.31961767904425537 0.44356134351227483 0.06184786197959031 0.20636892995440959 0.6205865859194658 0.6205865858915818 0.20636893001099735 0.23885790078802469 0.07203048651336155 0.04994110057225918 0.44356134290225796 0.23885790028615028 0.0618478618396503 0.07203048630081 0.07527838402231259
7 0.3517183489498964 0.4008889629959854 0.4008889633645706 0.2063689299718221 0.15380236792032254 0.23552583309986508 0.21943461928128308 0.30172444644933133 0.5028890909434546 0.20636892995788092 0.20636893001477077 0.502889091190858 0.400888963556775 0.21165689693506506 0.3593447541817948 0.2194346187573006 0.400888962991466 0.3017244459894137 0.21165689591876863 0.1538023676331918
63 0.061028993147568183 0.23885790029525064 0.23885790107205787 0.6205865859217509 0.07527838475314069 0.31961767904425537 0.44356134351227483 0.06184786197959031 0.20636892995440959 0.6205865859194658 0.6205865858915818 0.20636893001099735 0.23885790078802469 0.07203048651336155 0.04994110057225918 0.44356134290225796 0.23885790028615028 0.0618478618396503 0.07203048630081 0.07527838402231259
44 0.061028993147568183 0.23885790029525064 0.23885790107205787 0.6205865859217509 0.07527838475314069 0.31961767904425537 0.44356134351227483 0.06184786197959031 0.20636892995440959 0.6205865859194658 0.6205865858915818 0.20636893001099735 0.23885790078802469 0.07203048651336155 0.04994110057225918 0.44356134290225796 0.23885790028615028 0.0618478618396503 0.07203048630081 0.07527838402231259
24 0.0979726644099951 0.2067218510286108 0.206721851498122 0.5207705966418433 0.06160982871506697 0.2684523314890506 0.6390806386031745 0.04636311904114733 0.21675633069087827 0.5207705966867516 0.520770596718208 0.21675633080144377 0.20672185160076142 0.061017097293152404 0.05502612951098327 0.6390806381464793 0.2067218508903121 0.04636311887477032 0.06101709696859031 0.061609828121762036
56 0.3195962603771346 0.4247056058373846 0.4247056062631738 0.238857900478979 0.20750305526366958 0.29045345022420543 0.18439573475259888 0.30674902612328375 0.400888963162578 0.23885790052927217 0.23885790105223598 0.40088896325205925 0.42470560585515704 0.27970486353647234 0.31722900816368116 0.1843957343010505 0.4247056055260984 0.30674902596152487 0.2797048629862936 0.2075030548688553
69 0.061028993147568183 0.23885790029525064 0.23885790107205787 0.6205865859217509 0.07527838475314069 0.31961767904425537 0.44356134351227483 0.06184786197959031 0.20636892995440959 0.6205865859194658 0.6205865858915818 0.20636893001099735 0.23885790078802469 0.07203048651336155 0.04994110057225918 0.44356134290225796 0.23885790028615028 0.0618478618396503 0.07203048630081 0.07527838402231259
36 0.4798453709745689 0.1049182270911348 0.10491822677579365 -0.028079821234539067 0.4722955179632261 0.09739855279360207 0.0021058238432452485 0.4365324935845982 0.19896561445753794 -0.028079821398349226 -0.028079821384531932 0.19896561452871808 0.10491822659599669 0.5439031303944218 0.4486288364347024 0.0021058237801078314 0.1049182269983633 0.4365324932977762 0.5439031298110198 0.4722955182944195
31 0.3195962603771346 0.4247056058373846 0.4247056062631738 0.238857900478979 0.20750305526366958 0.29045345022420543 0.18439573475259888 0.30674902612328375 0.400888963162578 0.23885790052927217 0.23885790105223598 0.40088896325205925 0.42470560585515704 0.27970486353647234 0.31722900816368116 0.1843957343010505 0.4247056055260984 0.30674902596152487 0.2797048629862936 0.2075030548688553
46 0.44358990330720993 0.0689360089582669 0.06893600828773401 -0.02263355919964554 0.5775790006919396 0.13893337033452213 0.008827174799483684 0.38023985324875986 0.18479772390967775 -0.022633559089000353 -0.02263355891040571 0.1847977239300705 0.06893600834912468 0.5456500977690448 0.3401419639082584 0.008827174734174938 0.06893600851769612 0.3802398521973921 0.5456500977698184 0.5775790010172673
8 0.3891289805630732 0.3067490259581567 0.3067490258994244 0.06184786180491364 0.3315436328672017 0.17628158878890027 0.03866988240903162 0.4840323743426843 0.30172444600903714 0.061847861700591554 0.06184786164778672 0.3017244461624101 0.30674902614379246 0.41642655577528137 0.45754006436747474 0.0386698822592959 0.3067490257637982 0.4840323740715616 0.41642655526038047 0.33154363252422564
10 0.3891289805630732 0.3067490259581567 0.3067490258994244 0.06184786180491364 0.3315436328672017 0.17628158878890027 0.03866988240903162 0.4840323743426843 0.30172444600903714 0.061847861700591554 0.06184786164778672 0.3017244461624101 0.30674902614379246 0.41642655577528137 0.45754006436747474 0.0386698822592959 0.3067490257637982 0.4840323740715616 0.41642655526038047 0.33154363252422564
45 0.420258243899236 0.3537135506877706 0.353713551160926 0.15986215644932011 0.13233887116283663 0.2026684152636747 0.3468266775997087 0.19757237110603143 0.5587596120546954 0.15986215627671405 0.15986215638128767 0.5587596122891852 0.3537135513250724 0.14069205972468413 0.4327779089747022 0.3468266771772482 0.35371355059517806 0.19757237088553406 0.14069205824468675 0.1323388706826923
27 0.48678519964397005 0.2567325801096574 0.2567325797134462 0.0899724489716039 0.48210948036937584 0.5811021006177665 0.11128509821765246 0.2692341758220025 0.1870271237578254 0.08997244900145071 0.08997244917268574 0.1870271238337607 0.2567325794208917 0.44069222649981193 0.20658157184292933 0.1112850978837403 0.2567325798221352 0.2692341742206313 0.44069222604617975 0.48210948065865655
50 0.5656075181593372 0.31959626047312106 0.3195962601737298 0.06102899306401759 0.25850206471282117 0.3425753300753388 0.09878517705994157 0.3891289813347644 0.35171834888334674 0.06102899310170265 0.06102899323598409 0.35171834901578863 0.31959625991253715 0.34368068921743006 0.45093101022453813 0.09878517674245564 0.3195962600951268 0.3891289801068551 0.34368068894512876 0.2585020646499046
42 0.2585020647370597 0.20750305498950183 0.20750305469846353 0.07527838415990118 0.6603294780943543 0.29099413347136993 0.06489199151292269 0.3315436327829957 0.15380236785095747 0.07527838441728818 0.0752783846719467 0.15380236780367795 0.20750305490219034 0.4725929526066466 0.25482473540682926 0.06489199125098821 0.20750305464025587 0.3315436326665804 0.4725929517444456 0.6603294777451083
