62 0.23009319971991907 0.4769560050358999 0.45324291175717074 -0.0006333334527459744 0.21161813999022977 0.3061755853921607 0.17537082024369963 0.11202907425037478 0.4560007287721262 0.5384261441111731 0.014696572220977814 0.17537082064257 0.3613698069766887 0.30638769566250884 0.312016430246295 -0.0006333334289713176 0.40726352698412727 0.45611100157519596 0.12373677477504284 0.3016038282306546
24 0.21924723264221258 0.02117922129540965 0.05185965550595201 0.6426638760705987 0.15857447270753874 0.0910196393616918 0.23729939967695818 0.2989485265885361 0.038253698354578904 0.03616760664260163 0.8830816029181319 0.23729939917812634 0.059711598767393466 0.11710798089988428 0.12561886622031254 0.642663876321599 0.04818642256697201 0.029825614411715707 0.252575278128838 0.0683088623978443
17 0.4017309287039692 0.2019871613649386 0.32015348373568736 0.26696871419983315 0.4609160289434789 0.2732813051456071 0.418469172546193 0.34560258986775755 0.3148925663448261 0.14877251281194973 0.17404715432156648 0.41846917245412296 0.29960847961666864 0.29379099003244813 0.2720394773584239 0.26696871394329447 0.31927864397469136 0.22293357882816708 0.4005880285402283 0.28669571842972946
37 0.17237802965899443 0.4975142929872127 0.44110151586109414 0.002444754659096341 0.2104109345324794 0.3363929056572656 0.19301354012385033 0.14859706112403281 0.43063009532327406 0.5323785724147855 0.021817839798837592 0.19301354042687194 0.33685183322120277 0.3413953748667249 0.3212443274475975 0.002444754829894611 0.39064497479999394 0.44605063937503564 0.1598474621423831 0.307378194734313
3 0.4017309287039692 0.2019871613649386 0.32015348373568736 0.26696871419983315 0.4609160289434789 0.2732813051456071 0.418469172546193 0.34560258986775755 0.3148925663448261 0.14877251281194973 0.17404715432156648 0.41846917245412296 0.29960847961666864 0.29379099003244813 0.2720394773584239 0.26696871394329447 0.31927864397469136 0.22293357882816708 0.4005880285402283 0.28669571842972946
6 0.20932260146273532 0.49171604462211715 0.44427249061286656 -0.004817772778508551 0.18554118090180782 0.3712746414290014 0.20554442213341623 0.181558319575459 0.43059103665400345 0.42304409163577034 -0.004799990426778248 0.20554442246190022 0.3770902592549759 0.2994366165880319 0.25360754955887566 -0.0048177729097312666 0.4514362711267598 0.4103719630669157 0.18465222942298432 0.40046679683547254
61 0.35143694857864644 0.24761913381181494 0.2843520026364187 0.29696254933567795 0.46059848096747147 0.31520021478705934 0.4217623110818375 0.32882271956858106 0.24150920642901041 0.1632650766600997 0.282179945320396 0.42176231107807455 0.27409528448202275 0.35544261206577027 0.3379504866916565 0.2969625491209996 0.254042352649173 0.20863032815910676 0.36092339651879723 0.252859866724592
0 0.22946761067723032 0.49353571493156223 0.42917709579946206 -0.007233992507772109 0.1678046154951558 0.412376259020613 0.2152691339018518 0.21777829797352172 0.4022263689401435 0.35256971806181125 -0.012512237318965953 0.2152691342840725 0.3953569336711058 0.2838446666042506 0.2231838354208192 -0.0072339924518671495 0.4668844049216538 0.376234257467454 0.20454799456711406 0.4547975741606488
52 0.5089262428039076 0.21819465373748428 0.27222586383035047 0.23412943745123382 0.34462970982297086 0.3209543352480093 0.41500382675807435 0.4431652389668983 0.23915142003559783 0.11351537982216843 0.21924723264226514 0.415003826880456 0.32280095712966395 0.24859744740026715 0.20213734268603462 0.2341294371273995 0.3040439856006468 0.17555367595814148 0.4345220601453109 0.33155927910444316
25 0.40910357934928243 0.253173761127076 0.23966509967343422 0.2561393609159815 0.32771973623256123 0.3564839395434359 0.4304295258772187 0.46814858403898907 0.17683839493550266 0.12022226217685496 0.30910206126811757 0.4304295259746039 0.28468751205193155 0.294771202374301 0.24603931491326886 0.2561393608328426 0.26102268451249533 0.1594701383344905 0.43548428392048216 0.3205434761077917
33 0.2485974473985967 0.4016330769484172 0.32879171757080505 0.12550377537524757 0.3245292367344507 0.31900163435406564 0.29121721090717356 0.23434175561621365 0.32000992041048626 0.3300295266623131 0.11710798089911961 0.2912172110437034 0.3171465865507069 0.5011116783118172 0.5281554571579055 0.12550377513868335 0.3071801145867924 0.3168352000134153 0.26322312589688535 0.29318557464795303
35 0.4150038268899401 0.22935474914239792 0.28112821487563505 0.25806554342508026 0.38596784873007683 0.31613037934752924 0.430895496793693 0.41575796240388574 0.24499882733490938 0.1264723344268735 0.23729939942249534 0.430895496803386 0.2964001123052573 0.2912172109892035 0.2476212044467741 0.2580655429971454 0.29678575817668806 0.18786965553864376 0.42844449190359657 0.3107803920987933
22 0.21924723264221258 0.02117922129540965 0.05185965550595201 0.6426638760705987 0.15857447270753874 0.0910196393616918 0.23729939967695818 0.2989485265885361 0.038253698354578904 0.03616760664260163 0.8830816029181319 0.23729939917812634 0.059711598767393466 0.11710798089988428 0.12561886622031254 0.642663876321599 0.04818642256697201 0.029825614411715707 0.252575278128838 0.0683088623978443
31 0.2181946537373194 0.540030084972744 0.38318768508974355 0.006258000545041575 0.1818059515878016 0.422967486255228 0.22935474892117072 0.23336210739629126 0.33284473031191747 0.35221555275184807 0.02117922129534316 0.22935474933398445 0.37013787578976853 0.401633076945844 0.3420994764301709 0.00625800042336455 0.39148376103974086 0.35219542020945055 0.22928090059893744 0.4021485077171406
51 0.17555367595814667 0.35219542020957123 0.37464516915109836 0.035068290538189745 0.26400558244439787 0.26422053284349867 0.1878696552986348 0.13889241790016527 0.4246267026554451 0.5061485310770827 0.02982561441173473 0.18786965568942185 0.3148820743859388 0.31683520001179866 0.3454737726365174 0.035068290446723854 0.33293544763000854 0.7110013948211061 0.1674571629227984 0.26878641150701327
69 0.2341294372889724 0.0062580005134348655 0.06598756255232156 0.7545511912385894 0.2935045669851462 0.06290115919220732 0.2580655433420425 0.2239868106586685 0.0708436477282471 0.024092945039805528 0.6426638761012101 0.25806554303015194 0.07147137919553216 0.12550377540737936 0.15110142899079732 0.7545511913366046 0.060054411975450174 0.035068290521938286 0.24098688007049646 0.05839105877725442
21 0.12617870799194342 0.6674661290868902 0.4108106897712844 -0.04312816373029225 0.06169123872830524 0.4651064697215427 0.14821727205590957 0.19165252359509077 0.2940036799291474 0.466339697879978 -0.043652373935904064 0.1482172724548233 0.3545590695964438 0.32828439796093223 0.26037946242513976 -0.04312816384071224 0.38425989906147384 0.3974108987104455 0.1151410219265055 0.373282674131572
49 0.4431652389674769 0.23336210739657393 0.21583779579691897 0.22398681085794309 0.2541052526799522 0.3667197059291679 0.415757962456294 0.5533713463477823 0.1617747822373799 0.1075104729360601 0.29894852658869103 0.4157579623904071 0.28976476726756106 0.23434175561577902 0.18529095795724884 0.22398681056238626 0.2712998226996176 0.13889241790036214 0.47525809351856624 0.3635400265735781
10 0.3040439850676373 0.39148376116090317 0.41270695633871585 0.06005441185543068 0.2964781465575728 0.38649021986511617 0.29678575785603645 0.2712998226347739 0.3954665995242046 0.2754481011835003 0.04818642240801568 0.2967857582671977 0.3784852098039691 0.3071801147131927 0.25178801704026654 0.06005441184596939 0.4314549557945799 0.33293544770371936 0.294855853350416 0.4125309789265766
18 0.2722258642260184 0.38318768497472955 0.43357359784289295 0.0659875627941075 0.3373806033006568 0.3438201689182342 0.281128214736091 0.21583779582365575 0.4412704946428489 0.34792430064957475 0.051859655642614876 0.2811282150675696 0.3590833817012477 0.3287917175412129 0.2975024279425565 0.06598756252118017 0.41270695615064923 0.37464516898843925 0.2587913837619804 0.3521412282771784
65 0.4150038268899401 0.22935474914239792 0.28112821487563505 0.25806554342508026 0.38596784873007683 0.31613037934752924 0.430895496793693 0.41575796240388574 0.24499882733490938 0.1264723344268735 0.23729939942249534 0.430895496803386 0.2964001123052573 0.2912172109892035 0.2476212044467741 0.2580655429971454 0.29678575817668806 0.18786965553864376 0.42844449190359657 0.3107803920987933
46 0.15796917830608123 0.6453560777972616 0.3938872419271925 -0.029796202081336095 0.11426254164152844 0.5214829985041182 0.18789795035496676 0.24205166133714298 0.26015968568874503 0.38758911978064786 -0.006676666758096301 0.18789795072711135 0.3590767108777764 0.35890960887138923 0.28134561550240395 -0.029796201948635522 0.3582134954363702 0.3567224847842563 0.16404610812118806 0.3874251858106545
26 0.09024797714321013 0.3776755802806859 0.2986164593974157 -0.0003881603720139608 0.08976299340172857 0.17224481494020955 0.0951511677679581 0.09559057587016857 0.36907001051840227 0.9212441463156856 0.00019184922409006311 0.09515116803265569 0.23094576208559262 0.30753412597462554 0.419860529092777 -0.0003881604326166284 0.2725874625198523 0.5087457076939311 0.09760299157007025 0.20813853712388913
66 0.0915529191430714 0.20935564428746598 0.21976322690309474 0.04186871709000521 0.16257277756003063 0.15887222862247793 0.07780149412236176 0.13829382372779792 0.4126567355511432 0.9695139094125897 0.03768529609075526 0.077801494402087 0.19196711807789632 0.29398253079773856 0.4927678251001317 0.041868716889440216 0.18196031164120155 0.5009192833317563 0.10586499555797381 0.20021864571366166
2 0.23915141995035813 0.332844730309668 0.4412704947590422 0.07084364775334026 0.3692319203922346 0.2765228089148471 0.2449988270721442 0.16177478219843217 0.5102607044555225 0.4503940062307612 0.038253698302191566 0.24499882747644253 0.33477115448103384 0.32000992039319526 0.33909779273200724 0.07084364755883267 0.3954665994767543 0.4246267026969623 0.21563628993751294 0.3014905063176981
20 0.42811197682648283 0.2471963689057327 0.2043720051286312 0.23275129298095204 0.2526206755301521 0.3799514609494328 0.41647849872287207 0.5495516331587041 0.13849953659697992 0.11171973619419646 0.33241349659409825 0.41647849881475274 0.2819117346262975 0.25233160772410895 0.20475279168750726 0.23275129260088565 0.2512752761656834 0.13403039215815787 0.4636363077177678 0.35370960868406537
40 0.4017309287039692 0.2019871613649386 0.32015348373568736 0.26696871419983315 0.4609160289434789 0.2732813051456071 0.418469172546193 0.34560258986775755 0.3148925663448261 0.14877251281194973 0.17404715432156648 0.41846917245412296 0.29960847961666864 0.29379099003244813 0.2720394773584239 0.26696871394329447 0.31927864397469136 0.22293357882816708 0.4005880285402283 0.28669571842972946
12 0.2864252870865223 0.33300155280298466 0.37028560971683017 0.09524985791147254 0.3627007882146383 0.27816403264762657 0.2544161112713913 0.16653533838665835 0.3936068969181905 0.398254336479356 0.07718316458226927 0.25441611166420874 0.5479526045818901 0.37419501307999914 0.4042912044602033 0.09524985772718227 0.3066588110006354 0.40468411484916333 0.20308716422077522 0.2404686855046703
57 0.2341294372889724 0.0062580005134348655 0.06598756255232156 0.7545511912385894 0.2935045669851462 0.06290115919220732 0.2580655433420425 0.2239868106586685 0.0708436477282471 0.024092945039805528 0.6426638761012101 0.25806554303015194 0.07147137919553216 0.12550377540737936 0.15110142899079732 0.7545511913366046 0.060054411975450174 0.035068290521938286 0.24098688007049646 0.05839105877725442
56 0.11351537982217394 0.35221555275200195 0.3479243006925433 0.024092945183547706 0.20373944204158798 0.20756956020109044 0.12647233423964793 0.10751047293591541 0.4503940061438182 0.8144588522567658 0.036167606642633104 0.12647233463005483 0.248404974294467 0.3300295266600814 0.43417628631844635 0.024092944954710954 0.27544810110743745 0.5061485310771037 0.11323624243726477 0.2029340590251507
45 0.32095433494506226 0.4229674862798649 0.3438201687347102 0.06290115920775931 0.24059773549947397 0.47782346324483105 0.316130379208172 0.36671970587758723 0.27652280895557096 0.2075695602504322 0.09101963923502815 0.316130379484622 0.3773021799201564 0.31900163435023626 0.23791424233159544 0.06290115908542172 0.38649021980472714 0.26422053294928066 0.334204428995797 0.4603935121623825
30 0.29114660900148726 0.413270398707114 0.33646437002498225 0.10322410342936228 0.2878892722381469 0.37214223293333254 0.3107452862165427 0.28780867860199894 0.3110340402706263 0.256013146702428 0.09533549276454296 0.31074528658077394 0.35224554391806256 0.44603245824039556 0.4165985681836557 0.10322410305422136 0.3560595283688229 0.2903011582035727 0.30459645784629086 0.375248174262917
5 0.4150038268899401 0.22935474914239792 0.28112821487563505 0.25806554342508026 0.38596784873007683 0.31613037934752924 0.430895496793693 0.41575796240388574 0.24499882733490938 0.1264723344268735 0.23729939942249534 0.430895496803386 0.2964001123052573 0.2912172109892035 0.2476212044467741 0.2580655429971454 0.29678575817668806 0.18786965553864376 0.42844449190359657 0.3107803920987933
15 0.3176407606673165 0.38257196294205814 0.3364687373337152 0.06963536850677857 0.25553133640061765 0.4155184503324248 0.30429615532864285 0.33448217666953783 0.2889113465663237 0.21791923303285884 0.07413808578711131 0.3042961557478728 0.5591124645430277 0.3084650571723081 0.25539937699034804 0.0696353684798759 0.36754178727428616 0.28108653970116193 0.3199138178284174 0.4096780189875074
48 0.22562697439917598 0.017049711773096644 0.05621600455321659 0.6912623652789243 0.205292917164288 0.08064233446411291 0.25141538731180785 0.2673365361308739 0.0494957565850871 0.030532868484097926 0.7955371987410812 0.25141538694103754 0.0647427607760319 0.12315760174234062 0.13620951493471298 0.6912623654073109 0.052033981909031676 0.030765371825726077 0.24777209487150412 0.06479667218226047
59 0.2341294372889724 0.0062580005134348655 0.06598756255232156 0.7545511912385894 0.2935045669851462 0.06290115919220732 0.2580655433420425 0.2239868106586685 0.0708436477282471 0.024092945039805528 0.6426638761012101 0.25806554303015194 0.07147137919553216 0.12550377540737936 0.15110142899079732 0.7545511913366046 0.060054411975450174 0.035068290521938286 0.24098688007049646 0.05839105877725442
13 0.30398663445169655 0.1837064923440127 0.19040841367370814 0.35723560498962836 0.40677635993969574 0.2667659059643485 0.34413975957163795 0.301128653018566 0.09920646087557923 0.1753987926864845 0.3365356150392487 0.34413975960127285 0.6136740631999088 0.3302445985086731 0.4485166562908589 0.35723560422396927 0.12541529271962126 0.1788856776859074 0.29533567917855313 0.12854437645887928
32 0.20213734269019892 0.34209947643150423 0.2975024281282839 0.1511014289597659 0.3476232222548731 0.23791424230341587 0.24762120431913212 0.18529095795891792 0.33909779275386287 0.43417628631883687 0.12561886622171717 0.24762120453883862 0.27206190409367026 0.5281554571556694 0.6527792744209945 0.1511014288880078 0.25178801689464414 0.3454737726363984 0.21287099496238734 0.21702675160072196
42 0.21117998471592955 0.5401122924183868 0.420603075164502 -0.0036184204469503585 0.18424915099448055 0.4461597750778706 0.22433093120190523 0.22738728701519467 0.3559029267261277 0.3684631843432485 0.017546356784466442 0.22433093149744437 0.3753353162343519 0.33732878481143785 0.26495385814951483 -0.003618420526092797 0.41213823325878096 0.37169788953898664 0.20499965860264416 0.40464643856374105
11 0.3228009571296663 0.370137875789916 0.35908338157364483 0.07147137925091178 0.28131291248867285 0.377302179964721 0.29640011224989593 0.2897647672673259 0.33477115447623623 0.24840497429444802 0.05971159876741919 0.2964001124493111 0.5533455667560784 0.31714658654826183 0.2720619040919662 0.07147137916222952 0.3784852097557343 0.314882074385939 0.2977778588037558 0.38635492388884674
29 0.22562697439917598 0.017049711773096644 0.05621600455321659 0.6912623652789243 0.205292917164288 0.08064233446411291 0.25141538731180785 0.2673365361308739 0.0494957565850871 0.030532868484097926 0.7955371987410812 0.25141538694103754 0.0647427607760319 0.12315760174234062 0.13620951493471298 0.6912623654073109 0.052033981909031676 0.030765371825726077 0.24777209487150412 0.06479667218226047
1 0.4150038268899401 0.22935474914239792 0.28112821487563505 0.25806554342508026 0.38596784873007683 0.31613037934752924 0.430895496793693 0.41575796240388574 0.24499882733490938 0.1264723344268735 0.23729939942249534 0.430895496803386 0.2964001123052573 0.2912172109892035 0.2476212044467741 0.2580655429971454 0.29678575817668806 0.18786965553864376 0.42844449190359657 0.3107803920987933
68 0.2341294372889724 0.0062580005134348655 0.06598756255232156 0.7545511912385894 0.2935045669851462 0.06290115919220732 0.2580655433420425 0.2239868106586685 0.0708436477282471 0.024092945039805528 0.6426638761012101 0.25806554303015194 0.07147137919553216 0.12550377540737936 0.15110142899079732 0.7545511913366046 0.060054411975450174 0.035068290521938286 0.24098688007049646 0.05839105877725442
34 0.23606019071813147 0.1542331153359708 0.1619408776720308 0.4594757774204218 0.3851729019752413 0.21473146986860236 0.2898495122524334 0.284633657040829 0.10630623089752866 0.1827754016883199 0.3419975627118962 0.28984951212495247 0.1997565197233935 0.47819399115148165 0.6916453075144768 0.4594757774870216 0.1579451716688648 0.15099108233061695 0.20701104300442338 0.17118175787292916
19 0.34102243959646594 0.3806816355439692 0.35969063753193453 0.05428786864974703 0.22965156176074383 0.44302659412598583 0.3045146967884027 0.36021147307526336 0.32403709959478777 0.19916253039293222 0.04675887316618362 0.3045146970722364 0.39419950995094954 0.2663472751507711 0.19821010423362623 0.05428786846398333 0.4370579239510856 0.272828331845631 0.3392542353423909 0.4962544678929298
43 0.4150038268899401 0.22935474914239792 0.28112821487563505 0.25806554342508026 0.38596784873007683 0.31613037934752924 0.430895496793693 0.41575796240388574 0.24499882733490938 0.1264723344268735 0.23729939942249534 0.430895496803386 0.2964001123052573 0.2912172109892035 0.2476212044467741 0.2580655429971454 0.29678575817668806 0.18786965553864376 0.42844449190359657 0.3107803920987933
47 0.22562697439917598 0.017049711773096644 0.05621600455321659 0.6912623652789243 0.205292917164288 0.08064233446411291 0.25141538731180785 0.2673365361308739 0.0494957565850871 0.030532868484097926 0.7955371987410812 0.25141538694103754 0.0647427607760319 0.12315760174234062 0.13620951493471298 0.6912623654073109 0.052033981909031676 0.030765371825726077 0.24777209487150412 0.06479667218226047
54 0.14248283418264568 -0.12293096967423273 0.008718217404878702 0.5642786865206618 0.39381323640710925 0.00260645546044318 0.08810157633116873 0.19745799209712536 -0.042707873436751996 -0.12734651912425288 0.22935764810962123 0.08810157567878044 0.2560886642816777 0.023051083113944926 0.11027992490425809 0.564278686329993 0.002444489294416386 0.5594419359679897 0.2526278761171585 -0.021618839341365333
9 0.4017309287039692 0.2019871613649386 0.32015348373568736 0.26696871419983315 0.4609160289434789 0.2732813051456071 0.418469172546193 0.34560258986775755 0.3148925663448261 0.14877251281194973 0.17404715432156648 0.41846917245412296 0.29960847961666864 0.29379099003244813 0.2720394773584239 0.26696871394329447 0.31927864397469136 0.22293357882816708 0.4005880285402283 0.28669571842972946
27 0.22562697439917598 0.017049711773096644 0.05621600455321659 0.6912623652789243 0.205292917164288 0.08064233446411291 0.25141538731180785 0.2673365361308739 0.0494957565850871 0.030532868484097926 0.7955371987410812 0.25141538694103754 0.0647427607760319 0.12315760174234062 0.13620951493471298 0.6912623654073109 0.052033981909031676 0.030765371825726077 0.24777209487150412 0.06479667218226047
28 0.22562697439917598 0.017049711773096644 0.05621600455321659 0.6912623652789243 0.205292917164288 0.08064233446411291 0.25141538731180785 0.2673365361308739 0.0494957565850871 0.030532868484097926 0.7955371987410812 0.25141538694103754 0.0647427607760319 0.12315760174234062 0.13620951493471298 0.6912623654073109 0.052033981909031676 0.030765371825726077 0.24777209487150412 0.06479667218226047
16 0.2722258642260184 0.38318768497472955 0.43357359784289295 0.0659875627941075 0.3373806033006568 0.3438201689182342 0.281128214736091 0.21583779582365575 0.4412704946428489 0.34792430064957475 0.051859655642614876 0.2811282150675696 0.3590833817012477 0.3287917175412129 0.2975024279425565 0.06598756252118017 0.41270695615064923 0.37464516898843925 0.2587913837619804 0.3521412282771784
60 0.344629709822843 0.18180595158791157 0.33738060325189007 0.2935045668858395 0.5585623877793017 0.2405977354897928 0.38596784862475186 0.2541052526796006 0.36923192040500824 0.20373944204154162 0.1585744727075568 0.38596784876191126 0.2813129124886374 0.32452923673304335 0.34762322225317116 0.29350456678885023 0.29647814654107596 0.26400558244437583 0.3293317698683924 0.23521649914100484
67 0.2341294372889724 0.0062580005134348655 0.06598756255232156 0.7545511912385894 0.2935045669851462 0.06290115919220732 0.2580655433420425 0.2239868106586685 0.0708436477282471 0.024092945039805528 0.6426638761012101 0.25806554303015194 0.07147137919553216 0.12550377540737936 0.15110142899079732 0.7545511913366046 0.060054411975450174 0.035068290521938286 0.24098688007049646 0.05839105877725442
14 0.2552885110534097 0.517878818965844 0.3381141233430466 -0.0021312484040231622 0.14127837682653596 0.5299422001110998 0.23600354128991285 0.3173441393916724 0.25933680364929174 0.2550926846808665 0.01255505307164621 0.23600354169660534 0.4468249019611474 0.3232109349780217 0.2328063191522512 -0.0021312484873767684 0.38847100982571825 0.2970260867996079 0.2471666373070018 0.4979339524168504
38 0.4150038268899401 0.22935474914239792 0.28112821487563505 0.25806554342508026 0.38596784873007683 0.31613037934752924 0.430895496793693 0.41575796240388574 0.24499882733490938 0.1264723344268735 0.23729939942249534 0.430895496803386 0.2964001123052573 0.2912172109892035 0.2476212044467741 0.2580655429971454 0.29678575817668806 0.18786965553864376 0.42844449190359657 0.3107803920987933
64 0.43452206014411443 0.2292809005988475 0.2587913836088639 0.24098688051823325 0.3293317698682878 0.33420442898571695 0.428444491892298 0.47525809351774084 0.21563628992381323 0.11323624243728414 0.2525752781283814 0.42844449185781436 0.29777785880355406 0.2632231258940655 0.21287099496074055 0.24098687998990537 0.2948558534326455 0.16745716292271504 0.45519135706333136 0.3373099122710369
55 0.43452206014411443 0.2292809005988475 0.2587913836088639 0.24098688051823325 0.3293317698682878 0.33420442898571695 0.428444491892298 0.47525809351774084 0.21563628992381323 0.11323624243728414 0.2525752781283814 0.42844449185781436 0.29777785880355406 0.2632231258940655 0.21287099496074055 0.24098687998990537 0.2948558534326455 0.16745716292271504 0.45519135706333136 0.3373099122710369
63 0.2341294372889724 0.0062580005134348655 0.06598756255232156 0.7545511912385894 0.2935045669851462 0.06290115919220732 0.2580655433420425 0.2239868106586685 0.0708436477282471 0.024092945039805528 0.6426638761012101 0.25806554303015194 0.07147137919553216 0.12550377540737936 0.15110142899079732 0.7545511913366046 0.060054411975450174 0.035068290521938286 0.24098688007049646 0.05839105877725442
39 0.2341294372889724 0.0062580005134348655 0.06598756255232156 0.7545511912385894 0.2935045669851462 0.06290115919220732 0.2580655433420425 0.2239868106586685 0.0708436477282471 0.024092945039805528 0.6426638761012101 0.25806554303015194 0.07147137919553216 0.12550377540737936 0.15110142899079732 0.7545511913366046 0.060054411975450174 0.035068290521938286 0.24098688007049646 0.05839105877725442
44 0.2341294372889724 0.0062580005134348655 0.06598756255232156 0.7545511912385894 0.2935045669851462 0.06290115919220732 0.2580655433420425 0.2239868106586685 0.0708436477282471 0.024092945039805528 0.6426638761012101 0.25806554303015194 0.07147137919553216 0.12550377540737936 0.15110142899079732 0.7545511913366046 0.060054411975450174 0.035068290521938286 0.24098688007049646 0.05839105877725442
50 0.5151630694602561 0.21209217414817222 0.3006250496266106 0.24893197783749352 0.40822478006608764 0.2968304392703956 0.4091384342063799 0.36846372322615834 0.2768796541185251 0.12859089719550595 0.19079699834635047 0.40913843448136694 0.3297443226190796 0.2687678649802328 0.23540349288067486 0.2489319776819236 0.3093752167009572 0.19972691227952433 0.3975224235653794 0.3006538589497688
8 0.2722258642260184 0.38318768497472955 0.43357359784289295 0.0659875627941075 0.3373806033006568 0.3438201689182342 0.281128214736091 0.21583779582365575 0.4412704946428489 0.34792430064957475 0.051859655642614876 0.2811282150675696 0.3590833817012477 0.3287917175412129 0.2975024279425565 0.06598756252118017 0.41270695615064923 0.37464516898843925 0.2587913837619804 0.3521412282771784
23 0.21924723264221258 0.02117922129540965 0.05185965550595201 0.6426638760705987 0.15857447270753874 0.0910196393616918 0.23729939967695818 0.2989485265885361 0.038253698354578904 0.03616760664260163 0.8830816029181319 0.23729939917812634 0.059711598767393466 0.11710798089988428 0.12561886622031254 0.642663876321599 0.04818642256697201 0.029825614411715707 0.252575278128838 0.0683088623978443
7 0.34102243959646594 0.3806816355439692 0.35969063753193453 0.05428786864974703 0.22965156176074383 0.44302659412598583 0.3045146967884027 0.36021147307526336 0.32403709959478777 0.19916253039293222 0.04675887316618362 0.3045146970722364 0.39419950995094954 0.2663472751507711 0.19821010423362623 0.05428786846398333 0.4370579239510856 0.272828331845631 0.3392542353423909 0.4962544678929298
53 0.32173950797172746 0.2699130496767643 0.2569759776019386 0.16267076620130339 0.3648486725984576 0.3568126210381177 0.3611215204536808 0.3297272683033768 0.18366933145029876 0.07933128333973366 0.18468537982083888 0.36112152070526443 0.3124778817559744 0.3154680123211941 0.2600189190837526 0.1626707658895429 0.259813339375999 0.6401280493632724 0.348681666016371 0.3005619047349108
36 0.28565428866841247 0.4261462043731701 0.40100385022323787 0.06755821135663605 0.307590577838011 0.41317576730624694 0.3055052460927141 0.2735649669997856 0.3574321320902738 0.28542425524023635 0.08524052807409306 0.30550524632043097 0.36337053870704444 0.3511315080554451 0.28740115992697185 0.06755821107993235 0.3888748226056916 0.32757699692582654 0.28852563551500204 0.3792609864732211
4 0.2722258642260184 0.38318768497472955 0.43357359784289295 0.0659875627941075 0.3373806033006568 0.3438201689182342 0.281128214736091 0.21583779582365575 0.4412704946428489 0.34792430064957475 0.051859655642614876 0.2811282150675696 0.3590833817012477 0.3287917175412129 0.2975024279425565 0.06598756252118017 0.41270695615064923 0.37464516898843925 0.2587913837619804 0.3521412282771784
41 0.33155927948854147 0.4021485077218685 0.3521412283880636 0.05839105878112605 0.23521649909752718 0.46039351215586066 0.3107803918828722 0.3635400266500415 0.301490506157279 0.20293405902006367 0.06830886253486135 0.3107803922757739 0.38635492393590765 0.293185574600102 0.21702675149572315 0.058391058730194345 0.4125309786759317 0.26878641143118676 0.3373099122651766 0.47919099032878876
58 0.4150038268899401 0.22935474914239792 0.28112821487563505 0.25806554342508026 0.38596784873007683 0.31613037934752924 0.430895496793693 0.41575796240388574 0.24499882733490938 0.1264723344268735 0.23729939942249534 0.430895496803386 0.2964001123052573 0.2912172109892035 0.2476212044467741 0.2580655429971454 0.29678575817668806 0.18786965553864376 0.42844449190359657 0.3107803920987933
