id,x_0,x_1,x_2,x_3,x_4,x_5,x_6,x_7,x_8,x_9
0.0,0.39074856802059116,2.220446049250313e-16,0.6187130451603925,2.220446049250313e-16,2.220446049250313e-16,0.4318604278616576,2.220446049250313e-16,2.220446049250313e-16,0.6394066931297206,2.220446049250313e-16
1.0,0.39074856802059116,2.220446049250313e-16,0.5168984212336726,0.48824736412452974,2.220446049250313e-16,2.220446049250313e-16,2.220446049250313e-16,0.8313424201942176,2.220446049250313e-16,0.011152251760885233
2.0,0.39074856802059116,2.220446049250313e-16,0.2690056718088663,2.220446049250313e-16,2.220446049250313e-16,0.680625727825313,2.220446049250313e-16,2.220446049250313e-16,0.6286024390465821,2.220446049250313e-16
3.0,2.220446049250313e-16,0.1944512882320415,0.1626999514498405,0.4801013117539683,2.220446049250313e-16,2.220446049250313e-16,2.220446049250313e-16,0.8709505792361278,2.220446049250313e-16,0.3974895075399174
4.0,0.6407829974714282,0.708358240659842,2.220446049250313e-16,2.220446049250313e-16,2.220446049250313e-16,2.220446049250313e-16,0.5929673958267397,2.220446049250313e-16,2.220446049250313e-16,2.220446049250313e-16
5.0,2.220446049250313e-16,2.220446049250313e-16,0.0477043825379469,0.4747529807775662,2.220446049250313e-16,2.220446049250313e-16,2.220446049250313e-16,0.7322046130908361,0.4338347954619056,0.7135611694809492
6.0,0.39074856802059116,2.220446049250313e-16,0.6187130451603925,2.220446049250313e-16,2.220446049250313e-16,0.4318604278616576,2.220446049250313e-16,2.220446049250313e-16,0.6394066931297206,2.220446049250313e-16
7.0,0.39074856802059116,2.220446049250313e-16,0.5168984212336726,0.48824736412452974,2.220446049250313e-16,2.220446049250313e-16,2.220446049250313e-16,0.8313424201942176,2.220446049250313e-16,0.011152251760885233
8.0,0.39074856802059116,2.220446049250313e-16,0.2690056718088663,2.220446049250313e-16,2.220446049250313e-16,0.680625727825313,2.220446049250313e-16,2.220446049250313e-16,0.6286024390465821,2.220446049250313e-16
9.0,2.220446049250313e-16,0.1944512882320415,0.1626999514498405,0.4801013117539683,2.220446049250313e-16,2.220446049250313e-16,2.220446049250313e-16,0.8709505792361278,2.220446049250313e-16,0.3974895075399174
10.0,0.6407829974714282,0.708358240659842,2.220446049250313e-16,2.220446049250313e-16,2.220446049250313e-16,2.220446049250313e-16,0.5929673958267397,2.220446049250313e-16,2.220446049250313e-16,2.220446049250313e-16
11.0,2.220446049250313e-16,2.220446049250313e-16,0.0477043825379469,0.4747529807775662,2.220446049250313e-16,2.220446049250313e-16,2.220446049250313e-16,0.7322046130908361,0.4338347954619056,0.7135611694809492
12.0,0.39074856802059116,2.220446049250313e-16,0.6187130451603925,2.220446049250313e-16,2.220446049250313e-16,0.4318604278616576,2.220446049250313e-16,2.220446049250313e-16,0.6394066931297206,2.220446049250313e-16
13.0,0.39074856802059116,2.220446049250313e-16,0.5168984212336726,0.48824736412452974,2.220446049250313e-16,2.220446049250313e-16,2.220446049250313e-16,0.8313424201942176,2.220446049250313e-16,0.011152251760885233
14.0,0.39074856802059116,2.220446049250313e-16,0.2690056718088663,2.220446049250313e-16,2.220446049250313e-16,0.680625727825313,2.220446049250313e-16,2.220446049250313e-16,0.6286024390465821,2.220446049250313e-16
15.0,2.220446049250313e-16,0.1944512882320415,0.1626999514498405,0.4801013117539683,2.220446049250313e-16,2.220446049250313e-16,2.220446049250313e-16,0.8709505792361278,2.220446049250313e-16,0.3974895075399174
16.0,0.6407829974714282,0.708358240659842,2.220446049250313e-16,2.220446049250313e-16,2.220446049250313e-16,2.220446049250313e-16,0.5929673958267397,2.220446049250313e-16,2.220446049250313e-16,2.220446049250313e-16
17.0,2.220446049250313e-16,2.220446049250313e-16,0.0477043825379469,0.4747529807775662,2.220446049250313e-16,2.220446049250313e-16,2.220446049250313e-16,0.7322046130908361,0.4338347954619056,0.7135611694809492
18.0,2.220446049250313e-16,0.18112894322560985,0.8658753771769491,2.220446049250313e-16,0.07249785134629408,2.220446049250313e-16,0.4368155939083695,0.20650477659559607,2.220446049250313e-16,2.220446049250313e-16
19.0,2.220446049250313e-16,0.24306411029005187,0.2655693891726451,0.016337122985825694,0.1711161674267954,0.6536156800285341,2.220446049250313e-16,0.02202221137284905,0.40544727565595423,2.220446049250313e-16
20.0,0.3907485680205911,2.220446049250313e-16,0.3552438000187215,2.220446049250313e-16,0.7257656421133959,2.220446049250313e-16,2.220446049250313e-16,2.220446049250313e-16,2.220446049250313e-16,2.220446049250313e-16
21.0,0.3907485680205911,2.220446049250313e-16,0.3552438000187215,2.220446049250313e-16,0.7257656421133959,2.220446049250313e-16,2.220446049250313e-16,2.220446049250313e-16,2.220446049250313e-16,2.220446049250313e-16
22.0,0.3907485680205911,2.220446049250313e-16,0.3552438000187215,2.220446049250313e-16,0.7257656421133959,2.220446049250313e-16,2.220446049250313e-16,2.220446049250313e-16,2.220446049250313e-16,2.220446049250313e-16
23.0,2.220446049250313e-16,2.220446049250313e-16,0.5765245678743999,0.01636043691143435,0.17049696519233734,0.5441176735013848,2.220446049250313e-16,0.29723047805502983,2.220446049250313e-16,2.220446049250313e-16
24.0,2.220446049250313e-16,2.220446049250313e-16,2.220446049250313e-16,0.015936046874108496,0.6522509747266645,0.6626832269920477,2.220446049250313e-16,0.05113660266794372,2.220446049250313e-16,2.220446049250313e-16
25.0,2.220446049250313e-16,2.220446049250313e-16,0.10744971571533528,0.014217703297042888,0.343076023051327,0.6964883861310468,2.220446049250313e-16,0.18868745128722098,0.19407870428810206,2.220446049250313e-16
26.0,0.2877516153287125,2.220446049250313e-16,2.220446049250313e-16,0.02098412702561292,0.6522509747266646,0.397971748527162,0.08877031437303047,0.06733520392600496,2.220446049250313e-16,2.220446049250313e-16
27.0,0.2877516153287125,2.220446049250313e-16,2.220446049250313e-16,0.02098412702561292,0.6522509747266646,0.397971748527162,0.08877031437303047,0.06733520392600496,2.220446049250313e-16,2.220446049250313e-16
28.0,2.220446049250313e-16,0.3529675457579867,2.220446049250313e-16,0.48038558996894226,2.220446049250313e-16,2.220446049250313e-16,0.5744946096448174,2.220446049250313e-16,0.4338347954619055,0.7134650991146939
29.0,0.2492437985383702,0.9021782674739723,2.220446049250313e-16,2.220446049250313e-16,2.220446049250313e-16,2.220446049250313e-16,0.603536418655319,2.220446049250313e-16,2.220446049250313e-16,2.220446049250313e-16
30.0,0.2492437985383702,0.9021782674739723,2.220446049250313e-16,2.220446049250313e-16,2.220446049250313e-16,2.220446049250313e-16,0.603536418655319,2.220446049250313e-16,2.220446049250313e-16,2.220446049250313e-16
31.0,2.220446049250313e-16,2.220446049250313e-16,2.220446049250313e-16,0.47587094853906436,1.1102230246251565e-16,0.0003892459185068233,2.220446049250313e-16,0.5858865743312828,0.6581461406328372,0.7135421013069182
32.0,2.220446049250313e-16,2.220446049250313e-16,2.220446049250313e-16,0.47587094853906436,1.1102230246251565e-16,0.0003892459185068233,2.220446049250313e-16,0.5858865743312828,0.6581461406328372,0.7135421013069182
33.0,2.220446049250313e-16,0.18112894322560985,0.8658753771769491,2.220446049250313e-16,0.07249785134629408,2.220446049250313e-16,0.4368155939083695,0.20650477659559607,2.220446049250313e-16,2.220446049250313e-16
34.0,2.220446049250313e-16,0.24306411029005187,0.2655693891726451,0.016337122985825694,0.1711161674267954,0.6536156800285341,2.220446049250313e-16,0.02202221137284905,0.40544727565595423,2.220446049250313e-16
35.0,0.3907485680205911,2.220446049250313e-16,0.3552438000187215,2.220446049250313e-16,0.7257656421133959,2.220446049250313e-16,2.220446049250313e-16,2.220446049250313e-16,2.220446049250313e-16,2.220446049250313e-16
36.0,0.3907485680205911,2.220446049250313e-16,0.3552438000187215,2.220446049250313e-16,0.7257656421133959,2.220446049250313e-16,2.220446049250313e-16,2.220446049250313e-16,2.220446049250313e-16,2.220446049250313e-16
37.0,0.3907485680205911,2.220446049250313e-16,0.3552438000187215,2.220446049250313e-16,0.7257656421133959,2.220446049250313e-16,2.220446049250313e-16,2.220446049250313e-16,2.220446049250313e-16,2.220446049250313e-16
38.0,2.220446049250313e-16,2.220446049250313e-16,0.5765245678743999,0.01636043691143435,0.17049696519233734,0.5441176735013848,2.220446049250313e-16,0.29723047805502983,2.220446049250313e-16,2.220446049250313e-16
39.0,2.220446049250313e-16,2.220446049250313e-16,2.220446049250313e-16,0.015936046874108496,0.6522509747266645,0.6626832269920477,2.220446049250313e-16,0.05113660266794372,2.220446049250313e-16,2.220446049250313e-16
40.0,2.220446049250313e-16,2.220446049250313e-16,0.10744971571533528,0.014217703297042888,0.343076023051327,0.6964883861310468,2.220446049250313e-16,0.18868745128722098,0.19407870428810206,2.220446049250313e-16
41.0,0.2877516153287125,2.220446049250313e-16,2.220446049250313e-16,0.02098412702561292,0.6522509747266646,0.397971748527162,0.08877031437303047,0.06733520392600496,2.220446049250313e-16,2.220446049250313e-16
42.0,0.2877516153287125,2.220446049250313e-16,2.220446049250313e-16,0.02098412702561292,0.6522509747266646,0.397971748527162,0.08877031437303047,0.06733520392600496,2.220446049250313e-16,2.220446049250313e-16
43.0,2.220446049250313e-16,0.3529675457579867,2.220446049250313e-16,0.48038558996894226,2.220446049250313e-16,2.220446049250313e-16,0.5744946096448174,2.220446049250313e-16,0.4338347954619055,0.7134650991146939
44.0,0.2492437985383702,0.9021782674739723,2.220446049250313e-16,2.220446049250313e-16,2.220446049250313e-16,2.220446049250313e-16,0.603536418655319,2.220446049250313e-16,2.220446049250313e-16,2.220446049250313e-16
45.0,0.2492437985383702,0.9021782674739723,2.220446049250313e-16,2.220446049250313e-16,2.220446049250313e-16,2.220446049250313e-16,0.603536418655319,2.220446049250313e-16,2.220446049250313e-16,2.220446049250313e-16
46.0,2.220446049250313e-16,2.220446049250313e-16,2.220446049250313e-16,0.47587094853906436,1.1102230246251565e-16,0.0003892459185068233,2.220446049250313e-16,0.5858865743312828,0.6581461406328372,0.7135421013069182
47.0,2.220446049250313e-16,2.220446049250313e-16,2.220446049250313e-16,0.47587094853906436,1.1102230246251565e-16,0.0003892459185068233,2.220446049250313e-16,0.5858865743312828,0.6581461406328372,0.7135421013069182
48.0,2.220446049250313e-16,0.18112894322560985,0.8658753771769491,2.220446049250313e-16,0.07249785134629408,2.220446049250313e-16,0.4368155939083695,0.20650477659559607,2.220446049250313e-16,2.220446049250313e-16
49.0,2.220446049250313e-16,0.24306411029005187,0.2655693891726451,0.016337122985825674,0.17111616742679533,0.653615680028534,2.220446049250313e-16,0.02202221137284903,0.4054472756559542,2.220446049250313e-16
50.0,0.3907485680205911,2.220446049250313e-16,0.3552438000187215,2.220446049250313e-16,0.7257656421133959,2.220446049250313e-16,2.220446049250313e-16,2.220446049250313e-16,2.220446049250313e-16,2.220446049250313e-16
51.0,0.3907485680205911,2.220446049250313e-16,0.3552438000187215,2.220446049250313e-16,0.7257656421133959,2.220446049250313e-16,2.220446049250313e-16,2.220446049250313e-16,2.220446049250313e-16,2.220446049250313e-16
52.0,0.3907485680205911,2.220446049250313e-16,0.3552438000187215,2.220446049250313e-16,0.7257656421133959,2.220446049250313e-16,2.220446049250313e-16,2.220446049250313e-16,2.220446049250313e-16,2.220446049250313e-16
53.0,2.220446049250313e-16,2.220446049250313e-16,0.5765245678743999,0.01636043691143435,0.17049696519233734,0.5441176735013848,2.220446049250313e-16,0.29723047805502983,2.220446049250313e-16,2.220446049250313e-16
54.0,2.220446049250313e-16,2.220446049250313e-16,2.220446049250313e-16,0.015936046874108496,0.6522509747266645,0.6626832269920477,2.220446049250313e-16,0.05113660266794372,2.220446049250313e-16,2.220446049250313e-16
55.0,2.220446049250313e-16,2.220446049250313e-16,0.10744971571533528,0.014217703297042888,0.343076023051327,0.6964883861310468,2.220446049250313e-16,0.18868745128722098,0.19407870428810206,2.220446049250313e-16
56.0,0.2877516153287125,2.220446049250313e-16,2.220446049250313e-16,0.02098412702561292,0.6522509747266646,0.397971748527162,0.08877031437303047,0.06733520392600496,2.220446049250313e-16,2.220446049250313e-16
57.0,0.2877516153287125,2.220446049250313e-16,2.220446049250313e-16,0.02098412702561292,0.6522509747266646,0.397971748527162,0.08877031437303047,0.06733520392600496,2.220446049250313e-16,2.220446049250313e-16
58.0,2.220446049250313e-16,0.3529675457579867,2.220446049250313e-16,0.48038558996894226,2.220446049250313e-16,2.220446049250313e-16,0.5744946096448174,2.220446049250313e-16,0.4338347954619055,0.7134650991146939
59.0,0.2492437985383702,0.9021782674739723,2.220446049250313e-16,2.220446049250313e-16,2.220446049250313e-16,2.220446049250313e-16,0.603536418655319,2.220446049250313e-16,2.220446049250313e-16,2.220446049250313e-16
60.0,0.2492437985383702,0.9021782674739723,2.220446049250313e-16,2.220446049250313e-16,2.220446049250313e-16,2.220446049250313e-16,0.603536418655319,2.220446049250313e-16,2.220446049250313e-16,2.220446049250313e-16
61.0,2.220446049250313e-16,2.220446049250313e-16,2.220446049250313e-16,0.47587094853906436,1.1102230246251565e-16,0.0003892459185068233,2.220446049250313e-16,0.5858865743312828,0.6581461406328372,0.7135421013069182
62.0,2.220446049250313e-16,2.220446049250313e-16,2.220446049250313e-16,0.47587094853906436,1.1102230246251565e-16,0.0003892459185068233,2.220446049250313e-16,0.5858865743312828,0.6581461406328372,0.7135421013069182
