id,x_0,x_1,x_2,x_3,x_4,x_5,x_6,x_7,x_8,x_9,x_10,x_11,x_12,x_13,x_14
0.0,2.220446049250313e-16,0.2944789728963232,0.5206393021066874,0.8369348603360389,0.4399895649826258,0.3990089697225209,0.7208509706737335,2.220446049250313e-16,2.220446049250313e-16,0.47807257879246107,0.4059446889826511,2.220446049250313e-16,2.220446049250313e-16,0.08702207939723984,2.220446049250313e-16
1.0,0.0025742598219395028,0.6240548461475266,2.220446049250313e-16,2.220446049250313e-16,2.220446049250313e-16,0.02575096958805412,2.220446049250313e-16,2.220446049250313e-16,2.220446049250313e-16,0.4780725787924608,0.4750624673880491,0.215843553766328,1.0776993271109063,0.7412351033372302,0.0030326250278019094
2.0,2.220446049250313e-16,2.220446049250313e-16,0.0008097860357145061,0.6621741841437769,2.220446049250313e-16,1.1713680544603324,0.2365959794422558,2.220446049250313e-16,0.07752748197388405,2.220446049250313e-16,2.220446049250313e-16,2.220446049250313e-16,0.22625406830894537,2.220446049250313e-16,2.220446049250313e-16
3.0,0.0025742598219395028,0.6240548461475266,2.220446049250313e-16,2.220446049250313e-16,2.220446049250313e-16,0.02575096958805412,2.220446049250313e-16,2.220446049250313e-16,2.220446049250313e-16,0.4780725787924608,0.4750624673880491,0.215843553766328,1.0776993271109063,0.7412351033372302,0.0030326250278019094
4.0,2.220446049250313e-16,0.26841004550950015,0.034438408295992096,0.9774283265141822,0.9892976799005185,0.01130849067444447,0.14550920996997946,0.3146807887373926,2.220446049250313e-16,0.4780725787924609,0.4091880497198372,2.220446049250313e-16,2.220446049250313e-16,0.04697981180252683,0.01446383275141143
5.0,2.220446049250313e-16,2.220446049250313e-16,2.220446049250313e-16,0.05801999174048241,0.0936108696519582,2.220446049250313e-16,0.0005421515081708258,1.0568901034292266,2.220446049250313e-16,4.440892098500626e-16,0.484803946237065,2.220446049250313e-16,2.220446049250313e-16,0.8111520911094899,0.7741060176598283
6.0,0.006251680121528066,0.28117455576089,2.220446049250313e-16,0.9408516827594364,0.633937347964332,0.12039961440873352,0.1476067006805023,0.5828506456559698,2.220446049250313e-16,1.1102230246251565e-16,0.4040016721589738,2.220446049250313e-16,2.220446049250313e-16,0.1110104069066393,0.009775692378524882
7.0,0.01962596268086306,2.220446049250313e-16,0.5184918469667663,2.220446049250313e-16,0.12563933225651389,2.220446049250313e-16,0.2720688997945585,0.11637144041095447,0.008349624639356932,2.220446049250313e-16,0.46378017718329867,0.1747860657521378,0.8757554395671232,0.9157882883535889,0.004935580441630933
8.0,0.001874566824480179,2.220446049250313e-16,0.46790654124877423,0.6204360634188792,0.14581323215108433,0.6689627568814718,0.7460446315783731,0.015643012878029796,2.220446049250313e-16,5.551115123125783e-17,5.551115123125783e-17,0.7703071568200214,2.220446049250313e-16,2.220446049250313e-16,0.19467256685731052
9.0,0.00845928874477746,2.220446049250313e-16,0.046991463927705146,2.220446049250313e-16,0.14012485759807453,2.220446049250313e-16,0.2705840612165158,2.220446049250313e-16,0.008713226699456143,0.4780725787924607,0.4630677288645614,0.17124250732342122,0.965840255972197,0.9086702938738889,0.005169856913290918
10.0,2.220446049250313e-16,0.2697794093130529,0.5054231584443643,0.9355474949362415,0.990777212491631,0.010010114088345791,0.44860851721034906,0.05469377052734602,2.220446049250313e-16,0.4780725787924608,0.409478727288996,2.220446049250313e-16,2.220446049250313e-16,0.04339113019995244,2.220446049250313e-16
11.0,0.2948092025626914,0.3133946999894883,2.220446049250313e-16,0.055156718762182436,2.220446049250313e-16,2.220446049250313e-16,0.002173543692844885,1.0921161173601643,2.220446049250313e-16,2.220446049250313e-16,2.220446049250313e-16,2.220446049250313e-16,2.220446049250313e-16,0.4194244111088731,0.7736616199192534
12.0,2.220446049250313e-16,2.220446049250313e-16,0.5020822846131651,0.044559533993200895,1.0259112359834994,2.220446049250313e-16,0.741456805651082,0.3110293354685613,2.220446049250313e-16,0.4780725787924607,0.40966306941050845,2.220446049250313e-16,2.220446049250313e-16,0.041115257376434865,0.760508249842309
13.0,2.220446049250313e-16,2.220446049250313e-16,2.220446049250313e-16,0.03820732323512828,0.601645532656971,2.220446049250313e-16,2.220446049250313e-16,0.9165410877557189,0.007167020743948813,0.47807257879246073,0.5225986323657525,2.220446049250313e-16,2.220446049250313e-16,0.34422040333085735,0.7766306722879837
14.0,0.004889350691212705,0.2939731662931114,0.4626287632983814,1.0099675716285397,0.317865536506995,0.38759110009947845,0.1214488754593175,0.2276293378977404,2.220446049250313e-16,0.47807257879246084,0.40842292486805015,2.220446049250313e-16,2.220446049250313e-16,0.05642598092805953,0.013686255511032298
15.0,0.0033012361872447027,0.6265848174683206,2.220446049250313e-16,2.220446049250313e-16,2.220446049250313e-16,2.220446049250313e-16,0.27208945873841867,2.220446049250313e-16,2.220446049250313e-16,0.4780725787924606,0.4754847788736348,0.2188182662584605,1.0033240979730096,0.7491464764091358,0.004527037516296709
16.0,2.220446049250313e-16,2.220446049250313e-16,0.0008097860357145061,0.6621741841437769,2.220446049250313e-16,1.1713680544603324,0.2365959794422558,2.220446049250313e-16,0.07752748197388405,2.220446049250313e-16,2.220446049250313e-16,2.220446049250313e-16,0.22625406830894537,2.220446049250313e-16,2.220446049250313e-16
17.0,2.220446049250313e-16,0.6419034250058202,2.220446049250313e-16,0.05499297660030816,0.03567701919894891,0.04577784315227709,2.220446049250313e-16,2.220446049250313e-16,0.4580169817673982,2.220446049250313e-16,0.4923487165390959,0.24305932556935753,0.544040684132664,0.6014463393924724,0.012379543081473201
18.0,2.220446049250313e-16,2.220446049250313e-16,0.0011453595935190432,2.220446049250313e-16,2.220446049250313e-16,1.1899309236646887,0.29352516410131085,2.220446049250313e-16,0.07541477353963484,2.220446049250313e-16,2.220446049250313e-16,2.220446049250313e-16,0.21604820933053376,2.220446049250313e-16,0.7556462402261028
19.0,2.220446049250313e-16,0.6071539087090702,2.220446049250313e-16,0.024844663000310074,0.5566871384597536,0.012129541984602915,2.220446049250313e-16,2.220446049250313e-16,0.09297040555072354,4.440892098500626e-16,0.5344519426271457,0.5044376802174106,1.0539405313517516,0.008038858393846295,0.003577616163544194
20.0,0.13626837463595304,0.31242735992486836,2.220446049250313e-16,0.07144142618952992,2.220446049250313e-16,0.10072947282256976,2.220446049250313e-16,1.0247524744418568,2.220446049250313e-16,2.220446049250313e-16,0.09394077594030924,2.220446049250313e-16,2.220446049250313e-16,0.5379348099168904,0.7740852416106963
21.0,2.220446049250313e-16,0.27029267673604196,0.03205280082676154,0.9217745171790408,0.9822511101623018,2.220446049250313e-16,0.07876504948638853,0.5871675076640551,2.220446049250313e-16,2.220446049250313e-16,0.40913960929414395,2.220446049250313e-16,2.220446049250313e-16,0.04757785335421714,0.010477621534253396
22.0,2.220446049250313e-16,0.27029267673604196,0.03205280082676154,0.9217745171790408,0.9822511101623018,2.220446049250313e-16,0.07876504948638853,0.5871675076640551,2.220446049250313e-16,2.220446049250313e-16,0.40913960929414395,2.220446049250313e-16,2.220446049250313e-16,0.04757785335421714,0.010477621534253396
23.0,0.02180882999320708,2.220446049250313e-16,0.5179921032763241,0.014587248607292463,0.12421681035909758,2.220446049250313e-16,2.220446049250313e-16,0.208659861754257,0.008317015381411563,1.6653345369377348e-16,0.46698342979655544,0.19714497701822475,0.3175863727771317,0.974744248698297,0.8053426252683095
24.0,0.02180882999320708,2.220446049250313e-16,0.5179921032763241,0.014587248607292463,0.12421681035909758,2.220446049250313e-16,2.220446049250313e-16,0.208659861754257,0.008317015381411563,1.6653345369377348e-16,0.46698342979655544,0.19714497701822475,0.3175863727771317,0.974744248698297,0.8053426252683095
25.0,0.7421272660016396,2.220446049250313e-16,0.46824421601777777,2.220446049250313e-16,2.220446049250313e-16,2.220446049250313e-16,2.220446049250313e-16,0.11111542282062863,0.7239007327795871,1.1102230246251565e-16,2.220446049250313e-16,0.2490296384378286,0.16081674640205484,0.24112848937689565,2.220446049250313e-16
26.0,2.220446049250313e-16,2.220446049250313e-16,2.220446049250313e-16,0.7357595050360779,2.220446049250313e-16,1.0867378553357452,2.220446049250313e-16,0.15695833845295754,0.17882121355680833,2.220446049250313e-16,2.220446049250313e-16,2.220446049250313e-16,0.13938743458135644,2.220446049250313e-16,2.220446049250313e-16
27.0,0.8458485448154807,2.220446049250313e-16,2.220446049250313e-16,2.220446049250313e-16,2.220446049250313e-16,2.220446049250313e-16,2.220446049250313e-16,2.220446049250313e-16,1.078356502042234,2.220446049250313e-16,2.220446049250313e-16,0.185636778091923,2.220446049250313e-16,2.220446049250313e-16,2.220446049250313e-16
28.0,0.8458485448154807,2.220446049250313e-16,2.220446049250313e-16,2.220446049250313e-16,2.220446049250313e-16,2.220446049250313e-16,2.220446049250313e-16,2.220446049250313e-16,1.078356502042234,2.220446049250313e-16,2.220446049250313e-16,0.185636778091923,2.220446049250313e-16,2.220446049250313e-16,2.220446049250313e-16
29.0,0.8458485448154807,2.220446049250313e-16,2.220446049250313e-16,2.220446049250313e-16,2.220446049250313e-16,2.220446049250313e-16,2.220446049250313e-16,2.220446049250313e-16,1.078356502042234,2.220446049250313e-16,2.220446049250313e-16,0.185636778091923,2.220446049250313e-16,2.220446049250313e-16,2.220446049250313e-16
30.0,0.6123291609325038,0.2971364454077483,2.220446049250313e-16,2.220446049250313e-16,0.03011027475613534,2.220446049250313e-16,0.5793222746473035,0.9142929256502591,2.220446049250313e-16,2.220446049250313e-16,2.220446049250313e-16,2.220446049250313e-16,0.5396787998786939,2.220446049250313e-16,2.220446049250313e-16
31.0,2.220446049250313e-16,2.220446049250313e-16,2.220446049250313e-16,0.8677770525616384,0.15988739968933363,0.5880108599214061,2.220446049250313e-16,0.8052913058554182,2.220446049250313e-16,0.47807257879246084,2.220446049250313e-16,2.220446049250313e-16,2.220446049250313e-16,2.220446049250313e-16,0.004232253726766666
32.0,2.220446049250313e-16,2.220446049250313e-16,0.5145174130735575,0.9491158043196384,0.6910072740608656,0.4576579363177398,0.13190740481569058,0.15955214715409494,2.220446049250313e-16,0.4780725787924609,2.220446049250313e-16,2.220446049250313e-16,2.220446049250313e-16,2.220446049250313e-16,0.014829272021040965
33.0,0.8814626637793095,0.6219931616238288,0.47097786751347953,2.220446049250313e-16,2.220446049250313e-16,2.220446049250313e-16,0.27416432350484066,0.22756679850188258,0.003107903621798671,2.220446049250313e-16,2.220446049250313e-16,2.220446049250313e-16,0.8498211606489701,2.220446049250313e-16,0.003861741922526356
34.0,0.8814626637793095,0.6219931616238288,0.47097786751347953,2.220446049250313e-16,2.220446049250313e-16,2.220446049250313e-16,0.27416432350484066,0.22756679850188258,0.003107903621798671,2.220446049250313e-16,2.220446049250313e-16,2.220446049250313e-16,0.8498211606489701,2.220446049250313e-16,0.003861741922526356
35.0,0.764248757093968,0.31168351115431103,2.220446049250313e-16,0.057251169564590816,0.032913128298277604,2.220446049250313e-16,0.0017914292515316468,1.0392319542422095,2.220446049250313e-16,2.220446049250313e-16,2.220446049250313e-16,2.220446049250313e-16,2.220446049250313e-16,2.220446049250313e-16,0.7746172753200222
36.0,0.000474862849098678,2.220446049250313e-16,2.220446049250313e-16,0.8159810178687977,0.5009285299833244,0.18681979094393533,2.220446049250313e-16,0.929592320723818,2.220446049250313e-16,5.551115123125783e-17,0.4030714050073408,2.220446049250313e-16,2.220446049250313e-16,0.12249540942060155,0.004626884264105974
37.0,0.001660168166352266,2.220446049250313e-16,2.220446049250313e-16,0.8570285497933919,0.6140328452305736,0.3210113786464126,2.220446049250313e-16,0.921225497809985,2.220446049250313e-16,2.220446049250313e-16,2.220446049250313e-16,2.220446049250313e-16,2.220446049250313e-16,2.220446049250313e-16,0.003826479801296146
38.0,0.9455373958452786,2.220446049250313e-16,2.220446049250313e-16,0.046245177303495644,2.220446049250313e-16,2.220446049250313e-16,0.44364018987007164,0.6148501401904561,0.057188795724330804,2.220446049250313e-16,2.220446049250313e-16,2.220446049250313e-16,0.0448509592584301,0.05619089017888498,0.7807138354864088
39.0,0.9455373958452786,2.220446049250313e-16,2.220446049250313e-16,0.046245177303495644,2.220446049250313e-16,2.220446049250313e-16,0.44364018987007164,0.6148501401904561,0.057188795724330804,2.220446049250313e-16,2.220446049250313e-16,2.220446049250313e-16,0.0448509592584301,0.05619089017888498,0.7807138354864088
40.0,2.220446049250313e-16,2.220446049250313e-16,2.220446049250313e-16,2.220446049250313e-16,0.11359270842191725,0.01184923667272475,0.28027562959134333,0.6362054520218849,2.220446049250313e-16,2.220446049250313e-16,0.48190737285931984,0.5188942483044274,0.5837173053781333,0.7439027907765384,2.220446049250313e-16
41.0,0.0024302342831624434,2.220446049250313e-16,0.47218365170692994,0.20810682428011504,2.220446049250313e-16,0.9146036495884178,0.7577076361524862,2.220446049250313e-16,2.220446049250313e-16,2.220446049250313e-16,1.1102230246251565e-16,0.7703021515877891,2.220446049250313e-16,2.220446049250313e-16,0.5883821472724844
42.0,0.0024302342831624434,2.220446049250313e-16,0.47218365170692994,0.20810682428011504,2.220446049250313e-16,0.9146036495884178,0.7577076361524862,2.220446049250313e-16,2.220446049250313e-16,2.220446049250313e-16,1.1102230246251565e-16,0.7703021515877891,2.220446049250313e-16,2.220446049250313e-16,0.5883821472724844
43.0,0.0023627704244360047,0.6225313042052849,2.220446049250313e-16,0.05395684775539326,0.049901956320219674,0.020578727574812987,2.220446049250313e-16,2.220446049250313e-16,2.220446049250313e-16,2.220446049250313e-16,0.490918291994473,0.49963717857403667,1.0995843240394698,0.5416182795476157,0.002363949505024153
44.0,0.0023627704244360047,0.6225313042052849,2.220446049250313e-16,0.05395684775539326,0.049901956320219674,0.020578727574812987,2.220446049250313e-16,2.220446049250313e-16,2.220446049250313e-16,2.220446049250313e-16,0.490918291994473,0.49963717857403667,1.0995843240394698,0.5416182795476157,0.002363949505024153
45.0,2.220446049250313e-16,2.220446049250313e-16,0.04597460020062843,2.220446049250313e-16,0.2162281026998838,2.220446049250313e-16,0.5792310787279502,0.6322964740563453,2.220446049250313e-16,0.4780725787924609,0.47949514797621356,2.220446049250313e-16,0.493499636565032,0.7896048769216266,2.220446049250313e-16
46.0,0.0024302342831624434,2.220446049250313e-16,0.4720924662566858,0.3912469496760849,2.220446049250313e-16,0.9079369205681802,0.7421108227342096,2.220446049250313e-16,2.220446049250313e-16,2.220446049250313e-16,5.551115123125783e-17,0.7703021515877891,2.220446049250313e-16,2.220446049250313e-16,0.3974357178194449
47.0,0.0024302342831624434,2.220446049250313e-16,0.4720924662566858,0.3912469496760849,2.220446049250313e-16,0.9079369205681802,0.7421108227342096,2.220446049250313e-16,2.220446049250313e-16,2.220446049250313e-16,5.551115123125783e-17,0.7703021515877891,2.220446049250313e-16,2.220446049250313e-16,0.3974357178194449
48.0,0.005592766708722352,2.220446049250313e-16,2.220446049250313e-16,2.220446049250313e-16,0.037501633434660564,0.02661446303032857,2.220446049250313e-16,2.220446049250313e-16,0.001729643374243252,2.220446049250313e-16,0.46552911308946027,0.7184288614779978,1.0543118204286552,0.8629827697323177,0.003423131928138695
49.0,0.005592766708722352,2.220446049250313e-16,2.220446049250313e-16,2.220446049250313e-16,0.037501633434660564,0.02661446303032857,2.220446049250313e-16,2.220446049250313e-16,0.001729643374243252,2.220446049250313e-16,0.46552911308946027,0.7184288614779978,1.0543118204286552,0.8629827697323177,0.003423131928138695
50.0,2.220446049250313e-16,2.220446049250313e-16,2.220446049250313e-16,0.010493215711924669,0.3653688567580906,0.6185453409913351,2.220446049250313e-16,2.220446049250313e-16,0.29588604200243646,2.220446049250313e-16,2.220446049250313e-16,2.220446049250313e-16,0.32513633481655213,0.1173222638636124,0.77964267725079
51.0,2.220446049250313e-16,0.6386463254390035,2.220446049250313e-16,2.220446049250313e-16,0.5940663895352721,0.24077444110574125,2.220446049250313e-16,2.220446049250313e-16,1.009099258229712,2.220446049250313e-16,2.220446049250313e-16,2.220446049250313e-16,0.057041140809209086,0.006346006419814241,2.220446049250313e-16
52.0,2.220446049250313e-16,2.220446049250313e-16,0.0014498764616191662,2.220446049250313e-16,2.220446049250313e-16,1.0821020726766877,0.015592328325813467,2.220446049250313e-16,0.37101856519574294,2.220446049250313e-16,2.220446049250313e-16,2.220446049250313e-16,0.04611153031682167,2.220446049250313e-16,0.7824217215848202
53.0,0.06742856336082456,2.220446049250313e-16,2.220446049250313e-16,2.220446049250313e-16,0.4202683892789174,0.16410139790524084,2.220446049250313e-16,2.220446049250313e-16,1.1616725934015157,2.220446049250313e-16,0.5425059769362235,2.220446049250313e-16,2.220446049250313e-16,0.04664557611400442,2.220446049250313e-16
54.0,0.06742856336082456,2.220446049250313e-16,2.220446049250313e-16,2.220446049250313e-16,0.4202683892789174,0.16410139790524084,2.220446049250313e-16,2.220446049250313e-16,1.1616725934015157,2.220446049250313e-16,0.5425059769362235,2.220446049250313e-16,2.220446049250313e-16,0.04664557611400442,2.220446049250313e-16
55.0,0.8304528613312296,2.220446049250313e-16,2.220446049250313e-16,2.220446049250313e-16,0.04071056148029656,2.220446049250313e-16,0.5797055512332763,0.8718377666424456,0.012269241571609177,2.220446049250313e-16,2.220446049250313e-16,2.220446049250313e-16,0.5292324636749703,2.220446049250313e-16,2.220446049250313e-16
56.0,2.220446049250313e-16,2.220446049250313e-16,2.220446049250313e-16,0.8003335543764951,2.220446049250313e-16,1.037390451035562,0.3402923877597104,0.15223618086190704,0.0929864809142826,2.220446049250313e-16,2.220446049250313e-16,2.220446049250313e-16,0.04056852754125262,2.220446049250313e-16,2.220446049250313e-16
57.0,0.8482489383634809,2.220446049250313e-16,2.220446049250313e-16,2.220446049250313e-16,2.220446049250313e-16,2.220446049250313e-16,2.220446049250313e-16,2.220446049250313e-16,0.9516649935639419,0.47807257879246096,2.220446049250313e-16,0.23574463178927632,0.007842905605781566,2.220446049250313e-16,2.220446049250313e-16
58.0,0.8482489383634809,2.220446049250313e-16,2.220446049250313e-16,2.220446049250313e-16,2.220446049250313e-16,2.220446049250313e-16,2.220446049250313e-16,2.220446049250313e-16,0.9516649935639419,0.47807257879246096,2.220446049250313e-16,0.23574463178927632,0.007842905605781566,2.220446049250313e-16,2.220446049250313e-16
59.0,0.8482489383634809,2.220446049250313e-16,2.220446049250313e-16,2.220446049250313e-16,2.220446049250313e-16,2.220446049250313e-16,2.220446049250313e-16,2.220446049250313e-16,0.9516649935639419,0.47807257879246096,2.220446049250313e-16,0.23574463178927632,0.007842905605781566,2.220446049250313e-16,2.220446049250313e-16
60.0,0.7421272660016396,2.220446049250313e-16,0.46824421601777777,2.220446049250313e-16,2.220446049250313e-16,2.220446049250313e-16,2.220446049250313e-16,0.11111542282062863,0.7239007327795871,1.1102230246251565e-16,2.220446049250313e-16,0.2490296384378286,0.16081674640205484,0.24112848937689565,2.220446049250313e-16
61.0,2.220446049250313e-16,2.220446049250313e-16,2.220446049250313e-16,0.7357595050360779,2.220446049250313e-16,1.0867378553357452,2.220446049250313e-16,0.15695833845295754,0.17882121355680833,2.220446049250313e-16,2.220446049250313e-16,2.220446049250313e-16,0.13938743458135644,2.220446049250313e-16,2.220446049250313e-16
62.0,0.8458485448154807,2.220446049250313e-16,2.220446049250313e-16,2.220446049250313e-16,2.220446049250313e-16,2.220446049250313e-16,2.220446049250313e-16,2.220446049250313e-16,1.078356502042234,2.220446049250313e-16,2.220446049250313e-16,0.185636778091923,2.220446049250313e-16,2.220446049250313e-16,2.220446049250313e-16
63.0,0.8458485448154807,2.220446049250313e-16,2.220446049250313e-16,2.220446049250313e-16,2.220446049250313e-16,2.220446049250313e-16,2.220446049250313e-16,2.220446049250313e-16,1.078356502042234,2.220446049250313e-16,2.220446049250313e-16,0.185636778091923,2.220446049250313e-16,2.220446049250313e-16,2.220446049250313e-16
64.0,0.8458485448154807,2.220446049250313e-16,2.220446049250313e-16,2.220446049250313e-16,2.220446049250313e-16,2.220446049250313e-16,2.220446049250313e-16,2.220446049250313e-16,1.078356502042234,2.220446049250313e-16,2.220446049250313e-16,0.185636778091923,2.220446049250313e-16,2.220446049250313e-16,2.220446049250313e-16
65.0,2.220446049250313e-16,2.220446049250313e-16,2.220446049250313e-16,2.220446049250313e-16,0.3525615710687177,0.675729969599933,2.220446049250313e-16,0.055424495778468516,0.5013430208019047,2.220446049250313e-16,2.220446049250313e-16,2.220446049250313e-16,0.5740573538099754,0.021009542500977432,2.220446049250313e-16
66.0,2.220446049250313e-16,0.6386463254390035,2.220446049250313e-16,2.220446049250313e-16,0.5940663895352721,0.24077444110574125,2.220446049250313e-16,2.220446049250313e-16,1.009099258229712,2.220446049250313e-16,2.220446049250313e-16,2.220446049250313e-16,0.057041140809209086,0.006346006419814241,2.220446049250313e-16
67.0,2.220446049250313e-16,2.220446049250313e-16,0.0014498764616191662,2.220446049250313e-16,2.220446049250313e-16,1.0821020726766877,0.015592328325813467,2.220446049250313e-16,0.37101856519574294,2.220446049250313e-16,2.220446049250313e-16,2.220446049250313e-16,0.04611153031682167,2.220446049250313e-16,0.7824217215848202
68.0,0.06742856336082456,2.220446049250313e-16,2.220446049250313e-16,2.220446049250313e-16,0.4202683892789174,0.16410139790524084,2.220446049250313e-16,2.220446049250313e-16,1.1616725934015157,2.220446049250313e-16,0.5425059769362235,2.220446049250313e-16,2.220446049250313e-16,0.04664557611400442,2.220446049250313e-16
69.0,0.06742856336082456,2.220446049250313e-16,2.220446049250313e-16,2.220446049250313e-16,0.4202683892789174,0.16410139790524084,2.220446049250313e-16,2.220446049250313e-16,1.1616725934015157,2.220446049250313e-16,0.5425059769362235,2.220446049250313e-16,2.220446049250313e-16,0.04664557611400442,2.220446049250313e-16
