id,x_0,x_1,x_2,x_3,x_4,x_5,x_6,x_7,x_8,x_9,x_10,x_11,x_12
0.0,2.220446049250313e-16,2.220446049250313e-16,0.5539491849771423,0.6400482030749424,2.220446049250313e-16,2.220446049250313e-16,2.220446049250313e-16,2.220446049250313e-16,0.5685445993194201,0.37101123377999184,2.220446049250313e-16,2.220446049250313e-16,2.220446049250313e-16
1.0,0.329287426483866,0.19909157242100217,2.220446049250313e-16,2.220446049250313e-16,2.220446049250313e-16,0.3445346535675229,0.17348941617921154,2.220446049250313e-16,2.220446049250313e-16,0.49021019433349305,0.4793438485260788,0.541208844040973,2.220446049250313e-16
2.0,0.046471841040081494,2.220446049250313e-16,0.18942460501163072,2.220446049250313e-16,4.440892098500626e-16,2.220446049250313e-16,2.220446049250313e-16,2.7755575615628914e-17,0.7420398848339402,0.7550453974664184,2.220446049250313e-16,2.220446049250313e-16,0.47471055545618845
3.0,0.3167648262907581,0.06408553493067837,2.220446049250313e-16,2.220446049250313e-16,2.220446049250313e-16,0.630471302347708,0.628526025583177,2.220446049250313e-16,2.220446049250313e-16,0.29481883541098547,0.47994123607360506,0.5650655462907865,2.220446049250313e-16
4.0,0.03237320577200596,2.220446049250313e-16,0.8300176006973354,2.220446049250313e-16,2.220446049250313e-16,0.610495990039204,2.220446049250313e-16,2.220446049250313e-16,2.220446049250313e-16,2.220446049250313e-16,0.6628575014672827,2.220446049250313e-16,2.220446049250313e-16
5.0,0.5670179159078939,2.220446049250313e-16,0.1656420260626359,2.220446049250313e-16,2.220446049250313e-16,2.220446049250313e-16,0.00799429151540734,0.5804753737926861,0.5331409513507545,2.220446049250313e-16,0.7020891444991387,2.220446049250313e-16,2.220446049250313e-16
6.0,2.220446049250313e-16,2.220446049250313e-16,0.8579617425591484,0.1207515269456561,2.220446049250313e-16,0.6098234826605493,1.0408340855860843e-17,2.220446049250313e-16,2.220446049250313e-16,0.0325890172446571,0.49275710524802646,2.220446049250313e-16,2.220446049250313e-16
7.0,0.6633866690100622,0.0060103653297169934,2.220446049250313e-16,0.18120101088373752,2.220446049250313e-16,1.6653345369377348e-16,0.003126352522341823,0.5803328924593103,0.4026120303857111,2.220446049250313e-16,0.7040808411364889,2.220446049250313e-16,2.220446049250313e-16
8.0,2.220446049250313e-16,2.220446049250313e-16,0.8250576438073083,0.5074612504481156,3.3306690738754696e-16,0.6106153570114614,2.220446049250313e-16,2.220446049250313e-16,2.220446049250313e-16,2.220446049250313e-16,2.220446049250313e-16,2.220446049250313e-16,0.4747105554561885
9.0,0.6163193387628619,2.220446049250313e-16,2.220446049250313e-16,2.220446049250313e-16,2.220446049250313e-16,0.34453465356752305,0.005916508100518122,1.1102230246251565e-16,0.6908370620558792,0.5568361941389842,2.220446049250313e-16,2.220446049250313e-16,0.47471055545618845
10.0,0.04719524626763679,2.220446049250313e-16,0.34967213711216294,0.6545958432781197,2.220446049250313e-16,0.33611939810965136,2.220446049250313e-16,2.220446049250313e-16,0.7293781415625551,0.22757936128603096,2.220446049250313e-16,2.220446049250313e-16,2.220446049250313e-16
11.0,0.6740054611441835,2.220446049250313e-16,2.220446049250313e-16,0.3320490313994228,0.46943642569240307,0.3445346535675198,0.0034853557845741755,2.220446049250313e-16,0.40599389920803114,0.17934138192311955,0.462899159872113,2.220446049250313e-16,2.220446049250313e-16
12.0,0.3376779126392509,2.220446049250313e-16,0.025006319113395126,0.08780743467509233,2.220446049250313e-16,2.220446049250313e-16,2.220446049250313e-16,2.220446049250313e-16,0.4345894043225898,0.9697556527113366,2.220446049250313e-16,0.055476731058778095,2.220446049250313e-16
13.0,0.657708550825223,2.220446049250313e-16,0.006872023491835133,0.3427236073273919,2.220446049250313e-16,0.6303059193301354,0.004172180789083657,2.220446049250313e-16,0.6905120351321217,2.220446049250313e-16,0.4634035738739806,2.220446049250313e-16,2.220446049250313e-16
14.0,2.220446049250313e-16,2.220446049250313e-16,0.8579617425591484,0.1207515269456561,2.220446049250313e-16,0.6098234826605493,1.0408340855860843e-17,2.220446049250313e-16,2.220446049250313e-16,0.0325890172446571,0.49275710524802646,2.220446049250313e-16,2.220446049250313e-16
15.0,0.5670179159078939,2.220446049250313e-16,0.1656420260626359,2.220446049250313e-16,2.220446049250313e-16,2.220446049250313e-16,0.00799429151540734,0.5804753737926861,0.5331409513507545,2.220446049250313e-16,0.7020891444991387,2.220446049250313e-16,2.220446049250313e-16
16.0,2.220446049250313e-16,2.220446049250313e-16,0.8579617425591484,0.1207515269456561,2.220446049250313e-16,0.6098234826605493,1.0408340855860843e-17,2.220446049250313e-16,2.220446049250313e-16,0.0325890172446571,0.49275710524802646,2.220446049250313e-16,2.220446049250313e-16
17.0,0.6468214516378153,2.220446049250313e-16,0.0005792093468208748,2.220446049250313e-16,2.220446049250313e-16,2.220446049250313e-16,0.004631012052318655,0.5802777862076207,0.6912244199071509,2.220446049250313e-16,0.7048511521209924,2.220446049250313e-16,2.220446049250313e-16
18.0,0.07984621013949164,2.220446049250313e-16,0.5400641036675244,0.843047944171178,2.220446049250313e-16,0.6174740488818685,2.220446049250313e-16,2.220446049250313e-16,0.15788915259638517,0.01891187178594277,2.220446049250313e-16,2.220446049250313e-16,2.220446049250313e-16
19.0,0.6550228022802322,2.220446049250313e-16,0.010278580066940712,0.34262600242136204,2.220446049250313e-16,0.2856892831258272,0.004285370296813526,0.2010554126137353,0.6906869956357833,2.220446049250313e-16,0.5229674908327181,2.220446049250313e-16,2.220446049250313e-16
20.0,0.6491272915750821,2.220446049250313e-16,0.003863838026869959,2.220446049250313e-16,0.4694364256924029,2.220446049250313e-16,0.004533833599818989,2.220446049250313e-16,0.11726488289500987,0.8398976357200751,2.220446049250313e-16,0.07096327339111651,0.47471055545618845
21.0,0.24609849776237958,2.220446049250313e-16,0.025001218185949303,0.08777641439759515,2.220446049250313e-16,2.220446049250313e-16,0.42602078572580987,2.220446049250313e-16,0.27729911950393277,0.9702697900532057,2.220446049250313e-16,0.05541541632524061,2.220446049250313e-16
22.0,0.24609849776237958,2.220446049250313e-16,0.025001218185949303,0.08777641439759515,2.220446049250313e-16,2.220446049250313e-16,0.42602078572580987,2.220446049250313e-16,0.27729911950393277,0.9702697900532057,2.220446049250313e-16,0.05541541632524061,2.220446049250313e-16
23.0,0.6905803066880419,2.220446049250313e-16,2.220446049250313e-16,0.32440276151721426,0.46943642569240396,0.34453465356752355,0.0027868173412376445,2.220446049250313e-16,0.11684153741537548,0.30547815529996786,0.46210846096155306,0.13469680404644643,2.220446049250313e-16
24.0,0.27613835740827675,0.06442274058909414,2.220446049250313e-16,2.220446049250313e-16,2.220446049250313e-16,2.220446049250313e-16,0.6301929580714878,2.220446049250313e-16,2.220446049250313e-16,0.8117048034242462,2.220446049250313e-16,0.5034169972103865,0.47471055545618845
25.0,2.220446049250313e-16,0.3245963972991368,2.220446049250313e-16,0.31047328133678964,2.220446049250313e-16,2.220446049250313e-16,0.13863468636547183,0.6275059617996339,2.220446049250313e-16,0.3618805845757955,0.03570948507346854,0.5602976230584107,2.220446049250313e-16
26.0,2.220446049250313e-16,0.08327012691874273,0.9247928391746322,2.220446049250313e-16,2.220446049250313e-16,0.2636804631671806,2.220446049250313e-16,2.220446049250313e-16,2.220446049250313e-16,0.10734164729045087,0.28777579685089394,2.220446049250313e-16,0.47471055545618845
27.0,2.220446049250313e-16,0.7047910590032512,2.220446049250313e-16,2.220446049250313e-16,2.220446049250313e-16,2.220446049250313e-16,0.5240091035593089,2.220446049250313e-16,0.28753005740588045,2.220446049250313e-16,0.20232610324774902,0.4245012525112217,2.220446049250313e-16
28.0,2.220446049250313e-16,0.7047910590032512,2.220446049250313e-16,2.220446049250313e-16,2.220446049250313e-16,2.220446049250313e-16,0.5240091035593089,2.220446049250313e-16,0.28753005740588045,2.220446049250313e-16,0.20232610324774902,0.4245012525112217,2.220446049250313e-16
29.0,2.220446049250313e-16,0.7047910590032512,2.220446049250313e-16,2.220446049250313e-16,2.220446049250313e-16,2.220446049250313e-16,0.5240091035593089,2.220446049250313e-16,0.28753005740588045,2.220446049250313e-16,0.20232610324774902,0.4245012525112217,2.220446049250313e-16
30.0,0.2604806295863872,0.07011175764756727,2.220446049250313e-16,0.5235133361303689,0.4690196330084208,2.220446049250313e-16,0.6300894397007136,0.6057331533603841,2.220446049250313e-16,2.220446049250313e-16,0.3490194936192486,2.220446049250313e-16,0.4747105554561885
31.0,2.220446049250313e-16,0.08404287270361528,0.9147821433497475,2.220446049250313e-16,2.220446049250313e-16,2.220446049250313e-16,2.220446049250313e-16,0.37311214738467746,2.220446049250313e-16,0.10782784704377806,0.267296372595702,2.220446049250313e-16,0.47471055545618845
32.0,2.220446049250313e-16,0.9885782984329549,0.09293909994878263,2.220446049250313e-16,0.46355963389377197,2.220446049250313e-16,0.049535403854059516,2.220446049250313e-16,2.220446049250313e-16,2.220446049250313e-16,2.220446049250313e-16,2.220446049250313e-16,2.220446049250313e-16
33.0,2.220446049250313e-16,0.9885782984329549,0.09293909994878263,2.220446049250313e-16,0.46355963389377197,2.220446049250313e-16,0.049535403854059516,2.220446049250313e-16,2.220446049250313e-16,2.220446049250313e-16,2.220446049250313e-16,2.220446049250313e-16,2.220446049250313e-16
34.0,2.220446049250313e-16,0.9885782984329549,0.09293909994878263,2.220446049250313e-16,0.46355963389377197,2.220446049250313e-16,0.049535403854059516,2.220446049250313e-16,2.220446049250313e-16,2.220446049250313e-16,2.220446049250313e-16,2.220446049250313e-16,2.220446049250313e-16
35.0,0.2604806295863872,0.07011175764756727,2.220446049250313e-16,0.5235133361303689,0.4690196330084208,2.220446049250313e-16,0.6300894397007136,0.6057331533603841,2.220446049250313e-16,2.220446049250313e-16,0.3490194936192486,2.220446049250313e-16,0.4747105554561885
36.0,2.220446049250313e-16,0.08404287270361528,0.9147821433497475,2.220446049250313e-16,2.220446049250313e-16,2.220446049250313e-16,2.220446049250313e-16,0.37311214738467746,2.220446049250313e-16,0.10782784704377806,0.267296372595702,2.220446049250313e-16,0.47471055545618845
37.0,2.220446049250313e-16,0.9885782984329549,0.09293909994878263,2.220446049250313e-16,0.46355963389377197,2.220446049250313e-16,0.049535403854059516,2.220446049250313e-16,2.220446049250313e-16,2.220446049250313e-16,2.220446049250313e-16,2.220446049250313e-16,2.220446049250313e-16
38.0,2.220446049250313e-16,0.9885782984329549,0.09293909994878263,2.220446049250313e-16,0.46355963389377197,2.220446049250313e-16,0.049535403854059516,2.220446049250313e-16,2.220446049250313e-16,2.220446049250313e-16,2.220446049250313e-16,2.220446049250313e-16,2.220446049250313e-16
39.0,2.220446049250313e-16,0.9885782984329549,0.09293909994878263,2.220446049250313e-16,0.46355963389377197,2.220446049250313e-16,0.049535403854059516,2.220446049250313e-16,2.220446049250313e-16,2.220446049250313e-16,2.220446049250313e-16,2.220446049250313e-16,2.220446049250313e-16
40.0,0.10932594415817389,0.02146729441920725,0.49307321018751527,2.220446049250313e-16,2.220446049250313e-16,2.220446049250313e-16,2.220446049250313e-16,0.579841501307099,0.17076364195014426,0.03081798907436792,0.7109498258820275,2.220446049250313e-16,2.220446049250313e-16
41.0,2.220446049250313e-16,0.12417139464415218,0.6737622140002936,0.12095881195596286,2.220446049250313e-16,2.220446049250313e-16,2.220446049250313e-16,0.19842093612054865,0.014324731518299643,0.09679842866266775,0.5597939146760157,2.220446049250313e-16,2.220446049250313e-16
42.0,2.220446049250313e-16,0.08718969574088409,0.8740159704924577,2.220446049250313e-16,2.220446049250313e-16,0.32350047072785937,2.220446049250313e-16,0.3729958162109749,2.220446049250313e-16,2.220446049250313e-16,0.2689225253133412,2.220446049250313e-16,0.47471055545618845
43.0,0.5571598604114166,0.6214453458118403,0.30370981078702664,2.220446049250313e-16,2.220446049250313e-16,2.220446049250313e-16,0.36141090521587754,2.220446049250313e-16,2.220446049250313e-16,2.220446049250313e-16,2.220446049250313e-16,2.220446049250313e-16,2.220446049250313e-16
44.0,0.5571598604114166,0.6214453458118403,0.30370981078702664,2.220446049250313e-16,2.220446049250313e-16,2.220446049250313e-16,0.36141090521587754,2.220446049250313e-16,2.220446049250313e-16,2.220446049250313e-16,2.220446049250313e-16,2.220446049250313e-16,2.220446049250313e-16
45.0,0.2449361115460949,0.06164136017537136,0.0205850616281947,0.48554337549781096,0.4690699868979144,2.220446049250313e-16,0.6318811924263922,0.6057386335388771,0.27127425944284,0.057934162703359535,0.3489428881242006,2.220446049250313e-16,2.220446049250313e-16
46.0,2.220446049250313e-16,0.08327012691874273,0.9247928391746322,2.220446049250313e-16,2.220446049250313e-16,0.2636804631671806,2.220446049250313e-16,2.220446049250313e-16,2.220446049250313e-16,0.10734164729045087,0.28777579685089394,2.220446049250313e-16,0.47471055545618845
47.0,2.220446049250313e-16,0.941676430606736,2.220446049250313e-16,0.17232361873488417,2.220446049250313e-16,1.3877787807814457e-17,0.05582913379553141,2.220446049250313e-16,2.220446049250313e-16,2.220446049250313e-16,2.220446049250313e-16,0.42212724162800525,2.220446049250313e-16
48.0,2.220446049250313e-16,0.941676430606736,2.220446049250313e-16,0.17232361873488417,2.220446049250313e-16,1.3877787807814457e-17,0.05582913379553141,2.220446049250313e-16,2.220446049250313e-16,2.220446049250313e-16,2.220446049250313e-16,0.42212724162800525,2.220446049250313e-16
49.0,2.220446049250313e-16,0.941676430606736,2.220446049250313e-16,0.17232361873488417,2.220446049250313e-16,1.3877787807814457e-17,0.05582913379553141,2.220446049250313e-16,2.220446049250313e-16,2.220446049250313e-16,2.220446049250313e-16,0.42212724162800525,2.220446049250313e-16
50.0,0.27613835740827675,0.06442274058909414,2.220446049250313e-16,2.220446049250313e-16,2.220446049250313e-16,2.220446049250313e-16,0.6301929580714878,2.220446049250313e-16,2.220446049250313e-16,0.8117048034242462,2.220446049250313e-16,0.5034169972103865,0.47471055545618845
51.0,0.5548671912827626,2.220446049250313e-16,0.02554704435013,0.0910957478442527,0.4694364256924034,2.220446049250313e-16,0.4448988594956023,2.220446049250313e-16,2.220446049250313e-16,0.9152543803677878,2.220446049250313e-16,0.061976416491149,2.220446049250313e-16
52.0,0.5548671912827626,2.220446049250313e-16,0.02554704435013,0.0910957478442527,0.4694364256924034,2.220446049250313e-16,0.4448988594956023,2.220446049250313e-16,2.220446049250313e-16,0.9152543803677878,2.220446049250313e-16,0.061976416491149,2.220446049250313e-16
53.0,0.5548671912827626,2.220446049250313e-16,0.02554704435013,0.0910957478442527,0.4694364256924034,2.220446049250313e-16,0.4448988594956023,2.220446049250313e-16,2.220446049250313e-16,0.9152543803677878,2.220446049250313e-16,0.061976416491149,2.220446049250313e-16
54.0,0.6906256263234015,2.220446049250313e-16,2.220446049250313e-16,2.220446049250313e-16,2.220446049250313e-16,0.344534653567523,0.002784907368233714,2.220446049250313e-16,0.11605092494390411,0.4897180519329452,0.46210629899954775,0.5429666871496588,2.220446049250313e-16
55.0,2.220446049250313e-16,0.3245963972991368,2.220446049250313e-16,0.31047328133678964,2.220446049250313e-16,2.220446049250313e-16,0.13863468636547183,0.6275059617996339,2.220446049250313e-16,0.3618805845757955,0.03570948507346854,0.5602976230584107,2.220446049250313e-16
56.0,2.220446049250313e-16,2.220446049250313e-16,0.8340086593006099,2.220446049250313e-16,2.220446049250313e-16,2.220446049250313e-16,2.220446049250313e-16,2.220446049250313e-16,2.220446049250313e-16,0.6708208069781357,2.220446049250313e-16,2.220446049250313e-16,0.47471055545618845
57.0,2.220446049250313e-16,0.6249778414889234,2.220446049250313e-16,0.3324810498186056,2.220446049250313e-16,6.938893903907228e-18,2.220446049250313e-16,0.39513335185549886,2.220446049250313e-16,0.07439603102079166,2.220446049250313e-16,0.696099064640238,2.220446049250313e-16
58.0,2.220446049250313e-16,0.6249778414889234,2.220446049250313e-16,0.3324810498186056,2.220446049250313e-16,6.938893903907228e-18,2.220446049250313e-16,0.39513335185549886,2.220446049250313e-16,0.07439603102079166,2.220446049250313e-16,0.696099064640238,2.220446049250313e-16
59.0,2.220446049250313e-16,0.6249778414889234,2.220446049250313e-16,0.3324810498186056,2.220446049250313e-16,6.938893903907228e-18,2.220446049250313e-16,0.39513335185549886,2.220446049250313e-16,0.07439603102079166,2.220446049250313e-16,0.696099064640238,2.220446049250313e-16
60.0,0.26048062958638724,0.07011175764756727,2.220446049250313e-16,0.523513336130369,0.4690196330084207,2.220446049250313e-16,0.6300894397007135,0.605733153360384,2.220446049250313e-16,2.220446049250313e-16,0.3490194936192487,2.220446049250313e-16,0.4747105554561885
61.0,2.220446049250313e-16,0.08404287270361528,0.9147821433497475,2.220446049250313e-16,2.220446049250313e-16,2.220446049250313e-16,2.220446049250313e-16,0.37311214738467746,2.220446049250313e-16,0.10782784704377806,0.267296372595702,2.220446049250313e-16,0.47471055545618845
62.0,2.220446049250313e-16,0.9885782984329549,0.09293909994878263,2.220446049250313e-16,0.46355963389377197,2.220446049250313e-16,0.049535403854059516,2.220446049250313e-16,2.220446049250313e-16,2.220446049250313e-16,2.220446049250313e-16,2.220446049250313e-16,2.220446049250313e-16
63.0,2.220446049250313e-16,0.9885782984329549,0.09293909994878263,2.220446049250313e-16,0.46355963389377197,2.220446049250313e-16,0.049535403854059516,2.220446049250313e-16,2.220446049250313e-16,2.220446049250313e-16,2.220446049250313e-16,2.220446049250313e-16,2.220446049250313e-16
64.0,2.220446049250313e-16,0.9885782984329549,0.09293909994878263,2.220446049250313e-16,0.46355963389377197,2.220446049250313e-16,0.049535403854059516,2.220446049250313e-16,2.220446049250313e-16,2.220446049250313e-16,2.220446049250313e-16,2.220446049250313e-16,2.220446049250313e-16
65.0,0.6162717682204457,2.220446049250313e-16,2.220446049250313e-16,2.220446049250313e-16,2.220446049250313e-16,0.6304713023477082,0.00591851293685635,1.6653345369377348e-16,0.6916687244224339,0.36302869866206205,2.220446049250313e-16,2.220446049250313e-16,0.47471055545618845
66.0,2.220446049250313e-16,2.220446049250313e-16,0.7054968014170858,0.8387537548679,2.220446049250313e-16,0.61349272390658,2.220446049250313e-16,2.220446049250313e-16,2.220446049250313e-16,0.011557721521353308,2.220446049250313e-16,2.220446049250313e-16,2.220446049250313e-16
67.0,2.220446049250313e-16,2.220446049250313e-16,0.7054968014170858,0.8387537548679,2.220446049250313e-16,0.61349272390658,2.220446049250313e-16,2.220446049250313e-16,2.220446049250313e-16,0.011557721521353308,2.220446049250313e-16,2.220446049250313e-16,2.220446049250313e-16
68.0,0.6458430150787087,2.220446049250313e-16,0.01012940241455973,2.220446049250313e-16,2.220446049250313e-16,0.28569287325475123,0.004672247763933219,0.18649142613311784,0.6912868550104068,2.220446049250313e-16,0.7265523549870953,2.220446049250313e-16,2.220446049250313e-16
69.0,0.6458430150787087,2.220446049250313e-16,0.01012940241455973,2.220446049250313e-16,2.220446049250313e-16,0.28569287325475123,0.004672247763933219,0.18649142613311784,0.6912868550104068,2.220446049250313e-16,0.7265523549870953,2.220446049250313e-16,2.220446049250313e-16
