id,x_0,x_1,x_2,x_3,x_4,x_5,x_6,x_7,x_8,x_9,x_10,x_11,x_12,x_13,x_14,x_15,x_16,x_17
0.0,2.220446049250313e-16,2.220446049250313e-16,2.220446049250313e-16,3.5016625902645974e-05,0.0029716842674746835,2.220446049250313e-16,0.0665970572937234,0.01297571696274167,2.220446049250313e-16,1.1102230246251565e-16,2.220446049250313e-16,2.220446049250313e-16,0.8133253924281593,0.598728146561065,0.6073041080372442,2.220446049250313e-16,0.8305298859278512,0.16560060888536285
1.0,2.220446049250313e-16,2.220446049250313e-16,2.220446049250313e-16,2.220446049250313e-16,0.5654562038741567,0.0028468807809988173,2.220446049250313e-16,1.08863718823383,2.220446049250313e-16,0.46227172065331523,0.41928038800747136,0.015566612204314215,0.13729057615125978,2.220446049250313e-16,2.220446049250313e-16,0.5715985473687681,0.08217489374527907,0.009062384826037282
2.0,2.220446049250313e-16,2.220446049250313e-16,0.0937662528831666,2.220446049250313e-16,2.220446049250313e-16,2.220446049250313e-16,2.220446049250313e-16,0.03959716756747378,0.3875841418965822,2.220446049250313e-16,2.220446049250313e-16,2.220446049250313e-16,0.9916988161568422,0.2157262109083485,0.817326585125097,2.220446049250313e-16,2.220446049250313e-16,0.5204817095235441
3.0,0.4103785788403121,0.48480915397752056,2.220446049250313e-16,2.220446049250313e-16,0.009317326819960652,0.1198769277567031,0.6874008389738152,0.11337574292172228,0.31331296787393464,2.220446049250313e-16,2.220446049250313e-16,0.7038438592113472,2.220446049250313e-16,0.8728772078383042,2.220446049250313e-16,0.649201813207439,2.220446049250313e-16,2.220446049250313e-16
4.0,2.220446049250313e-16,2.220446049250313e-16,0.5675806551610152,0.2413928122460759,0.19207425887185978,2.220446049250313e-16,0.32456287311897936,0.004179747401962026,0.17024182933616214,2.220446049250313e-16,2.220446049250313e-16,2.220446049250313e-16,0.6189235651284711,2.220446049250313e-16,0.20354628346202822,2.220446049250313e-16,2.220446049250313e-16,0.7959830136781295
5.0,0.8308676957544673,0.48480915397752056,2.220446049250313e-16,2.220446049250313e-16,2.220446049250313e-16,0.40035624572207973,2.220446049250313e-16,2.220446049250313e-16,0.6343605017470693,0.5218839740347299,2.220446049250313e-16,0.6931262187215238,2.220446049250313e-16,0.445634733325258,2.220446049250313e-16,2.220446049250313e-16,2.220446049250313e-16,0.014147119133354586
6.0,2.220446049250313e-16,0.48480915397752067,2.220446049250313e-16,0.6413913543323365,0.6923802358879674,2.220446049250313e-16,0.7264366691257589,2.220446049250313e-16,2.220446049250313e-16,2.220446049250313e-16,3.3306690738754696e-16,2.220446049250313e-16,2.220446049250313e-16,0.05133553184605993,2.220446049250313e-16,2.220446049250313e-16,0.03347902837497265,0.852785846388088
7.0,0.7256555686521282,2.220446049250313e-16,2.220446049250313e-16,0.305946777719591,2.220446049250313e-16,0.9023708274618011,2.220446049250313e-16,2.220446049250313e-16,0.5105297761260578,0.5083878893505632,2.7755575615628914e-17,2.220446049250313e-16,0.29580156275062797,0.009294157913515115,2.220446049250313e-16,2.220446049250313e-16,2.220446049250313e-16,2.220446049250313e-16
8.0,2.220446049250313e-16,2.220446049250313e-16,2.220446049250313e-16,0.857417894644908,0.7546806919300147,0.19992296641603893,2.220446049250313e-16,2.220446049250313e-16,2.220446049250313e-16,2.220446049250313e-16,0.4964017217301488,2.220446049250313e-16,2.220446049250313e-16,2.220446049250313e-16,0.13147858668285753,0.40519379633570357,2.220446049250313e-16,0.599799638222139
9.0,0.7301474055928603,2.220446049250313e-16,2.220446049250313e-16,0.5703447076370449,2.220446049250313e-16,0.8972112989859177,2.220446049250313e-16,2.220446049250313e-16,0.16985803220697127,0.5176398575543687,2.220446049250313e-16,2.220446049250313e-16,0.3201455612024582,2.220446049250313e-16,2.220446049250313e-16,2.220446049250313e-16,2.220446049250313e-16,2.220446049250313e-16
10.0,0.011725250985690775,2.220446049250313e-16,2.220446049250313e-16,0.8487512876466081,0.6574212715706679,0.03059455142436067,0.2924956960004602,2.220446049250313e-16,2.220446049250313e-16,2.220446049250313e-16,0.4964017217301483,2.220446049250313e-16,2.220446049250313e-16,2.220446049250313e-16,0.10335060319239366,2.220446049250313e-16,0.03468708019942081,0.795556217402602
11.0,0.2701271323295135,0.484809153977521,2.220446049250313e-16,2.220446049250313e-16,2.220446049250313e-16,0.9277223754952633,2.220446049250313e-16,0.11156157604320086,0.3695741281545499,0.5112963306671943,2.220446049250313e-16,2.220446049250313e-16,2.220446049250313e-16,0.8036070939292284,2.220446049250313e-16,0.2385573929036642,2.220446049250313e-16,2.220446049250313e-16
12.0,2.220446049250313e-16,2.220446049250313e-16,0.12889045563634913,2.220446049250313e-16,2.220446049250313e-16,2.220446049250313e-16,2.220446049250313e-16,0.05603678508704102,0.40782641739580827,2.220446049250313e-16,2.220446049250313e-16,2.220446049250313e-16,0.4835799741192582,0.24457102807158487,0.8209459244224147,2.220446049250313e-16,2.220446049250313e-16,0.8476875780898736
13.0,2.220446049250313e-16,2.220446049250313e-16,2.220446049250313e-16,2.220446049250313e-16,0.5654562038741567,0.0028468807809988173,2.220446049250313e-16,1.08863718823383,2.220446049250313e-16,0.46227172065331523,0.41928038800747136,0.015566612204314215,0.13729057615125978,2.220446049250313e-16,2.220446049250313e-16,0.5715985473687681,0.08217489374527907,0.009062384826037282
14.0,2.220446049250313e-16,2.220446049250313e-16,2.220446049250313e-16,2.220446049250313e-16,0.006536094786516149,2.220446049250313e-16,0.07831540814407612,0.09622309868060909,2.220446049250313e-16,2.220446049250313e-16,2.220446049250313e-16,2.220446049250313e-16,0.7801101514483998,0.3351928567738069,0.6099113323077163,2.220446049250313e-16,0.9117828633983524,0.1654046893034594
15.0,2.220446049250313e-16,2.220446049250313e-16,0.42463082301897453,2.220446049250313e-16,0.5671346020164173,0.005558294086884796,2.220446049250313e-16,1.0495115597809355,2.220446049250313e-16,0.46218100256834005,0.4220521293016671,0.01610647458120928,2.220446049250313e-16,2.220446049250313e-16,2.220446049250313e-16,0.5747228574135695,0.07373971943908507,0.02074098860959856
16.0,2.220446049250313e-16,2.220446049250313e-16,0.3985540712405746,0.11095871748940311,2.220446049250313e-16,2.220446049250313e-16,2.220446049250313e-16,0.02596369814637887,0.5262572868671107,2.220446049250313e-16,2.220446049250313e-16,2.220446049250313e-16,0.03387069459347363,2.220446049250313e-16,0.8248203611724783,2.220446049250313e-16,2.220446049250313e-16,1.085053431529715
17.0,0.08842318628893564,0.4848091539775208,2.220446049250313e-16,2.220446049250313e-16,2.220446049250313e-16,0.9471425347507403,2.220446049250313e-16,0.4264756928799902,0.3298059070774482,0.5117064481014726,2.220446049250313e-16,2.220446049250313e-16,2.220446049250313e-16,0.5575046207814838,2.220446049250313e-16,0.21318143676451604,2.220446049250313e-16,2.220446049250313e-16
18.0,0.01221354273842467,1.942890293094024e-16,0.432886468927095,0.8377352657226521,0.02328506381026388,0.029312043083509078,0.026992417319348018,0.03326348383427372,2.220446049250313e-16,2.220446049250313e-16,0.49404526701292223,2.220446049250313e-16,2.220446049250313e-16,2.220446049250313e-16,0.6777999338914956,0.23104137131113503,0.03451960641194593,0.677593667546912
19.0,0.04382452088942018,3.885780586188048e-16,0.4239616864141824,2.220446049250313e-16,2.220446049250313e-16,0.40308622772699515,2.220446049250313e-16,0.9327529431327595,2.220446049250313e-16,2.220446049250313e-16,0.43032355373658954,0.2324901226466461,2.220446049250313e-16,0.009488956159410707,2.220446049250313e-16,0.5818838558313807,0.268400213991536,0.0345112551753333
20.0,0.0008224191702026274,2.220446049250313e-16,0.6233823152536259,0.00011861156224414177,0.024233971273728856,2.220446049250313e-16,0.026246685969267065,0.771264933283171,0.005288825266574503,2.220446049250313e-16,2.220446049250313e-16,0.730857324130252,0.00257499983589735,2.220446049250313e-16,2.220446049250313e-16,2.220446049250313e-16,0.89708895426176,0.01376593936249481
21.0,2.220446049250313e-16,2.220446049250313e-16,0.5816040167223068,0.0463827808865237,2.220446049250313e-16,2.220446049250313e-16,2.220446049250313e-16,0.022654178637921775,0.5360980222079873,2.220446049250313e-16,2.220446049250313e-16,2.220446049250313e-16,0.13701209336622208,2.220446049250313e-16,0.8287128409887823,2.220446049250313e-16,2.220446049250313e-16,1.014374062670939
22.0,2.220446049250313e-16,2.220446049250313e-16,0.5816040167223068,0.0463827808865237,2.220446049250313e-16,2.220446049250313e-16,2.220446049250313e-16,0.022654178637921775,0.5360980222079873,2.220446049250313e-16,2.220446049250313e-16,2.220446049250313e-16,0.13701209336622208,2.220446049250313e-16,0.8287128409887823,2.220446049250313e-16,2.220446049250313e-16,1.014374062670939
23.0,0.8561207766813834,0.4848091539775211,2.220446049250313e-16,2.220446049250313e-16,0.012374270111432332,0.0311935897717928,0.6899786543106332,2.220446049250313e-16,0.308049234716074,2.220446049250313e-16,2.220446049250313e-16,0.6936934582283072,0.0011909614407856536,0.8125311824931594,2.220446049250313e-16,0.4061307591523371,2.220446049250313e-16,2.220446049250313e-16
24.0,0.8561207766813834,0.4848091539775211,2.220446049250313e-16,2.220446049250313e-16,0.012374270111432332,0.0311935897717928,0.6899786543106332,2.220446049250313e-16,0.308049234716074,2.220446049250313e-16,2.220446049250313e-16,0.6936934582283072,0.0011909614407856536,0.8125311824931594,2.220446049250313e-16,0.4061307591523371,2.220446049250313e-16,2.220446049250313e-16
25.0,0.0008224191702026274,2.220446049250313e-16,0.6233823152536259,0.00011861156224414177,0.024233971273728856,2.220446049250313e-16,0.026246685969267065,0.771264933283171,0.005288825266574503,2.220446049250313e-16,2.220446049250313e-16,0.730857324130252,0.00257499983589735,2.220446049250313e-16,2.220446049250313e-16,2.220446049250313e-16,0.89708895426176,0.01376593936249481
26.0,2.220446049250313e-16,2.220446049250313e-16,2.220446049250313e-16,2.220446049250313e-16,2.220446049250313e-16,2.220446049250313e-16,2.220446049250313e-16,0.09250687614418848,0.06055856226920664,2.220446049250313e-16,2.220446049250313e-16,2.220446049250313e-16,0.8474160716393461,2.220446049250313e-16,0.6746713655192812,2.220446049250313e-16,0.9061388819088245,0.26353405165792626
27.0,2.220446049250313e-16,2.220446049250313e-16,0.09159829156267389,2.220446049250313e-16,0.01027122158103122,2.220446049250313e-16,2.220446049250313e-16,0.037279409334185505,0.04264975055620048,2.220446049250313e-16,2.220446049250313e-16,2.220446049250313e-16,1.0618920267695056,0.21295517513406592,0.8094876056164824,2.220446049250313e-16,2.220446049250313e-16,0.525968421861634
28.0,0.00021046211529376604,2.220446049250313e-16,2.220446049250313e-16,2.220446049250313e-16,2.220446049250313e-16,0.004073315373523734,2.220446049250313e-16,1.0088769770870705,2.220446049250313e-16,0.46223068677724105,0.42493076806808616,0.7281030428425354,0.06478050200881047,2.220446049250313e-16,2.220446049250313e-16,0.5779915458802078,0.29186229364855243,2.220446049250313e-16
29.0,0.00021046211529376604,2.220446049250313e-16,2.220446049250313e-16,2.220446049250313e-16,2.220446049250313e-16,0.004073315373523734,2.220446049250313e-16,1.0088769770870705,2.220446049250313e-16,0.46223068677724105,0.42493076806808616,0.7281030428425354,0.06478050200881047,2.220446049250313e-16,2.220446049250313e-16,0.5779915458802078,0.29186229364855243,2.220446049250313e-16
30.0,0.10944315841010337,3.3306690738754696e-16,0.61151423594018,2.220446049250313e-16,0.8959516060985315,2.220446049250313e-16,0.07241695095857395,2.220446049250313e-16,2.220446049250313e-16,6.938893903907228e-17,3.3306690738754696e-16,2.220446049250313e-16,0.12115949887881179,0.8893875780335347,2.220446049250313e-16,4.930380657631324e-32,0.7643979081836814,0.01245648323367295
31.0,2.220446049250313e-16,2.220446049250313e-16,0.08083604225025849,2.220446049250313e-16,0.708827518985222,2.220446049250313e-16,0.050793318472942474,0.0004864081218864211,0.03849784911040393,0.46134095385082413,2.220446049250313e-16,2.220446049250313e-16,1.1956744783655096,0.2871154226124589,0.02820812784530106,2.220446049250313e-16,0.31515922462321716,0.08853392266527166
32.0,2.220446049250313e-16,2.220446049250313e-16,0.08083604225025849,2.220446049250313e-16,0.708827518985222,2.220446049250313e-16,0.050793318472942474,0.0004864081218864211,0.03849784911040393,0.46134095385082413,2.220446049250313e-16,2.220446049250313e-16,1.1956744783655096,0.2871154226124589,0.02820812784530106,2.220446049250313e-16,0.31515922462321716,0.08853392266527166
33.0,0.8028010592555376,0.4848091539775208,0.42365309569948884,0.041265569436080195,0.8665751503947535,2.220446049250313e-16,0.07488519649677632,0.23339680148072786,0.013606054007921578,2.220446049250313e-16,2.220446049250313e-16,2.220446049250313e-16,2.220446049250313e-16,0.2537104983999547,0.1829066633841142,0.3875766594318422,0.04607551337632243,2.220446049250313e-16
34.0,2.220446049250313e-16,2.220446049250313e-16,0.572702762264944,0.0013070390815167476,0.8938553573616074,0.0001629706830123232,0.07542847141225573,2.220446049250313e-16,2.220446049250313e-16,2.220446049250313e-16,2.220446049250313e-16,2.220446049250313e-16,0.6003025025117097,0.6012720318458846,2.220446049250313e-16,2.220446049250313e-16,0.7371615797822807,2.220446049250313e-16
35.0,0.1710444818845045,2.220446049250313e-16,0.17717936511762777,2.220446049250313e-16,0.032431098095600505,0.5776039104360068,0.014980486585540081,2.220446049250313e-16,0.8237407336134087,0.04853944794128382,2.7755575615628914e-17,0.24075707912272024,0.12296731698521576,0.2281992947246343,2.220446049250313e-16,2.220446049250313e-16,0.7780261280687129,0.027110683469553615
36.0,2.220446049250313e-16,0.48480915397752067,2.220446049250313e-16,0.6413913543323365,0.6923802358879674,2.220446049250313e-16,0.7264366691257589,2.220446049250313e-16,2.220446049250313e-16,2.220446049250313e-16,3.3306690738754696e-16,2.220446049250313e-16,2.220446049250313e-16,0.05133553184605993,2.220446049250313e-16,2.220446049250313e-16,0.03347902837497265,0.852785846388088
37.0,2.220446049250313e-16,0.48480915397752067,2.220446049250313e-16,0.6413913543323365,0.6923802358879674,2.220446049250313e-16,0.7264366691257587,2.220446049250313e-16,2.220446049250313e-16,2.220446049250313e-16,2.220446049250313e-16,2.220446049250313e-16,2.220446049250313e-16,0.05133553184605984,2.220446049250313e-16,2.220446049250313e-16,0.033479028374972665,0.8527858463880881
38.0,0.856453113494431,2.220446049250313e-16,2.220446049250313e-16,0.07900029499962535,2.220446049250313e-16,0.6171981971744528,2.220446049250313e-16,2.220446049250313e-16,0.7930892900231487,0.5103985795659021,2.220446049250313e-16,0.4778373787829653,0.04245368767245145,0.1415555599206712,2.220446049250313e-16,2.220446049250313e-16,2.220446049250313e-16,2.220446049250313e-16
39.0,0.856453113494431,2.220446049250313e-16,2.220446049250313e-16,0.07900029499962535,2.220446049250313e-16,0.6171981971744528,2.220446049250313e-16,2.220446049250313e-16,0.7930892900231487,0.5103985795659021,2.220446049250313e-16,0.4778373787829653,0.04245368767245145,0.1415555599206712,2.220446049250313e-16,2.220446049250313e-16,2.220446049250313e-16,2.220446049250313e-16
40.0,0.6133989997804215,2.220446049250313e-16,2.220446049250313e-16,0.7952411564973033,0.03417235746195647,0.8497504241519339,0.11396501348174383,2.220446049250313e-16,2.220446049250313e-16,2.220446049250313e-16,2.220446049250313e-16,2.220446049250313e-16,2.220446049250313e-16,0.022463729517868996,0.09784255225229381,2.220446049250313e-16,2.220446049250313e-16,0.2670851959255164
41.0,0.6056178887844288,2.220446049250313e-16,2.220446049250313e-16,0.6861656830658215,2.220446049250313e-16,0.9123514658522386,2.220446049250313e-16,2.220446049250313e-16,2.220446049250313e-16,0.5216602356482413,2.220446049250313e-16,2.220446049250313e-16,0.4422252986775819,2.220446049250313e-16,2.220446049250313e-16,2.220446049250313e-16,2.220446049250313e-16,2.220446049250313e-16
42.0,0.17818867350920442,2.220446049250313e-16,2.220446049250313e-16,0.8791650600236238,0.7595723770783781,0.21994277327647127,2.220446049250313e-16,0.018275675680140574,2.220446049250313e-16,2.220446049250313e-16,2.220446049250313e-16,2.220446049250313e-16,2.220446049250313e-16,2.220446049250313e-16,0.15344405987085735,0.6374893613763207,2.220446049250313e-16,0.4387637201787775
43.0,0.4003824471143591,2.220446049250313e-16,2.220446049250313e-16,0.7578095269661942,2.220446049250313e-16,0.929362424550843,2.220446049250313e-16,0.20944368334084393,2.220446049250313e-16,2.220446049250313e-16,2.220446049250313e-16,2.220446049250313e-16,0.4182930749530377,2.220446049250313e-16,0.09685792102245998,2.220446049250313e-16,2.220446049250313e-16,2.220446049250313e-16
44.0,0.4003824471143591,2.220446049250313e-16,2.220446049250313e-16,0.7578095269661942,2.220446049250313e-16,0.929362424550843,2.220446049250313e-16,0.20944368334084393,2.220446049250313e-16,2.220446049250313e-16,2.220446049250313e-16,2.220446049250313e-16,0.4182930749530377,2.220446049250313e-16,0.09685792102245998,2.220446049250313e-16,2.220446049250313e-16,2.220446049250313e-16
45.0,0.6718091512104439,2.220446049250313e-16,2.220446049250313e-16,0.08437241524926009,0.026619771434617162,0.5727142120466112,0.4241274732434155,2.220446049250313e-16,0.6362003619136429,2.220446049250313e-16,3.3306690738754696e-16,0.4543364957053866,0.5551144294640032,2.220446049250313e-16,2.220446049250313e-16,2.220446049250313e-16,2.220446049250313e-16,2.220446049250313e-16
46.0,2.220446049250313e-16,2.220446049250313e-16,0.1277178970580619,2.220446049250313e-16,0.8450773564931287,2.220446049250313e-16,0.3935629593528949,2.220446049250313e-16,0.6874768100253278,2.220446049250313e-16,3.3306690738754696e-16,2.220446049250313e-16,0.7271344564604001,0.0033428774721058823,2.220446049250313e-16,2.220446049250313e-16,0.5411553840006833,0.03028816689604895
47.0,0.011817994578268062,2.220446049250313e-16,0.42927258442401667,0.842058402984243,0.4754268051021802,0.030836546125868274,0.009252079534747413,2.220446049250313e-16,2.220446049250313e-16,2.220446049250313e-16,0.4964017217301484,2.220446049250313e-16,2.220446049250313e-16,2.220446049250313e-16,0.3564520524117536,2.220446049250313e-16,0.03372257176680378,0.7525763908197887
48.0,0.07714249207994016,2.220446049250313e-16,2.220446049250313e-16,2.220446049250313e-16,2.220446049250313e-16,0.23696359309094917,0.2867861581007346,0.9354059271969134,2.220446049250313e-16,2.220446049250313e-16,0.43013561080061036,0.4585355040017214,2.220446049250313e-16,2.220446049250313e-16,2.220446049250313e-16,0.5825934728375026,0.27004460704555033,0.0353380629388786
49.0,0.522487315223268,2.220446049250313e-16,2.220446049250313e-16,0.3955769456834408,2.220446049250313e-16,0.9736022518384118,2.220446049250313e-16,0.07383731840437213,0.03577289318767573,0.056290550528024764,2.220446049250313e-16,2.220446049250313e-16,2.220446049250313e-16,0.7529307591754182,0.16133271400247123,0.007456401116654681,2.220446049250313e-16,2.220446049250313e-16
50.0,0.20143976815095965,2.220446049250313e-16,2.220446049250313e-16,2.220446049250313e-16,2.220446049250313e-16,2.220446049250313e-16,2.220446049250313e-16,0.8140465901603051,2.220446049250313e-16,2.220446049250313e-16,2.220446049250313e-16,0.7248589535601582,0.1618193056398804,2.220446049250313e-16,0.139742412894385,2.220446049250313e-16,0.8564687413071806,2.220446049250313e-16
51.0,2.220446049250313e-16,2.220446049250313e-16,0.10194430351483427,2.220446049250313e-16,0.000312200733200374,2.220446049250313e-16,0.3961582394599892,0.1110437443893339,2.220446049250313e-16,2.220446049250313e-16,2.220446049250313e-16,2.220446049250313e-16,0.899093471766095,0.3137747745528821,0.611078196257946,2.220446049250313e-16,0.7075089614152346,0.08801272266839232
52.0,2.220446049250313e-16,2.220446049250313e-16,2.220446049250313e-16,2.220446049250313e-16,2.220446049250313e-16,2.220446049250313e-16,2.220446049250313e-16,0.09250687614418848,0.06055856226920664,2.220446049250313e-16,2.220446049250313e-16,2.220446049250313e-16,0.8474160716393461,2.220446049250313e-16,0.6746713655192812,2.220446049250313e-16,0.9061388819088245,0.26353405165792626
53.0,2.220446049250313e-16,2.220446049250313e-16,2.220446049250313e-16,2.220446049250313e-16,0.7571342288067242,0.007879520358317293,2.220446049250313e-16,0.9554365566705368,2.220446049250313e-16,0.462103339306276,0.4287165991436434,2.220446049250313e-16,0.05183778243395417,2.220446049250313e-16,2.220446049250313e-16,0.5822583684096199,0.2844394741762945,2.220446049250313e-16
54.0,0.20107174094507477,2.220446049250313e-16,2.220446049250313e-16,2.220446049250313e-16,0.29739795393125024,2.220446049250313e-16,2.220446049250313e-16,0.7613089375222801,2.220446049250313e-16,3.3306690738754696e-16,2.220446049250313e-16,0.45221088855281594,0.15875332779468077,2.220446049250313e-16,0.140077466441626,2.220446049250313e-16,0.8535319961835766,2.220446049250313e-16
55.0,2.220446049250313e-16,2.220446049250313e-16,0.6220331014182547,2.220446049250313e-16,0.026530701671868218,0.03483130997448776,0.02595776992064959,0.6171018754544495,0.08512703892698344,0.08638446499605708,2.220446049250313e-16,0.7328695044841863,0.005159526298224008,2.220446049250313e-16,2.220446049250313e-16,2.220446049250313e-16,0.9139568949719907,0.012866748698537296
56.0,2.220446049250313e-16,2.220446049250313e-16,0.5816040167223068,0.0463827808865237,2.220446049250313e-16,2.220446049250313e-16,2.220446049250313e-16,0.022654178637921775,0.5360980222079873,2.220446049250313e-16,2.220446049250313e-16,2.220446049250313e-16,0.13701209336622208,2.220446049250313e-16,0.8287128409887823,2.220446049250313e-16,2.220446049250313e-16,1.014374062670939
57.0,2.220446049250313e-16,2.220446049250313e-16,0.5816040167223068,0.0463827808865237,2.220446049250313e-16,2.220446049250313e-16,2.220446049250313e-16,0.022654178637921775,0.5360980222079873,2.220446049250313e-16,2.220446049250313e-16,2.220446049250313e-16,0.13701209336622208,2.220446049250313e-16,0.8287128409887823,2.220446049250313e-16,2.220446049250313e-16,1.014374062670939
58.0,0.8561207766813834,0.4848091539775211,2.220446049250313e-16,2.220446049250313e-16,0.012374270111432332,0.0311935897717928,0.6899786543106332,2.220446049250313e-16,0.308049234716074,2.220446049250313e-16,2.220446049250313e-16,0.6936934582283072,0.0011909614407856536,0.8125311824931594,2.220446049250313e-16,0.4061307591523371,2.220446049250313e-16,2.220446049250313e-16
59.0,0.8561207766813834,0.4848091539775211,2.220446049250313e-16,2.220446049250313e-16,0.012374270111432332,0.0311935897717928,0.6899786543106332,2.220446049250313e-16,0.308049234716074,2.220446049250313e-16,2.220446049250313e-16,0.6936934582283072,0.0011909614407856536,0.8125311824931594,2.220446049250313e-16,0.4061307591523371,2.220446049250313e-16,2.220446049250313e-16
60.0,0.18429450360355915,2.220446049250313e-16,0.18798849617591995,2.220446049250313e-16,0.014382779568314918,0.27880440998125583,0.28108231869669886,2.220446049250313e-16,0.4117399041875625,0.06951699316128122,1.3877787807814457e-16,0.4963726470776194,0.042208021044517874,0.8051678783669616,2.220446049250313e-16,2.220446049250313e-16,0.7815183045912772,0.012186736331156056
61.0,2.220446049250313e-16,0.48480915397752056,2.220446049250313e-16,0.34303387990585893,0.18519894729644304,2.220446049250313e-16,0.625777686992042,2.220446049250313e-16,0.17620053524310497,2.220446049250313e-16,2.220446049250313e-16,2.220446049250313e-16,2.220446049250313e-16,2.220446049250313e-16,0.2103410924048749,2.220446049250313e-16,0.03580290473535111,1.132163282015208
62.0,2.220446049250313e-16,0.48480915397752056,2.220446049250313e-16,0.34303387990585893,0.18519894729644304,2.220446049250313e-16,0.625777686992042,2.220446049250313e-16,0.17620053524310497,2.220446049250313e-16,2.220446049250313e-16,2.220446049250313e-16,2.220446049250313e-16,2.220446049250313e-16,0.2103410924048749,2.220446049250313e-16,0.03580290473535111,1.132163282015208
63.0,0.856453113494431,2.220446049250313e-16,2.220446049250313e-16,0.07900029499962535,2.220446049250313e-16,0.6171981971744528,2.220446049250313e-16,2.220446049250313e-16,0.7930892900231487,0.5103985795659021,2.220446049250313e-16,0.4778373787829653,0.04245368767245145,0.1415555599206712,2.220446049250313e-16,2.220446049250313e-16,2.220446049250313e-16,2.220446049250313e-16
64.0,0.856453113494431,2.220446049250313e-16,2.220446049250313e-16,0.07900029499962535,2.220446049250313e-16,0.6171981971744528,2.220446049250313e-16,2.220446049250313e-16,0.7930892900231487,0.5103985795659021,2.220446049250313e-16,0.4778373787829653,0.04245368767245145,0.1415555599206712,2.220446049250313e-16,2.220446049250313e-16,2.220446049250313e-16,2.220446049250313e-16
65.0,2.220446049250313e-16,2.220446049250313e-16,2.220446049250313e-16,0.210143996479501,2.220446049250313e-16,0.8491983149540366,2.220446049250313e-16,0.7832288751023369,0.2190193571098385,2.220446049250313e-16,0.4409161512289223,2.220446049250313e-16,2.220446049250313e-16,2.220446049250313e-16,2.220446049250313e-16,0.18510012327140474,0.09075543679588993,0.04173533879335419
66.0,2.220446049250313e-16,2.220446049250313e-16,2.220446049250313e-16,0.8130184573200939,2.220446049250313e-16,0.20167808917831942,2.220446049250313e-16,2.220446049250313e-16,2.220446049250313e-16,2.220446049250313e-16,0.4964017217301485,2.220446049250313e-16,0.09189795028049454,2.220446049250313e-16,0.8419058517827365,2.220446049250313e-16,0.1805551090154553,0.614091611171106
67.0,0.4074151415911895,2.220446049250313e-16,2.220446049250313e-16,0.5757581615020865,2.220446049250313e-16,0.9133598710477708,0.31543176580007565,0.6965151027150217,2.220446049250313e-16,2.220446049250313e-16,2.220446049250313e-16,2.220446049250313e-16,2.220446049250313e-16,2.220446049250313e-16,2.220446049250313e-16,2.220446049250313e-16,2.220446049250313e-16,2.220446049250313e-16
68.0,0.4074151415911895,2.220446049250313e-16,2.220446049250313e-16,0.5757581615020865,2.220446049250313e-16,0.9133598710477708,0.31543176580007565,0.6965151027150217,2.220446049250313e-16,2.220446049250313e-16,2.220446049250313e-16,2.220446049250313e-16,2.220446049250313e-16,2.220446049250313e-16,2.220446049250313e-16,2.220446049250313e-16,2.220446049250313e-16,2.220446049250313e-16
69.0,0.4074151415911895,2.220446049250313e-16,2.220446049250313e-16,0.5757581615020865,2.220446049250313e-16,0.9133598710477708,0.31543176580007565,0.6965151027150217,2.220446049250313e-16,2.220446049250313e-16,2.220446049250313e-16,2.220446049250313e-16,2.220446049250313e-16,2.220446049250313e-16,2.220446049250313e-16,2.220446049250313e-16,2.220446049250313e-16,2.220446049250313e-16
