0 0.33692232303788433 0.30931350869003277 0.33692232216252654 0.036653788720247105 0.036653789744584296 0.03665378811279514 0.33692232266148486 0.16874079415064513 0.3093135085426358 0.03665378984896883 0.3093135086764158 0.3369223229489396 0.03665378965353767 0.640335176820599 0.3369223223555332 0.47682748849719375 0.41188213562866866 0.4118821355004303 0.16874079459151545 0.32409938369879715
67 0.2321182909011086 0.1688347769462591 0.23211829040149495 0.05987661266761579 0.05987661371733707 0.059876612156388086 0.23211829057039904 0.24701788049617887 0.16883477635275865 0.05987661346618698 0.16883477646820905 0.23211829107081344 0.059876613525967765 0.41188213568802723 0.2321182907163821 0.2870128746159588 0.7148788742006862 0.7148788746353109 0.24701788089076152 0.4806259931554376
19 0.3782098805447735 0.4751061711989663 0.37820987956980684 0.19136030979551907 0.1913603106529497 0.19136030916153296 0.3782098804008154 0.22333030428510262 0.47510617079395434 0.19136031064542475 0.4751061711767392 0.37820988069120837 0.19136031071556306 0.309313508622771 0.37820987982855225 0.3628233978748304 0.16883477661378607 0.1688347765850224 0.2233303045740972 0.2010872747340958
36 0.40784118685765824 0.3782098802007977 0.40784118608144376 0.20435947192330775 0.2043594727648707 0.204359471274016 0.40784118679506376 0.26032137420431445 0.3782098798987064 0.20435947291655668 0.3782098802861445 0.4078411869715856 0.20435947309913294 0.3369223225045025 0.4078411867691066 0.326312335398824 0.23211829056068634 0.23211829034940298 0.2603213751289624 0.25903106556370864
41 0.2590310661360864 0.20108727520642677 0.259031065207058 0.08301163238372278 0.08301163317171067 0.08301163160693792 0.2590310658461241 0.4225643524469431 0.20108727444661145 0.08301163319257232 0.20108727465179932 0.25903106594557546 0.08301163333582795 0.32409938369879754 0.2590310656687944 0.40268860360825975 0.4806259930746748 0.48062599331801037 0.42256435286809557 0.6499454793475685
9 0.3782098805447735 0.4751061711989663 0.37820987956980684 0.19136030979551907 0.1913603106529497 0.19136030916153296 0.3782098804008154 0.22333030428510262 0.47510617079395434 0.19136031064542475 0.4751061711767392 0.37820988069120837 0.19136031071556306 0.309313508622771 0.37820987982855225 0.3628233978748304 0.16883477661378607 0.1688347765850224 0.2233303045740972 0.2010872747340958
69 0.20435947258592463 0.1913603107391882 0.2043594717337051 0.5503263528599841 0.5503263537883725 0.5503263526064122 0.20435947260414458 0.27276976930030095 0.19136030994512965 0.5503263535871489 0.1913603105238909 0.20435947275287394 0.5503263539580457 0.036653789228071984 0.20435947263874132 0.053129135165429504 0.05987661298161454 0.05987661334280246 0.2727697696433408 0.08301163280017157
44 0.2603213751281185 0.22333030461709868 0.2603213742213794 0.2727697690626083 0.27276976992697094 0.2727697687917201 0.2603213748727266 0.606100522155552 0.2233303041326122 0.272769769958992 0.22333030466661433 0.2603213751365703 0.2727697702420112 0.16874079448247514 0.26032137482025025 0.2751953063740906 0.2470178807717014 0.24701788093033256 0.6061005227223821 0.42256435283655974
42 0.2590310661360864 0.20108727520642677 0.259031065207058 0.08301163238372278 0.08301163317171067 0.08301163160693792 0.2590310658461241 0.4225643524469431 0.20108727444661145 0.08301163319257232 0.20108727465179932 0.25903106594557546 0.08301163333582795 0.32409938369879754 0.2590310656687944 0.40268860360825975 0.4806259930746748 0.48062599331801037 0.42256435286809557 0.6499454793475685
3 0.3782098805447735 0.4751061711989663 0.37820987956980684 0.19136030979551907 0.1913603106529497 0.19136030916153296 0.3782098804008154 0.22333030428510262 0.47510617079395434 0.19136031064542475 0.4751061711767392 0.37820988069120837 0.19136031071556306 0.309313508622771 0.37820987982855225 0.3628233978748304 0.16883477661378607 0.1688347765850224 0.2233303045740972 0.2010872747340958
68 0.20435947258592463 0.1913603107391882 0.2043594717337051 0.5503263528599841 0.5503263537883725 0.5503263526064122 0.20435947260414458 0.27276976930030095 0.19136030994512965 0.5503263535871489 0.1913603105238909 0.20435947275287394 0.5503263539580457 0.036653789228071984 0.20435947263874132 0.053129135165429504 0.05987661298161454 0.05987661334280246 0.2727697696433408 0.08301163280017157
11 0.3782098805447735 0.4751061711989663 0.37820987956980684 0.19136030979551907 0.1913603106529497 0.19136030916153296 0.3782098804008154 0.22333030428510262 0.47510617079395434 0.19136031064542475 0.4751061711767392 0.37820988069120837 0.19136031071556306 0.309313508622771 0.37820987982855225 0.3628233978748304 0.16883477661378607 0.1688347765850224 0.2233303045740972 0.2010872747340958
29 0.20435947258592463 0.1913603107391882 0.2043594717337051 0.5503263528599841 0.5503263537883725 0.5503263526064122 0.20435947260414458 0.27276976930030095 0.19136030994512965 0.5503263535871489 0.1913603105238909 0.20435947275287394 0.5503263539580457 0.036653789228071984 0.20435947263874132 0.053129135165429504 0.05987661298161454 0.05987661334280246 0.2727697696433408 0.08301163280017157
50 0.40784118685765824 0.3782098802007977 0.40784118608144376 0.20435947192330775 0.2043594727648707 0.204359471274016 0.40784118679506376 0.26032137420431445 0.3782098798987064 0.20435947291655668 0.3782098802861445 0.4078411869715856 0.20435947309913294 0.3369223225045025 0.4078411867691066 0.326312335398824 0.23211829056068634 0.23211829034940298 0.2603213751289624 0.25903106556370864
28 0.20435947258592463 0.1913603107391882 0.2043594717337051 0.5503263528599841 0.5503263537883725 0.5503263526064122 0.20435947260414458 0.27276976930030095 0.19136030994512965 0.5503263535871489 0.1913603105238909 0.20435947275287394 0.5503263539580457 0.036653789228071984 0.20435947263874132 0.053129135165429504 0.05987661298161454 0.05987661334280246 0.2727697696433408 0.08301163280017157
8 0.3391457565647727 0.3702442495401268 0.3391457561026668 0.035594326392892686 0.0355943273720295 0.03559432587636572 0.33914575619715986 0.15265318624055085 0.3702442492752203 0.035594327644796676 0.3702442494341612 0.3391457565629447 0.03559432756361719 0.5964767578431677 0.3391457562331368 0.5634865691473888 0.3258435118168915 0.32584351204309403 0.1526531865243219 0.2717601008640364
60 0.40784118685765824 0.3782098802007977 0.40784118608144376 0.20435947192330775 0.2043594727648707 0.204359471274016 0.40784118679506376 0.26032137420431445 0.3782098798987064 0.20435947291655668 0.3782098802861445 0.4078411869715856 0.20435947309913294 0.3369223225045025 0.4078411867691066 0.326312335398824 0.23211829056068634 0.23211829034940298 0.2603213751289624 0.25903106556370864
54 0.20435947258592463 0.1913603107391882 0.2043594717337051 0.5503263528599841 0.5503263537883725 0.5503263526064122 0.20435947260414458 0.27276976930030095 0.19136030994512965 0.5503263535871489 0.1913603105238909 0.20435947275287394 0.5503263539580457 0.036653789228071984 0.20435947263874132 0.053129135165429504 0.05987661298161454 0.05987661334280246 0.2727697696433408 0.08301163280017157
15 0.3782098805447735 0.4751061711989663 0.37820987956980684 0.19136030979551907 0.1913603106529497 0.19136030916153296 0.3782098804008154 0.22333030428510262 0.47510617079395434 0.19136031064542475 0.4751061711767392 0.37820988069120837 0.19136031071556306 0.309313508622771 0.37820987982855225 0.3628233978748304 0.16883477661378607 0.1688347765850224 0.2233303045740972 0.2010872747340958
35 0.40784118685765824 0.3782098802007977 0.40784118608144376 0.20435947192330775 0.2043594727648707 0.204359471274016 0.40784118679506376 0.26032137420431445 0.3782098798987064 0.20435947291655668 0.3782098802861445 0.4078411869715856 0.20435947309913294 0.3369223225045025 0.4078411867691066 0.326312335398824 0.23211829056068634 0.23211829034940298 0.2603213751289624 0.25903106556370864
14 0.3391457565647727 0.3702442495401268 0.3391457561026668 0.035594326392892686 0.0355943273720295 0.03559432587636572 0.33914575619715986 0.15265318624055085 0.3702442492752203 0.035594327644796676 0.3702442494341612 0.3391457565629447 0.03559432756361719 0.5964767578431677 0.3391457562331368 0.5634865691473888 0.3258435118168915 0.32584351204309403 0.1526531865243219 0.2717601008640364
10 0.3391457565647727 0.3702442495401268 0.3391457561026668 0.035594326392892686 0.0355943273720295 0.03559432587636572 0.33914575619715986 0.15265318624055085 0.3702442492752203 0.035594327644796676 0.3702442494341612 0.3391457565629447 0.03559432756361719 0.5964767578431677 0.3391457562331368 0.5634865691473888 0.3258435118168915 0.32584351204309403 0.1526531865243219 0.2717601008640364
1 0.3782098805447735 0.4751061711989663 0.37820987956980684 0.19136030979551907 0.1913603106529497 0.19136030916153296 0.3782098804008154 0.22333030428510262 0.47510617079395434 0.19136031064542475 0.4751061711767392 0.37820988069120837 0.19136031071556306 0.309313508622771 0.37820987982855225 0.3628233978748304 0.16883477661378607 0.1688347765850224 0.2233303045740972 0.2010872747340958
24 0.20435947258592463 0.1913603107391882 0.2043594717337051 0.5503263528599841 0.5503263537883725 0.5503263526064122 0.20435947260414458 0.27276976930030095 0.19136030994512965 0.5503263535871489 0.1913603105238909 0.20435947275287394 0.5503263539580457 0.036653789228071984 0.20435947263874132 0.053129135165429504 0.05987661298161454 0.05987661334280246 0.2727697696433408 0.08301163280017157
7 0.3782098805447735 0.4751061711989663 0.37820987956980684 0.19136030979551907 0.1913603106529497 0.19136030916153296 0.3782098804008154 0.22333030428510262 0.47510617079395434 0.19136031064542475 0.4751061711767392 0.37820988069120837 0.19136031071556306 0.309313508622771 0.37820987982855225 0.3628233978748304 0.16883477661378607 0.1688347765850224 0.2233303045740972 0.2010872747340958
43 0.2603213751281185 0.22333030461709868 0.2603213742213794 0.2727697690626083 0.27276976992697094 0.2727697687917201 0.2603213748727266 0.606100522155552 0.2233303041326122 0.272769769958992 0.22333030466661433 0.2603213751365703 0.2727697702420112 0.16874079448247514 0.26032137482025025 0.2751953063740906 0.2470178807717014 0.24701788093033256 0.6061005227223821 0.42256435283655974
2 0.33692232303788433 0.30931350869003277 0.33692232216252654 0.036653788720247105 0.036653789744584296 0.03665378811279514 0.33692232266148486 0.16874079415064513 0.3093135085426358 0.03665378984896883 0.3093135086764158 0.3369223229489396 0.03665378965353767 0.640335176820599 0.3369223223555332 0.47682748849719375 0.41188213562866866 0.4118821355004303 0.16874079459151545 0.32409938369879715
48 0.2603213751281185 0.22333030461709868 0.2603213742213794 0.2727697690626083 0.27276976992697094 0.2727697687917201 0.2603213748727266 0.606100522155552 0.2233303041326122 0.272769769958992 0.22333030466661433 0.2603213751365703 0.2727697702420112 0.16874079448247514 0.26032137482025025 0.2751953063740906 0.2470178807717014 0.24701788093033256 0.6061005227223821 0.42256435283655974
34 0.14574093055397913 0.26471696600016786 0.14574092921368476 0.5473514563103434 0.5473514570722423 0.5473514560248094 0.14574093018681497 0.20437263729044589 0.2647169653831201 0.5473514568083192 0.2647169656780053 0.14574093015147166 0.5473514571281602 -0.03104838699496874 0.14574093023272633 0.09854527427190463 0.04248724072875436 0.04248724083129534 0.20437263764440336 0.1700941798335175
57 0.2590310661360864 0.20108727520642677 0.259031065207058 0.08301163238372278 0.08301163317171067 0.08301163160693792 0.2590310658461241 0.4225643524469431 0.20108727444661145 0.08301163319257232 0.20108727465179932 0.25903106594557546 0.08301163333582795 0.32409938369879754 0.2590310656687944 0.40268860360825975 0.4806259930746748 0.48062599331801037 0.42256435286809557 0.6499454793475685
58 0.2603213751281185 0.22333030461709868 0.2603213742213794 0.2727697690626083 0.27276976992697094 0.2727697687917201 0.2603213748727266 0.606100522155552 0.2233303041326122 0.272769769958992 0.22333030466661433 0.2603213751365703 0.2727697702420112 0.16874079448247514 0.26032137482025025 0.2751953063740906 0.2470178807717014 0.24701788093033256 0.6061005227223821 0.42256435283655974
26 0.40784118685765824 0.3782098802007977 0.40784118608144376 0.20435947192330775 0.2043594727648707 0.204359471274016 0.40784118679506376 0.26032137420431445 0.3782098798987064 0.20435947291655668 0.3782098802861445 0.4078411869715856 0.20435947309913294 0.3369223225045025 0.4078411867691066 0.326312335398824 0.23211829056068634 0.23211829034940298 0.2603213751289624 0.25903106556370864
40 0.3263123357382068 0.36282339777746525 0.32631233514870506 0.053129134722991286 0.05312913554975394 0.05312913412211292 0.32631233544530336 0.27519530596728126 0.3628233977132986 0.0531291355684773 0.3628233979543998 0.3263123357728017 0.05312913565508731 0.47682748849719425 0.32631233574094803 0.5939907917851505 0.28701287475652654 0.287012874759043 0.2751953067956796 0.4026886036082629
49 0.2603213751281185 0.22333030461709868 0.2603213742213794 0.2727697690626083 0.27276976992697094 0.2727697687917201 0.2603213748727266 0.606100522155552 0.2233303041326122 0.272769769958992 0.22333030466661433 0.2603213751365703 0.2727697702420112 0.16874079448247514 0.26032137482025025 0.2751953063740906 0.2470178807717014 0.24701788093033256 0.6061005227223821 0.42256435283655974
62 0.2321182909011086 0.1688347769462591 0.23211829040149495 0.05987661266761579 0.05987661371733707 0.059876612156388086 0.23211829057039904 0.24701788049617887 0.16883477635275865 0.05987661346618698 0.16883477646820905 0.23211829107081344 0.059876613525967765 0.41188213568802723 0.2321182907163821 0.2870128746159588 0.7148788742006862 0.7148788746353109 0.24701788089076152 0.4806259931554376
17 0.3782098805447735 0.4751061711989663 0.37820987956980684 0.19136030979551907 0.1913603106529497 0.19136030916153296 0.3782098804008154 0.22333030428510262 0.47510617079395434 0.19136031064542475 0.4751061711767392 0.37820988069120837 0.19136031071556306 0.309313508622771 0.37820987982855225 0.3628233978748304 0.16883477661378607 0.1688347765850224 0.2233303045740972 0.2010872747340958
59 0.2603213751281185 0.22333030461709868 0.2603213742213794 0.2727697690626083 0.27276976992697094 0.2727697687917201 0.2603213748727266 0.606100522155552 0.2233303041326122 0.272769769958992 0.22333030466661433 0.2603213751365703 0.2727697702420112 0.16874079448247514 0.26032137482025025 0.2751953063740906 0.2470178807717014 0.24701788093033256 0.6061005227223821 0.42256435283655974
12 0.33692232303788433 0.30931350869003277 0.33692232216252654 0.036653788720247105 0.036653789744584296 0.03665378811279514 0.33692232266148486 0.16874079415064513 0.3093135085426358 0.03665378984896883 0.3093135086764158 0.3369223229489396 0.03665378965353767 0.640335176820599 0.3369223223555332 0.47682748849719375 0.41188213562866866 0.4118821355004303 0.16874079459151545 0.32409938369879715
18 0.33692232303788433 0.30931350869003277 0.33692232216252654 0.036653788720247105 0.036653789744584296 0.03665378811279514 0.33692232266148486 0.16874079415064513 0.3093135085426358 0.03665378984896883 0.3093135086764158 0.3369223229489396 0.03665378965353767 0.640335176820599 0.3369223223555332 0.47682748849719375 0.41188213562866866 0.4118821355004303 0.16874079459151545 0.32409938369879715
20 0.40784118685765824 0.3782098802007977 0.40784118608144376 0.20435947192330775 0.2043594727648707 0.204359471274016 0.40784118679506376 0.26032137420431445 0.3782098798987064 0.20435947291655668 0.3782098802861445 0.4078411869715856 0.20435947309913294 0.3369223225045025 0.4078411867691066 0.326312335398824 0.23211829056068634 0.23211829034940298 0.2603213751289624 0.25903106556370864
63 0.20435947258592463 0.1913603107391882 0.2043594717337051 0.5503263528599841 0.5503263537883725 0.5503263526064122 0.20435947260414458 0.27276976930030095 0.19136030994512965 0.5503263535871489 0.1913603105238909 0.20435947275287394 0.5503263539580457 0.036653789228071984 0.20435947263874132 0.053129135165429504 0.05987661298161454 0.05987661334280246 0.2727697696433408 0.08301163280017157
66 0.40784118685765824 0.3782098802007977 0.40784118608144376 0.20435947192330775 0.2043594727648707 0.204359471274016 0.40784118679506376 0.26032137420431445 0.3782098798987064 0.20435947291655668 0.3782098802861445 0.4078411869715856 0.20435947309913294 0.3369223225045025 0.4078411867691066 0.326312335398824 0.23211829056068634 0.23211829034940298 0.2603213751289624 0.25903106556370864
32 0.14574093055397913 0.26471696600016786 0.14574092921368476 0.5473514563103434 0.5473514570722423 0.5473514560248094 0.14574093018681497 0.20437263729044589 0.2647169653831201 0.5473514568083192 0.2647169656780053 0.14574093015147166 0.5473514571281602 -0.03104838699496874 0.14574093023272633 0.09854527427190463 0.04248724072875436 0.04248724083129534 0.20437263764440336 0.1700941798335175
33 0.14574093055397913 0.26471696600016786 0.14574092921368476 0.5473514563103434 0.5473514570722423 0.5473514560248094 0.14574093018681497 0.20437263729044589 0.2647169653831201 0.5473514568083192 0.2647169656780053 0.14574093015147166 0.5473514571281602 -0.03104838699496874 0.14574093023272633 0.09854527427190463 0.04248724072875436 0.04248724083129534 0.20437263764440336 0.1700941798335175
38 0.20435947258592463 0.1913603107391882 0.2043594717337051 0.5503263528599841 0.5503263537883725 0.5503263526064122 0.20435947260414458 0.27276976930030095 0.19136030994512965 0.5503263535871489 0.1913603105238909 0.20435947275287394 0.5503263539580457 0.036653789228071984 0.20435947263874132 0.053129135165429504 0.05987661298161454 0.05987661334280246 0.2727697696433408 0.08301163280017157
6 0.33692232303788433 0.30931350869003277 0.33692232216252654 0.036653788720247105 0.036653789744584296 0.03665378811279514 0.33692232266148486 0.16874079415064513 0.3093135085426358 0.03665378984896883 0.3093135086764158 0.3369223229489396 0.03665378965353767 0.640335176820599 0.3369223223555332 0.47682748849719375 0.41188213562866866 0.4118821355004303 0.16874079459151545 0.32409938369879715
16 0.33692232303788433 0.30931350869003277 0.33692232216252654 0.036653788720247105 0.036653789744584296 0.03665378811279514 0.33692232266148486 0.16874079415064513 0.3093135085426358 0.03665378984896883 0.3093135086764158 0.3369223229489396 0.03665378965353767 0.640335176820599 0.3369223223555332 0.47682748849719375 0.41188213562866866 0.4118821355004303 0.16874079459151545 0.32409938369879715
45 0.3263123357382068 0.36282339777746525 0.32631233514870506 0.053129134722991286 0.05312913554975394 0.05312913412211292 0.32631233544530336 0.27519530596728126 0.3628233977132986 0.0531291355684773 0.3628233979543998 0.3263123357728017 0.05312913565508731 0.47682748849719425 0.32631233574094803 0.5939907917851505 0.28701287475652654 0.287012874759043 0.2751953067956796 0.4026886036082629
21 0.40784118685765824 0.3782098802007977 0.40784118608144376 0.20435947192330775 0.2043594727648707 0.204359471274016 0.40784118679506376 0.26032137420431445 0.3782098798987064 0.20435947291655668 0.3782098802861445 0.4078411869715856 0.20435947309913294 0.3369223225045025 0.4078411867691066 0.326312335398824 0.23211829056068634 0.23211829034940298 0.2603213751289624 0.25903106556370864
31 0.13541407449978876 0.18670260868122038 0.13541407355336732 0.00576023083524786 0.005760231723693952 0.005760230489802536 0.13541407372784028 0.1812346620549493 0.18670260804938335 0.005760231703050561 0.18670260812694922 0.13541407408412007 0.005760231525017601 0.4502419655431578 0.1354140735361012 0.3320006859814034 0.7361151228104282 0.7361151229226304 0.18123466257021853 0.5686970757520783
37 0.2321182909011086 0.1688347769462591 0.23211829040149495 0.05987661266761579 0.05987661371733707 0.059876612156388086 0.23211829057039904 0.24701788049617887 0.16883477635275865 0.05987661346618698 0.16883477646820905 0.23211829107081344 0.059876613525967765 0.41188213568802723 0.2321182907163821 0.2870128746159588 0.7148788742006862 0.7148788746353109 0.24701788089076152 0.4806259931554376
46 0.2590310661360864 0.20108727520642677 0.259031065207058 0.08301163238372278 0.08301163317171067 0.08301163160693792 0.2590310658461241 0.4225643524469431 0.20108727444661145 0.08301163319257232 0.20108727465179932 0.25903106594557546 0.08301163333582795 0.32409938369879754 0.2590310656687944 0.40268860360825975 0.4806259930746748 0.48062599331801037 0.42256435286809557 0.6499454793475685
22 0.2321182909011086 0.1688347769462591 0.23211829040149495 0.05987661266761579 0.05987661371733707 0.059876612156388086 0.23211829057039904 0.24701788049617887 0.16883477635275865 0.05987661346618698 0.16883477646820905 0.23211829107081344 0.059876613525967765 0.41188213568802723 0.2321182907163821 0.2870128746159588 0.7148788742006862 0.7148788746353109 0.24701788089076152 0.4806259931554376
56 0.2590310661360864 0.20108727520642677 0.259031065207058 0.08301163238372278 0.08301163317171067 0.08301163160693792 0.2590310658461241 0.4225643524469431 0.20108727444661145 0.08301163319257232 0.20108727465179932 0.25903106594557546 0.08301163333582795 0.32409938369879754 0.2590310656687944 0.40268860360825975 0.4806259930746748 0.48062599331801037 0.42256435286809557 0.6499454793475685
55 0.3263123357382068 0.36282339777746525 0.32631233514870506 0.053129134722991286 0.05312913554975394 0.05312913412211292 0.32631233544530336 0.27519530596728126 0.3628233977132986 0.0531291355684773 0.3628233979543998 0.3263123357728017 0.05312913565508731 0.47682748849719425 0.32631233574094803 0.5939907917851505 0.28701287475652654 0.287012874759043 0.2751953067956796 0.4026886036082629
51 0.40784118685765824 0.3782098802007977 0.40784118608144376 0.20435947192330775 0.2043594727648707 0.204359471274016 0.40784118679506376 0.26032137420431445 0.3782098798987064 0.20435947291655668 0.3782098802861445 0.4078411869715856 0.20435947309913294 0.3369223225045025 0.4078411867691066 0.326312335398824 0.23211829056068634 0.23211829034940298 0.2603213751289624 0.25903106556370864
13 0.3782098805447735 0.4751061711989663 0.37820987956980684 0.19136030979551907 0.1913603106529497 0.19136030916153296 0.3782098804008154 0.22333030428510262 0.47510617079395434 0.19136031064542475 0.4751061711767392 0.37820988069120837 0.19136031071556306 0.309313508622771 0.37820987982855225 0.3628233978748304 0.16883477661378607 0.1688347765850224 0.2233303045740972 0.2010872747340958
65 0.40784118685765824 0.3782098802007977 0.40784118608144376 0.20435947192330775 0.2043594727648707 0.204359471274016 0.40784118679506376 0.26032137420431445 0.3782098798987064 0.20435947291655668 0.3782098802861445 0.4078411869715856 0.20435947309913294 0.3369223225045025 0.4078411867691066 0.326312335398824 0.23211829056068634 0.23211829034940298 0.2603213751289624 0.25903106556370864
27 0.2321182909011086 0.1688347769462591 0.23211829040149495 0.05987661266761579 0.05987661371733707 0.059876612156388086 0.23211829057039904 0.24701788049617887 0.16883477635275865 0.05987661346618698 0.16883477646820905 0.23211829107081344 0.059876613525967765 0.41188213568802723 0.2321182907163821 0.2870128746159588 0.7148788742006862 0.7148788746353109 0.24701788089076152 0.4806259931554376
61 0.40784118685765824 0.3782098802007977 0.40784118608144376 0.20435947192330775 0.2043594727648707 0.204359471274016 0.40784118679506376 0.26032137420431445 0.3782098798987064 0.20435947291655668 0.3782098802861445 0.4078411869715856 0.20435947309913294 0.3369223225045025 0.4078411867691066 0.326312335398824 0.23211829056068634 0.23211829034940298 0.2603213751289624 0.25903106556370864
23 0.20435947258592463 0.1913603107391882 0.2043594717337051 0.5503263528599841 0.5503263537883725 0.5503263526064122 0.20435947260414458 0.27276976930030095 0.19136030994512965 0.5503263535871489 0.1913603105238909 0.20435947275287394 0.5503263539580457 0.036653789228071984 0.20435947263874132 0.053129135165429504 0.05987661298161454 0.05987661334280246 0.2727697696433408 0.08301163280017157
47 0.2590310661360864 0.20108727520642677 0.259031065207058 0.08301163238372278 0.08301163317171067 0.08301163160693792 0.2590310658461241 0.4225643524469431 0.20108727444661145 0.08301163319257232 0.20108727465179932 0.25903106594557546 0.08301163333582795 0.32409938369879754 0.2590310656687944 0.40268860360825975 0.4806259930746748 0.48062599331801037 0.42256435286809557 0.6499454793475685
4 0.33692232303788433 0.30931350869003277 0.33692232216252654 0.036653788720247105 0.036653789744584296 0.03665378811279514 0.33692232266148486 0.16874079415064513 0.3093135085426358 0.03665378984896883 0.3093135086764158 0.3369223229489396 0.03665378965353767 0.640335176820599 0.3369223223555332 0.47682748849719375 0.41188213562866866 0.4118821355004303 0.16874079459151545 0.32409938369879715
5 0.3782098805447735 0.4751061711989663 0.37820987956980684 0.19136030979551907 0.1913603106529497 0.19136030916153296 0.3782098804008154 0.22333030428510262 0.47510617079395434 0.19136031064542475 0.4751061711767392 0.37820988069120837 0.19136031071556306 0.309313508622771 0.37820987982855225 0.3628233978748304 0.16883477661378607 0.1688347765850224 0.2233303045740972 0.2010872747340958
52 0.2321182909011086 0.1688347769462591 0.23211829040149495 0.05987661266761579 0.05987661371733707 0.059876612156388086 0.23211829057039904 0.24701788049617887 0.16883477635275865 0.05987661346618698 0.16883477646820905 0.23211829107081344 0.059876613525967765 0.41188213568802723 0.2321182907163821 0.2870128746159588 0.7148788742006862 0.7148788746353109 0.24701788089076152 0.4806259931554376
25 0.40784118685765824 0.3782098802007977 0.40784118608144376 0.20435947192330775 0.2043594727648707 0.204359471274016 0.40784118679506376 0.26032137420431445 0.3782098798987064 0.20435947291655668 0.3782098802861445 0.4078411869715856 0.20435947309913294 0.3369223225045025 0.4078411867691066 0.326312335398824 0.23211829056068634 0.23211829034940298 0.2603213751289624 0.25903106556370864
53 0.20435947258592463 0.1913603107391882 0.2043594717337051 0.5503263528599841 0.5503263537883725 0.5503263526064122 0.20435947260414458 0.27276976930030095 0.19136030994512965 0.5503263535871489 0.1913603105238909 0.20435947275287394 0.5503263539580457 0.036653789228071984 0.20435947263874132 0.053129135165429504 0.05987661298161454 0.05987661334280246 0.2727697696433408 0.08301163280017157
64 0.20435947258592463 0.1913603107391882 0.2043594717337051 0.5503263528599841 0.5503263537883725 0.5503263526064122 0.20435947260414458 0.27276976930030095 0.19136030994512965 0.5503263535871489 0.1913603105238909 0.20435947275287394 0.5503263539580457 0.036653789228071984 0.20435947263874132 0.053129135165429504 0.05987661298161454 0.05987661334280246 0.2727697696433408 0.08301163280017157
30 0.34426997702285 0.5286174074526497 0.3442699760389296 0.19331418538913944 0.19331418648831378 0.19331418494217062 0.3442699766985831 0.20035644133872801 0.5286174072111682 0.19331418634328187 0.5286174073918476 0.34426997698088374 0.19331418645784235 0.23130054122024296 0.34426997653018704 0.4126836004475101 0.138855979636444 0.13885597950921624 0.20035644179799153 0.19252008259617037
39 0.20435947258592463 0.1913603107391882 0.2043594717337051 0.5503263528599841 0.5503263537883725 0.5503263526064122 0.20435947260414458 0.27276976930030095 0.19136030994512965 0.5503263535871489 0.1913603105238909 0.20435947275287394 0.5503263539580457 0.036653789228071984 0.20435947263874132 0.053129135165429504 0.05987661298161454 0.05987661334280246 0.2727697696433408 0.08301163280017157
