3 0.1139658375848514 0.47958328952950724 0.3068084603617368 0.29766830496335694 0.3614830437896832 0.21351713701623137 0.3188316597620089 0.16560089723542898 0.17279363205640919 0.31883165907245015 0.31924675370518846 0.23902511540486973 0.16560089687943105 0.47958328973095044 0.3151902880526374 0.4368357555672323 0.21351713687422447 0.47958328763158486 0.3188316595774172 0.23137997238246827
37 0.360013902248257 0.27016289588613424 0.1907827660434798 0.07487649338533951 0.36313254258462396 0.3442081355483601 0.34221273196083896 0.2596236379793628 0.3791366103089086 0.3422127314842726 0.4029175651801718 0.39449935409520404 0.2596236378251626 0.27016289597889487 0.42524556059446345 0.30249342834155185 0.3442081354890184 0.27016289346636424 0.34221273188060825 0.1428540493317419
42 0.45188903669313457 0.16560089763374752 0.2619956512754237 0.10080609017551112 0.257574882970592 0.4221752507867649 0.25784404770678865 0.5454253820703951 0.2603748964124651 0.2578440472725198 0.21029958470427956 0.21470613579479306 0.5454253818769885 0.16560089767386652 0.21011462161268868 0.19811787027007072 0.4221752504825459 0.16560089482147303 0.2578440474450079 0.41948314513443075
0 0.32993732647678714 0.2785149764530917 0.08648936610783381 0.059495896172453794 0.36423815427880885 0.3056326797448031 0.33383329940189715 0.2578656307669002 0.3704971025058602 0.3338332989200945 0.4627374246565057 0.44298108139012926 0.2578656306081126 0.2785149764108591 0.4230768637292189 0.3309549506195178 0.30563267990643994 0.27851497387256124 0.3338332995554966 0.15634081615602663
69 0.1323902090342921 0.23137997289224366 0.3966695189705254 0.38659376030072656 0.3312896549945502 0.3243494575454169 0.21584245332105834 0.41948314505014306 0.08300037331768895 0.21584245299304594 0.14467933924653575 0.10072269313436744 0.41948314510303764 0.23137997286328726 0.13312876635557291 0.27857590961759726 0.32434945745100974 0.23137997066184024 0.21584245304274963 0.7549259476389647
44 0.15201614521096665 0.30680846073477064 0.7649052277287054 0.4748995456397422 0.22392523519090723 0.31478160496313223 0.26739267588404514 0.2619956513282556 0.13365370462343754 0.2673926753149489 0.1104134053073235 0.08858284020540462 0.2619956511399307 0.3068084611442845 0.18672099070750733 0.23168302402874447 0.3147816048487343 0.3068084588040874 0.26739267555964213 0.3966695189705314
62 0.7483411149925633 0.13762030132899766 0.08004341538073402 0.0977097537090478 0.3074895058264272 0.2961210512792329 0.17061500418600328 0.5597047565333357 0.21975440993081632 0.17061500384552067 0.2647067322105114 0.26852003939737706 0.5597047566258092 0.1376203014147173 0.32605959441251553 0.1254141719697548 0.29612105156189306 0.13762029916371085 0.17061500494458745 0.2662944444317924
13 0.1139658375848514 0.47958328952950724 0.3068084603617368 0.29766830496335694 0.3614830437896832 0.21351713701623137 0.3188316597620089 0.16560089723542898 0.17279363205640919 0.31883165907245015 0.31924675370518846 0.23902511540486973 0.16560089687943105 0.47958328973095044 0.3151902880526374 0.4368357555672323 0.21351713687422447 0.47958328763158486 0.3188316595774172 0.23137997238246827
4 0.27743871324385505 0.31519028886798883 0.1867209907075462 0.05920576883607949 0.32221909108052377 0.28182771140243223 0.3701486325029544 0.21011462169775913 0.38233391151373936 0.3701486319715872 0.43064033592239154 0.430705230987318 0.21011462152546936 0.3151902885148992 0.4338658595364912 0.3186182508922853 0.2818277115738179 0.3151902853887358 0.3701486322632537 0.13312876635559656
66 0.45188903669313457 0.16560089763374752 0.2619956512754237 0.10080609017551112 0.257574882970592 0.4221752507867649 0.25784404770678865 0.5454253820703951 0.2603748964124651 0.2578440472725198 0.21029958470427956 0.21470613579479306 0.5454253818769885 0.16560089767386652 0.21011462161268868 0.19811787027007072 0.4221752504825459 0.16560089482147303 0.2578440474450079 0.41948314513443075
11 0.1139658375848514 0.47958328952950724 0.3068084603617368 0.29766830496335694 0.3614830437896832 0.21351713701623137 0.3188316597620089 0.16560089723542898 0.17279363205640919 0.31883165907245015 0.31924675370518846 0.23902511540486973 0.16560089687943105 0.47958328973095044 0.3151902880526374 0.4368357555672323 0.21351713687422447 0.47958328763158486 0.3188316595774172 0.23137997238246827
41 0.43211654874046007 0.17279363280917037 0.13365370462343815 -0.06015095856546274 0.15002075050122415 0.3254278042361014 0.3689000414411707 0.26037489669746083 0.5954945964951085 0.3689000408979015 0.37484035334350185 0.4979141697641661 0.26037489627011007 0.17279363260546096 0.38233391151377166 0.16718367473103699 0.3254278043015425 0.17279363013433097 0.3689000410353489 0.0830003733176819
15 0.13648836204136264 0.4368357561543086 0.23168302402874055 0.28128344596970195 0.4509199881371388 0.24461870454728576 0.3028720808592612 0.19811787045029353 0.16718367473101006 0.3028720803013689 0.33908063547303363 0.24068602897227356 0.19811787023097552 0.43683575616202824 0.31861825089227885 0.4684205531070326 0.2446187044726188 0.43683575362157856 0.3028720805177162 0.2785759096176551
1 0.1139658375848514 0.47958328952950724 0.3068084603617368 0.29766830496335694 0.3614830437896832 0.21351713701623137 0.3188316597620089 0.16560089723542898 0.17279363205640919 0.31883165907245015 0.31924675370518846 0.23902511540486973 0.16560089687943105 0.47958328973095044 0.3151902880526374 0.4368357555672323 0.21351713687422447 0.47958328763158486 0.3188316595774172 0.23137997238246827
64 0.02762378020161793 0.24986497475844643 0.3512829003436583 0.9716399249495322 0.483559851216915 0.06012189839520936 0.06957831528343388 0.10735047402628879 -0.005988745971333745 0.06957831501879926 0.012715252789008823 -0.07221943434776877 0.10735047401076864 0.24986497446232475 0.06959167800129387 0.3607033447614282 0.06012189779607326 0.24986497317818868 0.06957831430112682 0.5704922502132369
17 0.13648836204136264 0.4368357561543086 0.23168302402874055 0.28128344596970195 0.4509199881371388 0.24461870454728576 0.3028720808592612 0.19811787045029353 0.16718367473101006 0.3028720803013689 0.33908063547303363 0.24068602897227356 0.19811787023097552 0.43683575616202824 0.31861825089227885 0.4684205531070326 0.2446187044726188 0.43683575362157856 0.3028720805177162 0.2785759096176551
16 0.42181941620548635 0.2317509663417709 0.021596765120024567 0.0667950492779725 0.39506453046349094 0.33379323649560677 0.2890372553941493 0.3283760572314035 0.34780011490456625 0.28903725517869766 0.458556261499245 0.4265302451705074 0.3283760570177476 0.23175096682100857 0.40513796770978333 0.31577944529060886 0.3337932366161052 0.23175096380587282 0.2890372557031721 0.18383007741205928
46 0.15864032633540837 0.41281392116192783 0.38764045932404806 0.3423287178446965 0.43665892523611244 0.28336561003512906 0.31019176563597267 0.20466353304939902 0.1617596463644003 0.3101917650877301 0.2746285793230024 0.2084078353170444 0.20466353277328989 0.4128139209945735 0.3060745453026727 0.410095972490114 0.2833656101359571 0.4128139185685406 0.3101917659354983 0.2560423763871237
20 0.21815363486451922 0.318831660235701 0.267392675639807 0.06804187597639258 0.2767355774050849 0.32079707717597344 0.3965421883428135 0.2578440476388288 0.3689000410887881 0.3965421879576278 0.3607401306742604 0.37770501858727695 0.2578440473809631 0.31883166015011727 0.3701486322189761 0.30287208045405384 0.32079707705767707 0.3188316572016222 0.3965421881795606 0.21584245305997576
5 0.1139658375848514 0.47958328952950724 0.3068084603617368 0.29766830496335694 0.3614830437896832 0.21351713701623137 0.3188316597620089 0.16560089723542898 0.17279363205640919 0.31883165907245015 0.31924675370518846 0.23902511540486973 0.16560089687943105 0.47958328973095044 0.3151902880526374 0.4368357555672323 0.21351713687422447 0.47958328763158486 0.3188316595774172 0.23137997238246827
55 0.2550069977124019 0.2818190850822481 0.18525284295375555 0.07155721901278168 0.3085804437175038 0.3600379539801758 0.36824001367373566 0.3235663880910971 0.3528101664870614 0.3682400130033131 0.3727811979465685 0.37457260268378745 0.32356638746083405 0.28181908495179675 0.3395523646915686 0.3112981082085316 0.3600379540796618 0.2818190823950166 0.36824001351261826 0.26579976680067224
38 0.02762378020161793 0.24986497475844643 0.3512829003436583 0.9716399249495322 0.483559851216915 0.06012189839520936 0.06957831528343388 0.10735047402628879 -0.005988745971333745 0.06957831501879926 0.012715252789008823 -0.07221943434776877 0.10735047401076864 0.24986497446232475 0.06959167800129387 0.3607033447614282 0.06012189779607326 0.24986497317818868 0.06957831430112682 0.5704922502132369
47 0.6429586543337487 0.14394198267359826 0.1004797791212083 0.014221562783927489 0.24192349727539583 0.3765165216380405 0.26992543918606365 0.3618519298890207 0.48356414153191607 0.2699254386342626 0.3508334780907093 0.4083614396686268 0.3618519298569689 0.1439419828320018 0.35228786404898643 0.18369354365628826 0.3765165223995513 0.14394197971223321 0.2699254399625016 0.10055390946673531
63 0.02762378020161793 0.24986497475844643 0.3512829003436583 0.9716399249495322 0.483559851216915 0.06012189839520936 0.06957831528343388 0.10735047402628879 -0.005988745971333745 0.06957831501879926 0.012715252789008823 -0.07221943434776877 0.10735047401076864 0.24986497446232475 0.06959167800129387 0.3607033447614282 0.06012189779607326 0.24986497317818868 0.06957831430112682 0.5704922502132369
52 0.019528784144948033 0.2976683050765177 0.474899545639733 1.0628850435662938 0.29337546656187613 0.09912849341205623 0.06804187615260472 0.10080609027601255 -0.06015095856547958 0.06804187579735921 0.0476046589414761 -0.025406474490366548 0.10080609010725335 0.2976683053709779 0.05920576883603256 0.281283445969665 0.09912849334547574 0.297668304245253 0.06804187598379748 0.3865937603007226
33 0.1323902090342921 0.23137997289224366 0.3966695189705254 0.38659376030072656 0.3312896549945502 0.3243494575454169 0.21584245332105834 0.41948314505014306 0.08300037331768895 0.21584245299304594 0.14467933924653575 0.10072269313436744 0.41948314510303764 0.23137997286328726 0.13312876635557291 0.27857590961759726 0.32434945745100974 0.23137997066184024 0.21584245304274963 0.7549259476389647
48 0.019528784144948033 0.2976683050765177 0.474899545639733 1.0628850435662938 0.29337546656187613 0.09912849341205623 0.06804187615260472 0.10080609027601255 -0.06015095856547958 0.06804187579735921 0.0476046589414761 -0.025406474490366548 0.10080609010725335 0.2976683053709779 0.05920576883603256 0.281283445969665 0.09912849334547574 0.297668304245253 0.06804187598379748 0.3865937603007226
67 0.45188903669313457 0.16560089763374752 0.2619956512754237 0.10080609017551112 0.257574882970592 0.4221752507867649 0.25784404770678865 0.5454253820703951 0.2603748964124651 0.2578440472725198 0.21029958470427956 0.21470613579479306 0.5454253818769885 0.16560089767386652 0.21011462161268868 0.19811787027007072 0.4221752504825459 0.16560089482147303 0.2578440474450079 0.41948314513443075
50 0.13503437802221432 0.40440173744796765 0.17202235997747553 0.019330693280050045 0.1858546869599396 0.09230815254785538 0.39752377986475024 0.13785329254468107 0.3531760716849978 0.3975237795524969 0.47144839864770643 0.4944253783594866 0.1378532924025584 0.4044017374401029 0.428872528089824 0.32105088155402794 0.09230815223111852 0.40440173504379057 0.3975237790421508 0.13803360089462188
21 0.3238851175591775 0.23941550905146697 0.17966020952928577 -0.028741937759640814 0.20521181841898717 0.29949956298394353 0.3955860401519811 0.23051966181610858 0.5090941091314588 0.39558603954762583 0.40088745969243 0.48436520746892847 0.2305196614751058 0.23941550906901735 0.4195905187852745 0.22302017765710166 0.299499562652652 0.23941550603515155 0.3955860396008491 0.1117511487656635
26 0.36712031647708016 0.21351713786490512 0.31478160486256745 0.09912849346569323 0.29710273872092974 0.4387911377171888 0.3207970772119517 0.42217525096640657 0.3254278043117293 0.3207970767039088 0.25261411413574264 0.2584833158179638 0.42217525080071383 0.2135171376249313 0.281827711467393 0.24461870484266932 0.4387911380207948 0.21351713472096287 0.32079707689684794 0.3243494576169579
59 0.1323902090342921 0.23137997289224366 0.3966695189705254 0.38659376030072656 0.3312896549945502 0.3243494575454169 0.21584245332105834 0.41948314505014306 0.08300037331768895 0.21584245299304594 0.14467933924653575 0.10072269313436744 0.41948314510303764 0.23137997286328726 0.13312876635557291 0.27857590961759726 0.32434945745100974 0.23137997066184024 0.21584245304274963 0.7549259476389647
39 0.15276615013352918 0.39104870406526554 0.16781599057421126 0.025230641474274104 0.21236426277250875 0.12531855911768586 0.3951954377792362 0.1462858585989688 0.36056143796344114 0.39519543755232234 0.4708060597578608 0.4887106962209171 0.14628585838937472 0.39104870408354947 0.4315416416322553 0.32565611968415253 0.12531855885756493 0.39104870145732856 0.39519543701379634 0.1359405755574561
23 0.21815363486451922 0.318831660235701 0.267392675639807 0.06804187597639258 0.2767355774050849 0.32079707717597344 0.3965421883428135 0.2578440476388288 0.3689000410887881 0.3965421879576278 0.3607401306742604 0.37770501858727695 0.2578440473809631 0.31883166015011727 0.3701486322189761 0.30287208045405384 0.32079707705767707 0.3188316572016222 0.3965421881795606 0.21584245305997576
30 0.2541395733129842 0.2625364665032433 0.12435618973467397 -0.03793049658202319 0.19078016773510084 0.22575960382041535 0.40383682001076754 0.19809521446998873 0.48918014996352355 0.40383681937884847 0.45687274123260785 0.5492602615350679 0.19809521406383834 0.26253646633475375 0.43064838621458223 0.23989773870336834 0.22575960364543007 0.262536463766912 0.40383681964823054 0.11375483767634674
40 0.20601155918438532 0.33060078782161445 0.5028881842053222 0.08021152456634593 0.1998517897088785 0.3173255005679306 0.4109174130883571 0.23381269347935116 0.36995834611566575 0.410917412623508 0.24761238343571323 0.2920366311555375 0.2338126931038531 0.33060078807325965 0.3537465311519851 0.24593589923463172 0.31732550018855515 0.33060078494072176 0.4109174121060072 0.20981622265632738
8 0.31856146092093274 0.2390251160671063 0.08858284020541773 -0.025406474490358273 0.21781444387955634 0.25848331575376143 0.3777050187564729 0.21470613580989706 0.4979141697641848 0.3777050184627476 0.4651962254751463 0.547236901018339 0.2147061356873311 0.23902511580359184 0.4307052309873456 0.2406860289722488 0.25848331567774463 0.23902511310891567 0.37770501839285925 0.10072269313436853
29 0.1323902090342921 0.23137997289224366 0.3966695189705254 0.38659376030072656 0.3312896549945502 0.3243494575454169 0.21584245332105834 0.41948314505014306 0.08300037331768895 0.21584245299304594 0.14467933924653575 0.10072269313436744 0.41948314510303764 0.23137997286328726 0.13312876635557291 0.27857590961759726 0.32434945745100974 0.23137997066184024 0.21584245304274963 0.7549259476389647
57 0.45188903669313457 0.16560089763374752 0.2619956512754237 0.10080609017551112 0.257574882970592 0.4221752507867649 0.25784404770678865 0.5454253820703951 0.2603748964124651 0.2578440472725198 0.21029958470427956 0.21470613579479306 0.5454253818769885 0.16560089767386652 0.21011462161268868 0.19811787027007072 0.4221752504825459 0.16560089482147303 0.2578440474450079 0.41948314513443075
12 0.3284992339968437 0.23638036036148163 0.05106612002283138 -0.02337021451600138 0.22622380762218136 0.2353413082531553 0.36228705534792793 0.19956469220302467 0.4933074581887757 0.3622870548585838 0.4951525766822288 0.5771659558292395 0.19956469203205546 0.236380360219501 0.4421557178268732 0.24726741278280948 0.23534130824397206 0.23638035782450503 0.3622870549973677 0.08751834969265802
61 0.19447464309006932 0.36148304429908845 0.22392523519090946 0.29337546656187585 0.55173306611487 0.2971027389592736 0.2767355776964102 0.25757488326281613 0.15002075050125457 0.2767355771877812 0.3220480749410916 0.21781444387951163 0.25757488276335544 0.36148304439234236 0.3222190910805163 0.4509199881371043 0.29710273867628084 0.36148304218376204 0.27673557750191863 0.331289654994555
34 0.1323902090342921 0.23137997289224366 0.3966695189705254 0.38659376030072656 0.3312896549945502 0.3243494575454169 0.21584245332105834 0.41948314505014306 0.08300037331768895 0.21584245299304594 0.14467933924653575 0.10072269313436744 0.41948314510303764 0.23137997286328726 0.13312876635557291 0.27857590961759726 0.32434945745100974 0.23137997066184024 0.21584245304274963 0.7549259476389647
58 0.1323902090342921 0.23137997289224366 0.3966695189705254 0.38659376030072656 0.3312896549945502 0.3243494575454169 0.21584245332105834 0.41948314505014306 0.08300037331768895 0.21584245299304594 0.14467933924653575 0.10072269313436744 0.41948314510303764 0.23137997286328726 0.13312876635557291 0.27857590961759726 0.32434945745100974 0.23137997066184024 0.21584245304274963 0.7549259476389647
14 0.32993732647678714 0.2785149764530917 0.08648936610783381 0.059495896172453794 0.36423815427880885 0.3056326797448031 0.33383329940189715 0.2578656307669002 0.3704971025058602 0.3338332989200945 0.4627374246565057 0.44298108139012926 0.2578656306081126 0.2785149764108591 0.4230768637292189 0.3309549506195178 0.30563267990643994 0.27851497387256124 0.3338332995554966 0.15634081615602663
43 0.15201614521096665 0.30680846073477064 0.7649052277287054 0.4748995456397422 0.22392523519090723 0.31478160496313223 0.26739267588404514 0.2619956513282556 0.13365370462343754 0.2673926753149489 0.1104134053073235 0.08858284020540462 0.2619956511399307 0.3068084611442845 0.18672099070750733 0.23168302402874447 0.3147816048487343 0.3068084588040874 0.26739267555964213 0.3966695189705314
27 0.36712031647708016 0.21351713786490512 0.31478160486256745 0.09912849346569323 0.29710273872092974 0.4387911377171888 0.3207970772119517 0.42217525096640657 0.3254278043117293 0.3207970767039088 0.25261411413574264 0.2584833158179638 0.42217525080071383 0.2135171376249313 0.281827711467393 0.24461870484266932 0.4387911380207948 0.21351713472096287 0.32079707689684794 0.3243494576169579
36 0.25724790308673673 0.31924675443968153 0.11041340530726072 0.04760465894148152 0.3220480749410947 0.2526141140317785 0.36074013086274426 0.21029958476223873 0.3748403533434522 0.3607401305699902 0.4744935374935051 0.4651962254751288 0.2102995847125464 0.31924675479824405 0.4306403359223634 0.3390806354729684 0.25261411385709504 0.3192467519738561 0.3607401306422791 0.14467933924649978
18 0.32993732647678714 0.2785149764530917 0.08648936610783381 0.059495896172453794 0.36423815427880885 0.3056326797448031 0.33383329940189715 0.2578656307669002 0.3704971025058602 0.3338332989200945 0.4627374246565057 0.44298108139012926 0.2578656306081126 0.2785149764108591 0.4230768637292189 0.3309549506195178 0.30563267990643994 0.27851497387256124 0.3338332995554966 0.15634081615602663
53 0.019528784144948033 0.2976683050765177 0.474899545639733 1.0628850435662938 0.29337546656187613 0.09912849341205623 0.06804187615260472 0.10080609027601255 -0.06015095856547958 0.06804187579735921 0.0476046589414761 -0.025406474490366548 0.10080609010725335 0.2976683053709779 0.05920576883603256 0.281283445969665 0.09912849334547574 0.297668304245253 0.06804187598379748 0.3865937603007226
56 0.45188903669313457 0.16560089763374752 0.2619956512754237 0.10080609017551112 0.257574882970592 0.4221752507867649 0.25784404770678865 0.5454253820703951 0.2603748964124651 0.2578440472725198 0.21029958470427956 0.21470613579479306 0.5454253818769885 0.16560089767386652 0.21011462161268868 0.19811787027007072 0.4221752504825459 0.16560089482147303 0.2578440474450079 0.41948314513443075
24 0.13615382194795217 0.27453579411613677 0.6196448316098908 0.44889743112543545 0.29526976525713644 0.34409782123219723 0.2588209931467635 0.32450874998954504 0.11522639412523356 0.25882099260727276 0.11801593917122921 0.09706943693016494 0.3245087495721089 0.27453579400121575 0.1581800069082416 0.2689052725338868 0.34409782145119566 0.2745357920146434 0.25882099297324646 0.5480491383670167
19 0.13648836204136264 0.4368357561543086 0.23168302402874055 0.28128344596970195 0.4509199881371388 0.24461870454728576 0.3028720808592612 0.19811787045029353 0.16718367473101006 0.3028720803013689 0.33908063547303363 0.24068602897227356 0.19811787023097552 0.43683575616202824 0.31861825089227885 0.4684205531070326 0.2446187044726188 0.43683575362157856 0.3028720805177162 0.2785759096176551
51 0.7819709288075534 0.11396583848141295 0.15201614521100307 0.019528784144976292 0.1944746430900027 0.36712031607368295 0.2181536346646825 0.45188903672215763 0.43211654874051453 0.21815363439837676 0.25724790308683076 0.31856146092086013 0.4518890367559302 0.11396583861685688 0.2774387132438965 0.13648836204150325 0.36712031695648734 0.11396583540168517 0.21815363549815187 0.13239020903429272
7 0.09744894017502193 0.5137570602401444 0.31539061874010754 0.2893546070684711 0.29408470047173324 0.17266358669473997 0.3218929687101562 0.14483031165868435 0.1761902316939952 0.3218929682285509 0.32374958494551387 0.24390936293865714 0.14483031139893993 0.5137570601444897 0.3185091398307216 0.42116087968625227 0.17266358682115637 0.5137570578022679 0.3218929684857371 0.2058790158893201
35 0.1139658375848514 0.47958328952950724 0.3068084603617368 0.29766830496335694 0.3614830437896832 0.21351713701623137 0.3188316597620089 0.16560089723542898 0.17279363205640919 0.31883165907245015 0.31924675370518846 0.23902511540486973 0.16560089687943105 0.47958328973095044 0.3151902880526374 0.4368357555672323 0.21351713687422447 0.47958328763158486 0.3188316595774172 0.23137997238246827
45 0.19447464309006932 0.36148304429908845 0.22392523519090946 0.29337546656187585 0.55173306611487 0.2971027389592736 0.2767355776964102 0.25757488326281613 0.15002075050125457 0.2767355771877812 0.3220480749410916 0.21781444387951163 0.25757488276335544 0.36148304439234236 0.3222190910805163 0.4509199881371043 0.29710273867628084 0.36148304218376204 0.27673557750191863 0.331289654994555
54 0.019528784144948033 0.2976683050765177 0.474899545639733 1.0628850435662938 0.29337546656187613 0.09912849341205623 0.06804187615260472 0.10080609027601255 -0.06015095856547958 0.06804187579735921 0.0476046589414761 -0.025406474490366548 0.10080609010725335 0.2976683053709779 0.05920576883603256 0.281283445969665 0.09912849334547574 0.297668304245253 0.06804187598379748 0.3865937603007226
32 0.40220922350508775 0.19433520214584962 0.472859767164924 0.11033146280086907 0.26550558064624075 0.45316418483820825 0.3014387248456955 0.41603202729479233 0.326302451700295 0.3014387243512468 0.17823470699913704 0.1902581471300326 0.41603202710726234 0.19433520170981597 0.2721977923423168 0.2042951468722404 0.4531641843556802 0.194335198904404 0.30143872400085586 0.31451971438741827
6 0.39693363148273636 0.2114366669769288 0.030151819383505748 -0.011296742251247856 0.2439702808803958 0.27768172695768023 0.3390158471034032 0.2359808758547541 0.49755367947756424 0.3390158468482858 0.4837712480651377 0.555043523948226 0.23598087567639908 0.21143666682613865 0.42587445743848873 0.2421691600290237 0.2776817270817759 0.2114366642960828 0.33901584705774457 0.08776694320132068
10 0.32993732647678714 0.2785149764530917 0.08648936610783381 0.059495896172453794 0.36423815427880885 0.3056326797448031 0.33383329940189715 0.2578656307669002 0.3704971025058602 0.3338332989200945 0.4627374246565057 0.44298108139012926 0.2578656306081126 0.2785149764108591 0.4230768637292189 0.3309549506195178 0.30563267990643994 0.27851497387256124 0.3338332995554966 0.15634081615602663
31 0.40220922350508775 0.19433520214584962 0.472859767164924 0.11033146280086907 0.26550558064624075 0.45316418483820825 0.3014387248456955 0.41603202729479233 0.326302451700295 0.3014387243512468 0.17823470699913704 0.1902581471300326 0.41603202710726234 0.19433520170981597 0.2721977923423168 0.2042951468722404 0.4531641843556802 0.194335198904404 0.30143872400085586 0.31451971438741827
49 0.019528784144948033 0.2976683050765177 0.474899545639733 1.0628850435662938 0.29337546656187613 0.09912849341205623 0.06804187615260472 0.10080609027601255 -0.06015095856547958 0.06804187579735921 0.0476046589414761 -0.025406474490366548 0.10080609010725335 0.2976683053709779 0.05920576883603256 0.281283445969665 0.09912849334547574 0.297668304245253 0.06804187598379748 0.3865937603007226
68 0.1323902090342921 0.23137997289224366 0.3966695189705254 0.38659376030072656 0.3312896549945502 0.3243494575454169 0.21584245332105834 0.41948314505014306 0.08300037331768895 0.21584245299304594 0.14467933924653575 0.10072269313436744 0.41948314510303764 0.23137997286328726 0.13312876635557291 0.27857590961759726 0.32434945745100974 0.23137997066184024 0.21584245304274963 0.7549259476389647
25 0.21815363486451922 0.318831660235701 0.267392675639807 0.06804187597639258 0.2767355774050849 0.32079707717597344 0.3965421883428135 0.2578440476388288 0.3689000410887881 0.3965421879576278 0.3607401306742604 0.37770501858727695 0.2578440473809631 0.31883166015011727 0.3701486322189761 0.30287208045405384 0.32079707705767707 0.3188316572016222 0.3965421881795606 0.21584245305997576
60 0.19447464309006932 0.36148304429908845 0.22392523519090946 0.29337546656187585 0.55173306611487 0.2971027389592736 0.2767355776964102 0.25757488326281613 0.15002075050125457 0.2767355771877812 0.3220480749410916 0.21781444387951163 0.25757488276335544 0.36148304439234236 0.3222190910805163 0.4509199881371043 0.29710273867628084 0.36148304218376204 0.27673557750191863 0.331289654994555
65 0.2550069977124019 0.2818190850822481 0.18525284295375555 0.07155721901278168 0.3085804437175038 0.3600379539801758 0.36824001367373566 0.3235663880910971 0.3528101664870614 0.3682400130033131 0.3727811979465685 0.37457260268378745 0.32356638746083405 0.28181908495179675 0.3395523646915686 0.3112981082085316 0.3600379540796618 0.2818190823950166 0.36824001351261826 0.26579976680067224
28 0.21815363486451922 0.318831660235701 0.267392675639807 0.06804187597639258 0.2767355774050849 0.32079707717597344 0.3965421883428135 0.2578440476388288 0.3689000410887881 0.3965421879576278 0.3607401306742604 0.37770501858727695 0.2578440473809631 0.31883166015011727 0.3701486322189761 0.30287208045405384 0.32079707705767707 0.3188316572016222 0.3965421881795606 0.21584245305997576
9 0.15705061881845378 0.392112042812099 0.2796262775590617 0.04038046521259137 0.1977355107595744 0.1639974935779802 0.41687803549542835 0.15330792360098486 0.3665069993303008 0.41687803493808634 0.4020270009164202 0.43725109206587487 0.1533079233715134 0.3921120427309807 0.42197280400239284 0.2971320655031497 0.1639974936178658 0.3921120398789653 0.41687803506614435 0.1396773818508906
2 0.2573864852627165 0.274243100609709 0.14708252221393925 -0.042256429712842034 0.18634109961439974 0.18233304291395208 0.403522310271766 0.15292313966807075 0.48754081368071917 0.40352230982613246 0.4617062745163436 0.5662778807612188 0.1529231393726285 0.2742431005780621 0.4635830975967047 0.23384798595639833 0.18233304237527578 0.27424309816713555 0.4035223097619534 0.08424092915592588
22 0.36712031647708016 0.21351713786490512 0.31478160486256745 0.09912849346569323 0.29710273872092974 0.4387911377171888 0.3207970772119517 0.42217525096640657 0.3254278043117293 0.3207970767039088 0.25261411413574264 0.2584833158179638 0.42217525080071383 0.2135171376249313 0.281827711467393 0.24461870484266932 0.4387911380207948 0.21351713472096287 0.32079707689684794 0.3243494576169579
