39 0.18645040091236367 0.27833329070643176 0.3426281651763748 0.5279225338585836 0.2848353886112964 0.16138181467064558 0.3832289562047568 0.28483538876375464 0.25227578111684146 0.45917596492216334 0.3679614844637854 0.3995233294596275 0.25227578176844007 0.16138181483357575 0.2951758450323063 0.18645040054182344 0.3426281658567897 0.18645040130243773 0.2522757818670023 0.3995233292058759
47 0.23939323712869248 0.2597838638819785 0.2866316156353804 0.28483538888214743 0.6165583571397593 0.19702791142194664 0.18705739747905084 0.6165583572341373 0.2965548712484043 0.24927341257427654 0.17073922933364688 0.22711263266204487 0.29655487169513467 0.19702791173367198 0.4288773028415829 0.23939323696223672 0.28663161647711877 0.23939323737221802 0.2965548716065605 0.2271126328513064
45 0.1071676958806936 0.43842490551612695 0.37706410567963217 0.29517584503228017 0.4288773025445617 0.4235023220041956 0.30617878319942676 0.42887730277939645 0.09784530545217322 0.21372535631474898 0.26208122062312805 0.1894640537581562 0.09784530625480416 0.4235023221993317 0.6055085243368913 0.1071676957648244 0.37706410656746825 0.10716769656254717 0.09784530638955458 0.1894640543407696
7 0.2001550020624157 0.18838076319321664 0.3570557062265909 0.45917596492209184 0.2492734124345317 0.14135651933990023 0.35655002185448736 0.24927341258731947 0.22013817224047982 0.5141910894407167 0.37112350379027487 0.4969681423346903 0.2201381727820815 0.1413565196470655 0.21372535631476633 0.20015500179392925 0.35705570713935847 0.20015500253613322 0.22013817277467002 0.49696814236035824
12 0.04692199341416233 0.38864200745022265 0.42659677662426854 0.3832289562047805 0.1870573970397796 0.3503979433984777 0.5776000948803656 0.187057397575417 0.08455357395399477 0.3565500218545168 0.5266937703201939 0.28515825023135405 0.08455357453214411 0.35039794333988705 0.30617878319942454 0.0469219930282274 0.4265967775520113 0.04692199372681763 0.08455357465297957 0.28515825038755716
61 0.23939323712869248 0.2597838638819785 0.2866316156353804 0.28483538888214743 0.6165583571397593 0.19702791142194664 0.18705739747905084 0.6165583572341373 0.2965548712484043 0.24927341257427654 0.17073922933364688 0.22711263266204487 0.29655487169513467 0.19702791173367198 0.4288773028415829 0.23939323696223672 0.28663161647711877 0.23939323737221802 0.2965548716065605 0.2271126328513064
60 0.1071676958806936 0.43842490551612695 0.37706410567963217 0.29517584503228017 0.4288773025445617 0.4235023220041956 0.30617878319942676 0.42887730277939645 0.09784530545217322 0.21372535631474898 0.26208122062312805 0.1894640537581562 0.09784530625480416 0.4235023221993317 0.6055085243368913 0.1071676957648244 0.37706410656746825 0.10716769656254717 0.09784530638955458 0.1894640543407696
3 0.2001550020624157 0.18838076319321664 0.3570557062265909 0.45917596492209184 0.2492734124345317 0.14135651933990023 0.35655002185448736 0.24927341258731947 0.22013817224047982 0.5141910894407167 0.37112350379027487 0.4969681423346903 0.2201381727820815 0.1413565196470655 0.21372535631476633 0.20015500179392925 0.35705570713935847 0.20015500253613322 0.22013817277467002 0.49696814236035824
43 0.08774337963401464 0.26077939855849736 0.5088033823629313 0.3426281654478676 0.28663161554852246 0.2770851056084186 0.426596777097385 0.2866316157759989 0.07982672570384612 0.3570557066840641 0.4683170941461297 0.36454434117969164 0.07982672650358005 0.27708510563992184 0.37706410622433145 0.08774337941378461 0.5088033832650893 0.08774338018874313 0.07982672637788558 0.36454434140653563
41 0.45286771756220773 0.08989025099406148 0.07982672581071398 0.252275781483005 0.29655487134392156 0.021046601417445097 0.08455357432416573 0.29655487143936315 0.5713571284154526 0.22013817249128148 0.07425405777807496 0.191630705605834 0.5713571285993826 0.021046601802380153 0.09784530586674939 0.4528677171490603 0.07982672620510846 0.45286771802340225 0.571357128364319 0.19163070520743775
25 0.06502449817034399 0.6877824134635465 0.2607793979978414 0.2783332907064295 0.2597838636442182 0.5604186959496873 0.3886420074502469 0.25978386404066334 0.08989025060091602 0.18838076319319852 0.30343875907849155 0.14596895576082564 0.0898902512017117 0.5604186960081243 0.43842490551613494 0.06502449801680599 0.26077939902724245 0.0650244982487783 0.08989025145970872 0.14596895654405853
32 0.23939323712869248 0.2597838638819785 0.2866316156353804 0.28483538888214743 0.6165583571397593 0.19702791142194664 0.18705739747905084 0.6165583572341373 0.2965548712484043 0.24927341257427654 0.17073922933364688 0.22711263266204487 0.29655487169513467 0.19702791173367198 0.4288773028415829 0.23939323696223672 0.28663161647711877 0.23939323737221802 0.2965548716065605 0.2271126328513064
23 0.18645040091236367 0.27833329070643176 0.3426281651763748 0.5279225338585836 0.2848353886112964 0.16138181467064558 0.3832289562047568 0.28483538876375464 0.25227578111684146 0.45917596492216334 0.3679614844637854 0.3995233294596275 0.25227578176844007 0.16138181483357575 0.2951758450323063 0.18645040054182344 0.3426281658567897 0.18645040130243773 0.2522757818670023 0.3995233292058759
16 0.061149527396889246 0.30343875907850926 0.46831709349920014 0.3679614844637777 0.17073922892140564 0.29003526161589666 0.5266937703201462 0.17073922939921676 0.07425405743019214 0.37112350379031456 0.5711476111546089 0.36711636895352634 0.07425405800821265 0.2900352616987467 0.26208122062312467 0.061149527129498435 0.4683170946010495 0.061149527738115744 0.07425405797628498 0.3671163694365918
34 0.02783819587816704 0.5604186958854064 0.2770851053631858 0.1613818147657729 0.1970279113242684 0.701484709199326 0.3503979433891346 0.19702791175032966 0.021046601291649866 0.1413565195127125 0.29003526166000115 0.13161319282566258 0.021046601853720003 0.7014847091971746 0.423502322043506 0.0278381954588474 0.2770851060823846 0.02783819622126337 0.0210466020002953 0.1316131931232339
10 0.061149527396889246 0.30343875907850926 0.46831709349920014 0.3679614844637777 0.17073922892140564 0.29003526161589666 0.5266937703201462 0.17073922939921676 0.07425405743019214 0.37112350379031456 0.5711476111546089 0.36711636895352634 0.07425405800821265 0.2900352616987467 0.26208122062312467 0.061149527129498435 0.4683170946010495 0.061149527738115744 0.07425405797628498 0.3671163694365918
35 0.5897915561668652 0.0650244980271427 0.08774337934935816 0.18645040086499148 0.23939323707845192 0.027838195785858753 0.046921993454916155 0.23939323710867058 0.45286771761945244 0.2001550020804067 0.06114952734437249 0.23782815201742022 0.45286771758060956 0.02783819601149098 0.1071676959495737 0.5897915565228802 0.08774337981332703 0.5897915571400156 0.4528677178197956 0.23782815187282122
59 0.1071676958806936 0.43842490551612695 0.37706410567963217 0.29517584503228017 0.4288773025445617 0.4235023220041956 0.30617878319942676 0.42887730277939645 0.09784530545217322 0.21372535631474898 0.26208122062312805 0.1894640537581562 0.09784530625480416 0.4235023221993317 0.6055085243368913 0.1071676957648244 0.37706410656746825 0.10716769656254717 0.09784530638955458 0.1894640543407696
57 0.45286771756220773 0.08989025099406148 0.07982672581071398 0.252275781483005 0.29655487134392156 0.021046601417445097 0.08455357432416573 0.29655487143936315 0.5713571284154526 0.22013817249128148 0.07425405777807496 0.191630705605834 0.5713571285993826 0.021046601802380153 0.09784530586674939 0.4528677171490603 0.07982672620510846 0.45286771802340225 0.571357128364319 0.19163070520743775
0 0.04692199341416233 0.38864200745022265 0.42659677662426854 0.3832289562047805 0.1870573970397796 0.3503979433984777 0.5776000948803656 0.187057397575417 0.08455357395399477 0.3565500218545168 0.5266937703201939 0.28515825023135405 0.08455357453214411 0.35039794333988705 0.30617878319942454 0.0469219930282274 0.4265967775520113 0.04692199372681763 0.08455357465297957 0.28515825038755716
36 0.5897915561668652 0.0650244980271427 0.08774337934935816 0.18645040086499148 0.23939323707845192 0.027838195785858753 0.046921993454916155 0.23939323710867058 0.45286771761945244 0.2001550020804067 0.06114952734437249 0.23782815201742022 0.45286771758060956 0.02783819601149098 0.1071676959495737 0.5897915565228802 0.08774337981332703 0.5897915571400156 0.4528677178197956 0.23782815187282122
46 0.23939323712869248 0.2597838638819785 0.2866316156353804 0.28483538888214743 0.6165583571397593 0.19702791142194664 0.18705739747905084 0.6165583572341373 0.2965548712484043 0.24927341257427654 0.17073922933364688 0.22711263266204487 0.29655487169513467 0.19702791173367198 0.4288773028415829 0.23939323696223672 0.28663161647711877 0.23939323737221802 0.2965548716065605 0.2271126328513064
40 0.06502449817034399 0.6877824134635465 0.2607793979978414 0.2783332907064295 0.2597838636442182 0.5604186959496873 0.3886420074502469 0.25978386404066334 0.08989025060091602 0.18838076319319852 0.30343875907849155 0.14596895576082564 0.0898902512017117 0.5604186960081243 0.43842490551613494 0.06502449801680599 0.26077939902724245 0.0650244982487783 0.08989025145970872 0.14596895654405853
24 0.18645040091236367 0.27833329070643176 0.3426281651763748 0.5279225338585836 0.2848353886112964 0.16138181467064558 0.3832289562047568 0.28483538876375464 0.25227578111684146 0.45917596492216334 0.3679614844637854 0.3995233294596275 0.25227578176844007 0.16138181483357575 0.2951758450323063 0.18645040054182344 0.3426281658567897 0.18645040130243773 0.2522757818670023 0.3995233292058759
58 0.08774337963401464 0.26077939855849736 0.5088033823629313 0.3426281654478676 0.28663161554852246 0.2770851056084186 0.426596777097385 0.2866316157759989 0.07982672570384612 0.3570557066840641 0.4683170941461297 0.36454434117969164 0.07982672650358005 0.27708510563992184 0.37706410622433145 0.08774337941378461 0.5088033832650893 0.08774338018874313 0.07982672637788558 0.36454434140653563
5 0.2001550020624157 0.18838076319321664 0.3570557062265909 0.45917596492209184 0.2492734124345317 0.14135651933990023 0.35655002185448736 0.24927341258731947 0.22013817224047982 0.5141910894407167 0.37112350379027487 0.4969681423346903 0.2201381727820815 0.1413565196470655 0.21372535631476633 0.20015500179392925 0.35705570713935847 0.20015500253613322 0.22013817277467002 0.49696814236035824
1 0.2001550020624157 0.18838076319321664 0.3570557062265909 0.45917596492209184 0.2492734124345317 0.14135651933990023 0.35655002185448736 0.24927341258731947 0.22013817224047982 0.5141910894407167 0.37112350379027487 0.4969681423346903 0.2201381727820815 0.1413565196470655 0.21372535631476633 0.20015500179392925 0.35705570713935847 0.20015500253613322 0.22013817277467002 0.49696814236035824
13 0.2001550020624157 0.18838076319321664 0.3570557062265909 0.45917596492209184 0.2492734124345317 0.14135651933990023 0.35655002185448736 0.24927341258731947 0.22013817224047982 0.5141910894407167 0.37112350379027487 0.4969681423346903 0.2201381727820815 0.1413565196470655 0.21372535631476633 0.20015500179392925 0.35705570713935847 0.20015500253613322 0.22013817277467002 0.49696814236035824
28 0.08774337963401464 0.26077939855849736 0.5088033823629313 0.3426281654478676 0.28663161554852246 0.2770851056084186 0.426596777097385 0.2866316157759989 0.07982672570384612 0.3570557066840641 0.4683170941461297 0.36454434117969164 0.07982672650358005 0.27708510563992184 0.37706410622433145 0.08774337941378461 0.5088033832650893 0.08774338018874313 0.07982672637788558 0.36454434140653563
54 0.18645040091236367 0.27833329070643176 0.3426281651763748 0.5279225338585836 0.2848353886112964 0.16138181467064558 0.3832289562047568 0.28483538876375464 0.25227578111684146 0.45917596492216334 0.3679614844637854 0.3995233294596275 0.25227578176844007 0.16138181483357575 0.2951758450323063 0.18645040054182344 0.3426281658567897 0.18645040130243773 0.2522757818670023 0.3995233292058759
17 0.2001550020624157 0.18838076319321664 0.3570557062265909 0.45917596492209184 0.2492734124345317 0.14135651933990023 0.35655002185448736 0.24927341258731947 0.22013817224047982 0.5141910894407167 0.37112350379027487 0.4969681423346903 0.2201381727820815 0.1413565196470655 0.21372535631476633 0.20015500179392925 0.35705570713935847 0.20015500253613322 0.22013817277467002 0.49696814236035824
31 0.23939323712869248 0.2597838638819785 0.2866316156353804 0.28483538888214743 0.6165583571397593 0.19702791142194664 0.18705739747905084 0.6165583572341373 0.2965548712484043 0.24927341257427654 0.17073922933364688 0.22711263266204487 0.29655487169513467 0.19702791173367198 0.4288773028415829 0.23939323696223672 0.28663161647711877 0.23939323737221802 0.2965548716065605 0.2271126328513064
18 0.23782815178856254 0.14596895635805307 0.36454434087499976 0.399523329310588 0.22711263239762047 0.13161319291612017 0.28515825034287445 0.22711263258679537 0.19163070491322287 0.49696814244796883 0.3671163692608701 0.5642106737068389 0.19163070537433669 0.13161319324353826 0.18946405427178226 0.23782815178856254 0.36454434151528403 0.23782815231243148 0.19163070536524174 0.5642106736631831
29 0.1071676958806936 0.43842490551612695 0.37706410567963217 0.29517584503228017 0.4288773025445617 0.4235023220041956 0.30617878319942676 0.42887730277939645 0.09784530545217322 0.21372535631474898 0.26208122062312805 0.1894640537581562 0.09784530625480416 0.4235023221993317 0.6055085243368913 0.1071676957648244 0.37706410656746825 0.10716769656254717 0.09784530638955458 0.1894640543407696
50 0.5897915561668652 0.0650244980271427 0.08774337934935816 0.18645040086499148 0.23939323707845192 0.027838195785858753 0.046921993454916155 0.23939323710867058 0.45286771761945244 0.2001550020804067 0.06114952734437249 0.23782815201742022 0.45286771758060956 0.02783819601149098 0.1071676959495737 0.5897915565228802 0.08774337981332703 0.5897915571400156 0.4528677178197956 0.23782815187282122
33 0.23782815178856254 0.14596895635805307 0.36454434087499976 0.399523329310588 0.22711263239762047 0.13161319291612017 0.28515825034287445 0.22711263258679537 0.19163070491322287 0.49696814244796883 0.3671163692608701 0.5642106737068389 0.19163070537433669 0.13161319324353826 0.18946405427178226 0.23782815178856254 0.36454434151528403 0.23782815231243148 0.19163070536524174 0.5642106736631831
30 0.1071676958806936 0.43842490551612695 0.37706410567963217 0.29517584503228017 0.4288773025445617 0.4235023220041956 0.30617878319942676 0.42887730277939645 0.09784530545217322 0.21372535631474898 0.26208122062312805 0.1894640537581562 0.09784530625480416 0.4235023221993317 0.6055085243368913 0.1071676957648244 0.37706410656746825 0.10716769656254717 0.09784530638955458 0.1894640543407696
6 0.04692199341416233 0.38864200745022265 0.42659677662426854 0.3832289562047805 0.1870573970397796 0.3503979433984777 0.5776000948803656 0.187057397575417 0.08455357395399477 0.3565500218545168 0.5266937703201939 0.28515825023135405 0.08455357453214411 0.35039794333988705 0.30617878319942454 0.0469219930282274 0.4265967775520113 0.04692199372681763 0.08455357465297957 0.28515825038755716
48 0.23782815178856254 0.14596895635805307 0.36454434087499976 0.399523329310588 0.22711263239762047 0.13161319291612017 0.28515825034287445 0.22711263258679537 0.19163070491322287 0.49696814244796883 0.3671163692608701 0.5642106737068389 0.19163070537433669 0.13161319324353826 0.18946405427178226 0.23782815178856254 0.36454434151528403 0.23782815231243148 0.19163070536524174 0.5642106736631831
14 0.04692199341416233 0.38864200745022265 0.42659677662426854 0.3832289562047805 0.1870573970397796 0.3503979433984777 0.5776000948803656 0.187057397575417 0.08455357395399477 0.3565500218545168 0.5266937703201939 0.28515825023135405 0.08455357453214411 0.35039794333988705 0.30617878319942454 0.0469219930282274 0.4265967775520113 0.04692199372681763 0.08455357465297957 0.28515825038755716
9 0.2001550020624157 0.18838076319321664 0.3570557062265909 0.45917596492209184 0.2492734124345317 0.14135651933990023 0.35655002185448736 0.24927341258731947 0.22013817224047982 0.5141910894407167 0.37112350379027487 0.4969681423346903 0.2201381727820815 0.1413565196470655 0.21372535631476633 0.20015500179392925 0.35705570713935847 0.20015500253613322 0.22013817277467002 0.49696814236035824
51 0.5897915561668652 0.0650244980271427 0.08774337934935816 0.18645040086499148 0.23939323707845192 0.027838195785858753 0.046921993454916155 0.23939323710867058 0.45286771761945244 0.2001550020804067 0.06114952734437249 0.23782815201742022 0.45286771758060956 0.02783819601149098 0.1071676959495737 0.5897915565228802 0.08774337981332703 0.5897915571400156 0.4528677178197956 0.23782815187282122
53 0.18645040091236367 0.27833329070643176 0.3426281651763748 0.5279225338585836 0.2848353886112964 0.16138181467064558 0.3832289562047568 0.28483538876375464 0.25227578111684146 0.45917596492216334 0.3679614844637854 0.3995233294596275 0.25227578176844007 0.16138181483357575 0.2951758450323063 0.18645040054182344 0.3426281658567897 0.18645040130243773 0.2522757818670023 0.3995233292058759
4 0.061149527396889246 0.30343875907850926 0.46831709349920014 0.3679614844637777 0.17073922892140564 0.29003526161589666 0.5266937703201462 0.17073922939921676 0.07425405743019214 0.37112350379031456 0.5711476111546089 0.36711636895352634 0.07425405800821265 0.2900352616987467 0.26208122062312467 0.061149527129498435 0.4683170946010495 0.061149527738115744 0.07425405797628498 0.3671163694365918
44 0.1071676958806936 0.43842490551612695 0.37706410567963217 0.29517584503228017 0.4288773025445617 0.4235023220041956 0.30617878319942676 0.42887730277939645 0.09784530545217322 0.21372535631474898 0.26208122062312805 0.1894640537581562 0.09784530625480416 0.4235023221993317 0.6055085243368913 0.1071676957648244 0.37706410656746825 0.10716769656254717 0.09784530638955458 0.1894640543407696
2 0.04692199341416233 0.38864200745022265 0.42659677662426854 0.3832289562047805 0.1870573970397796 0.3503979433984777 0.5776000948803656 0.187057397575417 0.08455357395399477 0.3565500218545168 0.5266937703201939 0.28515825023135405 0.08455357453214411 0.35039794333988705 0.30617878319942454 0.0469219930282274 0.4265967775520113 0.04692199372681763 0.08455357465297957 0.28515825038755716
8 0.04692199341416233 0.38864200745022265 0.42659677662426854 0.3832289562047805 0.1870573970397796 0.3503979433984777 0.5776000948803656 0.187057397575417 0.08455357395399477 0.3565500218545168 0.5266937703201939 0.28515825023135405 0.08455357453214411 0.35039794333988705 0.30617878319942454 0.0469219930282274 0.4265967775520113 0.04692199372681763 0.08455357465297957 0.28515825038755716
26 0.45286771756220773 0.08989025099406148 0.07982672581071398 0.252275781483005 0.29655487134392156 0.021046601417445097 0.08455357432416573 0.29655487143936315 0.5713571284154526 0.22013817249128148 0.07425405777807496 0.191630705605834 0.5713571285993826 0.021046601802380153 0.09784530586674939 0.4528677171490603 0.07982672620510846 0.45286771802340225 0.571357128364319 0.19163070520743775
55 0.06502449817034399 0.6877824134635465 0.2607793979978414 0.2783332907064295 0.2597838636442182 0.5604186959496873 0.3886420074502469 0.25978386404066334 0.08989025060091602 0.18838076319319852 0.30343875907849155 0.14596895576082564 0.0898902512017117 0.5604186960081243 0.43842490551613494 0.06502449801680599 0.26077939902724245 0.0650244982487783 0.08989025145970872 0.14596895654405853
20 0.5897915561668652 0.0650244980271427 0.08774337934935816 0.18645040086499148 0.23939323707845192 0.027838195785858753 0.046921993454916155 0.23939323710867058 0.45286771761945244 0.2001550020804067 0.06114952734437249 0.23782815201742022 0.45286771758060956 0.02783819601149098 0.1071676959495737 0.5897915565228802 0.08774337981332703 0.5897915571400156 0.4528677178197956 0.23782815187282122
37 0.5897915561668652 0.0650244980271427 0.08774337934935816 0.18645040086499148 0.23939323707845192 0.027838195785858753 0.046921993454916155 0.23939323710867058 0.45286771761945244 0.2001550020804067 0.06114952734437249 0.23782815201742022 0.45286771758060956 0.02783819601149098 0.1071676959495737 0.5897915565228802 0.08774337981332703 0.5897915571400156 0.4528677178197956 0.23782815187282122
62 0.23939323712869248 0.2597838638819785 0.2866316156353804 0.28483538888214743 0.6165583571397593 0.19702791142194664 0.18705739747905084 0.6165583572341373 0.2965548712484043 0.24927341257427654 0.17073922933364688 0.22711263266204487 0.29655487169513467 0.19702791173367198 0.4288773028415829 0.23939323696223672 0.28663161647711877 0.23939323737221802 0.2965548716065605 0.2271126328513064
15 0.2001550020624157 0.18838076319321664 0.3570557062265909 0.45917596492209184 0.2492734124345317 0.14135651933990023 0.35655002185448736 0.24927341258731947 0.22013817224047982 0.5141910894407167 0.37112350379027487 0.4969681423346903 0.2201381727820815 0.1413565196470655 0.21372535631476633 0.20015500179392925 0.35705570713935847 0.20015500253613322 0.22013817277467002 0.49696814236035824
21 0.5897915561668652 0.0650244980271427 0.08774337934935816 0.18645040086499148 0.23939323707845192 0.027838195785858753 0.046921993454916155 0.23939323710867058 0.45286771761945244 0.2001550020804067 0.06114952734437249 0.23782815201742022 0.45286771758060956 0.02783819601149098 0.1071676959495737 0.5897915565228802 0.08774337981332703 0.5897915571400156 0.4528677178197956 0.23782815187282122
52 0.5897915561668652 0.0650244980271427 0.08774337934935816 0.18645040086499148 0.23939323707845192 0.027838195785858753 0.046921993454916155 0.23939323710867058 0.45286771761945244 0.2001550020804067 0.06114952734437249 0.23782815201742022 0.45286771758060956 0.02783819601149098 0.1071676959495737 0.5897915565228802 0.08774337981332703 0.5897915571400156 0.4528677178197956 0.23782815187282122
56 0.45286771756220773 0.08989025099406148 0.07982672581071398 0.252275781483005 0.29655487134392156 0.021046601417445097 0.08455357432416573 0.29655487143936315 0.5713571284154526 0.22013817249128148 0.07425405777807496 0.191630705605834 0.5713571285993826 0.021046601802380153 0.09784530586674939 0.4528677171490603 0.07982672620510846 0.45286771802340225 0.571357128364319 0.19163070520743775
49 0.02783819587816704 0.5604186958854064 0.2770851053631858 0.1613818147657729 0.1970279113242684 0.701484709199326 0.3503979433891346 0.19702791175032966 0.021046601291649866 0.1413565195127125 0.29003526166000115 0.13161319282566258 0.021046601853720003 0.7014847091971746 0.423502322043506 0.0278381954588474 0.2770851060823846 0.02783819622126337 0.0210466020002953 0.1316131931232339
19 0.02783819587816704 0.5604186958854064 0.2770851053631858 0.1613818147657729 0.1970279113242684 0.701484709199326 0.3503979433891346 0.19702791175032966 0.021046601291649866 0.1413565195127125 0.29003526166000115 0.13161319282566258 0.021046601853720003 0.7014847091971746 0.423502322043506 0.0278381954588474 0.2770851060823846 0.02783819622126337 0.0210466020002953 0.1316131931232339
42 0.45286771756220773 0.08989025099406148 0.07982672581071398 0.252275781483005 0.29655487134392156 0.021046601417445097 0.08455357432416573 0.29655487143936315 0.5713571284154526 0.22013817249128148 0.07425405777807496 0.191630705605834 0.5713571285993826 0.021046601802380153 0.09784530586674939 0.4528677171490603 0.07982672620510846 0.45286771802340225 0.571357128364319 0.19163070520743775
11 0.20015500218141824 0.18838076319321928 0.3570557062048465 0.459175964922089 0.24927341239526868 0.1413565193215618 0.3565500218545026 0.24927341262809932 0.2201381721533835 0.514191089440672 0.3711235037902938 0.4969681423390284 0.22013817279366776 0.141356519627152 0.21372535631475742 0.20015500183217227 0.3570557071361691 0.2001550025306642 0.22013817250262946 0.49696814257185906
22 0.5897915561668652 0.0650244980271427 0.08774337934935816 0.18645040086499148 0.23939323707845192 0.027838195785858753 0.046921993454916155 0.23939323710867058 0.45286771761945244 0.2001550020804067 0.06114952734437249 0.23782815201742022 0.45286771758060956 0.02783819601149098 0.1071676959495737 0.5897915565228802 0.08774337981332703 0.5897915571400156 0.4528677178197956 0.23782815187282122
38 0.18645040091236367 0.27833329070643176 0.3426281651763748 0.5279225338585836 0.2848353886112964 0.16138181467064558 0.3832289562047568 0.28483538876375464 0.25227578111684146 0.45917596492216334 0.3679614844637854 0.3995233294596275 0.25227578176844007 0.16138181483357575 0.2951758450323063 0.18645040054182344 0.3426281658567897 0.18645040130243773 0.2522757818670023 0.3995233292058759
27 0.45286771756220773 0.08989025099406148 0.07982672581071398 0.252275781483005 0.29655487134392156 0.021046601417445097 0.08455357432416573 0.29655487143936315 0.5713571284154526 0.22013817249128148 0.07425405777807496 0.191630705605834 0.5713571285993826 0.021046601802380153 0.09784530586674939 0.4528677171490603 0.07982672620510846 0.45286771802340225 0.571357128364319 0.19163070520743775
