id,x_0,x_1,x_2,x_3,x_4,x_5,x_6,x_7,x_8,x_9,x_10,x_11,x_12,x_13
0.0,0.8611187957454396,2.220446049250313e-16,0.6000755633982997,2.220446049250313e-16,0.06251037862661009,1.23552785385006,2.220446049250313e-16,0.874469678231452,0.8361351119244668,2.220446049250313e-16,2.220446049250313e-16,2.220446049250313e-16,0.0049419734050297395,2.220446049250313e-16
1.0,2.220446049250313e-16,0.8849007829931032,2.220446049250313e-16,0.012909332266628548,2.220446049250313e-16,0.012420568196363344,1.1070096340190239,2.220446049250313e-16,0.07115473235745601,1.2385206740287913,2.220446049250313e-16,0.019374517651151994,0.07630504389849928,0.5721387442512936
2.0,2.220446049250313e-16,2.220446049250313e-16,0.03620768357929173,2.220446049250313e-16,2.220446049250313e-16,2.220446049250313e-16,2.220446049250313e-16,0.8592252811115344,0.3832154691971324,0.6255600973687825,2.220446049250313e-16,1.1318584462316528,0.13401999316075086,2.220446049250313e-16
3.0,2.220446049250313e-16,0.8849007829931032,2.220446049250313e-16,0.012909332266628548,2.220446049250313e-16,0.012420568196363344,1.1070096340190239,2.220446049250313e-16,0.07115473235745601,1.2385206740287913,2.220446049250313e-16,0.019374517651151994,0.07630504389849928,0.5721387442512936
4.0,0.8611187957454396,2.220446049250313e-16,0.6000755633982997,2.220446049250313e-16,0.06251037862661009,1.23552785385006,2.220446049250313e-16,0.874469678231452,0.8361351119244668,2.220446049250313e-16,2.220446049250313e-16,2.220446049250313e-16,0.0049419734050297395,2.220446049250313e-16
5.0,2.220446049250313e-16,1.0091806045845813,2.220446049250313e-16,2.220446049250313e-16,0.26349941614132855,2.220446049250313e-16,1.2156027928822644,2.220446049250313e-16,2.220446049250313e-16,0.8014229945388828,0.030953975057984053,0.10069179746244598,0.0687217577768359,2.220446049250313e-16
6.0,0.8466744908116082,2.220446049250313e-16,0.5857007336997053,2.220446049250313e-16,0.046076558527722765,1.20696494972827,2.220446049250313e-16,0.8721062278111296,0.9417397169403443,0.04297998451053628,2.220446049250313e-16,2.220446049250313e-16,0.011551459095179416,2.220446049250313e-16
7.0,2.220446049250313e-16,0.9842341243447702,2.220446049250313e-16,0.035575658591490644,0.22595956114497354,2.220446049250313e-16,1.2045270597998925,2.220446049250313e-16,2.220446049250313e-16,0.9584885840407457,2.220446049250313e-16,0.0840253591449458,0.0033922619632236165,2.220446049250313e-16
8.0,2.220446049250313e-16,2.220446049250313e-16,2.220446049250313e-16,2.220446049250313e-16,0.036260955917852694,1.24268524080126,2.220446049250313e-16,1.0217528034304812,0.9136367303702891,2.220446049250313e-16,2.220446049250313e-16,0.5112173791603809,2.220446049250313e-16,2.220446049250313e-16
9.0,0.10329164792164229,0.09771655831630088,2.220446049250313e-16,1.4098713604156894,2.220446049250313e-16,0.23034570876159266,0.8096267115454381,2.220446049250313e-16,0.09437866439055453,2.220446049250313e-16,0.06211284886966728,0.036802566580061744,2.220446049250313e-16,0.6530610758308267
10.0,2.220446049250313e-16,2.220446049250313e-16,2.220446049250313e-16,0.1846877819723778,2.220446049250313e-16,2.220446049250313e-16,0.03273264672218468,0.9574949664416792,0.5459661136538393,0.02507102458470189,2.220446049250313e-16,1.207749458229531,0.03076241753423328,2.220446049250313e-16
11.0,0.10329164792164229,0.09771655831630088,2.220446049250313e-16,1.4098713604156894,2.220446049250313e-16,0.23034570876159266,0.8096267115454381,2.220446049250313e-16,0.09437866439055453,2.220446049250313e-16,0.06211284886966728,0.036802566580061744,2.220446049250313e-16,0.6530610758308267
12.0,2.220446049250313e-16,2.220446049250313e-16,2.220446049250313e-16,2.220446049250313e-16,0.036260955917852694,1.24268524080126,2.220446049250313e-16,1.0217528034304812,0.9136367303702891,2.220446049250313e-16,2.220446049250313e-16,0.5112173791603809,2.220446049250313e-16,2.220446049250313e-16
13.0,2.220446049250313e-16,0.9850232028824426,2.220446049250313e-16,0.031744982339280026,0.1322273731662261,0.02491079215861403,1.1940466059235335,2.220446049250313e-16,2.220446049250313e-16,1.0668139105875003,2.220446049250313e-16,0.07604602501854377,2.220446049250313e-16,2.220446049250313e-16
14.0,0.7615328125842822,0.0030400268904149375,0.5936114988696982,2.220446049250313e-16,0.028788560507494693,0.9586157660418866,2.220446049250313e-16,0.7644720386735893,0.803551811762705,0.310375502844097,2.220446049250313e-16,0.09628084147632998,0.053709473690431275,2.220446049250313e-16
15.0,0.16374984404031864,0.38548821384186216,2.220446049250313e-16,0.8900550374449206,0.14091368352910258,0.15887823584330094,1.0617950704597485,2.220446049250313e-16,2.220446049250313e-16,0.6416476345540464,2.220446049250313e-16,2.220446049250313e-16,2.220446049250313e-16,0.1130535766729435
16.0,0.1298662106186309,2.220446049250313e-16,0.007646601364434069,0.05535305524195469,0.17156077200447578,2.220446049250313e-16,2.220446049250313e-16,0.3431576774939206,0.0756020413697697,0.22011326969353046,2.220446049250313e-16,1.4509442476223757,0.4356628294793782,2.220446049250313e-16
17.0,0.1529969693746574,0.39288739331926825,2.220446049250313e-16,0.7948289465550248,0.130781755585012,0.15885431056795005,1.1058871326780033,2.220446049250313e-16,2.220446049250313e-16,0.7027652136551299,2.220446049250313e-16,2.220446049250313e-16,2.220446049250313e-16,0.113630801002517
18.0,0.8611187957454396,2.220446049250313e-16,0.6000755633982997,2.220446049250313e-16,0.06251037862661009,1.23552785385006,2.220446049250313e-16,0.874469678231452,0.8361351119244668,2.220446049250313e-16,2.220446049250313e-16,2.220446049250313e-16,0.0049419734050297395,2.220446049250313e-16
19.0,2.220446049250313e-16,1.0082106403942306,2.220446049250313e-16,2.220446049250313e-16,0.17757084710378812,0.030450462495930693,1.2153806751664429,2.220446049250313e-16,2.220446049250313e-16,0.908283216449561,0.05780377425165175,0.09691696496108482,0.004036184716436151,2.220446049250313e-16
20.0,2.220446049250313e-16,2.220446049250313e-16,0.5909718076490267,2.220446049250313e-16,2.220446049250313e-16,0.17827609015887802,0.28094780951745246,0.0018260733388381287,0.15892312772046613,2.220446049250313e-16,0.15573641350561016,2.220446049250313e-16,1.8308754541499304,0.291053444097289
21.0,2.220446049250313e-16,0.009543355042892021,2.220446049250313e-16,2.220446049250313e-16,1.950835538880168,0.04457429801416541,2.220446049250313e-16,2.220446049250313e-16,0.08863098865431498,0.0416746045297166,0.4581838078856913,2.220446049250313e-16,0.1374388136888199,2.220446049250313e-16
22.0,0.8368407818262191,2.220446049250313e-16,2.220446049250313e-16,2.220446049250313e-16,2.220446049250313e-16,2.220446049250313e-16,2.220446049250313e-16,0.9996633701991817,1.1353406333870233,0.003955347846510603,0.5221375308820612,2.220446049250313e-16,0.0008283987533720231,2.220446049250313e-16
23.0,2.220446049250313e-16,0.9592492366365527,2.220446049250313e-16,0.017301336275454604,0.10000804752913257,2.220446049250313e-16,2.220446049250313e-16,2.220446049250313e-16,0.011237938227284361,2.220446049250313e-16,1.434799931035963,2.220446049250313e-16,0.03470425038290776,2.220446049250313e-16
24.0,2.220446049250313e-16,0.9592492366365527,2.220446049250313e-16,0.017301336275454604,0.10000804752913257,2.220446049250313e-16,2.220446049250313e-16,2.220446049250313e-16,0.011237938227284361,2.220446049250313e-16,1.434799931035963,2.220446049250313e-16,0.03470425038290776,2.220446049250313e-16
25.0,0.7907455947082217,0.7591388635968745,0.13716077139572527,0.6475488871708668,2.220446049250313e-16,0.08273237796578163,0.24605970682224165,2.220446049250313e-16,2.220446049250313e-16,0.23050128720588564,2.220446049250313e-16,0.5133068285581347,0.0780489416132898,2.220446049250313e-16
26.0,2.220446049250313e-16,2.220446049250313e-16,2.220446049250313e-16,2.220446049250313e-16,0.04492229190198041,2.220446049250313e-16,2.220446049250313e-16,0.9234092803761884,2.220446049250313e-16,0.45763029010539746,2.220446049250313e-16,1.4100947622118662,0.11152828916469072,2.220446049250313e-16
27.0,2.220446049250313e-16,2.220446049250313e-16,2.220446049250313e-16,2.220446049250313e-16,0.04492229190198041,2.220446049250313e-16,2.220446049250313e-16,0.9234092803761884,2.220446049250313e-16,0.45763029010539746,2.220446049250313e-16,1.4100947622118662,0.11152828916469072,2.220446049250313e-16
28.0,0.8956061136012591,0.7598673037184008,0.7228233589300771,0.3635349832770416,2.220446049250313e-16,0.11069607267129412,2.220446049250313e-16,2.220446049250313e-16,0.07754857322435776,1.2194279046601117,2.220446049250313e-16,2.220446049250313e-16,0.0627490206609561,2.220446049250313e-16
29.0,0.8956061136012591,0.7598673037184008,0.7228233589300771,0.3635349832770416,2.220446049250313e-16,0.11069607267129412,2.220446049250313e-16,2.220446049250313e-16,0.07754857322435776,1.2194279046601117,2.220446049250313e-16,2.220446049250313e-16,0.0627490206609561,2.220446049250313e-16
30.0,2.220446049250313e-16,2.220446049250313e-16,0.5909718076490267,2.220446049250313e-16,2.220446049250313e-16,0.17827609015887802,0.28094780951745246,0.0018260733388381287,0.15892312772046613,2.220446049250313e-16,0.15573641350561016,2.220446049250313e-16,1.8308754541499304,0.291053444097289
31.0,2.220446049250313e-16,0.009543355042892021,2.220446049250313e-16,2.220446049250313e-16,1.950835538880168,0.04457429801416541,2.220446049250313e-16,2.220446049250313e-16,0.08863098865431498,0.0416746045297166,0.4581838078856913,2.220446049250313e-16,0.1374388136888199,2.220446049250313e-16
32.0,0.8368407818262191,2.220446049250313e-16,2.220446049250313e-16,2.220446049250313e-16,2.220446049250313e-16,2.220446049250313e-16,2.220446049250313e-16,0.9996633701991817,1.1353406333870233,0.003955347846510603,0.5221375308820612,2.220446049250313e-16,0.0008283987533720231,2.220446049250313e-16
33.0,2.220446049250313e-16,0.9592492366365527,2.220446049250313e-16,0.017301336275454604,0.10000804752913257,2.220446049250313e-16,2.220446049250313e-16,2.220446049250313e-16,0.011237938227284361,2.220446049250313e-16,1.434799931035963,2.220446049250313e-16,0.03470425038290776,2.220446049250313e-16
34.0,2.220446049250313e-16,0.9592492366365527,2.220446049250313e-16,0.017301336275454604,0.10000804752913257,2.220446049250313e-16,2.220446049250313e-16,2.220446049250313e-16,0.011237938227284361,2.220446049250313e-16,1.434799931035963,2.220446049250313e-16,0.03470425038290776,2.220446049250313e-16
35.0,2.220446049250313e-16,2.220446049250313e-16,0.0012115867630436601,0.000844156145702657,2.220446049250313e-16,0.1859934853964776,0.560261785245406,0.00188910392773925,0.15948115921725528,2.220446049250313e-16,0.15814983828158097,2.220446049250313e-16,1.798034103049587,0.2814927579949777
36.0,2.220446049250313e-16,0.009543355042892021,2.220446049250313e-16,2.220446049250313e-16,1.950835538880168,0.04457429801416541,2.220446049250313e-16,2.220446049250313e-16,0.08863098865431498,0.0416746045297166,0.4581838078856913,2.220446049250313e-16,0.1374388136888199,2.220446049250313e-16
37.0,0.8368407818262191,2.220446049250313e-16,2.220446049250313e-16,2.220446049250313e-16,2.220446049250313e-16,2.220446049250313e-16,2.220446049250313e-16,0.9996633701991817,1.1353406333870233,0.003955347846510603,0.5221375308820612,2.220446049250313e-16,0.0008283987533720231,2.220446049250313e-16
38.0,2.220446049250313e-16,0.9592492366365527,2.220446049250313e-16,0.017301336275454604,0.10000804752913257,2.220446049250313e-16,2.220446049250313e-16,2.220446049250313e-16,0.011237938227284361,2.220446049250313e-16,1.434799931035963,2.220446049250313e-16,0.03470425038290776,2.220446049250313e-16
39.0,2.220446049250313e-16,0.9592492366365527,2.220446049250313e-16,0.017301336275454604,0.10000804752913257,2.220446049250313e-16,2.220446049250313e-16,2.220446049250313e-16,0.011237938227284361,2.220446049250313e-16,1.434799931035963,2.220446049250313e-16,0.03470425038290776,2.220446049250313e-16
40.0,2.220446049250313e-16,2.220446049250313e-16,0.3051728162124927,2.220446049250313e-16,0.2475664261300936,0.4570833947489899,0.4244469932011683,2.220446049250313e-16,2.220446049250313e-16,2.220446049250313e-16,2.220446049250313e-16,0.03668684869842148,1.7010715485033079,0.3072567977071172
41.0,2.220446049250313e-16,0.018606111079786384,2.220446049250313e-16,2.220446049250313e-16,1.919898860437713,0.32000229019760973,2.220446049250313e-16,2.220446049250313e-16,0.0547114216496912,0.02597474565058546,0.3158626932427905,2.220446049250313e-16,0.2570726309216333,2.220446049250313e-16
42.0,0.8368407818262191,2.220446049250313e-16,2.220446049250313e-16,2.220446049250313e-16,2.220446049250313e-16,2.220446049250313e-16,2.220446049250313e-16,0.9996633701991817,1.1353406333870233,0.003955347846510603,0.5221375308820612,2.220446049250313e-16,0.0008283987533720231,2.220446049250313e-16
43.0,2.220446049250313e-16,0.9592492366365527,2.220446049250313e-16,0.017301336275454604,0.10000804752913257,2.220446049250313e-16,2.220446049250313e-16,2.220446049250313e-16,0.011237938227284361,2.220446049250313e-16,1.434799931035963,2.220446049250313e-16,0.03470425038290776,2.220446049250313e-16
44.0,2.220446049250313e-16,0.9592492366365527,2.220446049250313e-16,0.017301336275454604,0.10000804752913257,2.220446049250313e-16,2.220446049250313e-16,2.220446049250313e-16,0.011237938227284361,2.220446049250313e-16,1.434799931035963,2.220446049250313e-16,0.03470425038290776,2.220446049250313e-16
45.0,0.4480410832632358,0.10818691630288213,0.07499915369192187,1.3217049236350629,0.009467904823142253,2.220446049250313e-16,0.34874928181547943,2.220446049250313e-16,2.220446049250313e-16,2.220446049250313e-16,2.220446049250313e-16,0.5040280473712089,0.041921924442833054,0.6739087733369263
46.0,2.220446049250313e-16,2.220446049250313e-16,2.220446049250313e-16,2.220446049250313e-16,2.220446049250313e-16,0.06311828757419857,2.220446049250313e-16,0.9290369054710867,2.220446049250313e-16,0.3561281320090762,2.220446049250313e-16,1.413239342965633,0.18593794692954463,2.220446049250313e-16
47.0,2.220446049250313e-16,2.220446049250313e-16,2.220446049250313e-16,2.220446049250313e-16,2.220446049250313e-16,0.06311828757419857,2.220446049250313e-16,0.9290369054710867,2.220446049250313e-16,0.3561281320090762,2.220446049250313e-16,1.413239342965633,0.18593794692954463,2.220446049250313e-16
48.0,0.854803586851428,0.3561585713298212,0.7047687967975927,1.0438718134300484,2.220446049250313e-16,2.220446049250313e-16,2.220446049250313e-16,2.220446049250313e-16,0.07694082161117771,0.7564036287432953,2.220446049250313e-16,2.220446049250313e-16,0.07714606788408189,2.220446049250313e-16
49.0,0.854803586851428,0.3561585713298212,0.7047687967975927,1.0438718134300484,2.220446049250313e-16,2.220446049250313e-16,2.220446049250313e-16,2.220446049250313e-16,0.07694082161117771,0.7564036287432953,2.220446049250313e-16,2.220446049250313e-16,0.07714606788408189,2.220446049250313e-16
50.0,2.220446049250313e-16,2.220446049250313e-16,0.3051728162124927,2.220446049250313e-16,0.2475664261300936,0.4570833947489899,0.4244469932011683,2.220446049250313e-16,2.220446049250313e-16,2.220446049250313e-16,2.220446049250313e-16,0.03668684869842148,1.7010715485033079,0.3072567977071172
51.0,2.220446049250313e-16,0.018606111079786384,2.220446049250313e-16,2.220446049250313e-16,1.919898860437713,0.32000229019760973,2.220446049250313e-16,2.220446049250313e-16,0.0547114216496912,0.02597474565058546,0.3158626932427905,2.220446049250313e-16,0.2570726309216333,2.220446049250313e-16
52.0,0.8368407818262191,2.220446049250313e-16,2.220446049250313e-16,2.220446049250313e-16,2.220446049250313e-16,2.220446049250313e-16,2.220446049250313e-16,0.9996633701991817,1.1353406333870233,0.003955347846510603,0.5221375308820612,2.220446049250313e-16,0.0008283987533720231,2.220446049250313e-16
53.0,2.220446049250313e-16,0.9592492366365527,2.220446049250313e-16,0.017301336275454604,0.10000804752913257,2.220446049250313e-16,2.220446049250313e-16,2.220446049250313e-16,0.011237938227284361,2.220446049250313e-16,1.434799931035963,2.220446049250313e-16,0.03470425038290776,2.220446049250313e-16
54.0,2.220446049250313e-16,0.9592492366365527,2.220446049250313e-16,0.017301336275454604,0.10000804752913257,2.220446049250313e-16,2.220446049250313e-16,2.220446049250313e-16,0.011237938227284361,2.220446049250313e-16,1.434799931035963,2.220446049250313e-16,0.03470425038290776,2.220446049250313e-16
55.0,0.7761551233932981,2.220446049250313e-16,0.6400913146884125,2.220446049250313e-16,0.49575432450506907,0.16629891420550524,2.220446049250313e-16,2.220446049250313e-16,2.220446049250313e-16,0.35033694903441853,2.220446049250313e-16,0.2290939422505278,1.1821159856253278,2.220446049250313e-16
56.0,0.7257949339910809,0.4558238615035132,2.220446049250313e-16,0.9473428490124393,0.21671760900820417,0.03243875127462976,0.7188159222764224,2.220446049250313e-16,2.220446049250313e-16,0.3598570884820443,2.220446049250313e-16,2.220446049250313e-16,2.220446049250313e-16,2.220446049250313e-16
57.0,2.220446049250313e-16,2.220446049250313e-16,2.220446049250313e-16,0.26820575785519185,0.15331279612804094,2.220446049250313e-16,2.220446049250313e-16,0.4091125468177597,0.5351147434764688,1.229114801943434e-05,2.220446049250313e-16,1.23952396365023,0.3563118068729959,2.220446049250313e-16
58.0,0.13474052925015353,0.07315835395166514,2.220446049250313e-16,1.0527416936485035,0.039628914600642426,2.220446049250313e-16,2.220446049250313e-16,0.0022997881213698505,2.220446049250313e-16,0.47564793563601243,0.8478408348464342,2.220446049250313e-16,2.220446049250313e-16,0.5087863621531483
59.0,0.13474052925015353,0.07315835395166514,2.220446049250313e-16,1.0527416936485035,0.039628914600642426,2.220446049250313e-16,2.220446049250313e-16,0.0022997881213698505,2.220446049250313e-16,0.47564793563601243,0.8478408348464342,2.220446049250313e-16,2.220446049250313e-16,0.5087863621531483
60.0,0.4351744961589092,2.220446049250313e-16,0.6569865612361538,1.084776427037144,0.23837267618766594,2.220446049250313e-16,2.220446049250313e-16,2.220446049250313e-16,2.220446049250313e-16,2.220446049250313e-16,2.220446049250313e-16,0.8207699914846214,0.21391861807948803,2.220446049250313e-16
61.0,0.12306556314427934,0.025461277865963083,0.6740173723949184,1.1701309082074511,0.13441300469198014,2.220446049250313e-16,0.046602285382830275,2.220446049250313e-16,0.09982086952209696,2.220446049250313e-16,2.220446049250313e-16,0.8918769077593729,2.220446049250313e-16,0.05463370304119973
62.0,0.1407091421217227,2.220446049250313e-16,0.7069059186556954,0.48188970446970514,0.16872503595053925,2.220446049250313e-16,2.220446049250313e-16,0.12548665041248178,2.220446049250313e-16,2.220446049250313e-16,2.220446049250313e-16,1.1929151199330557,0.38257704056768965,2.220446049250313e-16
63.0,0.5353774110899647,2.220446049250313e-16,0.059329701839709204,1.1399116840774017,0.13199850601373075,2.220446049250313e-16,0.015316953473618876,0.16345164957845854,2.220446049250313e-16,2.220446049250313e-16,2.220446049250313e-16,0.8110872403467724,0.0936571987994191,2.220446049250313e-16
64.0,0.5353774110899647,2.220446049250313e-16,0.059329701839709204,1.1399116840774017,0.13199850601373075,2.220446049250313e-16,0.015316953473618876,0.16345164957845854,2.220446049250313e-16,2.220446049250313e-16,2.220446049250313e-16,0.8110872403467724,0.0936571987994191,2.220446049250313e-16
65.0,2.220446049250313e-16,2.220446049250313e-16,0.6107637936833938,2.220446049250313e-16,0.39387647940100745,0.46202796789148276,0.35529048733424107,2.220446049250313e-16,2.220446049250313e-16,2.220446049250313e-16,2.220446049250313e-16,0.04284050893764909,1.5967561992685648,0.3306280044072756
66.0,2.220446049250313e-16,0.012608562273166693,2.220446049250313e-16,2.220446049250313e-16,0.3787656601015439,0.23219776855940194,0.8565382279465514,0.004346527599335521,2.220446049250313e-16,0.26552976737522066,2.220446049250313e-16,2.220446049250313e-16,1.3029290110148022,0.3574088091051865
67.0,0.08878437933318656,2.220446049250313e-16,2.220446049250313e-16,2.220446049250313e-16,2.220446049250313e-16,0.3877180553206212,2.220446049250313e-16,1.0249574444146499,1.0896252944581708,0.06911975080505799,0.15577418361364925,0.40431858717751423,0.09734075871616607,2.220446049250313e-16
68.0,2.220446049250313e-16,0.9477312776833701,2.220446049250313e-16,0.05847809921659752,0.0498470530141613,0.11962020127274445,0.03092565599530757,2.220446049250313e-16,2.220446049250313e-16,0.22235843092157098,1.1876991985512637,0.06255776013624346,2.220446049250313e-16,2.220446049250313e-16
69.0,2.220446049250313e-16,0.20675672557113156,2.220446049250313e-16,1.2741372662534538,2.220446049250313e-16,0.10169762875170611,1.0044337167461341,2.220446049250313e-16,0.05321583246991677,0.02424834718650322,0.12837741939005248,0.09763122257631356,2.220446049250313e-16,2.220446049250313e-16
