18 0.26761993202200673 0.41167324080762174 0.26761993296560593 0.23542397462078338 0.2676199326016636 0.14253555915181354 0.41167323987627275 0.41167324006147393 0.14253555954429428 0.49322399210370826 0.4116732403403314 0.4932239920394079 0.21750167980889726 0.2175016798358297 0.23542397482564045 0.324252150198613 0.1721250829124057 0.17212508164408197 0.4116732399775168 0.2018302384391866
15 0.30159196047950676 0.4157896481740629 0.30159196108206787 0.1949078696788058 0.3015919607098385 0.17212470109487366 0.41578964722815975 0.415789647892922 0.17212470149177334 0.41167324039604786 0.41578964759240317 0.4116732401431438 0.2400318447457268 0.24003184479259956 0.1949078699710386 0.3807908505131073 0.205493825262205 0.2054938243738133 0.4157896473311754 0.20940952418593323
59 0.3342784970694208 0.2094095247825969 0.3342784977633998 0.0982516226704011 0.33427849730387904 0.4683794411619848 0.20940952390692225 0.2094095240324625 0.46837944150908717 0.20183023847309833 0.20940952400242585 0.2018302383243773 0.43645803457488164 0.4364580345977003 0.09825162248353214 0.26858701799080986 0.07134011674488372 0.07134011574893728 0.20940952379444155 0.6653319598213301
46 0.18757530875540687 0.2400318453495181 0.18757530964481745 0.254164763792665 0.18757530908251638 0.2552832068480901 0.2400318444003132 0.24003184491782642 0.25528320689260503 0.21750167996138753 0.24003184482835963 0.21750167980994428 0.628040381827946 0.6280403818664614 0.2541647637340106 0.2815031299409875 0.3111338620583427 0.3111338608792269 0.24003184452177406 0.4364580346420905
48 0.26761993202200673 0.41167324080762174 0.26761993296560593 0.23542397462078338 0.2676199326016636 0.14253555915181354 0.41167323987627275 0.41167324006147393 0.14253555954429428 0.49322399210370826 0.4116732403403314 0.4932239920394079 0.21750167980889726 0.2175016798358297 0.23542397482564045 0.324252150198613 0.1721250829124057 0.17212508164408197 0.4116732399775168 0.2018302384391866
1 0.30159196047950676 0.4157896481740629 0.30159196108206787 0.1949078696788058 0.3015919607098385 0.17212470109487366 0.41578964722815975 0.415789647892922 0.17212470149177334 0.41167324039604786 0.41578964759240317 0.4116732401431438 0.2400318447457268 0.24003184479259956 0.1949078699710386 0.3807908505131073 0.205493825262205 0.2054938243738133 0.4157896473311754 0.20940952418593323
56 0.04700349625430964 0.2054938252880336 0.04700349681286393 0.5275290692856995 0.0470034963717155 0.07236198925327228 0.2054938243240718 0.205493824456603 0.07236198952457881 0.1721250822623908 0.20549382453362383 0.17212508211791558 0.3111338613912266 0.3111338614938773 0.5275290699413545 0.24579105417093092 0.6696349009149107 0.6696348991692115 0.20549382426102472 0.07134011624815204
28 0.45345605560578406 0.31487941287923604 0.4534560567117296 0.06090998352738097 0.45345605607144535 0.2540973557624966 0.31487941154045984 0.31487941183149815 0.2540973557624966 0.3752985467435792 0.31487941200612113 0.3752985466271639 0.2945999529765686 0.29459995322395116 0.060909983702003956 0.29710417195722627 0.03637566289398819 0.036375661846250296 0.3148794115986675 0.45000811920855543
61 0.18757530875540687 0.2400318453495181 0.18757530964481745 0.254164763792665 0.18757530908251638 0.2552832068480901 0.2400318444003132 0.24003184491782642 0.25528320689260503 0.21750167996138753 0.24003184482835963 0.21750167980994428 0.628040381827946 0.6280403818664614 0.2541647637340106 0.2815031299409875 0.3111338620583427 0.3111338608792269 0.24003184452177406 0.4364580346420905
2 0.5256331803836928 0.30159196105836694 0.5256331808520437 0.02546887695636669 0.5256331804259631 0.3756500319948701 0.3015919604170807 0.3015919605240167 0.37565003192643714 0.26761993251760297 0.30159196031186103 0.267619932438534 0.18757530913957338 0.1875753091398605 0.02546887687790517 0.3210091643052001 0.04700349691780254 0.04700349586999555 0.3015919602299928 0.33427849734664866
30 0.3342784970694208 0.2094095247825969 0.3342784977633998 0.0982516226704011 0.33427849730387904 0.4683794411619848 0.20940952390692225 0.2094095240324625 0.46837944150908717 0.20183023847309833 0.20940952400242585 0.2018302383243773 0.43645803457488164 0.4364580345977003 0.09825162248353214 0.26858701799080986 0.07134011674488372 0.07134011574893728 0.20940952379444155 0.6653319598213301
5 0.30159196047950676 0.4157896481740629 0.30159196108206787 0.1949078696788058 0.3015919607098385 0.17212470109487366 0.41578964722815975 0.415789647892922 0.17212470149177334 0.41167324039604786 0.41578964759240317 0.4116732401431438 0.2400318447457268 0.24003184479259956 0.1949078699710386 0.3807908505131073 0.205493825262205 0.2054938243738133 0.4157896473311754 0.20940952418593323
7 0.30159196047950676 0.4157896481740629 0.30159196108206787 0.1949078696788058 0.3015919607098385 0.17212470109487366 0.41578964722815975 0.415789647892922 0.17212470149177334 0.41167324039604786 0.41578964759240317 0.4116732401431438 0.2400318447457268 0.24003184479259956 0.1949078699710386 0.3807908505131073 0.205493825262205 0.2054938243738133 0.4157896473311754 0.20940952418593323
11 0.30159196047950676 0.4157896481740629 0.30159196108206787 0.1949078696788058 0.3015919607098385 0.17212470109487366 0.41578964722815975 0.415789647892922 0.17212470149177334 0.41167324039604786 0.41578964759240317 0.4116732401431438 0.2400318447457268 0.24003184479259956 0.1949078699710386 0.3807908505131073 0.205493825262205 0.2054938243738133 0.4157896473311754 0.20940952418593323
57 0.04700349625430964 0.2054938252880336 0.04700349681286393 0.5275290692856995 0.0470034963717155 0.07236198925327228 0.2054938243240718 0.205493824456603 0.07236198952457881 0.1721250822623908 0.20549382453362383 0.17212508211791558 0.3111338613912266 0.3111338614938773 0.5275290699413545 0.24579105417093092 0.6696349009149107 0.6696348991692115 0.20549382426102472 0.07134011624815204
34 0.3883337777720579 0.14054845447575792 0.3883337776435535 0.013379276877787902 0.3883337776090199 0.7105418740797415 0.14054845395162313 0.14054845408683847 0.7105418739665902 0.1552196803613594 0.14054845410040567 0.15521968029300065 0.17973108667567964 0.17973108671327837 0.013379276773249994 0.013812204694754292 0.003824391565942141 0.003824390722557628 0.1405484541777018 0.5587700388034245
4 0.5175062859675147 0.31976060351074903 0.5175062866122623 0.033980044912773275 0.5175062863434924 0.2854874351779432 0.31976060214939295 0.3197606024486566 0.28548743513670394 0.3660628281347805 0.319760602431938 0.3660628280124145 0.17314941840508707 0.17314941840045464 0.03398004495741714 0.314257966929986 0.03171622431739657 0.031716223955024284 0.319760602298661 0.30170064037379973
17 0.30159196047950676 0.4157896481740629 0.30159196108206787 0.1949078696788058 0.3015919607098385 0.17212470109487366 0.41578964722815975 0.415789647892922 0.17212470149177334 0.41167324039604786 0.41578964759240317 0.4116732401431438 0.2400318447457268 0.24003184479259956 0.1949078699710386 0.3807908505131073 0.205493825262205 0.2054938243738133 0.4157896473311754 0.20940952418593323
16 0.5175062859675147 0.31976060351074903 0.5175062866122623 0.033980044912773275 0.5175062863434924 0.2854874351779432 0.31976060214939295 0.3197606024486566 0.28548743513670394 0.3660628281347805 0.319760602431938 0.3660628280124145 0.17314941840508707 0.17314941840045464 0.03398004495741714 0.314257966929986 0.03171622431739657 0.031716223955024284 0.319760602298661 0.30170064037379973
51 0.02546887654412735 0.1949078704264529 0.025468877251518418 0.6930247248453971 0.025468876913587606 0.06033430913448761 0.19490786957569992 0.1949078696802884 0.06033430940398551 0.23542397464476753 0.19490786977191735 0.23542397457653863 0.25416476367975954 0.25416476372741365 0.6930247253645031 0.1843530677331303 0.5275290706360318 0.5275290687204574 0.1949078693838835 0.09825162257775376
8 0.5256331803836928 0.30159196105836694 0.5256331808520437 0.02546887695636669 0.5256331804259631 0.3756500319948701 0.3015919604170807 0.3015919605240167 0.37565003192643714 0.26761993251760297 0.30159196031186103 0.267619932438534 0.18757530913957338 0.1875753091398605 0.02546887687790517 0.3210091643052001 0.04700349691780254 0.04700349586999555 0.3015919602299928 0.33427849734664866
21 0.02546887654412735 0.1949078704264529 0.025468877251518418 0.6930247248453971 0.025468876913587606 0.06033430913448761 0.19490786957569992 0.1949078696802884 0.06033430940398551 0.23542397464476753 0.19490786977191735 0.23542397457653863 0.25416476367975954 0.25416476372741365 0.6930247253645031 0.1843530677331303 0.5275290706360318 0.5275290687204574 0.1949078693838835 0.09825162257775376
45 0.3342784970694208 0.2094095247825969 0.3342784977633998 0.0982516226704011 0.33427849730387904 0.4683794411619848 0.20940952390692225 0.2094095240324625 0.46837944150908717 0.20183023847309833 0.20940952400242585 0.2018302383243773 0.43645803457488164 0.4364580345977003 0.09825162248353214 0.26858701799080986 0.07134011674488372 0.07134011574893728 0.20940952379444155 0.6653319598213301
54 0.32100916378654404 0.38079085132386326 0.32100916479635194 0.1843530676614268 0.3210091643904761 0.23248626967393562 0.3807908502616415 0.38079085054887674 0.23248626998044936 0.32425215025735504 0.3807908504702437 0.32425215006001434 0.2815031298606986 0.281503129911811 0.18435306791700168 0.4775423989671627 0.2457910546515846 0.2457910536847367 0.38079085015819664 0.2685870179908134
27 0.04700349625430964 0.2054938252880336 0.04700349681286393 0.5275290692856995 0.0470034963717155 0.07236198925327228 0.2054938243240718 0.205493824456603 0.07236198952457881 0.1721250822623908 0.20549382453362383 0.17212508211791558 0.3111338613912266 0.3111338614938773 0.5275290699413545 0.24579105417093092 0.6696349009149107 0.6696348991692115 0.20549382426102472 0.07134011624815204
44 0.3342784970694208 0.2094095247825969 0.3342784977633998 0.0982516226704011 0.33427849730387904 0.4683794411619848 0.20940952390692225 0.2094095240324625 0.46837944150908717 0.20183023847309833 0.20940952400242585 0.2018302383243773 0.43645803457488164 0.4364580345977003 0.09825162248353214 0.26858701799080986 0.07134011674488372 0.07134011574893728 0.20940952379444155 0.6653319598213301
24 0.32100916378654404 0.38079085132386326 0.32100916479635194 0.1843530676614268 0.3210091643904761 0.23248626967393562 0.3807908502616415 0.38079085054887674 0.23248626998044936 0.32425215025735504 0.3807908504702437 0.32425215006001434 0.2815031298606986 0.281503129911811 0.18435306791700168 0.4775423989671627 0.2457910546515846 0.2457910536847367 0.38079085015819664 0.2685870179908134
31 0.18757530875540687 0.2400318453495181 0.18757530964481745 0.254164763792665 0.18757530908251638 0.2552832068480901 0.2400318444003132 0.24003184491782642 0.25528320689260503 0.21750167996138753 0.24003184482835963 0.21750167980994428 0.628040381827946 0.6280403818664614 0.2541647637340106 0.2815031299409875 0.3111338620583427 0.3111338608792269 0.24003184452177406 0.4364580346420905
43 0.4534560556746122 0.31487941295150207 0.4534560567183069 0.060909983555642214 0.4534560560931801 0.25409735574905373 0.31487941172217293 0.31487941208206965 0.25409735581389864 0.37529854650615907 0.31487941210283066 0.3752985464573315 0.2945999531383394 0.2945999531340993 0.06090998355517094 0.29710417195722466 0.036375662924689724 0.03637566170813423 0.3148794115638666 0.4500081192085561
33 0.26761993202200673 0.41167324080762174 0.26761993296560593 0.23542397462078338 0.2676199326016636 0.14253555915181354 0.41167323987627275 0.41167324006147393 0.14253555954429428 0.49322399210370826 0.4116732403403314 0.4932239920394079 0.21750167980889726 0.2175016798358297 0.23542397482564045 0.324252150198613 0.1721250829124057 0.17212508164408197 0.4116732399775168 0.2018302384391866
62 0.18757530875540687 0.2400318453495181 0.18757530964481745 0.254164763792665 0.18757530908251638 0.2552832068480901 0.2400318444003132 0.24003184491782642 0.25528320689260503 0.21750167996138753 0.24003184482835963 0.21750167980994428 0.628040381827946 0.6280403818664614 0.2541647637340106 0.2815031299409875 0.3111338620583427 0.3111338608792269 0.24003184452177406 0.4364580346420905
6 0.5256331803836928 0.30159196105836694 0.5256331808520437 0.02546887695636669 0.5256331804259631 0.3756500319948701 0.3015919604170807 0.3015919605240167 0.37565003192643714 0.26761993251760297 0.30159196031186103 0.267619932438534 0.18757530913957338 0.1875753091398605 0.02546887687790517 0.3210091643052001 0.04700349691780254 0.04700349586999555 0.3015919602299928 0.33427849734664866
20 0.02546887654412735 0.1949078704264529 0.025468877251518418 0.6930247248453971 0.025468876913587606 0.06033430913448761 0.19490786957569992 0.1949078696802884 0.06033430940398551 0.23542397464476753 0.19490786977191735 0.23542397457653863 0.25416476367975954 0.25416476372741365 0.6930247253645031 0.1843530677331303 0.5275290706360318 0.5275290687204574 0.1949078693838835 0.09825162257775376
35 0.02546887654412735 0.1949078704264529 0.025468877251518418 0.6930247248453971 0.025468876913587606 0.06033430913448761 0.19490786957569992 0.1949078696802884 0.06033430940398551 0.23542397464476753 0.19490786977191735 0.23542397457653863 0.25416476367975954 0.25416476372741365 0.6930247253645031 0.1843530677331303 0.5275290706360318 0.5275290687204574 0.1949078693838835 0.09825162257775376
23 0.32100916378654404 0.38079085132386326 0.32100916479635194 0.1843530676614268 0.3210091643904761 0.23248626967393562 0.3807908502616415 0.38079085054887674 0.23248626998044936 0.32425215025735504 0.3807908504702437 0.32425215006001434 0.2815031298606986 0.281503129911811 0.18435306791700168 0.4775423989671627 0.2457910546515846 0.2457910536847367 0.38079085015819664 0.2685870179908134
52 0.02546887654412735 0.1949078704264529 0.025468877251518418 0.6930247248453971 0.025468876913587606 0.06033430913448761 0.19490786957569992 0.1949078696802884 0.06033430940398551 0.23542397464476753 0.19490786977191735 0.23542397457653863 0.25416476367975954 0.25416476372741365 0.6930247253645031 0.1843530677331303 0.5275290706360318 0.5275290687204574 0.1949078693838835 0.09825162257775376
13 0.30159196047950676 0.4157896481740629 0.30159196108206787 0.1949078696788058 0.3015919607098385 0.17212470109487366 0.41578964722815975 0.415789647892922 0.17212470149177334 0.41167324039604786 0.41578964759240317 0.4116732401431438 0.2400318447457268 0.24003184479259956 0.1949078699710386 0.3807908505131073 0.205493825262205 0.2054938243738133 0.4157896473311754 0.20940952418593323
19 0.3883337777720579 0.14054845447575792 0.3883337776435535 0.013379276877787902 0.3883337776090199 0.7105418740797415 0.14054845395162313 0.14054845408683847 0.7105418739665902 0.1552196803613594 0.14054845410040567 0.15521968029300065 0.17973108667567964 0.17973108671327837 0.013379276773249994 0.013812204694754292 0.003824391565942141 0.003824390722557628 0.1405484541777018 0.5587700388034245
58 0.4534560556746122 0.31487941295150207 0.4534560567183069 0.060909983555642214 0.4534560560931801 0.25409735574905373 0.31487941172217293 0.31487941208206965 0.25409735581389864 0.37529854650615907 0.31487941210283066 0.3752985464573315 0.2945999531383394 0.2945999531340993 0.06090998355517094 0.29710417195722466 0.036375662924689724 0.03637566170813423 0.3148794115638666 0.4500081192085561
29 0.3342784970694208 0.2094095247825969 0.3342784977633998 0.0982516226704011 0.33427849730387904 0.4683794411619848 0.20940952390692225 0.2094095240324625 0.46837944150908717 0.20183023847309833 0.20940952400242585 0.2018302383243773 0.43645803457488164 0.4364580345977003 0.09825162248353214 0.26858701799080986 0.07134011674488372 0.07134011574893728 0.20940952379444155 0.6653319598213301
22 0.02546887654412735 0.1949078704264529 0.025468877251518418 0.6930247248453971 0.025468876913587606 0.06033430913448761 0.19490786957569992 0.1949078696802884 0.06033430940398551 0.23542397464476753 0.19490786977191735 0.23542397457653863 0.25416476367975954 0.25416476372741365 0.6930247253645031 0.1843530677331303 0.5275290706360318 0.5275290687204574 0.1949078693838835 0.09825162257775376
9 0.30159196047950676 0.4157896481740629 0.30159196108206787 0.1949078696788058 0.3015919607098385 0.17212470109487366 0.41578964722815975 0.415789647892922 0.17212470149177334 0.41167324039604786 0.41578964759240317 0.4116732401431438 0.2400318447457268 0.24003184479259956 0.1949078699710386 0.3807908505131073 0.205493825262205 0.2054938243738133 0.4157896473311754 0.20940952418593323
10 0.5175062859675147 0.31976060351074903 0.5175062866122623 0.033980044912773275 0.5175062863434924 0.2854874351779432 0.31976060214939295 0.3197606024486566 0.28548743513670394 0.3660628281347805 0.319760602431938 0.3660628280124145 0.17314941840508707 0.17314941840045464 0.03398004495741714 0.314257966929986 0.03171622431739657 0.031716223955024284 0.319760602298661 0.30170064037379973
47 0.18757530875540687 0.2400318453495181 0.18757530964481745 0.254164763792665 0.18757530908251638 0.2552832068480901 0.2400318444003132 0.24003184491782642 0.25528320689260503 0.21750167996138753 0.24003184482835963 0.21750167980994428 0.628040381827946 0.6280403818664614 0.2541647637340106 0.2815031299409875 0.3111338620583427 0.3111338608792269 0.24003184452177406 0.4364580346420905
41 0.04700349625430964 0.2054938252880336 0.04700349681286393 0.5275290692856995 0.0470034963717155 0.07236198925327228 0.2054938243240718 0.205493824456603 0.07236198952457881 0.1721250822623908 0.20549382453362383 0.17212508211791558 0.3111338613912266 0.3111338614938773 0.5275290699413545 0.24579105417093092 0.6696349009149107 0.6696348991692115 0.20549382426102472 0.07134011624815204
0 0.5256331803836928 0.30159196105836694 0.5256331808520437 0.02546887695636669 0.5256331804259631 0.3756500319948701 0.3015919604170807 0.3015919605240167 0.37565003192643714 0.26761993251760297 0.30159196031186103 0.267619932438534 0.18757530913957338 0.1875753091398605 0.02546887687790517 0.3210091643052001 0.04700349691780254 0.04700349586999555 0.3015919602299928 0.33427849734664866
25 0.3756500317073694 0.17212470197348517 0.3756500322652835 0.06033430931496871 0.37565003188676016 0.6951160530412194 0.17212470105487168 0.17212470142819988 0.6951160529890474 0.14253555943605498 0.17212470117935946 0.14253555929632522 0.2552832067379653 0.2552832067741553 0.06033430915151817 0.23248626964085453 0.07236198955160111 0.07236198878374503 0.17212470111821238 0.46837944136575116
38 0.32100916378654404 0.38079085132386326 0.32100916479635194 0.1843530676614268 0.3210091643904761 0.23248626967393562 0.3807908502616415 0.38079085054887674 0.23248626998044936 0.32425215025735504 0.3807908504702437 0.32425215006001434 0.2815031298606986 0.281503129911811 0.18435306791700168 0.4775423989671627 0.2457910546515846 0.2457910536847367 0.38079085015819664 0.2685870179908134
39 0.32100916378654404 0.38079085132386326 0.32100916479635194 0.1843530676614268 0.3210091643904761 0.23248626967393562 0.3807908502616415 0.38079085054887674 0.23248626998044936 0.32425215025735504 0.3807908504702437 0.32425215006001434 0.2815031298606986 0.281503129911811 0.18435306791700168 0.4775423989671627 0.2457910546515846 0.2457910536847367 0.38079085015819664 0.2685870179908134
37 0.02546887654412735 0.1949078704264529 0.025468877251518418 0.6930247248453971 0.025468876913587606 0.06033430913448761 0.19490786957569992 0.1949078696802884 0.06033430940398551 0.23542397464476753 0.19490786977191735 0.23542397457653863 0.25416476367975954 0.25416476372741365 0.6930247253645031 0.1843530677331303 0.5275290706360318 0.5275290687204574 0.1949078693838835 0.09825162257775376
50 0.02546887654412735 0.1949078704264529 0.025468877251518418 0.6930247248453971 0.025468876913587606 0.06033430913448761 0.19490786957569992 0.1949078696802884 0.06033430940398551 0.23542397464476753 0.19490786977191735 0.23542397457653863 0.25416476367975954 0.25416476372741365 0.6930247253645031 0.1843530677331303 0.5275290706360318 0.5275290687204574 0.1949078693838835 0.09825162257775376
26 0.04700349625430964 0.2054938252880336 0.04700349681286393 0.5275290692856995 0.0470034963717155 0.07236198925327228 0.2054938243240718 0.205493824456603 0.07236198952457881 0.1721250822623908 0.20549382453362383 0.17212508211791558 0.3111338613912266 0.3111338614938773 0.5275290699413545 0.24579105417093092 0.6696349009149107 0.6696348991692115 0.20549382426102472 0.07134011624815204
14 0.5256331803836928 0.30159196105836694 0.5256331808520437 0.02546887695636669 0.5256331804259631 0.3756500319948701 0.3015919604170807 0.3015919605240167 0.37565003192643714 0.26761993251760297 0.30159196031186103 0.267619932438534 0.18757530913957338 0.1875753091398605 0.02546887687790517 0.3210091643052001 0.04700349691780254 0.04700349586999555 0.3015919602299928 0.33427849734664866
60 0.3342784970694208 0.2094095247825969 0.3342784977633998 0.0982516226704011 0.33427849730387904 0.4683794411619848 0.20940952390692225 0.2094095240324625 0.46837944150908717 0.20183023847309833 0.20940952400242585 0.2018302383243773 0.43645803457488164 0.4364580345977003 0.09825162248353214 0.26858701799080986 0.07134011674488372 0.07134011574893728 0.20940952379444155 0.6653319598213301
32 0.18757530875540687 0.2400318453495181 0.18757530964481745 0.254164763792665 0.18757530908251638 0.2552832068480901 0.2400318444003132 0.24003184491782642 0.25528320689260503 0.21750167996138753 0.24003184482835963 0.21750167980994428 0.628040381827946 0.6280403818664614 0.2541647637340106 0.2815031299409875 0.3111338620583427 0.3111338608792269 0.24003184452177406 0.4364580346420905
42 0.04700349625430964 0.2054938252880336 0.04700349681286393 0.5275290692856995 0.0470034963717155 0.07236198925327228 0.2054938243240718 0.205493824456603 0.07236198952457881 0.1721250822623908 0.20549382453362383 0.17212508211791558 0.3111338613912266 0.3111338614938773 0.5275290699413545 0.24579105417093092 0.6696349009149107 0.6696348991692115 0.20549382426102472 0.07134011624815204
40 0.3756500317073694 0.17212470197348517 0.3756500322652835 0.06033430931496871 0.37565003188676016 0.6951160530412194 0.17212470105487168 0.17212470142819988 0.6951160529890474 0.14253555943605498 0.17212470117935946 0.14253555929632522 0.2552832067379653 0.2552832067741553 0.06033430915151817 0.23248626964085453 0.07236198955160111 0.07236198878374503 0.17212470111821238 0.46837944136575116
36 0.02546887654412735 0.1949078704264529 0.025468877251518418 0.6930247248453971 0.025468876913587606 0.06033430913448761 0.19490786957569992 0.1949078696802884 0.06033430940398551 0.23542397464476753 0.19490786977191735 0.23542397457653863 0.25416476367975954 0.25416476372741365 0.6930247253645031 0.1843530677331303 0.5275290706360318 0.5275290687204574 0.1949078693838835 0.09825162257775376
53 0.32100916378654404 0.38079085132386326 0.32100916479635194 0.1843530676614268 0.3210091643904761 0.23248626967393562 0.3807908502616415 0.38079085054887674 0.23248626998044936 0.32425215025735504 0.3807908504702437 0.32425215006001434 0.2815031298606986 0.281503129911811 0.18435306791700168 0.4775423989671627 0.2457910546515846 0.2457910536847367 0.38079085015819664 0.2685870179908134
49 0.3883337777720579 0.14054845447575792 0.3883337776435535 0.013379276877787902 0.3883337776090199 0.7105418740797415 0.14054845395162313 0.14054845408683847 0.7105418739665902 0.1552196803613594 0.14054845410040567 0.15521968029300065 0.17973108667567964 0.17973108671327837 0.013379276773249994 0.013812204694754292 0.003824391565942141 0.003824390722557628 0.1405484541777018 0.5587700388034245
12 0.5256331803836928 0.30159196105836694 0.5256331808520437 0.02546887695636669 0.5256331804259631 0.3756500319948701 0.3015919604170807 0.3015919605240167 0.37565003192643714 0.26761993251760297 0.30159196031186103 0.267619932438534 0.18757530913957338 0.1875753091398605 0.02546887687790517 0.3210091643052001 0.04700349691780254 0.04700349586999555 0.3015919602299928 0.33427849734664866
55 0.3756500317073694 0.17212470197348517 0.3756500322652835 0.06033430931496871 0.37565003188676016 0.6951160530412194 0.17212470105487168 0.17212470142819988 0.6951160529890474 0.14253555943605498 0.17212470117935946 0.14253555929632522 0.2552832067379653 0.2552832067741553 0.06033430915151817 0.23248626964085453 0.07236198955160111 0.07236198878374503 0.17212470111821238 0.46837944136575116
3 0.30159196047950676 0.4157896481740629 0.30159196108206787 0.1949078696788058 0.3015919607098385 0.17212470109487366 0.41578964722815975 0.415789647892922 0.17212470149177334 0.41167324039604786 0.41578964759240317 0.4116732401431438 0.2400318447457268 0.24003184479259956 0.1949078699710386 0.3807908505131073 0.205493825262205 0.2054938243738133 0.4157896473311754 0.20940952418593323
