54 0.2600282784812913 0.2941764370984279 0.27260293357807563 0.30471174099913934 0.267454742057885 0.16215940900364934 0.2955485935655221 0.2814267546175504 0.3151129873547516 0.29405107664755104 0.24609904111808767 0.24609904145564987 0.29417643636428137 0.20242051629314295 0.28142675510789905 0.30687909023700244 0.16215940865094347 0.2027676871749673 0.3151129870955215 0.7998864081134256
47 0.04337301586837317 0.2998428269377238 0.10215347549338374 0.057911142914594524 0.038277557191122843 0.849679747258345 0.07527379763235766 0.06735429186836446 0.32375413635476574 -0.03404018457065247 0.03976353115692943 0.0397635314199384 0.29984282676057206 0.16148728878870958 0.06735429301519799 0.11382606770044654 0.8496797473112722 0.24910109013792406 0.3237541365647369 0.1666573810368072
1 0.30986692445437136 0.3878797524922513 0.25440661929238595 0.2683046404042731 0.30034681526687806 0.25406121341797777 0.2735559846557261 0.29775648253947434 0.41283081724589427 0.13843077841582108 0.30048397365134066 0.3004839741205406 0.38787975177311546 0.2291031232034736 0.2977564833147912 0.46944564443960907 0.2540612128777388 0.2954195828016652 0.41283081682300155 0.3068790902370115
6 0.35931474968417676 0.26610900474065424 0.3091754079732191 0.6096915852694859 0.3217479353361233 0.0753918868184149 0.23526804171166743 0.2857173268000879 0.2261673902787109 0.3999022244035317 0.3655220904842317 0.3655220909719432 0.2661090039907539 0.3907197433443503 0.2857173269295925 0.2683046404042776 0.07539188634665729 0.2854920270542495 0.2261673903015208 0.3047117409991447
40 0.3155310068042263 0.41124418940542923 0.20772354542139143 0.32292347540246186 0.29162487246817714 0.25754255774456275 0.19064609172778577 0.2501478449735162 0.3312193978147188 0.16128369755698035 0.3544560316100977 0.3544560320610174 0.411244188742956 0.2907788852947611 0.2501478453636452 0.4773069973035137 0.2575425572374365 0.382465182006817 0.3312193973360547 0.2830028943688629
62 0.24617540641303198 0.4477110593687811 0.3272412940480283 0.2661090043330574 0.27214167581520304 0.3093565098993365 0.25435840282227923 0.25815459008076547 0.38982535439079824 0.1486399152362839 0.27344564602793076 0.2734456465527156 0.44771105867129046 0.31054374462367856 0.2581545907322219 0.38787975201492036 0.3093565094276306 0.29692131547853867 0.3898253543656547 0.2941764366611766
46 0.3002795975122301 0.07273327251956155 0.08828184407441092 0.44273784359779855 0.2000730463354043 -0.017425983856242507 0.2829826247614816 0.14740690753673039 0.12378168740122762 0.8117204145532461 0.38862105906799066 0.3886210594664735 0.07273327199707243 0.6794398893851219 0.14740690742427723 0.0939527686164032 -0.01742598403207094 0.21637797128540015 0.12378168743096543 0.05339115460022705
57 0.24617620380209554 0.31054374503272686 0.3700020094862023 0.39071974334434334 0.2765547892505323 0.10687188772399143 0.17297068341617336 0.2192759107215155 0.22371621571817976 0.3915348819891049 0.342894159884854 0.3428941603150707 0.3105437441554179 0.6533746230269167 0.21927591088934564 0.2291031232034622 0.10687188730107136 0.4718470182719575 0.22371621586715118 0.20242051629312752
30 0.3564253069078706 0.2543584033437739 0.38580057835627535 0.2352680417116778 0.3757299173564055 0.057872279981962156 0.5450311260346049 0.44452188060004394 0.3386928989159581 0.2859975409344468 0.30205599916162007 0.30205599947177614 0.25435840245061603 0.17297068341619368 0.44452188079278276 0.2735559846557546 0.05787227953367207 0.11595279943344078 0.338692898729763 0.2955485935654909
60 0.2714570788682964 0.38982535451486117 0.31036872678327354 0.22616739005270708 0.2824202387577545 0.275362939538541 0.33869289870485203 0.30607758493477083 0.4602453592843628 0.1284388356399226 0.2509868344158101 0.2509868348666084 0.3898253536317363 0.22371621590726998 0.30607758553444775 0.4128308169994383 0.2753629391342039 0.23558679861309786 0.4602453593963882 0.3151129870371299
36 0.32063660693596757 0.11020476488478341 0.06865781347805767 0.6265480853671934 0.12596215128931532 0.016992878350046675 0.24531336131508366 0.09319453106118353 0.13828513257698363 0.697451514486291 0.35659951278627416 0.3565995131718492 0.11020476432550515 0.6709778683573326 0.09319453118489479 0.10292183134540478 0.016992877934430602 0.3368385836268639 0.13828513233390502 0.11099930284495509
16 0.39354498923202214 0.27344564665993754 0.2940550198861706 0.36552209075631736 0.39073582797385414 0.05652197732450558 0.302055999307025 0.35681848425786744 0.25098683481434486 0.4049087363850478 0.4313742475710463 0.4313742480382318 0.27344564581371883 0.34289416006820045 0.3568184843641121 0.3004839738784806 0.056521976803197 0.2000569655631026 0.2509868345678637 0.24609904126847215
25 0.32831654438425495 0.27978643362670536 0.3825466620982616 0.3539253060996408 0.340694230061239 0.07655311958490733 0.26107434732571266 0.35222426035560245 0.2670744864418598 0.34790694118222804 0.36072334150594254 0.36072334192700806 0.2797864330276354 0.46752088552763293 0.35222426075798585 0.30407352728756876 0.07655311909377935 0.3501953825855401 0.26707448587097227 0.2497048886645536
0 0.39354498923202214 0.27344564665993754 0.2940550198861706 0.36552209075631736 0.39073582797385414 0.05652197732450558 0.302055999307025 0.35681848425786744 0.25098683481434486 0.4049087363850478 0.4313742475710463 0.4313742480382318 0.27344564581371883 0.34289416006820045 0.3568184843641121 0.3004839738784806 0.056521976803197 0.2000569655631026 0.2509868345678637 0.24609904126847215
29 0.17064462200975933 0.2969213156531959 0.22927865242843454 0.28549202705424326 0.16381587441006573 0.3541314487935401 0.11595279943341978 0.14162614576309843 0.2355867988497523 0.11311189601970921 0.20005696536597212 0.20005696571707263 0.29692131527940896 0.4718470182719701 0.14162614634936635 0.29541958280165886 0.35413144852441747 0.8799985558041494 0.23558679850808456 0.20276768717496632
9 0.3878362971246489 0.2721416762680376 0.3378823005236922 0.321747935336174 0.3993864659453351 0.05566272917458189 0.37572991735637234 0.3974855460779032 0.2824202391307972 0.36190623780770015 0.39073582787671135 0.3907358281863891 0.27214167521874943 0.2765547892507713 0.3974855462166 0.3003468152672466 0.055662728742738525 0.16381587440999523 0.28242023853862874 0.2674547420579668
68 0.048277214217291704 0.309356509769253 0.09287154891450884 0.07539188654316306 0.05566272902951792 0.8347283773099367 0.057872279830646946 0.052637785896956314 0.27536293925858507 -0.026701803328807675 0.05652197690914175 0.056521977158048776 0.3093565095236839 0.10687188759509031 0.052637786845310376 0.2540612131776371 0.8347283773721917 0.3541314486978609 0.2753629396413524 0.162159408902098
26 0.23735278749661143 0.24007075080176313 0.22150337205373374 0.4197349892876996 0.18275490357056665 0.10579677617430505 0.15499469616769876 0.1509273417019694 0.19026153815640712 0.41232254423742437 0.3392471766030376 0.339247176930226 0.24007075007234258 0.7535674571697917 0.15092734199282518 0.20108449898608458 0.10579677571572882 0.6092531424801535 0.19026153759815698 0.16035400777375278
56 0.24617620380209554 0.31054374503272686 0.3700020094862023 0.39071974334434334 0.2765547892505323 0.10687188772399143 0.17297068341617336 0.2192759107215155 0.22371621571817976 0.3915348819891049 0.342894159884854 0.3428941603150707 0.3105437441554179 0.6533746230269167 0.21927591088934564 0.2291031232034622 0.10687188730107136 0.4718470182719575 0.22371621586715118 0.20242051629312752
50 0.2600282784812913 0.2941764370984279 0.27260293357807563 0.30471174099913934 0.267454742057885 0.16215940900364934 0.2955485935655221 0.2814267546175504 0.3151129873547516 0.29405107664755104 0.24609904111808767 0.24609904145564987 0.29417643636428137 0.20242051629314295 0.28142675510789905 0.30687909023700244 0.16215940865094347 0.2027676871749673 0.3151129870955215 0.7998864081134256
2 0.39354498923202214 0.27344564665993754 0.2940550198861706 0.36552209075631736 0.39073582797385414 0.05652197732450558 0.302055999307025 0.35681848425786744 0.25098683481434486 0.4049087363850478 0.4313742475710463 0.4313742480382318 0.27344564581371883 0.34289416006820045 0.3568184843641121 0.3004839738784806 0.056521976803197 0.2000569655631026 0.2509868345678637 0.24609904126847215
63 0.048277214217291704 0.309356509769253 0.09287154891450884 0.07539188654316306 0.05566272902951792 0.8347283773099367 0.057872279830646946 0.052637785896956314 0.27536293925858507 -0.026701803328807675 0.05652197690914175 0.056521977158048776 0.3093565095236839 0.10687188759509031 0.052637786845310376 0.2540612131776371 0.8347283773721917 0.3541314486978609 0.2753629396413524 0.162159408902098
34 0.048277214217291704 0.309356509769253 0.09287154891450884 0.07539188654316306 0.05566272902951792 0.8347283773099367 0.057872279830646946 0.052637785896956314 0.27536293925858507 -0.026701803328807675 0.05652197690914175 0.056521977158048776 0.3093565095236839 0.10687188759509031 0.052637786845310376 0.2540612131776371 0.8347283773721917 0.3541314486978609 0.2753629396413524 0.162159408902098
45 0.2268337465344726 0.3983891622405508 0.3584542619927376 0.19341248098790723 0.2586322095147205 0.30220174341593253 0.38982171522911097 0.2964072244323894 0.486981578098569 0.12477864268281408 0.20823936466163964 0.20823936501935966 0.3983891615879718 0.23858767323526373 0.2964072246805087 0.34242222221173646 0.3022017430436081 0.1944809153777317 0.4869815778058292 0.31524933012834855
59 0.3218059218256821 0.32724129446694233 0.5242266529601183 0.30917540797317444 0.3378823005236394 0.09287154914705072 0.38580057835616943 0.3493283721363191 0.3103687269641627 0.3056915403817707 0.2940550197336994 0.294055020099395 0.3272412937071694 0.3700020094862005 0.3493283724020222 0.25440661929236874 0.09287154861045029 0.22927865242843537 0.31036872653723496 0.2726029335780831
67 0.048277214217291704 0.309356509769253 0.09287154891450884 0.07539188654316306 0.05566272902951792 0.8347283773099367 0.057872279830646946 0.052637785896956314 0.27536293925858507 -0.026701803328807675 0.05652197690914175 0.056521977158048776 0.3093565095236839 0.10687188759509031 0.052637786845310376 0.2540612131776371 0.8347283773721917 0.3541314486978609 0.2753629396413524 0.162159408902098
35 0.1471514080250169 0.3931176840757975 0.3477788896245176 0.5394666183369793 0.2584111701436284 0.36718294370495075 0.24642078829168138 0.17250111394447276 0.33104124236187105 0.09601356440108859 0.13292944451732183 0.1329294448125495 0.39311768363891625 0.31041080500257767 0.17250111355495906 0.25275341684753677 0.36718294384451383 0.3771940193029791 0.33104124408574104 0.42848739772247724
43 0.048277214217291704 0.309356509769253 0.09287154891450884 0.07539188654316306 0.05566272902951792 0.8347283773099367 0.057872279830646946 0.052637785896956314 0.27536293925858507 -0.026701803328807675 0.05652197690914175 0.056521977158048776 0.3093565095236839 0.10687188759509031 0.052637786845310376 0.2540612131776371 0.8347283773721917 0.3541314486978609 0.2753629396413524 0.162159408902098
53 0.30080368089095677 0.38184850016451083 0.36360963878263874 0.22934810237512657 0.24848336760349515 0.2879064630507099 0.3776018180925329 0.2894068860778422 0.4827343231728414 0.116124120437513 0.21472496902910004 0.21472496945046315 0.3818484993420502 0.20989277384295033 0.28940688653794766 0.37381014993306366 0.2879064627102729 0.20124140315452496 0.48273432287519974 0.3141793796829608
58 0.17064462200975933 0.2969213156531959 0.22927865242843454 0.28549202705424326 0.16381587441006573 0.3541314487935401 0.11595279943341978 0.14162614576309843 0.2355867988497523 0.11311189601970921 0.20005696536597212 0.20005696571707263 0.29692131527940896 0.4718470182719701 0.14162614634936635 0.29541958280165886 0.35413144852441747 0.8799985558041494 0.23558679850808456 0.20276768717496632
21 0.37236753301889824 0.1569891683632074 0.2038071163688996 0.4330383869994034 0.3338565109064968 0.0008123243827811357 0.25189776918096696 0.26268059049639064 0.14984874284460614 0.6601107536036223 0.4647775681296623 0.4647775685538489 0.1569891679028368 0.5208164750898232 0.26268059051053533 0.16862679677114273 0.0008123240931070399 0.1886127668813143 0.14984874276697696 0.1388933528206735
55 0.32831654438425495 0.27978643362670536 0.3825466620982616 0.3539253060996408 0.340694230061239 0.07655311958490733 0.26107434732571266 0.35222426035560245 0.2670744864418598 0.34790694118222804 0.36072334150594254 0.36072334192700806 0.2797864330276354 0.46752088552763293 0.35222426075798585 0.30407352728756876 0.07655311909377935 0.3501953825855401 0.26707448587097227 0.2497048886645536
64 0.048277214217291704 0.309356509769253 0.09287154891450884 0.07539188654316306 0.05566272902951792 0.8347283773099367 0.057872279830646946 0.052637785896956314 0.27536293925858507 -0.026701803328807675 0.05652197690914175 0.056521977158048776 0.3093565095236839 0.10687188759509031 0.052637786845310376 0.2540612131776371 0.8347283773721917 0.3541314486978609 0.2753629396413524 0.162159408902098
44 0.2714570788682964 0.38982535451486117 0.31036872678327354 0.22616739005270708 0.2824202387577545 0.275362939538541 0.33869289870485203 0.30607758493477083 0.4602453592843628 0.1284388356399226 0.2509868344158101 0.2509868348666084 0.3898253536317363 0.22371621590726998 0.30607758553444775 0.4128308169994383 0.2753629391342039 0.23558679861309786 0.4602453593963882 0.3151129870371299
52 0.10638930555445249 0.2935217758954873 0.13248803204795626 0.09695052057023774 0.022387841656330128 0.8430774711588036 0.06921141156875422 0.04113544881038122 0.30435181879899603 -0.04012226368177993 0.035393690877649826 0.03539369117387962 0.2935217757833028 0.12739627361097666 0.04113544951408333 0.17211650640740025 0.8430774712229815 0.2856565070572641 0.3043518188964496 0.1611222714778525
10 0.39354498923202214 0.27344564665993754 0.2940550198861706 0.36552209075631736 0.39073582797385414 0.05652197732450558 0.302055999307025 0.35681848425786744 0.25098683481434486 0.4049087363850478 0.4313742475710463 0.4313742480382318 0.27344564581371883 0.34289416006820045 0.3568184843641121 0.3004839738784806 0.056521976803197 0.2000569655631026 0.2509868345678637 0.24609904126847215
17 0.30986692445437136 0.3878797524922513 0.25440661929238595 0.2683046404042731 0.30034681526687806 0.25406121341797777 0.2735559846557261 0.29775648253947434 0.41283081724589427 0.13843077841582108 0.30048397365134066 0.3004839741205406 0.38787975177311546 0.2291031232034736 0.2977564833147912 0.46944564443960907 0.2540612128777388 0.2954195828016652 0.41283081682300155 0.3068790902370115
19 0.3878362971246489 0.2721416762680376 0.3378823005236922 0.321747935336174 0.3993864659453351 0.05566272917458189 0.37572991735637234 0.3974855460779032 0.2824202391307972 0.36190623780770015 0.39073582787671135 0.3907358281863891 0.27214167521874943 0.2765547892507713 0.3974855462166 0.3003468152672466 0.055662728742738525 0.16381587440999523 0.28242023853862874 0.2674547420579668
11 0.3155310068042263 0.41124418940542923 0.20772354542139143 0.32292347540246186 0.29162487246817714 0.25754255774456275 0.19064609172778577 0.2501478449735162 0.3312193978147188 0.16128369755698035 0.3544560316100977 0.3544560320610174 0.411244188742956 0.2907788852947611 0.2501478453636452 0.4773069973035137 0.2575425572374365 0.382465182006817 0.3312193973360547 0.2830028943688629
65 0.4189858930353154 0.2455870613151779 0.3708207354398977 0.2804593600221081 0.37949337319815996 0.05225065704091405 0.4873250323540644 0.43252682930065967 0.3192216008493947 0.3014349875892755 0.3291264000440023 0.3291264003898879 0.2455870605339219 0.17830618570437332 0.4325268294850572 0.29144642640793184 0.052250656596283356 0.12823964656100628 0.3192216002600393 0.2864322731445538
24 0.24617540641303198 0.4477110593687811 0.3272412940480283 0.2661090043330574 0.27214167581520304 0.3093565098993365 0.25435840282227923 0.25815459008076547 0.38982535439079824 0.1486399152362839 0.27344564602793076 0.2734456465527156 0.44771105867129046 0.31054374462367856 0.2581545907322219 0.38787975201492036 0.3093565094276306 0.29692131547853867 0.3898253543656547 0.2941764366611766
27 0.23735278749661143 0.24007075080176313 0.22150337205373374 0.4197349892876996 0.18275490357056665 0.10579677617430505 0.15499469616769876 0.1509273417019694 0.19026153815640712 0.41232254423742437 0.3392471766030376 0.339247176930226 0.24007075007234258 0.7535674571697917 0.15092734199282518 0.20108449898608458 0.10579677571572882 0.6092531424801535 0.19026153759815698 0.16035400777375278
39 0.048277214217291704 0.309356509769253 0.09287154891450884 0.07539188654316306 0.05566272902951792 0.8347283773099367 0.057872279830646946 0.052637785896956314 0.27536293925858507 -0.026701803328807675 0.05652197690914175 0.056521977158048776 0.3093565095236839 0.10687188759509031 0.052637786845310376 0.2540612131776371 0.8347283773721917 0.3541314486978609 0.2753629396413524 0.162159408902098
33 0.048277214217291704 0.309356509769253 0.09287154891450884 0.07539188654316306 0.05566272902951792 0.8347283773099367 0.057872279830646946 0.052637785896956314 0.27536293925858507 -0.026701803328807675 0.05652197690914175 0.056521977158048776 0.3093565095236839 0.10687188759509031 0.052637786845310376 0.2540612131776371 0.8347283773721917 0.3541314486978609 0.2753629396413524 0.162159408902098
41 0.24617540641303198 0.4477110593687811 0.3272412940480283 0.2661090043330574 0.27214167581520304 0.3093565098993365 0.25435840282227923 0.25815459008076547 0.38982535439079824 0.1486399152362839 0.27344564602793076 0.2734456465527156 0.44771105867129046 0.31054374462367856 0.2581545907322219 0.38787975201492036 0.3093565094276306 0.29692131547853867 0.3898253543656547 0.2941764366611766
13 0.47499906488877475 0.2461754067587573 0.3218059218257208 0.3593147496841791 0.3878362971244328 0.04827721428704629 0.35642530690781343 0.38767173042551273 0.27145707901911 0.3568210167512303 0.39354498902541196 0.39354498937055143 0.2461754059502975 0.24617620380210875 0.3876717305899265 0.3098669244543269 0.048277213973950996 0.17064462200975877 0.2714570788345019 0.26002827848130666
38 0.1471514080250169 0.3931176840757975 0.3477788896245176 0.5394666183369793 0.2584111701436284 0.36718294370495075 0.24642078829168138 0.17250111394447276 0.33104124236187105 0.09601356440108859 0.13292944451732183 0.1329294448125495 0.39311768363891625 0.31041080500257767 0.17250111355495906 0.25275341684753677 0.36718294384451383 0.3771940193029791 0.33104124408574104 0.42848739772247724
51 0.35682101675120736 0.1486399156490494 0.3056915403817898 0.3999022244035253 0.3619062378073461 -0.02670180310659446 0.28599754093438085 0.32727026838210943 0.12843883600018124 0.717004489858463 0.40490873621218687 0.40490873664274674 0.14863991498113766 0.39153488198910924 0.32727026847132484 0.1384307784158164 -0.026701803534629413 0.11311189601970854 0.12843883567011166 0.2940510766475535
42 0.3358625997160559 0.23223846728316214 0.40861056340449353 0.36348039612656063 0.4108842205912904 0.00012389834830244724 0.33316922197502896 0.32724241956624384 0.1832431118917335 0.5684087167067066 0.41947188474548186 0.41947188516698974 0.23223846661524894 0.40626113942426656 0.32724241949800514 0.16625303596129995 0.0001238982592371653 0.1154168539169284 0.18324311266338542 0.19242078397248719
7 0.30986692445437136 0.3878797524922513 0.25440661929238595 0.2683046404042731 0.30034681526687806 0.25406121341797777 0.2735559846557261 0.29775648253947434 0.41283081724589427 0.13843077841582108 0.30048397365134066 0.3004839741205406 0.38787975177311546 0.2291031232034736 0.2977564833147912 0.46944564443960907 0.2540612128777388 0.2954195828016652 0.41283081682300155 0.3068790902370115
22 0.048277214217291704 0.309356509769253 0.09287154891450884 0.07539188654316306 0.05566272902951792 0.8347283773099367 0.057872279830646946 0.052637785896956314 0.27536293925858507 -0.026701803328807675 0.05652197690914175 0.056521977158048776 0.3093565095236839 0.10687188759509031 0.052637786845310376 0.2540612131776371 0.8347283773721917 0.3541314486978609 0.2753629396413524 0.162159408902098
3 0.2714570788682964 0.38982535451486117 0.31036872678327354 0.22616739005270708 0.2824202387577545 0.275362939538541 0.33869289870485203 0.30607758493477083 0.4602453592843628 0.1284388356399226 0.2509868344158101 0.2509868348666084 0.3898253536317363 0.22371621590726998 0.30607758553444775 0.4128308169994383 0.2753629391342039 0.23558679861309786 0.4602453593963882 0.3151129870371299
14 0.38767173059159854 0.2581545908204223 0.34932837226286934 0.2857173269836311 0.3974855461853166 0.052637786422143173 0.4445218807798474 0.4280834659149256 0.30607758557786 0.32727026848251484 0.3568184842758568 0.3568184846420451 0.2581545900324392 0.21927591087065318 0.4280834661687035 0.29775648295739765 0.052637786127026 0.14162614599799414 0.30607758549553604 0.28142675488378904
12 0.3155310068042263 0.41124418940542923 0.20772354542139143 0.32292347540246186 0.29162487246817714 0.25754255774456275 0.19064609172778577 0.2501478449735162 0.3312193978147188 0.16128369755698035 0.3544560316100977 0.3544560320610174 0.411244188742956 0.2907788852947611 0.2501478453636452 0.4773069973035137 0.2575425572374365 0.382465182006817 0.3312193973360547 0.2830028943688629
23 0.2358716853615663 0.36276141807024537 0.3405410729641837 0.17165114125347178 0.2576216233293942 0.2844607862549169 0.4415519196379087 0.312390354427913 0.5194145273086583 0.11628617404022 0.19643154901887902 0.19643154935799706 0.36276141763240194 0.196661799104075 0.3123903549772649 0.3418430305272438 0.28446078590432006 0.1661358654731818 0.5194145276883242 0.32230016077740975
31 0.25885297294717835 0.18264714437480725 0.16175205083155758 0.4531329522494641 0.22725157605144636 0.020660326158937186 0.2402562926153335 0.09284602793648632 0.14249829307867398 0.7237064852947027 0.4224456793650509 0.4224456796631959 0.1826471438541706 0.7024127769964876 0.0928460276564589 0.09556342231249326 0.020660326128790367 0.264973568760265 0.14249829372401737 0.08651511788211022
37 0.048277214217291704 0.309356509769253 0.09287154891450884 0.07539188654316306 0.05566272902951792 0.8347283773099367 0.057872279830646946 0.052637785896956314 0.27536293925858507 -0.026701803328807675 0.05652197690914175 0.056521977158048776 0.3093565095236839 0.10687188759509031 0.052637786845310376 0.2540612131776371 0.8347283773721917 0.3541314486978609 0.2753629396413524 0.162159408902098
8 0.39354498923202214 0.27344564665993754 0.2940550198861706 0.36552209075631736 0.39073582797385414 0.05652197732450558 0.302055999307025 0.35681848425786744 0.25098683481434486 0.4049087363850478 0.4313742475710463 0.4313742480382318 0.27344564581371883 0.34289416006820045 0.3568184843641121 0.3004839738784806 0.056521976803197 0.2000569655631026 0.2509868345678637 0.24609904126847215
5 0.3351401145442516 0.2852376346504302 0.42348320059476924 0.41698087110662474 0.3532913594962654 0.07329918773149637 0.4131494926305137 0.3844567103993598 0.3033328120519034 0.3237338643039251 0.3160986759719682 0.3160986763942875 0.28523763383487866 0.26968586047414284 0.3844567106919797 0.2751093705499012 0.07329918733835594 0.17293341352473912 0.30333281200532697 0.3207783030499669
48 0.04337301586837317 0.2998428269377238 0.10215347549338374 0.057911142914594524 0.038277557191122843 0.849679747258345 0.07527379763235766 0.06735429186836446 0.32375413635476574 -0.03404018457065247 0.03976353115692943 0.0397635314199384 0.29984282676057206 0.16148728878870958 0.06735429301519799 0.11382606770044654 0.8496797473112722 0.24910109013792406 0.3237541365647369 0.1666573810368072
61 0.32394914934588803 0.1343110503982174 0.10511848213525972 0.45885565696743214 0.23430799299004032 0.010473943628790627 0.2508204433985555 0.16440786056092893 0.13995441570847464 0.7121136771941077 0.45099019596221607 0.45099019629087705 0.13431104977653588 0.6437367914845137 0.1644078606375257 0.13576398611517723 0.01047394337326459 0.25338124675843376 0.1399544156180976 0.09732266360674728
69 0.048277214217291704 0.309356509769253 0.09287154891450884 0.07539188654316306 0.05566272902951792 0.8347283773099367 0.057872279830646946 0.052637785896956314 0.27536293925858507 -0.026701803328807675 0.05652197690914175 0.056521977158048776 0.3093565095236839 0.10687188759509031 0.052637786845310376 0.2540612131776371 0.8347283773721917 0.3541314486978609 0.2753629396413524 0.162159408902098
49 0.04337301586837317 0.2998428269377238 0.10215347549338374 0.057911142914594524 0.038277557191122843 0.849679747258345 0.07527379763235766 0.06735429186836446 0.32375413635476574 -0.03404018457065247 0.03976353115692943 0.0397635314199384 0.29984282676057206 0.16148728878870958 0.06735429301519799 0.11382606770044654 0.8496797473112722 0.24910109013792406 0.3237541365647369 0.1666573810368072
20 0.2714570788682964 0.38982535451486117 0.31036872678327354 0.22616739005270708 0.2824202387577545 0.275362939538541 0.33869289870485203 0.30607758493477083 0.4602453592843628 0.1284388356399226 0.2509868344158101 0.2509868348666084 0.3898253536317363 0.22371621590726998 0.30607758553444775 0.4128308169994383 0.2753629391342039 0.23558679861309786 0.4602453593963882 0.3151129870371299
32 0.048277214217291704 0.309356509769253 0.09287154891450884 0.07539188654316306 0.05566272902951792 0.8347283773099367 0.057872279830646946 0.052637785896956314 0.27536293925858507 -0.026701803328807675 0.05652197690914175 0.056521977158048776 0.3093565095236839 0.10687188759509031 0.052637786845310376 0.2540612131776371 0.8347283773721917 0.3541314486978609 0.2753629396413524 0.162159408902098
28 0.17064462200975933 0.2969213156531959 0.22927865242843454 0.28549202705424326 0.16381587441006573 0.3541314487935401 0.11595279943341978 0.14162614576309843 0.2355867988497523 0.11311189601970921 0.20005696536597212 0.20005696571707263 0.29692131527940896 0.4718470182719701 0.14162614634936635 0.29541958280165886 0.35413144852441747 0.8799985558041494 0.23558679850808456 0.20276768717496632
4 0.3853251493993546 0.19165039211892468 0.40599480091253404 0.2765739633764759 0.41687396986748515 -0.013118808505648009 0.5102718593794462 0.4633355851968538 0.2122340799243482 0.4333461616107626 0.35502441170246 0.35502441209812635 0.19165039132812248 0.2049325716834089 0.4633355852301386 0.1867916249919448 -0.013118809009887577 0.08139643327634122 0.2122340795467201 0.2423455599446188
18 0.3878362971246489 0.2721416762680376 0.3378823005236922 0.321747935336174 0.3993864659453351 0.05566272917458189 0.37572991735637234 0.3974855460779032 0.2824202391307972 0.36190623780770015 0.39073582787671135 0.3907358281863891 0.27214167521874943 0.2765547892507713 0.3974855462166 0.3003468152672466 0.055662728742738525 0.16381587440999523 0.28242023853862874 0.2674547420579668
66 0.25885297294717835 0.18264714437480725 0.16175205083155758 0.4531329522494641 0.22725157605144636 0.020660326158937186 0.2402562926153335 0.09284602793648632 0.14249829307867398 0.7237064852947027 0.4224456793650509 0.4224456796631959 0.1826471438541706 0.7024127769964876 0.0928460276564589 0.09556342231249326 0.020660326128790367 0.264973568760265 0.14249829372401737 0.08651511788211022
15 0.38767173059159854 0.2581545908204223 0.34932837226286934 0.2857173269836311 0.3974855461853166 0.052637786422143173 0.4445218807798474 0.4280834659149256 0.30607758557786 0.32727026848251484 0.3568184842758568 0.3568184846420451 0.2581545900324392 0.21927591087065318 0.4280834661687035 0.29775648295739765 0.052637786127026 0.14162614599799414 0.30607758549553604 0.28142675488378904
