id,x_0,x_1,x_2,x_3,x_4,x_5,x_6,x_7,x_8,x_9,x_10,x_11
0.0,0.05205792062953536,0.22941573387056166,0.11377602479771484,1.0431860678612836e-16,9.255794662328164e-17,0.15617376188860607,0.05923488777590923,0.05802588531856594,9.019034346690304e-17,0.0939681971469879,0.2649064714130088,0.05716619504750293
1.0,0.10411584125907072,0.07647191129018722,0.05688801239885742,0.13423121104280483,9.255794662328164e-17,0.052057920629535355,0.23693955110363693,0.11605177063713187,9.019034346690304e-17,0.04698409857349395,0.1324532357065044,0.1714985851425088
2.0,0.1561737618886061,1.1886122731204166e-16,0.11377602479771484,0.06711560552140242,0.17864740025262404,0.15617376188860607,9.206951077786232e-17,9.019034346690304e-17,0.11605177063713187,0.0939681971469879,0.19867985355975665,8.88541163607305e-17
3.0,0.05205792062953536,1.1886122731204166e-16,8.842173366652206e-17,0.06711560552140242,0.05954913341754135,0.052057920629535355,0.11846977555181847,0.11605177063713187,0.2901294265928297,0.0939681971469879,0.19867985355975665,0.1714985851425088
4.0,0.1561737618886061,1.1886122731204166e-16,0.11377602479771484,0.06711560552140242,0.17864740025262404,0.15617376188860607,9.206951077786232e-17,9.019034346690304e-17,0.11605177063713187,0.0939681971469879,0.19867985355975665,8.88541163607305e-17
5.0,0.10411584125907072,0.07647191129018722,0.05688801239885742,0.13423121104280483,9.255794662328164e-17,0.052057920629535355,0.23693955110363693,0.11605177063713187,9.019034346690304e-17,0.04698409857349395,0.1324532357065044,0.1714985851425088
6.0,0.05205792062953536,0.22941573387056166,0.11377602479771484,1.0431860678612836e-16,9.255794662328164e-17,0.15617376188860607,0.05923488777590923,0.05802588531856594,9.019034346690304e-17,0.0939681971469879,0.2649064714130088,0.05716619504750293
7.0,0.10411584125907072,0.07647191129018722,0.05688801239885742,0.13423121104280483,9.255794662328164e-17,0.052057920629535355,0.23693955110363693,0.11605177063713187,9.019034346690304e-17,0.04698409857349395,0.1324532357065044,0.1714985851425088
8.0,0.1561737618886061,1.1886122731204166e-16,0.11377602479771484,0.06711560552140242,0.17864740025262404,0.15617376188860607,9.206951077786232e-17,9.019034346690304e-17,0.11605177063713187,0.0939681971469879,0.19867985355975665,8.88541163607305e-17
9.0,0.05205792062953536,1.1886122731204166e-16,8.842173366652206e-17,0.06711560552140242,0.05954913341754135,0.052057920629535355,0.11846977555181847,0.11605177063713187,0.2901294265928297,0.0939681971469879,0.19867985355975665,0.1714985851425088
10.0,0.1561737618886061,1.1886122731204166e-16,0.11377602479771484,0.06711560552140242,0.17864740025262404,0.15617376188860607,9.206951077786232e-17,9.019034346690304e-17,0.11605177063713187,0.0939681971469879,0.19867985355975665,8.88541163607305e-17
11.0,0.10411584125907072,0.07647191129018722,0.05688801239885742,0.13423121104280483,9.255794662328164e-17,0.052057920629535355,0.23693955110363693,0.11605177063713187,9.019034346690304e-17,0.04698409857349395,0.1324532357065044,0.1714985851425088
12.0,0.05205792062953536,0.22941573387056166,0.11377602479771484,1.0431860678612836e-16,9.255794662328164e-17,0.15617376188860607,0.05923488777590923,0.05802588531856594,9.019034346690304e-17,0.0939681971469879,0.2649064714130088,0.05716619504750293
13.0,0.10411584125907072,0.07647191129018722,0.05688801239885742,0.13423121104280483,9.255794662328164e-17,0.052057920629535355,0.23693955110363693,0.11605177063713187,9.019034346690304e-17,0.04698409857349395,0.1324532357065044,0.1714985851425088
14.0,0.1561737618886061,1.1886122731204166e-16,0.11377602479771484,0.06711560552140242,0.17864740025262404,0.15617376188860607,9.206951077786232e-17,9.019034346690304e-17,0.11605177063713187,0.0939681971469879,0.19867985355975665,8.88541163607305e-17
15.0,0.05205792062953536,1.1886122731204166e-16,8.842173366652206e-17,0.06711560552140242,0.05954913341754135,0.052057920629535355,0.11846977555181847,0.11605177063713187,0.2901294265928297,0.0939681971469879,0.19867985355975665,0.1714985851425088
16.0,0.1561737618886061,1.1886122731204166e-16,0.11377602479771484,0.06711560552140242,0.17864740025262404,0.15617376188860607,9.206951077786232e-17,9.019034346690304e-17,0.11605177063713187,0.0939681971469879,0.19867985355975665,8.88541163607305e-17
17.0,0.10411584125907072,0.07647191129018722,0.05688801239885742,0.13423121104280483,9.255794662328164e-17,0.052057920629535355,0.23693955110363693,0.11605177063713187,9.019034346690304e-17,0.04698409857349395,0.1324532357065044,0.1714985851425088
18.0,0.05205792062953536,0.15294382258037445,0.05688801239885742,0.20134681656420728,0.17864740025262404,0.052057920629535355,0.11846977555181847,0.11605177063713187,9.019034346690304e-17,0.04698409857349395,0.0662266178532522,0.2286647801900117
19.0,0.05205792062953536,0.15294382258037445,0.17066403719657228,0.13423121104280483,0.1190982668350827,0.052057920629535355,0.11846977555181847,0.23210354127426375,9.019034346690304e-17,0.04698409857349395,0.1324532357065044,0.11433239009500586
20.0,0.05205792062953536,0.15294382258037445,0.17066403719657228,0.13423121104280483,0.1190982668350827,0.052057920629535355,0.11846977555181847,0.23210354127426375,9.019034346690304e-17,0.04698409857349395,0.1324532357065044,0.11433239009500586
21.0,0.1561737618886061,0.15294382258037445,0.11377602479771484,0.20134681656420728,0.1190982668350827,0.052057920629535355,0.1777046633277277,0.17407765595569782,0.11605177063713187,7.302795923857134e-17,0.0662266178532522,0.2286647801900117
22.0,0.1561737618886061,0.15294382258037445,0.11377602479771484,0.20134681656420728,0.1190982668350827,0.052057920629535355,0.1777046633277277,0.17407765595569782,0.11605177063713187,7.302795923857134e-17,0.0662266178532522,0.2286647801900117
23.0,0.05205792062953536,0.07647191129018722,8.842173366652206e-17,0.06711560552140242,0.17864740025262404,0.052057920629535355,0.05923488777590923,0.23210354127426375,0.23210354127426375,0.04698409857349395,1.029368423772249e-16,0.1714985851425088
24.0,0.1561737618886061,1.1886122731204166e-16,0.11377602479771484,0.06711560552140242,0.1190982668350827,0.20823168251814142,0.05923488777590923,9.019034346690304e-17,0.05802588531856594,0.1879363942939758,0.1324532357065044,8.88541163607305e-17
25.0,0.1561737618886061,0.15294382258037445,0.17066403719657228,0.13423121104280483,0.1190982668350827,0.15617376188860607,0.11846977555181847,9.019034346690304e-17,0.11605177063713187,0.1879363942939758,0.0662266178532522,8.88541163607305e-17
26.0,0.1561737618886061,0.15294382258037445,0.17066403719657228,0.13423121104280483,0.1190982668350827,0.15617376188860607,0.11846977555181847,9.019034346690304e-17,0.11605177063713187,0.1879363942939758,0.0662266178532522,8.88541163607305e-17
27.0,0.1561737618886061,0.15294382258037445,0.17066403719657228,0.13423121104280483,0.1190982668350827,0.15617376188860607,0.11846977555181847,9.019034346690304e-17,0.11605177063713187,0.1879363942939758,0.0662266178532522,8.88541163607305e-17
28.0,0.05205792062953536,0.07647191129018722,8.842173366652206e-17,0.06711560552140242,0.17864740025262404,0.052057920629535355,0.05923488777590923,0.23210354127426375,0.23210354127426375,0.04698409857349395,1.029368423772249e-16,0.1714985851425088
29.0,0.1561737618886061,1.1886122731204166e-16,0.11377602479771484,0.06711560552140242,0.1190982668350827,0.20823168251814142,0.05923488777590923,9.019034346690304e-17,0.05802588531856594,0.1879363942939758,0.1324532357065044,8.88541163607305e-17
30.0,0.1561737618886061,0.15294382258037445,0.17066403719657228,0.13423121104280483,0.1190982668350827,0.15617376188860607,0.11846977555181847,9.019034346690304e-17,0.11605177063713187,0.1879363942939758,0.0662266178532522,8.88541163607305e-17
31.0,0.1561737618886061,0.15294382258037445,0.17066403719657228,0.13423121104280483,0.1190982668350827,0.15617376188860607,0.11846977555181847,9.019034346690304e-17,0.11605177063713187,0.1879363942939758,0.0662266178532522,8.88541163607305e-17
32.0,0.1561737618886061,0.15294382258037445,0.17066403719657228,0.13423121104280483,0.1190982668350827,0.15617376188860607,0.11846977555181847,9.019034346690304e-17,0.11605177063713187,0.1879363942939758,0.0662266178532522,8.88541163607305e-17
33.0,0.05205792062953536,0.15294382258037445,0.05688801239885742,0.20134681656420728,0.17864740025262404,0.052057920629535355,0.11846977555181847,0.11605177063713187,9.019034346690304e-17,0.04698409857349395,0.0662266178532522,0.2286647801900117
34.0,0.05205792062953536,0.15294382258037445,0.17066403719657228,0.13423121104280483,0.1190982668350827,0.052057920629535355,0.11846977555181847,0.23210354127426375,9.019034346690304e-17,0.04698409857349395,0.1324532357065044,0.11433239009500586
35.0,0.05205792062953536,0.15294382258037445,0.17066403719657228,0.13423121104280483,0.1190982668350827,0.052057920629535355,0.11846977555181847,0.23210354127426375,9.019034346690304e-17,0.04698409857349395,0.1324532357065044,0.11433239009500586
36.0,0.1561737618886061,0.15294382258037445,0.11377602479771484,0.20134681656420728,0.1190982668350827,0.052057920629535355,0.1777046633277277,0.17407765595569782,0.11605177063713187,7.302795923857134e-17,0.0662266178532522,0.2286647801900117
37.0,0.1561737618886061,0.15294382258037445,0.11377602479771484,0.20134681656420728,0.1190982668350827,0.052057920629535355,0.1777046633277277,0.17407765595569782,0.11605177063713187,7.302795923857134e-17,0.0662266178532522,0.2286647801900117
38.0,0.05205792062953536,0.07647191129018722,8.842173366652206e-17,0.06711560552140242,0.17864740025262404,0.052057920629535355,0.05923488777590923,0.23210354127426375,0.23210354127426375,0.04698409857349395,1.029368423772249e-16,0.1714985851425088
39.0,0.1561737618886061,1.1886122731204166e-16,0.11377602479771484,0.06711560552140242,0.1190982668350827,0.20823168251814142,0.05923488777590923,9.019034346690304e-17,0.05802588531856594,0.1879363942939758,0.1324532357065044,8.88541163607305e-17
40.0,0.1561737618886061,0.15294382258037445,0.17066403719657228,0.13423121104280483,0.1190982668350827,0.15617376188860607,0.11846977555181847,9.019034346690304e-17,0.11605177063713187,0.1879363942939758,0.0662266178532522,8.88541163607305e-17
41.0,0.1561737618886061,0.15294382258037445,0.17066403719657228,0.13423121104280483,0.1190982668350827,0.15617376188860607,0.11846977555181847,9.019034346690304e-17,0.11605177063713187,0.1879363942939758,0.0662266178532522,8.88541163607305e-17
42.0,0.1561737618886061,0.15294382258037445,0.17066403719657228,0.13423121104280483,0.1190982668350827,0.15617376188860607,0.11846977555181847,9.019034346690304e-17,0.11605177063713187,0.1879363942939758,0.0662266178532522,8.88541163607305e-17
43.0,0.05205792062953536,0.07647191129018722,8.842173366652206e-17,0.06711560552140242,0.17864740025262404,0.052057920629535355,0.05923488777590923,0.23210354127426375,0.23210354127426375,0.04698409857349395,1.029368423772249e-16,0.1714985851425088
44.0,0.1561737618886061,1.1886122731204166e-16,0.11377602479771484,0.06711560552140242,0.1190982668350827,0.20823168251814142,0.05923488777590923,9.019034346690304e-17,0.05802588531856594,0.1879363942939758,0.1324532357065044,8.88541163607305e-17
45.0,0.1561737618886061,0.15294382258037445,0.17066403719657228,0.13423121104280483,0.1190982668350827,0.15617376188860607,0.11846977555181847,9.019034346690304e-17,0.11605177063713187,0.1879363942939758,0.0662266178532522,8.88541163607305e-17
46.0,0.1561737618886061,0.15294382258037445,0.17066403719657228,0.13423121104280483,0.1190982668350827,0.15617376188860607,0.11846977555181847,9.019034346690304e-17,0.11605177063713187,0.1879363942939758,0.0662266178532522,8.88541163607305e-17
47.0,0.1561737618886061,0.15294382258037445,0.17066403719657228,0.13423121104280483,0.1190982668350827,0.15617376188860607,0.11846977555181847,9.019034346690304e-17,0.11605177063713187,0.1879363942939758,0.0662266178532522,8.88541163607305e-17
48.0,0.05205792062953536,0.15294382258037445,0.05688801239885742,0.20134681656420728,0.17864740025262404,0.052057920629535355,0.11846977555181847,0.11605177063713187,9.019034346690304e-17,0.04698409857349395,0.0662266178532522,0.2286647801900117
49.0,0.05205792062953536,0.15294382258037445,0.17066403719657228,0.13423121104280483,0.1190982668350827,0.052057920629535355,0.11846977555181847,0.23210354127426375,9.019034346690304e-17,0.04698409857349395,0.1324532357065044,0.11433239009500586
50.0,0.05205792062953536,0.15294382258037445,0.17066403719657228,0.13423121104280483,0.1190982668350827,0.052057920629535355,0.11846977555181847,0.23210354127426375,9.019034346690304e-17,0.04698409857349395,0.1324532357065044,0.11433239009500586
51.0,0.1561737618886061,0.15294382258037445,0.11377602479771484,0.20134681656420728,0.1190982668350827,0.052057920629535355,0.1777046633277277,0.17407765595569782,0.11605177063713187,7.302795923857134e-17,0.0662266178532522,0.2286647801900117
52.0,0.1561737618886061,0.15294382258037445,0.11377602479771484,0.20134681656420728,0.1190982668350827,0.052057920629535355,0.1777046633277277,0.17407765595569782,0.11605177063713187,7.302795923857134e-17,0.0662266178532522,0.2286647801900117
53.0,0.05205792062953536,0.07647191129018722,8.842173366652206e-17,0.06711560552140242,0.17864740025262404,0.052057920629535355,0.05923488777590923,0.23210354127426375,0.23210354127426375,0.04698409857349395,1.029368423772249e-16,0.1714985851425088
54.0,0.1561737618886061,1.1886122731204166e-16,0.11377602479771484,0.06711560552140242,0.1190982668350827,0.20823168251814142,0.05923488777590923,9.019034346690304e-17,0.05802588531856594,0.1879363942939758,0.1324532357065044,8.88541163607305e-17
55.0,0.1561737618886061,0.15294382258037445,0.17066403719657228,0.13423121104280483,0.1190982668350827,0.15617376188860607,0.11846977555181847,9.019034346690304e-17,0.11605177063713187,0.1879363942939758,0.0662266178532522,8.88541163607305e-17
56.0,0.1561737618886061,0.15294382258037445,0.17066403719657228,0.13423121104280483,0.1190982668350827,0.15617376188860607,0.11846977555181847,9.019034346690304e-17,0.11605177063713187,0.1879363942939758,0.0662266178532522,8.88541163607305e-17
57.0,0.1561737618886061,0.15294382258037445,0.17066403719657228,0.13423121104280483,0.1190982668350827,0.15617376188860607,0.11846977555181847,9.019034346690304e-17,0.11605177063713187,0.1879363942939758,0.0662266178532522,8.88541163607305e-17
58.0,0.05205792062953536,0.07647191129018722,8.842173366652206e-17,0.06711560552140242,0.17864740025262404,0.052057920629535355,0.05923488777590923,0.23210354127426375,0.23210354127426375,0.04698409857349395,1.029368423772249e-16,0.1714985851425088
59.0,0.1561737618886061,1.1886122731204166e-16,0.11377602479771484,0.06711560552140242,0.1190982668350827,0.20823168251814142,0.05923488777590923,9.019034346690304e-17,0.05802588531856594,0.1879363942939758,0.1324532357065044,8.88541163607305e-17
60.0,0.1561737618886061,0.15294382258037445,0.17066403719657228,0.13423121104280483,0.1190982668350827,0.15617376188860607,0.11846977555181847,9.019034346690304e-17,0.11605177063713187,0.1879363942939758,0.0662266178532522,8.88541163607305e-17
61.0,0.1561737618886061,0.15294382258037445,0.17066403719657228,0.13423121104280483,0.1190982668350827,0.15617376188860607,0.11846977555181847,9.019034346690304e-17,0.11605177063713187,0.1879363942939758,0.0662266178532522,8.88541163607305e-17
62.0,0.1561737618886061,0.15294382258037445,0.17066403719657228,0.13423121104280483,0.1190982668350827,0.15617376188860607,0.11846977555181847,9.019034346690304e-17,0.11605177063713187,0.1879363942939758,0.0662266178532522,8.88541163607305e-17
