32 0.04261479083323643 0.21434147183643398 0.2941533307674824 0.2143414720554546 0.014845500557626382 0.24960492696727765 -0.018212469639378455 0.22893876156691365 0.2941533310432901 0.21434147166017356 0.21434147188444272 0.09966594982951087 0.042614790821520865 0.06292694585268122 0.06292694572567008 0.6932369630331997 0.11081764530448587 0.6932369631016765 0.6932369632003715 0.22893876067247182
10 0.4723681436947753 0.32113981788823687 0.1609813644944615 0.32113981773810363 0.2953638498880987 0.2659176777776632 0.4955926342308996 0.2927168103178695 0.16098136536985455 0.32113981784656587 0.3211398180232479 0.31014946107908903 0.4723681440975039 0.3915467316435054 0.39154673152659103 0.04415614310177841 0.3252259731660862 0.04415614284297865 0.044156143337586974 0.2927168083055671
25 0.20612697552669992 0.38707945825548773 0.18329453387410002 0.38707945850258135 0.10157402444316543 0.5257646122788633 0.3000386473368283 0.4791154869755158 0.18329453447499786 0.3870794581953617 0.3870794582871834 0.19107507644979593 0.20612697549558562 0.2891349182524224 0.2891349180860209 0.22231658177867294 0.24596391343298704 0.22231658193559622 0.22231658244562238 0.47911548445472923
44 0.0612559737112085 0.30341172558654567 0.3993816645433103 0.3034117256741078 0.010366106161568016 0.07176488624399996 0.01717789674179014 0.16565892152688358 0.3993816644343061 0.3034117253327916 0.30341172551899787 0.057487374411770126 0.061255972254146356 0.028413974304832577 0.028413974158475602 0.6394947754096862 0.07765245067943997 0.6394947754129319 0.6394947752790036 0.16565892185243397
40 0.36775205950941897 0.4225966176345082 0.30616852333678696 0.422596617630779 0.16525408876304234 0.27477439352965366 0.19835821364568063 0.3125904161433785 0.30616852355410934 0.4225966175542549 0.4225966175025722 0.2945106031926511 0.36775205953127943 0.2858918300181318 0.28589182982194816 0.22404543950412523 0.29866372267924446 0.22404543933157633 0.2240454397158528 0.312590415966785
47 0.04261479083323643 0.21434147183643398 0.2941533307674824 0.2143414720554546 0.014845500557626382 0.24960492696727765 -0.018212469639378455 0.22893876156691365 0.2941533310432901 0.21434147166017356 0.21434147188444272 0.09966594982951087 0.042614790821520865 0.06292694585268122 0.06292694572567008 0.6932369630331997 0.11081764530448587 0.6932369631016765 0.6932369632003715 0.22893876067247182
28 0.04261479083323643 0.21434147183643398 0.2941533307674824 0.2143414720554546 0.014845500557626382 0.24960492696727765 -0.018212469639378455 0.22893876156691365 0.2941533310432901 0.21434147166017356 0.21434147188444272 0.09966594982951087 0.042614790821520865 0.06292694585268122 0.06292694572567008 0.6932369630331997 0.11081764530448587 0.6932369631016765 0.6932369632003715 0.22893876067247182
41 0.36775205950941897 0.4225966176345082 0.30616852333678696 0.422596617630779 0.16525408876304234 0.27477439352965366 0.19835821364568063 0.3125904161433785 0.30616852355410934 0.4225966175542549 0.4225966175025722 0.2945106031926511 0.36775205953127943 0.2858918300181318 0.28589182982194816 0.22404543950412523 0.29866372267924446 0.22404543933157633 0.2240454397158528 0.312590415966785
4 0.5288436515227213 0.30498577713966424 0.19325531224715 0.304985776914376 0.403465570476383 0.18455906028436744 0.4325040986955394 0.24071997278111973 0.19325531277357022 0.3049857769207119 0.30498577701626134 0.3453423900607505 0.5288436522721386 0.37572010609867756 0.37572010589440685 0.04261479085465973 0.2950408677200381 0.042614790939435765 0.042614791383770986 0.2407199705750446
57 0.04591765356103621 0.15424147428013413 0.2269900026136898 0.1542414749705661 0.024270378014307904 0.37014449920668385 -0.04277706812485063 0.2600176146542334 0.22699000282357443 0.15424147457229642 0.15424147487411696 0.11636407563897545 0.04591765482023981 0.0721363093921015 0.07213630922867695 0.7029403345033369 0.12449836707225558 0.7029403345201505 0.7029403344965148 0.2600176135709578
62 0.04261479083323643 0.21434147183643398 0.2941533307674824 0.2143414720554546 0.014845500557626382 0.24960492696727765 -0.018212469639378455 0.22893876156691365 0.2941533310432901 0.21434147166017356 0.21434147188444272 0.09966594982951087 0.042614790821520865 0.06292694585268122 0.06292694572567008 0.6932369630331997 0.11081764530448587 0.6932369631016765 0.6932369632003715 0.22893876067247182
33 0.04261479083323643 0.21434147183643398 0.2941533307674824 0.2143414720554546 0.014845500557626382 0.24960492696727765 -0.018212469639378455 0.22893876156691365 0.2941533310432901 0.21434147166017356 0.21434147188444272 0.09966594982951087 0.042614790821520865 0.06292694585268122 0.06292694572567008 0.6932369630331997 0.11081764530448587 0.6932369631016765 0.6932369632003715 0.22893876067247182
31 0.4034655704655362 0.1200883125533343 0.23320474405226577 0.12008831242674738 0.9873990359721602 0.10299383148730984 0.30061316331540355 0.10439698223165625 0.23320474469108624 0.12008831257874492 0.1200883125059041 0.4044255915261906 0.4034655703560402 0.27880275257728726 0.2788027523758754 0.014845500491312275 0.3009382924022701 0.014845500613497204 0.014845500747642563 0.10439698054327022
12 0.4017637701272864 0.3212525506836242 0.14181977362603967 0.3212525507795449 0.23189998825098493 0.35158882449111156 0.5293186471382086 0.32868052729212255 0.14181977431362788 0.3212525507022371 0.3212525510246335 0.2952902085283025 0.40176377012863734 0.3896363329478345 0.3896363327786733 0.05457348240326588 0.38820327240945246 0.054573482738857954 0.05457348315219978 0.32868052575451434
51 0.295040867670686 0.2537768031063947 0.29390866059666565 0.2537768028381558 0.30093829240228126 0.3141199615091687 0.35373388471304534 0.274388820155468 0.2939086608408235 0.25377680283710924 0.253776802897258 0.5046883751615423 0.29504086752149217 0.37807465370433424 0.378074653560583 0.11081764524125151 0.594266184581871 0.11081764544515088 0.11081764603437037 0.2743888180912395
23 0.19325531245211483 0.2470688898301327 0.6598840276338028 0.247068889853629 0.23320474435511757 0.18659624087056442 0.08040483857259426 0.21004467838410412 0.6598840280575634 0.2470688895480442 0.24706888990595052 0.36156055181388314 0.19325531224444678 0.27353866464163434 0.2735386644637256 0.2941533306780631 0.2939086606406539 0.2941533310761357 0.29415333114534553 0.21004467676835664
24 0.26634170567582244 0.2967899938436402 0.19858456981110778 0.2967899934352184 0.18444357271424047 0.44547757863386456 0.4987126566485604 0.3548113940061492 0.19858456998938467 0.2967899933898991 0.2967899938056747 0.33545815312133975 0.2663417053998237 0.40125276508827856 0.4012527648886706 0.07972236313304489 0.49001094035170617 0.07972236333590912 0.07972236383748565 0.35481139287612473
63 0.04261479083323643 0.21434147183643398 0.2941533307674824 0.2143414720554546 0.014845500557626382 0.24960492696727765 -0.018212469639378455 0.22893876156691365 0.2941533310432901 0.21434147166017356 0.21434147188444272 0.09966594982951087 0.042614790821520865 0.06292694585268122 0.06292694572567008 0.6932369630331997 0.11081764530448587 0.6932369631016765 0.6932369632003715 0.22893876067247182
60 0.24071997130522504 0.4001822122372687 0.2100446773110889 0.40018221200443804 0.10439698130019909 0.46455823293709386 0.27614578132682155 0.44399594311835244 0.21004467777675018 0.40018221212085336 0.400182212353684 0.22530422238721926 0.24071997131977696 0.2956032765212726 0.29560327628317196 0.22893876030866522 0.2743888190078252 0.22893876102170907 0.22893876131274737 0.443995940964669
30 0.24071997130522504 0.4001822122372687 0.2100446773110889 0.40018221200443804 0.10439698130019909 0.46455823293709386 0.27614578132682155 0.44399594311835244 0.21004467777675018 0.40018221212085336 0.400182212353684 0.22530422238721926 0.24071997131977696 0.2956032765212726 0.29560327628317196 0.22893876030866522 0.2743888190078252 0.22893876102170907 0.22893876131274737 0.443995940964669
19 0.30498577691101003 0.42347324242293366 0.24706888933661003 0.42347324234544764 0.12008831250146607 0.3688171960053765 0.2516449934391618 0.40018221296507933 0.24706889012421948 0.42347324240458273 0.4234732426198461 0.24111236729124164 0.3049857768219584 0.30011177643565906 0.30011177626121893 0.2143414719008521 0.2537768028736696 0.21434147199720277 0.2143414723627845 0.40018221109985735
43 0.0612559737112085 0.30341172558654567 0.3993816645433103 0.3034117256741078 0.010366106161568016 0.07176488624399996 0.01717789674179014 0.16565892152688358 0.3993816644343061 0.3034117253327916 0.30341172551899787 0.057487374411770126 0.061255972254146356 0.028413974304832577 0.028413974158475602 0.6394947754096862 0.07765245067943997 0.6394947754129319 0.6394947752790036 0.16565892185243397
26 0.4034655704655362 0.1200883125533343 0.23320474405226577 0.12008831242674738 0.9873990359721602 0.10299383148730984 0.30061316331540355 0.10439698223165625 0.23320474469108624 0.12008831257874492 0.1200883125059041 0.4044255915261906 0.4034655703560402 0.27880275257728726 0.2788027523758754 0.014845500491312275 0.3009382924022701 0.014845500613497204 0.014845500747642563 0.10439698054327022
58 0.04591765356103621 0.15424147428013413 0.2269900026136898 0.1542414749705661 0.024270378014307904 0.37014449920668385 -0.04277706812485063 0.2600176146542334 0.22699000282357443 0.15424147457229642 0.15424147487411696 0.11636407563897545 0.04591765482023981 0.0721363093921015 0.07213630922867695 0.7029403345033369 0.12449836707225558 0.7029403345201505 0.7029403344965148 0.2600176135709578
13 0.30498577691101003 0.42347324242293366 0.24706888933661003 0.42347324234544764 0.12008831250146607 0.3688171960053765 0.2516449934391618 0.40018221296507933 0.24706889012421948 0.42347324240458273 0.4234732426198461 0.24111236729124164 0.3049857768219584 0.30011177643565906 0.30011177626121893 0.2143414719008521 0.2537768028736696 0.21434147199720277 0.2143414723627845 0.40018221109985735
14 0.5288436515227213 0.30498577713966424 0.19325531224715 0.304985776914376 0.403465570476383 0.18455906028436744 0.4325040986955394 0.24071997278111973 0.19325531277357022 0.3049857769207119 0.30498577701626134 0.3453423900607505 0.5288436522721386 0.37572010609867756 0.37572010589440685 0.04261479085465973 0.2950408677200381 0.042614790939435765 0.042614791383770986 0.2407199705750446
36 0.4034655704655362 0.1200883125533343 0.23320474405226577 0.12008831242674738 0.9873990359721602 0.10299383148730984 0.30061316331540355 0.10439698223165625 0.23320474469108624 0.12008831257874492 0.1200883125059041 0.4044255915261906 0.4034655703560402 0.27880275257728726 0.2788027523758754 0.014845500491312275 0.3009382924022701 0.014845500613497204 0.014845500747642563 0.10439698054327022
5 0.30498577691101003 0.42347324242293366 0.24706888933661003 0.42347324234544764 0.12008831250146607 0.3688171960053765 0.2516449934391618 0.40018221296507933 0.24706889012421948 0.42347324240458273 0.4234732426198461 0.24111236729124164 0.3049857768219584 0.30011177643565906 0.30011177626121893 0.2143414719008521 0.2537768028736696 0.21434147199720277 0.2143414723627845 0.40018221109985735
45 0.24071997130522504 0.4001822122372687 0.2100446773110889 0.40018221200443804 0.10439698130019909 0.46455823293709386 0.27614578132682155 0.44399594311835244 0.21004467777675018 0.40018221212085336 0.400182212353684 0.22530422238721926 0.24071997131977696 0.2956032765212726 0.29560327628317196 0.22893876030866522 0.2743888190078252 0.22893876102170907 0.22893876131274737 0.443995940964669
9 0.385469864345674 0.3338732500036737 0.12717249578157885 0.3338732499147476 0.18951837206003502 0.3990497015854395 0.5859653601131095 0.35878375230232656 0.12717249615526371 0.33387324991090567 0.33387324999776413 0.18897780980372558 0.38546986439146547 0.40025980296462255 0.40025980278647244 0.028799620379955964 0.2635086648793738 0.028799620242194523 0.02879962042537592 0.3587837512343007
15 0.30498577691101003 0.42347324242293366 0.24706888933661003 0.42347324234544764 0.12008831250146607 0.3688171960053765 0.2516449934391618 0.40018221296507933 0.24706889012421948 0.42347324240458273 0.4234732426198461 0.24111236729124164 0.3049857768219584 0.30011177643565906 0.30011177626121893 0.2143414719008521 0.2537768028736696 0.21434147199720277 0.2143414723627845 0.40018221109985735
29 0.04261479083323643 0.21434147183643398 0.2941533307674824 0.2143414720554546 0.014845500557626382 0.24960492696727765 -0.018212469639378455 0.22893876156691365 0.2941533310432901 0.21434147166017356 0.21434147188444272 0.09966594982951087 0.042614790821520865 0.06292694585268122 0.06292694572567008 0.6932369630331997 0.11081764530448587 0.6932369631016765 0.6932369632003715 0.22893876067247182
22 0.34534238997036676 0.24111236743719314 0.36156055166650414 0.24111236730833593 0.40442559152617746 0.22321155487254732 0.2784889503209082 0.22530422359424981 0.36156055206322996 0.24111236729706592 0.241112367432951 0.5299225047586696 0.345342389943283 0.3935053035033013 0.3935053033021256 0.09966594973522212 0.5046883751615263 0.09966594994932079 0.09966595053814999 0.22530422140388398
61 0.4034655704655362 0.1200883125533343 0.23320474405226577 0.12008831242674738 0.9873990359721602 0.10299383148730984 0.30061316331540355 0.10439698223165625 0.23320474469108624 0.12008831257874492 0.1200883125059041 0.4044255915261906 0.4034655703560402 0.27880275257728726 0.2788027523758754 0.014845500491312275 0.3009382924022701 0.014845500613497204 0.014845500747642563 0.10439698054327022
55 0.1845590601943179 0.36881719594336254 0.18659624061235847 0.36881719617545333 0.10299383148729442 0.5468484126386258 0.28712155494177244 0.4645582339685125 0.1865962412031998 0.3688171959720499 0.3688171959764143 0.22321155487250122 0.1845590601302439 0.2819699295730504 0.2819699293552381 0.24960492654267313 0.31411996150917315 0.2496049269522759 0.24960492743706644 0.464558232241238
37 0.04261479083323643 0.21434147183643398 0.2941533307674824 0.2143414720554546 0.014845500557626382 0.24960492696727765 -0.018212469639378455 0.22893876156691365 0.2941533310432901 0.21434147166017356 0.21434147188444272 0.09966594982951087 0.042614790821520865 0.06292694585268122 0.06292694572567008 0.6932369630331997 0.11081764530448587 0.6932369631016765 0.6932369632003715 0.22893876067247182
54 0.19325531245211483 0.2470688898301327 0.6598840276338028 0.247068889853629 0.23320474435511757 0.18659624087056442 0.08040483857259426 0.21004467838410412 0.6598840280575634 0.2470688895480442 0.24706888990595052 0.36156055181388314 0.19325531224444678 0.27353866464163434 0.2735386644637256 0.2941533306780631 0.2939086606406539 0.2941533310761357 0.29415333114534553 0.21004467676835664
68 0.19325531245211483 0.2470688898301327 0.6598840276338028 0.247068889853629 0.23320474435511757 0.18659624087056442 0.08040483857259426 0.21004467838410412 0.6598840280575634 0.2470688895480442 0.24706888990595052 0.36156055181388314 0.19325531224444678 0.27353866464163434 0.2735386644637256 0.2941533306780631 0.2939086606406539 0.2941533310761357 0.29415333114534553 0.21004467676835664
42 0.4915062987600035 0.18379240990606555 0.3156275098951169 0.1837924098866658 0.833348465184191 0.15792984850131161 0.20122216676741694 0.08790647946977556 0.3156275092073953 0.18379240977246172 0.1837924096493086 0.40500422385377416 0.4915062996181227 0.24268386302434253 0.24268386288103524 0.07011434744780196 0.3230366509527764 0.07011434680294043 0.07011434677237019 0.08790648120136592
34 0.04261479083323643 0.21434147183643398 0.2941533307674824 0.2143414720554546 0.014845500557626382 0.24960492696727765 -0.018212469639378455 0.22893876156691365 0.2941533310432901 0.21434147166017356 0.21434147188444272 0.09966594982951087 0.042614790821520865 0.06292694585268122 0.06292694572567008 0.6932369630331997 0.11081764530448587 0.6932369631016765 0.6932369632003715 0.22893876067247182
59 0.04591765356103621 0.15424147428013413 0.2269900026136898 0.1542414749705661 0.024270378014307904 0.37014449920668385 -0.04277706812485063 0.2600176146542334 0.22699000282357443 0.15424147457229642 0.15424147487411696 0.11636407563897545 0.04591765482023981 0.0721363093921015 0.07213630922867695 0.7029403345033369 0.12449836707225558 0.7029403345201505 0.7029403344965148 0.2600176135709578
46 0.4034655704655362 0.1200883125533343 0.23320474405226577 0.12008831242674738 0.9873990359721602 0.10299383148730984 0.30061316331540355 0.10439698223165625 0.23320474469108624 0.12008831257874492 0.1200883125059041 0.4044255915261906 0.4034655703560402 0.27880275257728726 0.2788027523758754 0.014845500491312275 0.3009382924022701 0.014845500613497204 0.014845500747642563 0.10439698054327022
50 0.37410850623198083 0.2578834241882098 0.11003274206090607 0.25788342391243446 0.24403242708310496 0.35023045465217323 0.7028424387902373 0.294102055451019 0.11003274242164846 0.2578834240630709 0.25788342410753073 0.25124077481991763 0.37410850580158117 0.4464973834054677 0.4464973832472678 -0.025550340467934404 0.3415939828059812 -0.025550340439141905 -0.025550340108964037 0.29410205455891
38 0.04261479083323643 0.21434147183643398 0.2941533307674824 0.2143414720554546 0.014845500557626382 0.24960492696727765 -0.018212469639378455 0.22893876156691365 0.2941533310432901 0.21434147166017356 0.21434147188444272 0.09966594982951087 0.042614790821520865 0.06292694585268122 0.06292694572567008 0.6932369630331997 0.11081764530448587 0.6932369631016765 0.6932369632003715 0.22893876067247182
49 0.04261479083323643 0.21434147183643398 0.2941533307674824 0.2143414720554546 0.014845500557626382 0.24960492696727765 -0.018212469639378455 0.22893876156691365 0.2941533310432901 0.21434147166017356 0.21434147188444272 0.09966594982951087 0.042614790821520865 0.06292694585268122 0.06292694572567008 0.6932369630331997 0.11081764530448587 0.6932369631016765 0.6932369632003715 0.22893876067247182
65 0.3757201059725465 0.3001117765841644 0.27353866417210854 0.3001117762442408 0.2788027524940001 0.28196992949186844 0.41472472876537286 0.2956032776783329 0.27353866450160436 0.30011177622728313 0.30011177647887244 0.3935053033977624 0.3757201059018416 0.44389762839935326 0.44389762819837 0.0629269456185016 0.3780746536800554 0.0629269458760049 0.06292694600573563 0.2956032755319737
21 0.34534238997036676 0.24111236743719314 0.36156055166650414 0.24111236730833593 0.40442559152617746 0.22321155487254732 0.2784889503209082 0.22530422359424981 0.36156055206322996 0.24111236729706592 0.241112367432951 0.5299225047586696 0.345342389943283 0.3935053035033013 0.3935053033021256 0.09966594973522212 0.5046883751615263 0.09966594994932079 0.09966595053814999 0.22530422140388398
3 0.24071997130522504 0.4001822122372687 0.2100446773110889 0.40018221200443804 0.10439698130019909 0.46455823293709386 0.27614578132682155 0.44399594311835244 0.21004467777675018 0.40018221212085336 0.400182212353684 0.22530422238721926 0.24071997131977696 0.2956032765212726 0.29560327628317196 0.22893876030866522 0.2743888190078252 0.22893876102170907 0.22893876131274737 0.443995940964669
56 0.4309975092644943 0.13356195614656594 0.10648473974743186 0.13356195615167515 0.7514657253909867 0.050639934950922866 0.5314660873330528 0.1672478742811342 0.10648474158449357 0.13356195637678922 0.13356195633549076 0.4783774439702531 0.4309975089068445 0.3376446615464498 0.3376446614487176 -0.013079534969923397 0.4109078278096949 -0.013079533613220078 -0.013079532655569753 0.16724786824176108
48 0.04261479083323643 0.21434147183643398 0.2941533307674824 0.2143414720554546 0.014845500557626382 0.24960492696727765 -0.018212469639378455 0.22893876156691365 0.2941533310432901 0.21434147166017356 0.21434147188444272 0.09966594982951087 0.042614790821520865 0.06292694585268122 0.06292694572567008 0.6932369630331997 0.11081764530448587 0.6932369631016765 0.6932369632003715 0.22893876067247182
18 0.4723681436947753 0.32113981788823687 0.1609813644944615 0.32113981773810363 0.2953638498880987 0.2659176777776632 0.4955926342308996 0.2927168103178695 0.16098136536985455 0.32113981784656587 0.3211398180232479 0.31014946107908903 0.4723681440975039 0.3915467316435054 0.39154673152659103 0.04415614310177841 0.3252259731660862 0.04415614284297865 0.044156143337586974 0.2927168083055671
52 0.295040867670686 0.2537768031063947 0.29390866059666565 0.2537768028381558 0.30093829240228126 0.3141199615091687 0.35373388471304534 0.274388820155468 0.2939086608408235 0.25377680283710924 0.253776802897258 0.5046883751615423 0.29504086752149217 0.37807465370433424 0.378074653560583 0.11081764524125151 0.594266184581871 0.11081764544515088 0.11081764603437037 0.2743888180912395
64 0.04261479083323643 0.21434147183643398 0.2941533307674824 0.2143414720554546 0.014845500557626382 0.24960492696727765 -0.018212469639378455 0.22893876156691365 0.2941533310432901 0.21434147166017356 0.21434147188444272 0.09966594982951087 0.042614790821520865 0.06292694585268122 0.06292694572567008 0.6932369630331997 0.11081764530448587 0.6932369631016765 0.6932369632003715 0.22893876067247182
1 0.24071997130522504 0.4001822122372687 0.2100446773110889 0.40018221200443804 0.10439698130019909 0.46455823293709386 0.27614578132682155 0.44399594311835244 0.21004467777675018 0.40018221212085336 0.400182212353684 0.22530422238721926 0.24071997131977696 0.2956032765212726 0.29560327628317196 0.22893876030866522 0.2743888190078252 0.22893876102170907 0.22893876131274737 0.443995940964669
11 0.30498577691101003 0.42347324242293366 0.24706888933661003 0.42347324234544764 0.12008831250146607 0.3688171960053765 0.2516449934391618 0.40018221296507933 0.24706889012421948 0.42347324240458273 0.4234732426198461 0.24111236729124164 0.3049857768219584 0.30011177643565906 0.30011177626121893 0.2143414719008521 0.2537768028736696 0.21434147199720277 0.2143414723627845 0.40018221109985735
35 0.24071997130522504 0.4001822122372687 0.2100446773110889 0.40018221200443804 0.10439698130019909 0.46455823293709386 0.27614578132682155 0.44399594311835244 0.21004467777675018 0.40018221212085336 0.400182212353684 0.22530422238721926 0.24071997131977696 0.2956032765212726 0.29560327628317196 0.22893876030866522 0.2743888190078252 0.22893876102170907 0.22893876131274737 0.443995940964669
17 0.30498577691101003 0.42347324242293366 0.24706888933661003 0.42347324234544764 0.12008831250146607 0.3688171960053765 0.2516449934391618 0.40018221296507933 0.24706889012421948 0.42347324240458273 0.4234732426198461 0.24111236729124164 0.3049857768219584 0.30011177643565906 0.30011177626121893 0.2143414719008521 0.2537768028736696 0.21434147199720277 0.2143414723627845 0.40018221109985735
66 0.34442696771234677 0.1949455395892235 0.4555316829114888 0.19494553967051617 0.5679324662776016 0.16887044689416889 0.17052232924100025 0.15855619889063027 0.4555316829358575 0.19494553955931646 0.19494553954841437 0.5414485084343478 0.34442696761055513 0.3663704418036735 0.3663704416810062 0.09530935388183027 0.4197494251393661 0.09530935376599853 0.09530935370227707 0.15855619795918596
69 0.19325531245211483 0.2470688898301327 0.6598840276338028 0.247068889853629 0.23320474435511757 0.18659624087056442 0.08040483857259426 0.21004467838410412 0.6598840280575634 0.2470688895480442 0.24706888990595052 0.36156055181388314 0.19325531224444678 0.27353866464163434 0.2735386644637256 0.2941533306780631 0.2939086606406539 0.2941533310761357 0.29415333114534553 0.21004467676835664
20 0.3757201059725465 0.3001117765841644 0.27353866417210854 0.3001117762442408 0.2788027524940001 0.28196992949186844 0.41472472876537286 0.2956032776783329 0.27353866450160436 0.30011177622728313 0.30011177647887244 0.3935053033977624 0.3757201059018416 0.44389762839935326 0.44389762819837 0.0629269456185016 0.3780746536800554 0.0629269458760049 0.06292694600573563 0.2956032755319737
6 0.5288436515227213 0.30498577713966424 0.19325531224715 0.304985776914376 0.403465570476383 0.18455906028436744 0.4325040986955394 0.24071997278111973 0.19325531277357022 0.3049857769207119 0.30498577701626134 0.3453423900607505 0.5288436522721386 0.37572010609867756 0.37572010589440685 0.04261479085465973 0.2950408677200381 0.042614790939435765 0.042614791383770986 0.2407199705750446
7 0.30498577691101003 0.42347324242293366 0.24706888933661003 0.42347324234544764 0.12008831250146607 0.3688171960053765 0.2516449934391618 0.40018221296507933 0.24706889012421948 0.42347324240458273 0.4234732426198461 0.24111236729124164 0.3049857768219584 0.30011177643565906 0.30011177626121893 0.2143414719008521 0.2537768028736696 0.21434147199720277 0.2143414723627845 0.40018221109985735
53 0.3757201059725465 0.3001117765841644 0.27353866417210854 0.3001117762442408 0.2788027524940001 0.28196992949186844 0.41472472876537286 0.2956032776783329 0.27353866450160436 0.30011177622728313 0.30011177647887244 0.3935053033977624 0.3757201059018416 0.44389762839935326 0.44389762819837 0.0629269456185016 0.3780746536800554 0.0629269458760049 0.06292694600573563 0.2956032755319737
0 0.4723681436947753 0.32113981788823687 0.1609813644944615 0.32113981773810363 0.2953638498880987 0.2659176777776632 0.4955926342308996 0.2927168103178695 0.16098136536985455 0.32113981784656587 0.3211398180232479 0.31014946107908903 0.4723681440975039 0.3915467316435054 0.39154673152659103 0.04415614310177841 0.3252259731660862 0.04415614284297865 0.044156143337586974 0.2927168083055671
16 0.5288436515227213 0.30498577713966424 0.19325531224715 0.304985776914376 0.403465570476383 0.18455906028436744 0.4325040986955394 0.24071997278111973 0.19325531277357022 0.3049857769207119 0.30498577701626134 0.3453423900607505 0.5288436522721386 0.37572010609867756 0.37572010589440685 0.04261479085465973 0.2950408677200381 0.042614790939435765 0.042614791383770986 0.2407199705750446
2 0.432504098698941 0.25164499354544745 0.0804048380318939 0.2516449933732714 0.30061316331540516 0.2871215549417813 0.69760851180608 0.2761457823743934 0.08040483918183369 0.2516449934645628 0.25164499354385506 0.2784889503208984 0.43250409863288203 0.4147247288598758 0.4147247287056809 -0.01821247011798132 0.35373388471301614 -0.01821246973949183 -0.018212469176399695 0.27614578048413896
67 0.34442696771234677 0.1949455395892235 0.4555316829114888 0.19494553967051617 0.5679324662776016 0.16887044689416889 0.17052232924100025 0.15855619889063027 0.4555316829358575 0.19494553955931646 0.19494553954841437 0.5414485084343478 0.34442696761055513 0.3663704418036735 0.3663704416810062 0.09530935388183027 0.4197494251393661 0.09530935376599853 0.09530935370227707 0.15855619795918596
27 0.04261479083323643 0.21434147183643398 0.2941533307674824 0.2143414720554546 0.014845500557626382 0.24960492696727765 -0.018212469639378455 0.22893876156691365 0.2941533310432901 0.21434147166017356 0.21434147188444272 0.09966594982951087 0.042614790821520865 0.06292694585268122 0.06292694572567008 0.6932369630331997 0.11081764530448587 0.6932369631016765 0.6932369632003715 0.22893876067247182
39 0.04261479083323643 0.21434147183643398 0.2941533307674824 0.2143414720554546 0.014845500557626382 0.24960492696727765 -0.018212469639378455 0.22893876156691365 0.2941533310432901 0.21434147166017356 0.21434147188444272 0.09966594982951087 0.042614790821520865 0.06292694585268122 0.06292694572567008 0.6932369630331997 0.11081764530448587 0.6932369631016765 0.6932369632003715 0.22893876067247182
8 0.4723681436947753 0.32113981788823687 0.1609813644944615 0.32113981773810363 0.2953638498880987 0.2659176777776632 0.4955926342308996 0.2927168103178695 0.16098136536985455 0.32113981784656587 0.3211398180232479 0.31014946107908903 0.4723681440975039 0.3915467316435054 0.39154673152659103 0.04415614310177841 0.3252259731660862 0.04415614284297865 0.044156143337586974 0.2927168083055671
