34 0.2969208891445305 0.27395046882608853 0.296920889406465 0.2550275476532988 0.649031373730395 0.18291172676254064 0.41956154824323866 0.21770977577224926 0.18291172633325914 0.18291172660974553 0.252224001381438 0.25502754804620054 0.21770977550858106 0.2522240011620488 0.25502754804620054 0.2969208898721263 0.16105207231091467 0.2550275482062716 0.1829117268207483 0.649031373381149
43 0.7008078271965329 0.065943024353874 0.7008078280270503 0.22440415578693215 0.296920889911787 0.04375944241649041 0.0954259580429083 0.2407655846380205 0.043759442035534585 0.04375944230996751 0.06912931922782513 0.22440415602755376 0.24076558452919294 0.06912931930180599 0.22440415609057546 0.7008078288869992 0.04737323905619982 0.22440415599241476 0.04375944296851097 0.2969208894012919
51 0.010416536814952542 0.30262082874511786 0.010416536810408966 0.07013881943326573 0.16499894525683909 0.34615011428774645 0.49887151783324835 0.16301467392334984 0.34615011392087286 0.34615011423643727 0.6899510583674316 0.07013882015121296 0.16301467355963237 0.6899510582881835 0.07013882020583648 0.01041653720305213 0.2527762049070751 0.07013881988933689 0.3461501141778416 0.16499894520449018
55 0.24076558439552265 0.3336748607756199 0.24076558452230556 0.4184594069675827 0.21770977575823752 0.24585940832737746 0.18831782642295689 0.5014338539604086 0.24585940818013205 0.24585940829962405 0.1322808656919916 0.4184594071756594 0.5014338536377224 0.13228086547870604 0.41845940724403263 0.24076558530161607 0.3231244654097478 0.41845940746060245 0.24585940857062294 0.21770977588467616
64 0.7008078271965329 0.065943024353874 0.7008078280270503 0.22440415578693215 0.296920889911787 0.04375944241649041 0.0954259580429083 0.2407655846380205 0.043759442035534585 0.04375944230996751 0.06912931922782513 0.22440415602755376 0.24076558452919294 0.06912931930180599 0.22440415609057546 0.7008078288869992 0.04737323905619982 0.22440415599241476 0.04375944296851097 0.2969208894012919
16 0.04375944223527144 0.3699869554438393 0.04375944204425318 0.28728989824004575 0.1829117266480481 0.45428253032698124 0.2988297794675608 0.24585940830793826 0.45428252977832817 0.4542825299729971 0.34821035854040283 0.28728989902700064 0.2458594081006938 0.3482103582767737 0.2872898992292785 0.043759442837258966 0.42676144733391524 0.287289899150493 0.4542825302562594 0.18291172663239352
21 0.09542595784229164 0.3894542342499762 0.09542595805347899 0.19475212648128992 0.41956154833739817 0.2988297797212303 0.6407656526271872 0.1883178266122024 0.2988297793671713 0.2988297794356798 0.454190401394141 0.19475212743060766 0.18831782624702315 0.45419040138337585 0.19475212753336235 0.09542595843478856 0.2568016555853349 0.19475212725918706 0.2988297795572216 0.41956154830542913
35 0.24076558439552265 0.3336748607756199 0.24076558452230556 0.4184594069675827 0.21770977575823752 0.24585940832737746 0.18831782642295689 0.5014338539604086 0.24585940818013205 0.24585940829962405 0.1322808656919916 0.4184594071756594 0.5014338536377224 0.13228086547870604 0.41845940724403263 0.24076558530161607 0.3231244654097478 0.41845940746060245 0.24585940857062294 0.21770977588467616
5 0.22440415581968606 0.3000396826834604 0.22440415622219226 0.4376541202068641 0.2550275482653666 0.28728989909557984 0.19475212715735934 0.41845940727480246 0.28728989865997706 0.2872898990251382 0.1575183134960947 0.43765412054030994 0.41845940697682477 0.15751831320609527 0.437654121138361 0.22440415640490524 0.30781645722160633 0.43765412072480553 0.28728989906804664 0.2550275482385507
11 0.22440415581968606 0.3000396826834604 0.22440415622219226 0.4376541202068641 0.2550275482653666 0.28728989909557984 0.19475212715735934 0.41845940727480246 0.28728989865997706 0.2872898990251382 0.1575183134960947 0.43765412054030994 0.41845940697682477 0.15751831320609527 0.437654121138361 0.22440415640490524 0.30781645722160633 0.43765412072480553 0.28728989906804664 0.2550275482385507
52 0.7008078271965329 0.065943024353874 0.7008078280270503 0.22440415578693215 0.296920889911787 0.04375944241649041 0.0954259580429083 0.2407655846380205 0.043759442035534585 0.04375944230996751 0.06912931922782513 0.22440415602755376 0.24076558452919294 0.06912931930180599 0.22440415609057546 0.7008078288869992 0.04737323905619982 0.22440415599241476 0.04375944296851097 0.2969208894012919
33 0.2969208891445305 0.27395046882608853 0.296920889406465 0.2550275476532988 0.649031373730395 0.18291172676254064 0.41956154824323866 0.21770977577224926 0.18291172633325914 0.18291172660974553 0.252224001381438 0.25502754804620054 0.21770977550858106 0.2522240011620488 0.25502754804620054 0.2969208898721263 0.16105207231091467 0.2550275482062716 0.1829117268207483 0.649031373381149
38 0.7008078271965329 0.065943024353874 0.7008078280270503 0.22440415578693215 0.296920889911787 0.04375944241649041 0.0954259580429083 0.2407655846380205 0.043759442035534585 0.04375944230996751 0.06912931922782513 0.22440415602755376 0.24076558452919294 0.06912931930180599 0.22440415609057546 0.7008078288869992 0.04737323905619982 0.22440415599241476 0.04375944296851097 0.2969208894012919
42 0.7008078271965329 0.065943024353874 0.7008078280270503 0.22440415578693215 0.296920889911787 0.04375944241649041 0.0954259580429083 0.2407655846380205 0.043759442035534585 0.04375944230996751 0.06912931922782513 0.22440415602755376 0.24076558452919294 0.06912931930180599 0.22440415609057546 0.7008078288869992 0.04737323905619982 0.22440415599241476 0.04375944296851097 0.2969208894012919
37 0.7008078271965329 0.065943024353874 0.7008078280270503 0.22440415578693215 0.296920889911787 0.04375944241649041 0.0954259580429083 0.2407655846380205 0.043759442035534585 0.04375944230996751 0.06912931922782513 0.22440415602755376 0.24076558452919294 0.06912931930180599 0.22440415609057546 0.7008078288869992 0.04737323905619982 0.22440415599241476 0.04375944296851097 0.2969208894012919
31 0.09542595784229164 0.3894542342499762 0.09542595805347899 0.19475212648128992 0.41956154833739817 0.2988297797212303 0.6407656526271872 0.1883178266122024 0.2988297793671713 0.2988297794356798 0.454190401394141 0.19475212743060766 0.18831782624702315 0.45419040138337585 0.19475212753336235 0.09542595843478856 0.2568016555853349 0.19475212725918706 0.2988297795572216 0.41956154830542913
45 0.23254854853921159 0.2603058919039055 0.23254854869479005 0.43441102911184953 0.3084003758843192 0.3066443685594561 0.2646506829504268 0.3025549971703543 0.30664436793449923 0.3066443683294174 0.21670857158126694 0.4344110297675238 0.3025549967848467 0.21670857143331512 0.43441102945630033 0.2325485490743517 0.31624354071873045 0.4344110294322195 0.30664436858429095 0.3084003759362933
7 0.22440415581968606 0.3000396826834604 0.22440415622219226 0.4376541202068641 0.2550275482653666 0.28728989909557984 0.19475212715735934 0.41845940727480246 0.28728989865997706 0.2872898990251382 0.1575183134960947 0.43765412054030994 0.41845940697682477 0.15751831320609527 0.437654121138361 0.22440415640490524 0.30781645722160633 0.43765412072480553 0.28728989906804664 0.2550275482385507
17 0.22440415581968606 0.3000396826834604 0.22440415622219226 0.4376541202068641 0.2550275482653666 0.28728989909557984 0.19475212715735934 0.41845940727480246 0.28728989865997706 0.2872898990251382 0.1575183134960947 0.43765412054030994 0.41845940697682477 0.15751831320609527 0.437654121138361 0.22440415640490524 0.30781645722160633 0.43765412072480553 0.28728989906804664 0.2550275482385507
48 0.6446732408019498 0.02022922603476307 0.6446732405874689 0.2924997471915226 0.4073493933844085 0.059168886780386794 0.007039885619661886 0.10996247567990555 0.05916888657985748 0.05916888682569418 0.09321803067682694 0.29249974744603047 0.1099624756969927 0.09321803060119434 0.2924997473851375 0.6446732409359966 0.07945493311751267 0.29249974745388246 0.05916888725366289 0.40734939321372615
26 0.23254854853921159 0.2603058919039055 0.23254854869479005 0.43441102911184953 0.3084003758843192 0.3066443685594561 0.2646506829504268 0.3025549971703543 0.30664436793449923 0.3066443683294174 0.21670857158126694 0.4344110297675238 0.3025549967848467 0.21670857143331512 0.43441102945630033 0.2325485490743517 0.31624354071873045 0.4344110294322195 0.30664436858429095 0.3084003759362933
56 0.010416536814952542 0.30262082874511786 0.010416536810408966 0.07013881943326573 0.16499894525683909 0.34615011428774645 0.49887151783324835 0.16301467392334984 0.34615011392087286 0.34615011423643727 0.6899510583674316 0.07013882015121296 0.16301467355963237 0.6899510582881835 0.07013882020583648 0.01041653720305213 0.2527762049070751 0.07013881988933689 0.3461501141778416 0.16499894520449018
46 0.23254854853921159 0.2603058919039055 0.23254854869479005 0.43441102911184953 0.3084003758843192 0.3066443685594561 0.2646506829504268 0.3025549971703543 0.30664436793449923 0.3066443683294174 0.21670857158126694 0.4344110297675238 0.3025549967848467 0.21670857143331512 0.43441102945630033 0.2325485490743517 0.31624354071873045 0.4344110294322195 0.30664436858429095 0.3084003759362933
27 0.06912931904467554 0.24390557339956065 0.06912931898458816 0.1575183126093941 0.2522240013517385 0.3482103586135537 0.45419040147265693 0.13228086577651818 0.3482103582252275 0.3482103585216721 0.671941450866867 0.1575183134259391 0.13228086551457566 0.6719414504901242 0.1575183138082069 0.06912931962702608 0.2653181038829577 0.15751831321227172 0.348210358576772 0.25222400127227096
60 0.24076558439552265 0.3336748607756199 0.24076558452230556 0.4184594069675827 0.21770977575823752 0.24585940832737746 0.18831782642295689 0.5014338539604086 0.24585940818013205 0.24585940829962405 0.1322808656919916 0.4184594071756594 0.5014338536377224 0.13228086547870604 0.41845940724403263 0.24076558530161607 0.3231244654097478 0.41845940746060245 0.24585940857062294 0.21770977588467616
49 0.6446732408019498 0.02022922603476307 0.6446732405874689 0.2924997471915226 0.4073493933844085 0.059168886780386794 0.007039885619661886 0.10996247567990555 0.05916888657985748 0.05916888682569418 0.09321803067682694 0.29249974744603047 0.1099624756969927 0.09321803060119434 0.2924997473851375 0.6446732409359966 0.07945493311751267 0.29249974745388246 0.05916888725366289 0.40734939321372615
67 0.06912931904467554 0.24390557339956065 0.06912931898458816 0.1575183126093941 0.2522240013517385 0.3482103586135537 0.45419040147265693 0.13228086577651818 0.3482103582252275 0.3482103585216721 0.671941450866867 0.1575183134259391 0.13228086551457566 0.6719414504901242 0.1575183138082069 0.06912931962702608 0.2653181038829577 0.15751831321227172 0.348210358576772 0.25222400127227096
22 0.09542595784229164 0.3894542342499762 0.09542595805347899 0.19475212648128992 0.41956154833739817 0.2988297797212303 0.6407656526271872 0.1883178266122024 0.2988297793671713 0.2988297794356798 0.454190401394141 0.19475212743060766 0.18831782624702315 0.45419040138337585 0.19475212753336235 0.09542595843478856 0.2568016555853349 0.19475212725918706 0.2988297795572216 0.41956154830542913
10 0.04375944223527144 0.3699869554438393 0.04375944204425318 0.28728989824004575 0.1829117266480481 0.45428253032698124 0.2988297794675608 0.24585940830793826 0.45428252977832817 0.4542825299729971 0.34821035854040283 0.28728989902700064 0.2458594081006938 0.3482103582767737 0.2872898992292785 0.043759442837258966 0.42676144733391524 0.287289899150493 0.4542825302562594 0.18291172663239352
65 0.23254854853921159 0.2603058919039055 0.23254854869479005 0.43441102911184953 0.3084003758843192 0.3066443685594561 0.2646506829504268 0.3025549971703543 0.30664436793449923 0.3066443683294174 0.21670857158126694 0.4344110297675238 0.3025549967848467 0.21670857143331512 0.43441102945630033 0.2325485490743517 0.31624354071873045 0.4344110294322195 0.30664436858429095 0.3084003759362933
53 0.7008078271965329 0.065943024353874 0.7008078280270503 0.22440415578693215 0.296920889911787 0.04375944241649041 0.0954259580429083 0.2407655846380205 0.043759442035534585 0.04375944230996751 0.06912931922782513 0.22440415602755376 0.24076558452919294 0.06912931930180599 0.22440415609057546 0.7008078288869992 0.04737323905619982 0.22440415599241476 0.04375944296851097 0.2969208894012919
1 0.22440415581968606 0.3000396826834604 0.22440415622219226 0.4376541202068641 0.2550275482653666 0.28728989909557984 0.19475212715735934 0.41845940727480246 0.28728989865997706 0.2872898990251382 0.1575183134960947 0.43765412054030994 0.41845940697682477 0.15751831320609527 0.437654121138361 0.22440415640490524 0.30781645722160633 0.43765412072480553 0.28728989906804664 0.2550275482385507
2 0.04375944223527144 0.3699869554438393 0.04375944204425318 0.28728989824004575 0.1829117266480481 0.45428253032698124 0.2988297794675608 0.24585940830793826 0.45428252977832817 0.4542825299729971 0.34821035854040283 0.28728989902700064 0.2458594081006938 0.3482103582767737 0.2872898992292785 0.043759442837258966 0.42676144733391524 0.287289899150493 0.4542825302562594 0.18291172663239352
44 0.7008078271965329 0.065943024353874 0.7008078280270503 0.22440415578693215 0.296920889911787 0.04375944241649041 0.0954259580429083 0.2407655846380205 0.043759442035534585 0.04375944230996751 0.06912931922782513 0.22440415602755376 0.24076558452919294 0.06912931930180599 0.22440415609057546 0.7008078288869992 0.04737323905619982 0.22440415599241476 0.04375944296851097 0.2969208894012919
68 0.6446732408019498 0.02022922603476307 0.6446732405874689 0.2924997471915226 0.4073493933844085 0.059168886780386794 0.007039885619661886 0.10996247567990555 0.05916888657985748 0.05916888682569418 0.09321803067682694 0.29249974744603047 0.1099624756969927 0.09321803060119434 0.2924997473851375 0.6446732409359966 0.07945493311751267 0.29249974745388246 0.05916888725366289 0.40734939321372615
59 0.7008078271965329 0.065943024353874 0.7008078280270503 0.22440415578693215 0.296920889911787 0.04375944241649041 0.0954259580429083 0.2407655846380205 0.043759442035534585 0.04375944230996751 0.06912931922782513 0.22440415602755376 0.24076558452919294 0.06912931930180599 0.22440415609057546 0.7008078288869992 0.04737323905619982 0.22440415599241476 0.04375944296851097 0.2969208894012919
13 0.22440415581968606 0.3000396826834604 0.22440415622219226 0.4376541202068641 0.2550275482653666 0.28728989909557984 0.19475212715735934 0.41845940727480246 0.28728989865997706 0.2872898990251382 0.1575183134960947 0.43765412054030994 0.41845940697682477 0.15751831320609527 0.437654121138361 0.22440415640490524 0.30781645722160633 0.43765412072480553 0.28728989906804664 0.2550275482385507
15 0.22440415581968606 0.3000396826834604 0.22440415622219226 0.4376541202068641 0.2550275482653666 0.28728989909557984 0.19475212715735934 0.41845940727480246 0.28728989865997706 0.2872898990251382 0.1575183134960947 0.43765412054030994 0.41845940697682477 0.15751831320609527 0.437654121138361 0.22440415640490524 0.30781645722160633 0.43765412072480553 0.28728989906804664 0.2550275482385507
19 0.22440415581968606 0.3000396826834604 0.22440415622219226 0.4376541202068641 0.2550275482653666 0.28728989909557984 0.19475212715735934 0.41845940727480246 0.28728989865997706 0.2872898990251382 0.1575183134960947 0.43765412054030994 0.41845940697682477 0.15751831320609527 0.437654121138361 0.22440415640490524 0.30781645722160633 0.43765412072480553 0.28728989906804664 0.2550275482385507
39 0.7008078271965329 0.065943024353874 0.7008078280270503 0.22440415578693215 0.296920889911787 0.04375944241649041 0.0954259580429083 0.2407655846380205 0.043759442035534585 0.04375944230996751 0.06912931922782513 0.22440415602755376 0.24076558452919294 0.06912931930180599 0.22440415609057546 0.7008078288869992 0.04737323905619982 0.22440415599241476 0.04375944296851097 0.2969208894012919
20 0.06594302464334603 0.5058946696161573 0.06594302357626226 0.3000396821326866 0.2739504686783009 0.36998695590126335 0.38945423424997605 0.3336748609100635 0.36998695526489994 0.36998695561656353 0.24390557354091202 0.30003968297187017 0.33367486067226293 0.24390557336696955 0.30003968292123884 0.06594302464702916 0.42419158422132697 0.3000396827212532 0.369986955483319 0.2739504691259935
50 0.24076558439552265 0.3336748607756199 0.24076558452230556 0.4184594069675827 0.21770977575823752 0.24585940832737746 0.18831782642295689 0.5014338539604086 0.24585940818013205 0.24585940829962405 0.1322808656919916 0.4184594071756594 0.5014338536377224 0.13228086547870604 0.41845940724403263 0.24076558530161607 0.3231244654097478 0.41845940746060245 0.24585940857062294 0.21770977588467616
66 0.23254854853921159 0.2603058919039055 0.23254854869479005 0.43441102911184953 0.3084003758843192 0.3066443685594561 0.2646506829504268 0.3025549971703543 0.30664436793449923 0.3066443683294174 0.21670857158126694 0.4344110297675238 0.3025549967848467 0.21670857143331512 0.43441102945630033 0.2325485490743517 0.31624354071873045 0.4344110294322195 0.30664436858429095 0.3084003759362933
24 0.2969208891445305 0.27395046882608853 0.296920889406465 0.2550275476532988 0.649031373730395 0.18291172676254064 0.41956154824323866 0.21770977577224926 0.18291172633325914 0.18291172660974553 0.252224001381438 0.25502754804620054 0.21770977550858106 0.2522240011620488 0.25502754804620054 0.2969208898721263 0.16105207231091467 0.2550275482062716 0.1829117268207483 0.649031373381149
14 0.04375944223527144 0.3699869554438393 0.04375944204425318 0.28728989824004575 0.1829117266480481 0.45428253032698124 0.2988297794675608 0.24585940830793826 0.45428252977832817 0.4542825299729971 0.34821035854040283 0.28728989902700064 0.2458594081006938 0.3482103582767737 0.2872898992292785 0.043759442837258966 0.42676144733391524 0.287289899150493 0.4542825302562594 0.18291172663239352
41 0.010416536814952542 0.30262082874511786 0.010416536810408966 0.07013881943326573 0.16499894525683909 0.34615011428774645 0.49887151783324835 0.16301467392334984 0.34615011392087286 0.34615011423643727 0.6899510583674316 0.07013882015121296 0.16301467355963237 0.6899510582881835 0.07013882020583648 0.01041653720305213 0.2527762049070751 0.07013881988933689 0.3461501141778416 0.16499894520449018
36 0.010416536814952542 0.30262082874511786 0.010416536810408966 0.07013881943326573 0.16499894525683909 0.34615011428774645 0.49887151783324835 0.16301467392334984 0.34615011392087286 0.34615011423643727 0.6899510583674316 0.07013882015121296 0.16301467355963237 0.6899510582881835 0.07013882020583648 0.01041653720305213 0.2527762049070751 0.07013881988933689 0.3461501141778416 0.16499894520449018
12 0.04375944223527144 0.3699869554438393 0.04375944204425318 0.28728989824004575 0.1829117266480481 0.45428253032698124 0.2988297794675608 0.24585940830793826 0.45428252977832817 0.4542825299729971 0.34821035854040283 0.28728989902700064 0.2458594081006938 0.3482103582767737 0.2872898992292785 0.043759442837258966 0.42676144733391524 0.287289899150493 0.4542825302562594 0.18291172663239352
40 0.24076558439552265 0.3336748607756199 0.24076558452230556 0.4184594069675827 0.21770977575823752 0.24585940832737746 0.18831782642295689 0.5014338539604086 0.24585940818013205 0.24585940829962405 0.1322808656919916 0.4184594071756594 0.5014338536377224 0.13228086547870604 0.41845940724403263 0.24076558530161607 0.3231244654097478 0.41845940746060245 0.24585940857062294 0.21770977588467616
30 0.06594302464334603 0.5058946696161573 0.06594302357626226 0.3000396821326866 0.2739504686783009 0.36998695590126335 0.38945423424997605 0.3336748609100635 0.36998695526489994 0.36998695561656353 0.24390557354091202 0.30003968297187017 0.33367486067226293 0.24390557336696955 0.30003968292123884 0.06594302464702916 0.42419158422132697 0.3000396827212532 0.369986955483319 0.2739504691259935
9 0.22440415581968606 0.3000396826834604 0.22440415622219226 0.4376541202068641 0.2550275482653666 0.28728989909557984 0.19475212715735934 0.41845940727480246 0.28728989865997706 0.2872898990251382 0.1575183134960947 0.43765412054030994 0.41845940697682477 0.15751831320609527 0.437654121138361 0.22440415640490524 0.30781645722160633 0.43765412072480553 0.28728989906804664 0.2550275482385507
62 0.7008078271965329 0.065943024353874 0.7008078280270503 0.22440415578693215 0.296920889911787 0.04375944241649041 0.0954259580429083 0.2407655846380205 0.043759442035534585 0.04375944230996751 0.06912931922782513 0.22440415602755376 0.24076558452919294 0.06912931930180599 0.22440415609057546 0.7008078288869992 0.04737323905619982 0.22440415599241476 0.04375944296851097 0.2969208894012919
25 0.23254854853921159 0.2603058919039055 0.23254854869479005 0.43441102911184953 0.3084003758843192 0.3066443685594561 0.2646506829504268 0.3025549971703543 0.30664436793449923 0.3066443683294174 0.21670857158126694 0.4344110297675238 0.3025549967848467 0.21670857143331512 0.43441102945630033 0.2325485490743517 0.31624354071873045 0.4344110294322195 0.30664436858429095 0.3084003759362933
28 0.6446732408019498 0.02022922603476307 0.6446732405874689 0.2924997471915226 0.4073493933844085 0.059168886780386794 0.007039885619661886 0.10996247567990555 0.05916888657985748 0.05916888682569418 0.09321803067682694 0.29249974744603047 0.1099624756969927 0.09321803060119434 0.2924997473851375 0.6446732409359966 0.07945493311751267 0.29249974745388246 0.05916888725366289 0.40734939321372615
8 0.04375944223527144 0.3699869554438393 0.04375944204425318 0.28728989824004575 0.1829117266480481 0.45428253032698124 0.2988297794675608 0.24585940830793826 0.45428252977832817 0.4542825299729971 0.34821035854040283 0.28728989902700064 0.2458594081006938 0.3482103582767737 0.2872898992292785 0.043759442837258966 0.42676144733391524 0.287289899150493 0.4542825302562594 0.18291172663239352
4 0.047373238896479146 0.4241915842213289 0.0473732389429917 0.3078164567179289 0.16105207242279126 0.42676144762946067 0.256801655585347 0.32312446559648644 0.42676144733026583 0.4267614474991815 0.26531810386019233 0.3078164572962423 0.323124465207707 0.26531810365468317 0.3078164573756353 0.047373239388180055 0.4882568467315207 0.30781645736393554 0.4267614472848762 0.16105207255413356
29 0.6446732408019498 0.02022922603476307 0.6446732405874689 0.2924997471915226 0.4073493933844085 0.059168886780386794 0.007039885619661886 0.10996247567990555 0.05916888657985748 0.05916888682569418 0.09321803067682694 0.29249974744603047 0.1099624756969927 0.09321803060119434 0.2924997473851375 0.6446732409359966 0.07945493311751267 0.29249974745388246 0.05916888725366289 0.40734939321372615
69 0.6446732408019498 0.02022922603476307 0.6446732405874689 0.2924997471915226 0.4073493933844085 0.059168886780386794 0.007039885619661886 0.10996247567990555 0.05916888657985748 0.05916888682569418 0.09321803067682694 0.29249974744603047 0.1099624756969927 0.09321803060119434 0.2924997473851375 0.6446732409359966 0.07945493311751267 0.29249974745388246 0.05916888725366289 0.40734939321372615
58 0.7008078271965329 0.065943024353874 0.7008078280270503 0.22440415578693215 0.296920889911787 0.04375944241649041 0.0954259580429083 0.2407655846380205 0.043759442035534585 0.04375944230996751 0.06912931922782513 0.22440415602755376 0.24076558452919294 0.06912931930180599 0.22440415609057546 0.7008078288869992 0.04737323905619982 0.22440415599241476 0.04375944296851097 0.2969208894012919
63 0.7008078271965329 0.065943024353874 0.7008078280270503 0.22440415578693215 0.296920889911787 0.04375944241649041 0.0954259580429083 0.2407655846380205 0.043759442035534585 0.04375944230996751 0.06912931922782513 0.22440415602755376 0.24076558452919294 0.06912931930180599 0.22440415609057546 0.7008078288869992 0.04737323905619982 0.22440415599241476 0.04375944296851097 0.2969208894012919
23 0.2969208891445305 0.27395046882608853 0.296920889406465 0.2550275476532988 0.649031373730395 0.18291172676254064 0.41956154824323866 0.21770977577224926 0.18291172633325914 0.18291172660974553 0.252224001381438 0.25502754804620054 0.21770977550858106 0.2522240011620488 0.25502754804620054 0.2969208898721263 0.16105207231091467 0.2550275482062716 0.1829117268207483 0.649031373381149
18 0.04375944223527144 0.3699869554438393 0.04375944204425318 0.28728989824004575 0.1829117266480481 0.45428253032698124 0.2988297794675608 0.24585940830793826 0.45428252977832817 0.4542825299729971 0.34821035854040283 0.28728989902700064 0.2458594081006938 0.3482103582767737 0.2872898992292785 0.043759442837258966 0.42676144733391524 0.287289899150493 0.4542825302562594 0.18291172663239352
47 0.06912931904467554 0.24390557339956065 0.06912931898458816 0.1575183126093941 0.2522240013517385 0.3482103586135537 0.45419040147265693 0.13228086577651818 0.3482103582252275 0.3482103585216721 0.671941450866867 0.1575183134259391 0.13228086551457566 0.6719414504901242 0.1575183138082069 0.06912931962702608 0.2653181038829577 0.15751831321227172 0.348210358576772 0.25222400127227096
54 0.7008078271965329 0.065943024353874 0.7008078280270503 0.22440415578693215 0.296920889911787 0.04375944241649041 0.0954259580429083 0.2407655846380205 0.043759442035534585 0.04375944230996751 0.06912931922782513 0.22440415602755376 0.24076558452919294 0.06912931930180599 0.22440415609057546 0.7008078288869992 0.04737323905619982 0.22440415599241476 0.04375944296851097 0.2969208894012919
57 0.7008078271965329 0.065943024353874 0.7008078280270503 0.22440415578693215 0.296920889911787 0.04375944241649041 0.0954259580429083 0.2407655846380205 0.043759442035534585 0.04375944230996751 0.06912931922782513 0.22440415602755376 0.24076558452919294 0.06912931930180599 0.22440415609057546 0.7008078288869992 0.04737323905619982 0.22440415599241476 0.04375944296851097 0.2969208894012919
3 0.22440415581968606 0.3000396826834604 0.22440415622219226 0.4376541202068641 0.2550275482653666 0.28728989909557984 0.19475212715735934 0.41845940727480246 0.28728989865997706 0.2872898990251382 0.1575183134960947 0.43765412054030994 0.41845940697682477 0.15751831320609527 0.437654121138361 0.22440415640490524 0.30781645722160633 0.43765412072480553 0.28728989906804664 0.2550275482385507
61 0.010416536814952542 0.30262082874511786 0.010416536810408966 0.07013881943326573 0.16499894525683909 0.34615011428774645 0.49887151783324835 0.16301467392334984 0.34615011392087286 0.34615011423643727 0.6899510583674316 0.07013882015121296 0.16301467355963237 0.6899510582881835 0.07013882020583648 0.01041653720305213 0.2527762049070751 0.07013881988933689 0.3461501141778416 0.16499894520449018
32 0.09542595784229164 0.3894542342499762 0.09542595805347899 0.19475212648128992 0.41956154833739817 0.2988297797212303 0.6407656526271872 0.1883178266122024 0.2988297793671713 0.2988297794356798 0.454190401394141 0.19475212743060766 0.18831782624702315 0.45419040138337585 0.19475212753336235 0.09542595843478856 0.2568016555853349 0.19475212725918706 0.2988297795572216 0.41956154830542913
6 0.04375944223527144 0.3699869554438393 0.04375944204425318 0.28728989824004575 0.1829117266480481 0.45428253032698124 0.2988297794675608 0.24585940830793826 0.45428252977832817 0.4542825299729971 0.34821035854040283 0.28728989902700064 0.2458594081006938 0.3482103582767737 0.2872898992292785 0.043759442837258966 0.42676144733391524 0.287289899150493 0.4542825302562594 0.18291172663239352
0 0.047373238896479146 0.4241915842213289 0.0473732389429917 0.3078164567179289 0.16105207242279126 0.42676144762946067 0.256801655585347 0.32312446559648644 0.42676144733026583 0.4267614474991815 0.26531810386019233 0.3078164572962423 0.323124465207707 0.26531810365468317 0.3078164573756353 0.047373239388180055 0.4882568467315207 0.30781645736393554 0.4267614472848762 0.16105207255413356
