25 0.1812972664450142 0.20026803505787813 0.4567168215815398 0.1652032243497225 0.5474212980009752 0.025111850321331265 0.20026802995427304 0.10536121650421006 0.08493571289884444 0.40733905324629277 0.12925670793230354 0.377235082485422 0.008959769743853138 0.13603134147355941 0.4567168209446142 0.12488801039319193 0.36892488304140764 0.5474213045982004 0.15825134373578043 0.5474213071266688
39 0.4245808885310626 0.3090792785994422 0.27803092201146645 0.29083921125418677 0.31791736218857275 0.28051619213196655 0.3090792801927078 0.49404899068729097 0.37946501459611376 0.13261086691220952 0.3283858912605469 0.3176061962828553 0.24652451021785637 0.38112639842280055 0.27803092255901657 0.19187737882917089 0.22499133206048666 0.31791736334769305 0.3158055136819257 0.3179173626250258
42 0.48398685591671636 0.28719746844351374 0.1785986944340381 0.23030095806465362 0.19819902341768147 0.40696602279188726 0.28719746878259594 0.3182856841008559 0.5183327873083136 0.21984859273183552 0.1906055734310371 0.226116400359941 0.27619780854256665 0.5881488385828362 0.17859869471026005 0.35999964520244526 0.1780291109590053 0.19819902505019213 0.3333424192801743 0.19819902508630938
1 0.42843985098115445 0.31637262283103373 0.20456231688758475 0.2974354103991858 0.27943396666852177 0.3361746281516284 0.3163726248056391 0.44386354155652197 0.47316218157096696 0.1407002268159589 0.26692026439923094 0.2687881273516076 0.2520747518402215 0.49170112774617997 0.20456231741769915 0.22086538924676186 0.21598078183826527 0.2794339668726263 0.3344491989730084 0.27943396590512315
52 0.30228154782226285 0.062001612712274994 0.13261874065932108 0.03368444727449142 0.04527815815142016 0.10972888156084222 0.06200161403831894 0.19187737882916617 0.23898054827983314 0.012838174558582103 0.5259746485076521 0.2617361646719196 0.7388831433734224 0.28782283895595195 0.13261874070858243 0.870247730966075 0.03397016894647417 0.045278158768522 0.14111211289622122 0.045278158658629525
18 0.48398685591671636 0.28719746844351374 0.1785986944340381 0.23030095806465362 0.19819902341768147 0.40696602279188726 0.28719746878259594 0.3182856841008559 0.5183327873083136 0.21984859273183552 0.1906055734310371 0.226116400359941 0.27619780854256665 0.5881488385828362 0.17859869471026005 0.35999964520244526 0.1780291109590053 0.19819902505019213 0.3333424192801743 0.19819902508630938
22 0.30228154782226285 0.062001612712274994 0.13261874065932108 0.03368444727449142 0.04527815815142016 0.10972888156084222 0.06200161403831894 0.19187737882916617 0.23898054827983314 0.012838174558582103 0.5259746485076521 0.2617361646719196 0.7388831433734224 0.28782283895595195 0.13261874070858243 0.870247730966075 0.03397016894647417 0.045278158768522 0.14111211289622122 0.045278158658629525
60 0.2964916485937099 0.2888982032225962 0.4894012062635928 0.21541525545448303 0.3312064969273603 0.38347886086170246 0.2888982051001287 0.31076747630308416 0.19688141397214554 0.38041167929259345 0.09823061767281845 0.4231528029800347 0.12685114748139814 0.2460930876044959 0.48940120700468154 0.11897183118489832 0.3750416598145129 0.3312064974007531 0.20799216575230697 0.3312064957762979
38 0.4952525767182005 0.29322327507643076 0.27476634868616473 0.23924085661861663 0.23911476425101696 0.3618942141359655 0.293223275444747 0.4245808885310432 0.4149862898355975 0.2039283642004596 0.2712642840457701 0.27415551513955605 0.30032543998381234 0.45556610684408 0.2747663490556609 0.30228154782225275 0.19958434250804682 0.2391147659058386 0.3166733525568065 0.23911476549686791
61 0.27415551513956116 0.1702676878981535 0.41372524366585745 0.15462264069530748 0.20584629573852642 0.2645379419183473 0.1702676891875151 0.3176061962828755 0.2257259696762625 0.08700289547693682 0.41166959942420983 0.8040565775577936 0.32122760368567466 0.24120292668851032 0.41372524417126877 0.26173616467193184 0.24940377153653137 0.20584629653462894 0.18990658751455589 0.2058462960850276
48 0.48398685591671636 0.28719746844351374 0.1785986944340381 0.23030095806465362 0.19819902341768147 0.40696602279188726 0.28719746878259594 0.3182856841008559 0.5183327873083136 0.21984859273183552 0.1906055734310371 0.226116400359941 0.27619780854256665 0.5881488385828362 0.17859869471026005 0.35999964520244526 0.1780291109590053 0.19819902505019213 0.3333424192801743 0.19819902508630938
43 0.19958434250803214 0.33772953838383424 0.33792973539404647 0.3343249988052781 0.3649587866139478 0.329883695148585 0.3377295397831535 0.22499133206049696 0.1971734454100644 0.3760302105690046 0.03010888001608635 0.24940377153652912 0.038350353622710255 0.19824895002165477 0.3379297360372166 0.03397016894648614 0.5960238298095032 0.3649587878910983 0.4385107096570677 0.36495878686427635
12 0.23924085661855612 0.4164912338175373 0.26801309861890493 0.5118436082484817 0.40377373456433585 0.3297472379271588 0.41649123489723533 0.2908392112541304 0.3406380261028361 0.29664093531083313 0.08267519791515847 0.15462264069523127 0.05272556999957532 0.26864278908374106 0.26801309898547526 0.03368444727444339 0.3343249988052017 0.40377373562792407 0.2917831046064907 0.40377373414735757
46 0.27415551513956116 0.1702676878981535 0.41372524366585745 0.15462264069530748 0.20584629573852642 0.2645379419183473 0.1702676891875151 0.3176061962828755 0.2257259696762625 0.08700289547693682 0.41166959942420983 0.8040565775577936 0.32122760368567466 0.24120292668851032 0.41372524417126877 0.26173616467193184 0.24940377153653137 0.20584629653462894 0.18990658751455589 0.2058462960850276
11 0.31667335255681583 0.29377587159430213 0.1911865179198318 0.29178310460657536 0.26539398335925596 0.2874299105651238 0.2937758728629426 0.315805513681977 0.341873262835237 0.1862068537849235 0.16412766834619644 0.1899065875145598 0.1473577567627867 0.3373447938897851 0.19118651820005744 0.14111211289624123 0.4385107096570671 0.2653939846997626 0.7829072249055811 0.2653939836019612
17 0.4555661068441031 0.30429441046329786 0.18117084158517885 0.2686427890838434 0.2370875717228959 0.3791557833138189 0.3042944116860201 0.3811263984228598 0.5097518231991941 0.17753776817855677 0.22276317630325654 0.24120292668853952 0.2648453858748876 0.5536682877224943 0.18117084189804075 0.28782283895600597 0.19824895002167128 0.23708757272950834 0.3373447938898123 0.23708757197792343
37 0.3003254399838572 0.06351758191446413 0.13025134669670652 0.05272556999966311 0.05684781300223709 0.09938822578724374 0.06351758296289545 0.24652451021791594 0.24377806559407011 -0.0061533485120827255 0.6563969239255724 0.3212276036857139 0.742893892728358 0.2648453858748995 0.13025134657086263 0.7388831433734575 0.03835035362274245 0.05684781362990729 0.14735775676281695 0.05684781351802944
19 0.06169183187189628 0.21798125907494165 0.401236225836101 0.24906885545309698 0.5063401931249535 0.11460024199288135 0.21798125535252383 -0.031350440359678135 0.08226538820808141 0.6399665185977305 -0.034345539329028424 0.19805693102792601 0.017094042932396105 0.14589541155453847 0.4012362257935214 -0.010171770347467038 0.4879331573965832 0.5063401970860169 0.09223253289716077 0.5063401983202153
35 0.3003254399838572 0.06351758191446413 0.13025134669670652 0.05272556999966311 0.05684781300223709 0.09938822578724374 0.06351758296289545 0.24652451021791594 0.24377806559407011 -0.0061533485120827255 0.6563969239255724 0.3212276036857139 0.742893892728358 0.2648453858748995 0.13025134657086263 0.7388831433734575 0.03835035362274245 0.05684781362990729 0.14735775676281695 0.05684781351802944
30 0.21288108260161984 0.21417603135393415 0.5386613245417771 0.15407115024500465 0.3819863355290737 0.2613336904200349 0.2141760317819268 0.23440963752016727 0.13407059548711847 0.32914060790758964 0.11614757027579224 0.5532951395276713 0.10991167581173274 0.1983063071618287 0.5386613251727952 0.11327956265230597 0.40398151805546 0.38198633697339335 0.15524465963636203 0.38198633576411906
32 0.5027747181716377 0.2025911352983457 0.42780061126211516 0.06957231721308717 0.07895348986074184 0.3606692857567811 0.20259113427276934 0.2392196778573841 0.24664708249619807 0.3018429406115494 0.2875759109689054 0.49640162590397424 0.40229347547159555 0.35250807680484336 0.42780061092089405 0.49699996791580875 0.15291744082507897 0.07895349389943777 0.224492558487024 0.07895349539068958
2 0.2932232754129539 0.42114819576195717 0.2510116916307759 0.4164912344842443 0.39326550053376874 0.3843914734690414 0.4211481971909012 0.309079279412147 0.30792150937666896 0.3506083541885772 0.07055148295072781 0.17026768859229027 0.06351758242718929 0.3042944111178254 0.25101169199734624 0.06200161334406004 0.3377295390463311 0.3932655017137723 0.2937758723104851 0.3932655004696744
14 0.23911476516006047 0.39326550014084205 0.2957423774059862 0.4037737348764985 0.4532190328463912 0.29003148454611605 0.39326550147961825 0.317917362780487 0.24885282471883574 0.34237674694656184 0.08656007946647959 0.2058462960577674 0.0568478134364816 0.2370875721224639 0.29574237775523216 0.04527815839316718 0.3649587871715658 0.4532190343597904 0.26539398396262937 0.4532190329191508
10 0.30546513966283173 0.27126362842050616 0.2623112569440902 0.26208623131474684 0.27666252422119897 0.19439890811697594 0.2712636289234473 0.33378921829858743 0.25209502730160904 0.18136992812373562 0.20965346933072218 0.2518780650032013 0.14269346535217425 0.23873286893234957 0.26231125729470706 0.13533810210488753 0.5032401850894033 0.2766625259814831 0.7801425723497506 0.276662526271919
3 0.42843985098115445 0.31637262283103373 0.20456231688758475 0.2974354103991858 0.27943396666852177 0.3361746281516284 0.3163726248056391 0.44386354155652197 0.47316218157096696 0.1407002268159589 0.26692026439923094 0.2687881273516076 0.2520747518402215 0.49170112774617997 0.20456231741769915 0.22086538924676186 0.21598078183826527 0.2794339668726263 0.3344491989730084 0.27943396590512315
7 0.4555661068441031 0.30429441046329786 0.18117084158517885 0.2686427890838434 0.2370875717228959 0.3791557833138189 0.3042944116860201 0.3811263984228598 0.5097518231991941 0.17753776817855677 0.22276317630325654 0.24120292668853952 0.2648453858748876 0.5536682877224943 0.18117084189804075 0.28782283895600597 0.19824895002167128 0.23708757272950834 0.3373447938898123 0.23708757197792343
9 0.41498628983562263 0.3079215086961882 0.19968313900591841 0.34063802610293037 0.24885282429649536 0.34547746095347487 0.3079215099389298 0.37946501459617393 0.5776590586526806 0.1317556541665183 0.24310432674020177 0.22572596967627495 0.24377806559404872 0.5097518231991859 0.19968313947329597 0.23898054827986423 0.19717344541007836 0.2488528253312718 0.34187326283524927 0.24885282446012139
16 0.3025924476948095 0.4690232959354685 0.1413043162861222 0.4537525632280273 0.3095298310696771 0.5453384870039844 0.46902329412745464 0.08807989636557617 0.3200845257832781 0.4619308062907088 -0.02157378060210604 0.09441413338340052 -0.01732134091539232 0.3384003618387251 0.14130431603543026 0.02588389816225259 0.3172065563292423 0.3095298345976934 0.2961573951079305 0.3095298359394628
31 0.5027747181716377 0.2025911352983457 0.42780061126211516 0.06957231721308717 0.07895348986074184 0.3606692857567811 0.20259113427276934 0.2392196778573841 0.24664708249619807 0.3018429406115494 0.2875759109689054 0.49640162590397424 0.40229347547159555 0.35250807680484336 0.42780061092089405 0.49699996791580875 0.15291744082507897 0.07895349389943777 0.224492558487024 0.07895349539068958
49 0.20392836420046093 0.35060835370867977 0.38826248925591306 0.2966409353108806 0.34237674638041676 0.3578291175658116 0.3506083545756641 0.13261086691222726 0.13175565416648424 0.7691107984183525 -0.039013593928606934 0.08700289547691711 -0.00615334851212504 0.17753776817851807 0.3882624900308875 0.012838174558581604 0.37603021056898356 0.34237674776149946 0.18620685378490084 0.3423767466362887
59 0.2964916485937099 0.2888982032225962 0.4894012062635928 0.21541525545448303 0.3312064969273603 0.38347886086170246 0.2888982051001287 0.31076747630308416 0.19688141397214554 0.38041167929259345 0.09823061767281845 0.4231528029800347 0.12685114748139814 0.2460930876044959 0.48940120700468154 0.11897183118489832 0.3750416598145129 0.3312064974007531 0.20799216575230697 0.3312064957762979
40 0.21647973558901518 0.31399080269894825 0.40171485863992373 0.3013557893137601 0.5002406352165089 0.17112386790107048 0.3139908021025796 0.2760315706032667 0.153899892671468 0.3912954022619326 0.11046738755077687 0.272722268018573 0.04977037195855021 0.16182753608340686 0.4017148587918463 0.07565163301144913 0.3761421484344132 0.5002406379944304 0.21529290741566426 0.5002406378724905
6 0.23911476516006047 0.39326550014084205 0.2957423774059862 0.4037737348764985 0.4532190328463912 0.29003148454611605 0.39326550147961825 0.317917362780487 0.24885282471883574 0.34237674694656184 0.08656007946647959 0.2058462960577674 0.0568478134364816 0.2370875721224639 0.29574237775523216 0.04527815839316718 0.3649587871715658 0.4532190343597904 0.26539398396262937 0.4532190329191508
56 0.3003254399838572 0.06351758191446413 0.13025134669670652 0.05272556999966311 0.05684781300223709 0.09938822578724374 0.06351758296289545 0.24652451021791594 0.24377806559407011 -0.0061533485120827255 0.6563969239255724 0.3212276036857139 0.742893892728358 0.2648453858748995 0.13025134657086263 0.7388831433734575 0.03835035362274245 0.05684781362990729 0.14735775676281695 0.05684781351802944
23 0.3573038957012644 0.43654676029472433 0.17081730983212975 0.4107507806886324 0.31512755430062234 0.4885928102758743 0.43654676044164786 0.2286183724119515 0.3943529715654035 0.3472655465688861 0.047835302135797175 0.146112391976738 0.05475926460660138 0.4149661530646777 0.17081730989694546 0.0957080327889002 0.29185246897907996 0.3151275567933879 0.3252629723030054 0.31512755683932786
26 0.27126428404578123 0.07055148233159483 0.12101310901397609 0.0826751979152249 0.08656007919037292 0.06203519540574713 0.07055148345229803 0.32838589126057144 0.24310432674019772 -0.03901359392858641 0.8550472357437787 0.41166959942421855 0.6563969239255459 0.22276317630322412 0.12101310892684246 0.525974648507676 0.03010888001609379 0.08656007968841414 0.16412766834620063 0.08656007958684317
0 0.23911476516006047 0.39326550014084205 0.2957423774059862 0.4037737348764985 0.4532190328463912 0.29003148454611605 0.39326550147961825 0.317917362780487 0.24885282471883574 0.34237674694656184 0.08656007946647959 0.2058462960577674 0.0568478134364816 0.2370875721224639 0.29574237775523216 0.04527815839316718 0.3649587871715658 0.4532190343597904 0.26539398396262937 0.4532190329191508
21 0.30228154782226285 0.062001612712274994 0.13261874065932108 0.03368444727449142 0.04527815815142016 0.10972888156084222 0.06200161403831894 0.19187737882916617 0.23898054827983314 0.012838174558582103 0.5259746485076521 0.2617361646719196 0.7388831433734224 0.28782283895595195 0.13261874070858243 0.870247730966075 0.03397016894647417 0.045278158768522 0.14111211289622122 0.045278158658629525
47 0.27415551513956116 0.1702676878981535 0.41372524366585745 0.15462264069530748 0.20584629573852642 0.2645379419183473 0.1702676891875151 0.3176061962828755 0.2257259696762625 0.08700289547693682 0.41166959942420983 0.8040565775577936 0.32122760368567466 0.24120292668851032 0.41372524417126877 0.26173616467193184 0.24940377153653137 0.20584629653462894 0.18990658751455589 0.2058462960850276
53 0.4245808885310626 0.3090792785994422 0.27803092201146645 0.29083921125418677 0.31791736218857275 0.28051619213196655 0.3090792801927078 0.49404899068729097 0.37946501459611376 0.13261086691220952 0.3283858912605469 0.3176061962828553 0.24652451021785637 0.38112639842280055 0.27803092255901657 0.19187737882917089 0.22499133206048666 0.31791736334769305 0.3158055136819257 0.3179173626250258
62 0.36189421413593825 0.38439147288755326 0.3004075579308274 0.3297472379271695 0.2900314839543379 0.5243189893948141 0.38439147390742306 0.2805161921319212 0.34547746095338483 0.3578291175657757 0.06203519540568721 0.26453794191828234 0.09938822578715893 0.3791557833137264 0.3004075583965374 0.10972888156080901 0.32988369514851523 0.2900314853940007 0.2874299105650503 0.29003148448975175
4 0.2932232754129539 0.42114819576195717 0.2510116916307759 0.4164912344842443 0.39326550053376874 0.3843914734690414 0.4211481971909012 0.309079279412147 0.30792150937666896 0.3506083541885772 0.07055148295072781 0.17026768859229027 0.06351758242718929 0.3042944111178254 0.25101169199734624 0.06200161334406004 0.3377295390463311 0.3932655017137723 0.2937758723104851 0.3932655004696744
20 0.30228154782226285 0.062001612712274994 0.13261874065932108 0.03368444727449142 0.04527815815142016 0.10972888156084222 0.06200161403831894 0.19187737882916617 0.23898054827983314 0.012838174558582103 0.5259746485076521 0.2617361646719196 0.7388831433734224 0.28782283895595195 0.13261874070858243 0.870247730966075 0.03397016894647417 0.045278158768522 0.14111211289622122 0.045278158658629525
13 0.42843985098115445 0.31637262283103373 0.20456231688758475 0.2974354103991858 0.27943396666852177 0.3361746281516284 0.3163726248056391 0.44386354155652197 0.47316218157096696 0.1407002268159589 0.26692026439923094 0.2687881273516076 0.2520747518402215 0.49170112774617997 0.20456231741769915 0.22086538924676186 0.21598078183826527 0.2794339668726263 0.3344491989730084 0.27943396590512315
27 0.27126428404578123 0.07055148233159483 0.12101310901397609 0.0826751979152249 0.08656007919037292 0.06203519540574713 0.07055148345229803 0.32838589126057144 0.24310432674019772 -0.03901359392858641 0.8550472357437787 0.41166959942421855 0.6563969239255459 0.22276317630322412 0.12101310892684246 0.525974648507676 0.03010888001609379 0.08656007968841414 0.16412766834620063 0.08656007958684317
55 0.16990804274385374 0.33014045670630754 0.39519579778247577 0.31630279044193 0.4509103474877714 0.25293873437050174 0.33014045681188886 0.17576161153510014 0.1313551016762057 0.5994680104423902 -0.0007457247819340834 0.15839455292759322 0.028649247171779753 0.1569123256623154 0.3951957983588028 0.03237093873385775 0.4176112445658761 0.45091034930093965 0.18176115966501036 0.45091034869605334
29 0.25535226706570713 0.46279176815290113 0.16916713854721938 0.44700099678765925 0.30142860717277314 0.5753839667031035 0.4627917664015409 0.03694064127470217 0.2578529033180743 0.5458196234151946 -0.05038182850806478 0.08473780603559374 -0.04318534400977373 0.27825642722313176 0.1691671385492184 -0.01648018680531677 0.34819539239888747 0.30142861057166204 0.26071240481155883 0.3014286118302044
8 0.20294004360671722 0.4430513248970454 0.2150038160249857 0.4687363575664145 0.4018054509591849 0.4178076313026198 0.4430513253672199 0.16716453556157423 0.24140633707605208 0.4791986218115723 -0.018784869809587327 0.1009964573816847 0.008061856756894923 0.23618960616984663 0.2150038163939329 0.0035863985542783122 0.38506978290424104 0.40180545203325374 0.2535093722265241 0.4018054514391974
24 0.42843985098115445 0.31637262283103373 0.20456231688758475 0.2974354103991858 0.27943396666852177 0.3361746281516284 0.3163726248056391 0.44386354155652197 0.47316218157096696 0.1407002268159589 0.26692026439923094 0.2687881273516076 0.2520747518402215 0.49170112774617997 0.20456231741769915 0.22086538924676186 0.21598078183826527 0.2794339668726263 0.3344491989730084 0.27943396590512315
33 0.4555661068441031 0.30429441046329786 0.18117084158517885 0.2686427890838434 0.2370875717228959 0.3791557833138189 0.3042944116860201 0.3811263984228598 0.5097518231991941 0.17753776817855677 0.22276317630325654 0.24120292668853952 0.2648453858748876 0.5536682877224943 0.18117084189804075 0.28782283895600597 0.19824895002167128 0.23708757272950834 0.3373447938898123 0.23708757197792343
50 0.30228154782226285 0.062001612712274994 0.13261874065932108 0.03368444727449142 0.04527815815142016 0.10972888156084222 0.06200161403831894 0.19187737882916617 0.23898054827983314 0.012838174558582103 0.5259746485076521 0.2617361646719196 0.7388831433734224 0.28782283895595195 0.13261874070858243 0.870247730966075 0.03397016894647417 0.045278158768522 0.14111211289622122 0.045278158658629525
45 0.27476634882706824 0.2510116911364959 0.5925215022308283 0.26801309880498636 0.29574237735605874 0.30040755819126913 0.25101169237122417 0.2780309222307576 0.19968313924798758 0.38826248954594894 0.12101310900635862 0.4137252439436402 0.13025134656655765 0.18117084170189535 0.5925215027731091 0.13261874062917212 0.3379297355691338 0.2957423783998002 0.19118651800623548 0.29574237768778006
58 0.36189421413593825 0.38439147288755326 0.3004075579308274 0.3297472379271695 0.2900314839543379 0.5243189893948141 0.38439147390742306 0.2805161921319212 0.34547746095338483 0.3578291175657757 0.06203519540568721 0.26453794191828234 0.09938822578715893 0.3791557833137264 0.3004075583965374 0.10972888156080901 0.32988369514851523 0.2900314853940007 0.2874299105650503 0.29003148448975175
34 0.10048479131514094 0.16464386319623855 0.43941333190567267 0.15623347554570205 0.5430525312355161 0.022870920340639228 0.1646438566365619 -0.06739739381658405 0.0798738727664324 0.5372568347821477 0.019979426615656097 0.31234568340847485 0.008633545127097318 0.1635038570626677 0.4394133312411345 0.046222823077708065 0.45034198885175236 0.5430525384829196 0.09519556864631896 0.5430525409492296
51 0.30228154782226285 0.062001612712274994 0.13261874065932108 0.03368444727449142 0.04527815815142016 0.10972888156084222 0.06200161403831894 0.19187737882916617 0.23898054827983314 0.012838174558582103 0.5259746485076521 0.2617361646719196 0.7388831433734224 0.28782283895595195 0.13261874070858243 0.870247730966075 0.03397016894647417 0.045278158768522 0.14111211289622122 0.045278158658629525
15 0.4555661068441031 0.30429441046329786 0.18117084158517885 0.2686427890838434 0.2370875717228959 0.3791557833138189 0.3042944116860201 0.3811263984228598 0.5097518231991941 0.17753776817855677 0.22276317630325654 0.24120292668853952 0.2648453858748876 0.5536682877224943 0.18117084189804075 0.28782283895600597 0.19824895002167128 0.23708757272950834 0.3373447938898123 0.23708757197792343
57 0.3003254399838582 0.06351758190430701 0.1302513465852826 0.05272556999966582 0.056847813073545694 0.09938822578725315 0.06351758301025257 0.24652451021790966 0.24377806559406956 -0.006153348512080825 0.6563969239255716 0.32122760368571424 0.7428938927283681 0.2648453858748958 0.1302513465852826 0.7388831433734566 0.03835035362274297 0.056847813713829964 0.1473577567628177 0.05684781353920698
28 0.4176839953458 0.3828780244301945 0.28632047330446575 0.29787211743168535 0.2422392307177728 0.5574105409333152 0.38287802453697034 0.2352235073437597 0.36656713689075554 0.40251324683026046 0.05371867346456816 0.23440271858080242 0.09604211149639652 0.4217811168505712 0.2863204736376873 0.14947859013629414 0.28920802498115217 0.2422392330716998 0.3000871806979115 0.24223923317240703
5 0.42843985098115445 0.31637262283103373 0.20456231688758475 0.2974354103991858 0.27943396666852177 0.3361746281516284 0.3163726248056391 0.44386354155652197 0.47316218157096696 0.1407002268159589 0.26692026439923094 0.2687881273516076 0.2520747518402215 0.49170112774617997 0.20456231741769915 0.22086538924676186 0.21598078183826527 0.2794339668726263 0.3344491989730084 0.27943396590512315
36 0.3003254399838572 0.06351758191446413 0.13025134669670652 0.05272556999966311 0.05684781300223709 0.09938822578724374 0.06351758296289545 0.24652451021791594 0.24377806559407011 -0.0061533485120827255 0.6563969239255724 0.3212276036857139 0.742893892728358 0.2648453858748995 0.13025134657086263 0.7388831433734575 0.03835035362274245 0.05684781362990729 0.14735775676281695 0.05684781351802944
44 0.27476634882706824 0.2510116911364959 0.5925215022308283 0.26801309880498636 0.29574237735605874 0.30040755819126913 0.25101169237122417 0.2780309222307576 0.19968313924798758 0.38826248954594894 0.12101310900635862 0.4137252439436402 0.13025134656655765 0.18117084170189535 0.5925215027731091 0.13261874062917212 0.3379297355691338 0.2957423783998002 0.19118651800623548 0.29574237768778006
54 0.4952525767182005 0.29322327507643076 0.27476634868616473 0.23924085661861663 0.23911476425101696 0.3618942141359655 0.293223275444747 0.4245808885310432 0.4149862898355975 0.2039283642004596 0.2712642840457701 0.27415551513955605 0.30032543998381234 0.45556610684408 0.2747663490556609 0.30228154782225275 0.19958434250804682 0.2391147659058386 0.3166733525568065 0.23911476549686791
41 0.27126428404578123 0.07055148233159483 0.12101310901397609 0.0826751979152249 0.08656007919037292 0.06203519540574713 0.07055148345229803 0.32838589126057144 0.24310432674019772 -0.03901359392858641 0.8550472357437787 0.41166959942421855 0.6563969239255459 0.22276317630322412 0.12101310892684246 0.525974648507676 0.03010888001609379 0.08656007968841414 0.16412766834620063 0.08656007958684317
