19 0.4350202989020665 0.12776618015707608 0.22022409435139864 0.3178089532725849 0.16552396903952835 0.22022409386030267 0.3582480315678536 0.1977404525904964 0.21782935542585094 0.5095523833835786 0.5095523831916875 0.2454276497763736 0.16552396905220637 0.31780895295994793 0.2202240939624294 0.31780895309599205 0.35824803159794144 0.24542764931917851 0.5095523840109283 0.2202240937220157
33 0.2791008167179202 0.0038679974606584014 0.4933685666660058 0.08167970586989783 0.08611467794323106 0.4933685662520392 0.05618686300925568 0.08215407653856487 0.7332087253980154 0.21782935549904794 0.2178293551003712 0.33210259462991487 0.08611467799823441 0.08167970574534356 0.49336856609532403 0.08167970590529877 0.056186863162262846 0.3321025944425291 0.2178293557800567 0.4933685660566659
40 0.3230391174307482 0.2705356071967558 0.0905524304976024 0.40066111170367397 0.24431241741857293 0.09055243042459545 0.5091609271837355 0.3621375854309383 0.05618686323804757 0.3582480312440236 0.35824803124604865 0.2746606074913936 0.24431241749275728 0.4006611112768596 0.09055243090105916 0.4006611112951853 0.5091609275886689 0.274660607101368 0.358248031771234 0.0905524305889715
38 0.2871990973316187 0.18108155176720306 0.25800319358038387 0.17946767091179205 0.24938122081013758 0.258003192994166 0.2746606069610003 0.419266152864899 0.33210259451835167 0.24542764983428458 0.24542764935635922 0.6244190521425845 0.24938122106463753 0.17946767076821907 0.25800319355881013 0.1794676709735115 0.274660607345586 0.6244190517219419 0.24542765047604562 0.25800319314036924
25 0.3827444544652747 0.13578863380138706 0.25108618079119455 0.2700418126181883 0.13433187475531594 0.251086180712313 0.398086656315802 0.1647118495601137 0.15592885184964983 0.5369229771465889 0.5369229770533943 0.21657892487560107 0.13433187491395676 0.2700418125022719 0.25108618093320667 0.27004181238782965 0.39808665631081835 0.21657892468013418 0.5369229771728312 0.2510861803670064
44 0.2871990973316187 0.18108155176720306 0.25800319358038387 0.17946767091179205 0.24938122081013758 0.258003192994166 0.2746606069610003 0.419266152864899 0.33210259451835167 0.24542764983428458 0.24542764935635922 0.6244190521425845 0.24938122106463753 0.17946767076821907 0.25800319355881013 0.1794676709735115 0.274660607345586 0.6244190517219419 0.24542765047604562 0.25800319314036924
12 0.34033856250132405 0.32751724609040705 0.05380818850425677 0.4997665883569212 0.34441155068328305 0.05380818829717237 0.40066111134436705 0.28918361363535233 0.08167970584392821 0.317808953156547 0.3178089531143318 0.17946767122256713 0.34441155073753366 0.4997665880059473 0.05380818867605633 0.49976658781111766 0.4006611117246009 0.17946767080964288 0.3178089535255045 0.053808188539847465
30 0.5042774888193473 0.122590163972241 0.20930386871487167 0.34033856252341854 0.2374379718382808 0.20930386741363077 0.32303911701015847 0.27549664941374463 0.2791008167179262 0.43502029876439385 0.43502029837077166 0.28719909770829877 0.23743797198504354 0.3403385623788673 0.20930386747948931 0.3403385622734578 0.32303911792014334 0.28719909693047746 0.4350202992443464 0.20930386798261807
28 0.20930386801143885 0.022813802195592953 0.589252810284961 0.05380818821868161 0.0669433488510549 0.5892528098775074 0.09055243054172024 0.10347879067453403 0.4933685662870333 0.22022409402416088 0.2202240935921509 0.25800319359404966 0.0669433488510549 0.053808188411494484 0.5892528096446767 0.05380818850971991 0.09055243065813556 0.25800319318659604 0.2202240941405762 0.5892528098775074
18 0.33707240013309164 0.275306584114581 0.06822788605134458 0.47742151697227864 0.27039785094947266 0.06822788572398382 0.47157655113258823 0.2309833748751932 0.05614290953285764 0.36905270999771594 0.36905270971668247 0.1596486906334318 0.2703978509655092 0.4774215166915056 0.06822788621284565 0.4774215164895773 0.47157655181005703 0.15964869028295722 0.36905271001829504 0.06822788573541251
48 0.2791008167179202 0.0038679974606584014 0.4933685666660058 0.08167970586989783 0.08611467794323106 0.4933685662520392 0.05618686300925568 0.08215407653856487 0.7332087253980154 0.21782935549904794 0.2178293551003712 0.33210259462991487 0.08611467799823441 0.08167970574534356 0.49336856609532403 0.08167970590529877 0.056186863162262846 0.3321025944425291 0.2178293557800567 0.4933685660566659
53 0.2791008167179202 0.0038679974606584014 0.4933685666660058 0.08167970586989783 0.08611467794323106 0.4933685662520392 0.05618686300925568 0.08215407653856487 0.7332087253980154 0.21782935549904794 0.2178293551003712 0.33210259462991487 0.08611467799823441 0.08167970574534356 0.49336856609532403 0.08167970590529877 0.056186863162262846 0.3321025944425291 0.2178293557800567 0.4933685660566659
54 0.2791008167179202 0.0038679974606584014 0.4933685666660058 0.08167970586989783 0.08611467794323106 0.4933685662520392 0.05618686300925568 0.08215407653856487 0.7332087253980154 0.21782935549904794 0.2178293551003712 0.33210259462991487 0.08611467799823441 0.08167970574534356 0.49336856609532403 0.08167970590529877 0.056186863162262846 0.3321025944425291 0.2178293557800567 0.4933685660566659
67 0.27549664941371377 0.42344459723931976 0.10347879044097298 0.2891836138605597 0.4192321870500064 0.10347879047711046 0.3621375851986623 0.6013846194781302 0.0821540765385531 0.1977404528458485 0.1977404523235932 0.4192661530955828 0.41923218715282085 0.28918361326621644 0.10347879095269079 0.2891836134317055 0.3621375856587653 0.41926615253619437 0.197740452962944 0.10347879067273234
11 0.4350202989020665 0.12776618015707608 0.22022409435139864 0.3178089532725849 0.16552396903952835 0.22022409386030267 0.3582480315678536 0.1977404525904964 0.21782935542585094 0.5095523833835786 0.5095523831916875 0.2454276497763736 0.16552396905220637 0.31780895295994793 0.2202240939624294 0.31780895309599205 0.35824803159794144 0.24542764931917851 0.5095523840109283 0.2202240937220157
35 0.3230391174307482 0.2705356071967558 0.0905524304976024 0.40066111170367397 0.24431241741857293 0.09055243042459545 0.5091609271837355 0.3621375854309383 0.05618686323804757 0.3582480312440236 0.35824803124604865 0.2746606074913936 0.24431241749275728 0.4006611112768596 0.09055243090105916 0.4006611112951853 0.5091609275886689 0.274660607101368 0.358248031771234 0.0905524305889715
8 0.33707240013309164 0.275306584114581 0.06822788605134458 0.47742151697227864 0.27039785094947266 0.06822788572398382 0.47157655113258823 0.2309833748751932 0.05614290953285764 0.36905270999771594 0.36905270971668247 0.1596486906334318 0.2703978509655092 0.4774215166915056 0.06822788621284565 0.4774215164895773 0.47157655181005703 0.15964869028295722 0.36905271001829504 0.06822788573541251
15 0.4350202989020665 0.12776618015707608 0.22022409435139864 0.3178089532725849 0.16552396903952835 0.22022409386030267 0.3582480315678536 0.1977404525904964 0.21782935542585094 0.5095523833835786 0.5095523831916875 0.2454276497763736 0.16552396905220637 0.31780895295994793 0.2202240939624294 0.31780895309599205 0.35824803159794144 0.24542764931917851 0.5095523840109283 0.2202240937220157
41 0.27549664941371377 0.42344459723931976 0.10347879044097298 0.2891836138605597 0.4192321870500064 0.10347879047711046 0.3621375851986623 0.6013846194781302 0.0821540765385531 0.1977404528458485 0.1977404523235932 0.4192661530955828 0.41923218715282085 0.28918361326621644 0.10347879095269079 0.2891836134317055 0.3621375856587653 0.41926615253619437 0.197740452962944 0.10347879067273234
24 0.2791008167179202 0.0038679974606584014 0.4933685666660058 0.08167970586989783 0.08611467794323106 0.4933685662520392 0.05618686300925568 0.08215407653856487 0.7332087253980154 0.21782935549904794 0.2178293551003712 0.33210259462991487 0.08611467799823441 0.08167970574534356 0.49336856609532403 0.08167970590529877 0.056186863162262846 0.3321025944425291 0.2178293557800567 0.4933685660566659
59 0.2791008167179202 0.0038679974606584014 0.4933685666660058 0.08167970586989783 0.08611467794323106 0.4933685662520392 0.05618686300925568 0.08215407653856487 0.7332087253980154 0.21782935549904794 0.2178293551003712 0.33210259462991487 0.08611467799823441 0.08167970574534356 0.49336856609532403 0.08167970590529877 0.056186863162262846 0.3321025944425291 0.2178293557800567 0.4933685660566659
5 0.4350202989020665 0.12776618015707608 0.22022409435139864 0.3178089532725849 0.16552396903952835 0.22022409386030267 0.3582480315678536 0.1977404525904964 0.21782935542585094 0.5095523833835786 0.5095523831916875 0.2454276497763736 0.16552396905220637 0.31780895295994793 0.2202240939624294 0.31780895309599205 0.35824803159794144 0.24542764931917851 0.5095523840109283 0.2202240937220157
16 0.34033856250132405 0.32751724609040705 0.05380818850425677 0.4997665883569212 0.34441155068328305 0.05380818829717237 0.40066111134436705 0.28918361363535233 0.08167970584392821 0.317808953156547 0.3178089531143318 0.17946767122256713 0.34441155073753366 0.4997665880059473 0.05380818867605633 0.49976658781111766 0.4006611117246009 0.17946767080964288 0.3178089535255045 0.053808188539847465
13 0.4350202989020665 0.12776618015707608 0.22022409435139864 0.3178089532725849 0.16552396903952835 0.22022409386030267 0.3582480315678536 0.1977404525904964 0.21782935542585094 0.5095523833835786 0.5095523831916875 0.2454276497763736 0.16552396905220637 0.31780895295994793 0.2202240939624294 0.31780895309599205 0.35824803159794144 0.24542764931917851 0.5095523840109283 0.2202240937220157
31 0.5042774888193473 0.122590163972241 0.20930386871487167 0.34033856252341854 0.2374379718382808 0.20930386741363077 0.32303911701015847 0.27549664941374463 0.2791008167179262 0.43502029876439385 0.43502029837077166 0.28719909770829877 0.23743797198504354 0.3403385623788673 0.20930386747948931 0.3403385622734578 0.32303911792014334 0.28719909693047746 0.4350202992443464 0.20930386798261807
66 0.27549664941371377 0.42344459723931976 0.10347879044097298 0.2891836138605597 0.4192321870500064 0.10347879047711046 0.3621375851986623 0.6013846194781302 0.0821540765385531 0.1977404528458485 0.1977404523235932 0.4192661530955828 0.41923218715282085 0.28918361326621644 0.10347879095269079 0.2891836134317055 0.3621375856587653 0.41926615253619437 0.197740452962944 0.10347879067273234
45 0.5042774888193473 0.122590163972241 0.20930386871487167 0.34033856252341854 0.2374379718382808 0.20930386741363077 0.32303911701015847 0.27549664941374463 0.2791008167179262 0.43502029876439385 0.43502029837077166 0.28719909770829877 0.23743797198504354 0.3403385623788673 0.20930386747948931 0.3403385622734578 0.32303911792014334 0.28719909693047746 0.4350202992443464 0.20930386798261807
23 0.2791008167179202 0.0038679974606584014 0.4933685666660058 0.08167970586989783 0.08611467794323106 0.4933685662520392 0.05618686300925568 0.08215407653856487 0.7332087253980154 0.21782935549904794 0.2178293551003712 0.33210259462991487 0.08611467799823441 0.08167970574534356 0.49336856609532403 0.08167970590529877 0.056186863162262846 0.3321025944425291 0.2178293557800567 0.4933685660566659
26 0.1225901639722578 0.7786167942669012 0.02281380185854737 0.32751724624656686 0.5543419777231126 0.02281380191241926 0.2705356069108417 0.423444597239328 0.0038679974606512482 0.12776617983613103 0.1277661799838894 0.18108155190021596 0.5543419777125412 0.3275172459832018 0.022813802520905643 0.3275172458461451 0.27053560740026056 0.18108155154315922 0.1277661801306761 0.02281380232548185
56 0.5042774888193473 0.122590163972241 0.20930386871487167 0.34033856252341854 0.2374379718382808 0.20930386741363077 0.32303911701015847 0.27549664941374463 0.2791008167179262 0.43502029876439385 0.43502029837077166 0.28719909770829877 0.23743797198504354 0.3403385623788673 0.20930386747948931 0.3403385622734578 0.32303911792014334 0.28719909693047746 0.4350202992443464 0.20930386798261807
62 0.20930386801143885 0.022813802195592953 0.589252810284961 0.05380818821868161 0.0669433488510549 0.5892528098775074 0.09055243054172024 0.10347879067453403 0.4933685662870333 0.22022409402416088 0.2202240935921509 0.25800319359404966 0.0669433488510549 0.053808188411494484 0.5892528096446767 0.05380818850971991 0.09055243065813556 0.25800319318659604 0.2202240941405762 0.5892528098775074
68 0.2871990973316187 0.18108155176720306 0.25800319358038387 0.17946767091179205 0.24938122081013758 0.258003192994166 0.2746606069610003 0.419266152864899 0.33210259451835167 0.24542764983428458 0.24542764935635922 0.6244190521425845 0.24938122106463753 0.17946767076821907 0.25800319355881013 0.1794676709735115 0.274660607345586 0.6244190517219419 0.24542765047604562 0.25800319314036924
63 0.20930386801143885 0.022813802195592953 0.589252810284961 0.05380818821868161 0.0669433488510549 0.5892528098775074 0.09055243054172024 0.10347879067453403 0.4933685662870333 0.22022409402416088 0.2202240935921509 0.25800319359404966 0.0669433488510549 0.053808188411494484 0.5892528096446767 0.05380818850971991 0.09055243065813556 0.25800319318659604 0.2202240941405762 0.5892528098775074
17 0.4350202989020665 0.12776618015707608 0.22022409435139864 0.3178089532725849 0.16552396903952835 0.22022409386030267 0.3582480315678536 0.1977404525904964 0.21782935542585094 0.5095523833835786 0.5095523831916875 0.2454276497763736 0.16552396905220637 0.31780895295994793 0.2202240939624294 0.31780895309599205 0.35824803159794144 0.24542764931917851 0.5095523840109283 0.2202240937220157
42 0.27549664941371377 0.42344459723931976 0.10347879044097298 0.2891836138605597 0.4192321870500064 0.10347879047711046 0.3621375851986623 0.6013846194781302 0.0821540765385531 0.1977404528458485 0.1977404523235932 0.4192661530955828 0.41923218715282085 0.28918361326621644 0.10347879095269079 0.2891836134317055 0.3621375856587653 0.41926615253619437 0.197740452962944 0.10347879067273234
29 0.20930386801143885 0.022813802195592953 0.589252810284961 0.05380818821868161 0.0669433488510549 0.5892528098775074 0.09055243054172024 0.10347879067453403 0.4933685662870333 0.22022409402416088 0.2202240935921509 0.25800319359404966 0.0669433488510549 0.053808188411494484 0.5892528096446767 0.05380818850971991 0.09055243065813556 0.25800319318659604 0.2202240941405762 0.5892528098775074
55 0.5042774888193473 0.122590163972241 0.20930386871487167 0.34033856252341854 0.2374379718382808 0.20930386741363077 0.32303911701015847 0.27549664941374463 0.2791008167179262 0.43502029876439385 0.43502029837077166 0.28719909770829877 0.23743797198504354 0.3403385623788673 0.20930386747948931 0.3403385622734578 0.32303911792014334 0.28719909693047746 0.4350202992443464 0.20930386798261807
32 0.23743797193602498 0.554341977765341 0.06694334859043083 0.3444115507334901 0.6137668798468121 0.06694334868876377 0.2443124172418344 0.41923218716996496 0.08611467802339409 0.16552396927737265 0.16552396871627673 0.24938122104737004 0.6137668798561211 0.34441155059683276 0.06694334903078235 0.34441155047516264 0.24431241759019257 0.24938122070028304 0.16552396934303468 0.06694334886703683
50 0.5042774888193473 0.122590163972241 0.20930386871487167 0.34033856252341854 0.2374379718382808 0.20930386741363077 0.32303911701015847 0.27549664941374463 0.2791008167179262 0.43502029876439385 0.43502029837077166 0.28719909770829877 0.23743797198504354 0.3403385623788673 0.20930386747948931 0.3403385622734578 0.32303911792014334 0.28719909693047746 0.4350202992443464 0.20930386798261807
20 0.5042774888193473 0.122590163972241 0.20930386871487167 0.34033856252341854 0.2374379718382808 0.20930386741363077 0.32303911701015847 0.27549664941374463 0.2791008167179262 0.43502029876439385 0.43502029837077166 0.28719909770829877 0.23743797198504354 0.3403385623788673 0.20930386747948931 0.3403385622734578 0.32303911792014334 0.28719909693047746 0.4350202992443464 0.20930386798261807
69 0.2871990973316187 0.18108155176720306 0.25800319358038387 0.17946767091179205 0.24938122081013758 0.258003192994166 0.2746606069610003 0.419266152864899 0.33210259451835167 0.24542764983428458 0.24542764935635922 0.6244190521425845 0.24938122106463753 0.17946767076821907 0.25800319355881013 0.1794676709735115 0.274660607345586 0.6244190517219419 0.24542765047604562 0.25800319314036924
1 0.4350202989020665 0.12776618015707608 0.22022409435139864 0.3178089532725849 0.16552396903952835 0.22022409386030267 0.3582480315678536 0.1977404525904964 0.21782935542585094 0.5095523833835786 0.5095523831916875 0.2454276497763736 0.16552396905220637 0.31780895295994793 0.2202240939624294 0.31780895309599205 0.35824803159794144 0.24542764931917851 0.5095523840109283 0.2202240937220157
6 0.33707240013309164 0.275306584114581 0.06822788605134458 0.47742151697227864 0.27039785094947266 0.06822788572398382 0.47157655113258823 0.2309833748751932 0.05614290953285764 0.36905270999771594 0.36905270971668247 0.1596486906334318 0.2703978509655092 0.4774215166915056 0.06822788621284565 0.4774215164895773 0.47157655181005703 0.15964869028295722 0.36905271001829504 0.06822788573541251
60 0.3827444544652747 0.13578863380138706 0.25108618079119455 0.2700418126181883 0.13433187475531594 0.251086180712313 0.398086656315802 0.1647118495601137 0.15592885184964983 0.5369229771465889 0.5369229770533943 0.21657892487560107 0.13433187491395676 0.2700418125022719 0.25108618093320667 0.27004181238782965 0.39808665631081835 0.21657892468013418 0.5369229771728312 0.2510861803670064
0 0.34033856250132405 0.32751724609040705 0.05380818850425677 0.4997665883569212 0.34441155068328305 0.05380818829717237 0.40066111134436705 0.28918361363535233 0.08167970584392821 0.317808953156547 0.3178089531143318 0.17946767122256713 0.34441155073753366 0.4997665880059473 0.05380818867605633 0.49976658781111766 0.4006611117246009 0.17946767080964288 0.3178089535255045 0.053808188539847465
37 0.27549664941371377 0.42344459723931976 0.10347879044097298 0.2891836138605597 0.4192321870500064 0.10347879047711046 0.3621375851986623 0.6013846194781302 0.0821540765385531 0.1977404528458485 0.1977404523235932 0.4192661530955828 0.41923218715282085 0.28918361326621644 0.10347879095269079 0.2891836134317055 0.3621375856587653 0.41926615253619437 0.197740452962944 0.10347879067273234
51 0.5042774888193473 0.122590163972241 0.20930386871487167 0.34033856252341854 0.2374379718382808 0.20930386741363077 0.32303911701015847 0.27549664941374463 0.2791008167179262 0.43502029876439385 0.43502029837077166 0.28719909770829877 0.23743797198504354 0.3403385623788673 0.20930386747948931 0.3403385622734578 0.32303911792014334 0.28719909693047746 0.4350202992443464 0.20930386798261807
3 0.4350202989020665 0.12776618015707608 0.22022409435139864 0.3178089532725849 0.16552396903952835 0.22022409386030267 0.3582480315678536 0.1977404525904964 0.21782935542585094 0.5095523833835786 0.5095523831916875 0.2454276497763736 0.16552396905220637 0.31780895295994793 0.2202240939624294 0.31780895309599205 0.35824803159794144 0.24542764931917851 0.5095523840109283 0.2202240937220157
7 0.4350202989020665 0.12776618015707608 0.22022409435139864 0.3178089532725849 0.16552396903952835 0.22022409386030267 0.3582480315678536 0.1977404525904964 0.21782935542585094 0.5095523833835786 0.5095523831916875 0.2454276497763736 0.16552396905220637 0.31780895295994793 0.2202240939624294 0.31780895309599205 0.35824803159794144 0.24542764931917851 0.5095523840109283 0.2202240937220157
34 0.2791008167179202 0.0038679974606584014 0.4933685666660058 0.08167970586989783 0.08611467794323106 0.4933685662520392 0.05618686300925568 0.08215407653856487 0.7332087253980154 0.21782935549904794 0.2178293551003712 0.33210259462991487 0.08611467799823441 0.08167970574534356 0.49336856609532403 0.08167970590529877 0.056186863162262846 0.3321025944425291 0.2178293557800567 0.4933685660566659
36 0.27549664941371377 0.42344459723931976 0.10347879044097298 0.2891836138605597 0.4192321870500064 0.10347879047711046 0.3621375851986623 0.6013846194781302 0.0821540765385531 0.1977404528458485 0.1977404523235932 0.4192661530955828 0.41923218715282085 0.28918361326621644 0.10347879095269079 0.2891836134317055 0.3621375856587653 0.41926615253619437 0.197740452962944 0.10347879067273234
39 0.2871990973316187 0.18108155176720306 0.25800319358038387 0.17946767091179205 0.24938122081013758 0.258003192994166 0.2746606069610003 0.419266152864899 0.33210259451835167 0.24542764983428458 0.24542764935635922 0.6244190521425845 0.24938122106463753 0.17946767076821907 0.25800319355881013 0.1794676709735115 0.274660607345586 0.6244190517219419 0.24542765047604562 0.25800319314036924
2 0.34033856250132405 0.32751724609040705 0.05380818850425677 0.4997665883569212 0.34441155068328305 0.05380818829717237 0.40066111134436705 0.28918361363535233 0.08167970584392821 0.317808953156547 0.3178089531143318 0.17946767122256713 0.34441155073753366 0.4997665880059473 0.05380818867605633 0.49976658781111766 0.4006611117246009 0.17946767080964288 0.3178089535255045 0.053808188539847465
4 0.34033856250132405 0.32751724609040705 0.05380818850425677 0.4997665883569212 0.34441155068328305 0.05380818829717237 0.40066111134436705 0.28918361363535233 0.08167970584392821 0.317808953156547 0.3178089531143318 0.17946767122256713 0.34441155073753366 0.4997665880059473 0.05380818867605633 0.49976658781111766 0.4006611117246009 0.17946767080964288 0.3178089535255045 0.053808188539847465
43 0.2871990973316187 0.18108155176720306 0.25800319358038387 0.17946767091179205 0.24938122081013758 0.258003192994166 0.2746606069610003 0.419266152864899 0.33210259451835167 0.24542764983428458 0.24542764935635922 0.6244190521425845 0.24938122106463753 0.17946767076821907 0.25800319355881013 0.1794676709735115 0.274660607345586 0.6244190517219419 0.24542765047604562 0.25800319314036924
46 0.5042774888193473 0.122590163972241 0.20930386871487167 0.34033856252341854 0.2374379718382808 0.20930386741363077 0.32303911701015847 0.27549664941374463 0.2791008167179262 0.43502029876439385 0.43502029837077166 0.28719909770829877 0.23743797198504354 0.3403385623788673 0.20930386747948931 0.3403385622734578 0.32303911792014334 0.28719909693047746 0.4350202992443464 0.20930386798261807
57 0.23743797193602498 0.554341977765341 0.06694334859043083 0.3444115507334901 0.6137668798468121 0.06694334868876377 0.2443124172418344 0.41923218716996496 0.08611467802339409 0.16552396927737265 0.16552396871627673 0.24938122104737004 0.6137668798561211 0.34441155059683276 0.06694334903078235 0.34441155047516264 0.24431241759019257 0.24938122070028304 0.16552396934303468 0.06694334886703683
9 0.4350202989020665 0.12776618015707608 0.22022409435139864 0.3178089532725849 0.16552396903952835 0.22022409386030267 0.3582480315678536 0.1977404525904964 0.21782935542585094 0.5095523833835786 0.5095523831916875 0.2454276497763736 0.16552396905220637 0.31780895295994793 0.2202240939624294 0.31780895309599205 0.35824803159794144 0.24542764931917851 0.5095523840109283 0.2202240937220157
47 0.23743797193602498 0.554341977765341 0.06694334859043083 0.3444115507334901 0.6137668798468121 0.06694334868876377 0.2443124172418344 0.41923218716996496 0.08611467802339409 0.16552396927737265 0.16552396871627673 0.24938122104737004 0.6137668798561211 0.34441155059683276 0.06694334903078235 0.34441155047516264 0.24431241759019257 0.24938122070028304 0.16552396934303468 0.06694334886703683
52 0.23743797193602498 0.554341977765341 0.06694334859043083 0.3444115507334901 0.6137668798468121 0.06694334868876377 0.2443124172418344 0.41923218716996496 0.08611467802339409 0.16552396927737265 0.16552396871627673 0.24938122104737004 0.6137668798561211 0.34441155059683276 0.06694334903078235 0.34441155047516264 0.24431241759019257 0.24938122070028304 0.16552396934303468 0.06694334886703683
58 0.2791008167179202 0.0038679974606584014 0.4933685666660058 0.08167970586989783 0.08611467794323106 0.4933685662520392 0.05618686300925568 0.08215407653856487 0.7332087253980154 0.21782935549904794 0.2178293551003712 0.33210259462991487 0.08611467799823441 0.08167970574534356 0.49336856609532403 0.08167970590529877 0.056186863162262846 0.3321025944425291 0.2178293557800567 0.4933685660566659
21 0.5042774888193473 0.122590163972241 0.20930386871487167 0.34033856252341854 0.2374379718382808 0.20930386741363077 0.32303911701015847 0.27549664941374463 0.2791008167179262 0.43502029876439385 0.43502029837077166 0.28719909770829877 0.23743797198504354 0.3403385623788673 0.20930386747948931 0.3403385622734578 0.32303911792014334 0.28719909693047746 0.4350202992443464 0.20930386798261807
27 0.20930386801143885 0.022813802195592953 0.589252810284961 0.05380818821868161 0.0669433488510549 0.5892528098775074 0.09055243054172024 0.10347879067453403 0.4933685662870333 0.22022409402416088 0.2202240935921509 0.25800319359404966 0.0669433488510549 0.053808188411494484 0.5892528096446767 0.05380818850971991 0.09055243065813556 0.25800319318659604 0.2202240941405762 0.5892528098775074
14 0.34033856250132405 0.32751724609040705 0.05380818850425677 0.4997665883569212 0.34441155068328305 0.05380818829717237 0.40066111134436705 0.28918361363535233 0.08167970584392821 0.317808953156547 0.3178089531143318 0.17946767122256713 0.34441155073753366 0.4997665880059473 0.05380818867605633 0.49976658781111766 0.4006611117246009 0.17946767080964288 0.3178089535255045 0.053808188539847465
22 0.23743797193602498 0.554341977765341 0.06694334859043083 0.3444115507334901 0.6137668798468121 0.06694334868876377 0.2443124172418344 0.41923218716996496 0.08611467802339409 0.16552396927737265 0.16552396871627673 0.24938122104737004 0.6137668798561211 0.34441155059683276 0.06694334903078235 0.34441155047516264 0.24431241759019257 0.24938122070028304 0.16552396934303468 0.06694334886703683
49 0.2791008167179202 0.0038679974606584014 0.4933685666660058 0.08167970586989783 0.08611467794323106 0.4933685662520392 0.05618686300925568 0.08215407653856487 0.7332087253980154 0.21782935549904794 0.2178293551003712 0.33210259462991487 0.08611467799823441 0.08167970574534356 0.49336856609532403 0.08167970590529877 0.056186863162262846 0.3321025944425291 0.2178293557800567 0.4933685660566659
65 0.3230391174307482 0.2705356071967558 0.0905524304976024 0.40066111170367397 0.24431241741857293 0.09055243042459545 0.5091609271837355 0.3621375854309383 0.05618686323804757 0.3582480312440236 0.35824803124604865 0.2746606074913936 0.24431241749275728 0.4006611112768596 0.09055243090105916 0.4006611112951853 0.5091609275886689 0.274660607101368 0.358248031771234 0.0905524305889715
61 0.1225901639722578 0.7786167942669012 0.02281380185854737 0.32751724624656686 0.5543419777231126 0.02281380191241926 0.2705356069108417 0.423444597239328 0.0038679974606512482 0.12776617983613103 0.1277661799838894 0.18108155190021596 0.5543419777125412 0.3275172459832018 0.022813802520905643 0.3275172458461451 0.27053560740026056 0.18108155154315922 0.1277661801306761 0.02281380232548185
64 0.20930386801143885 0.022813802195592953 0.589252810284961 0.05380818821868161 0.0669433488510549 0.5892528098775074 0.09055243054172024 0.10347879067453403 0.4933685662870333 0.22022409402416088 0.2202240935921509 0.25800319359404966 0.0669433488510549 0.053808188411494484 0.5892528096446767 0.05380818850971991 0.09055243065813556 0.25800319318659604 0.2202240941405762 0.5892528098775074
10 0.34033856250132405 0.32751724609040705 0.05380818850425677 0.4997665883569212 0.34441155068328305 0.05380818829717237 0.40066111134436705 0.28918361363535233 0.08167970584392821 0.317808953156547 0.3178089531143318 0.17946767122256713 0.34441155073753366 0.4997665880059473 0.05380818867605633 0.49976658781111766 0.4006611117246009 0.17946767080964288 0.3178089535255045 0.053808188539847465
