id,x_0,x_1,x_2,x_3,x_4,x_5,x_6,x_7,x_8,x_9
0.0,0.38129089219899764,0.48147174199196513,2.220446049250313e-16,2.220446049250313e-16,0.03792964738343402,2.220446049250313e-16,0.7917307990976272,2.220446049250313e-16,0.4619183961330059,0.44991891830520664
1.0,0.38129089219899764,2.220446049250313e-16,0.6019597052220539,2.220446049250313e-16,2.220446049250313e-16,2.220446049250313e-16,2.220446049250313e-16,0.5681964483447046,0.46191839613300595,2.220446049250313e-16
2.0,2.220446049250313e-16,0.48147174199196513,2.220446049250313e-16,2.220446049250313e-16,0.33252918023199074,2.220446049250313e-16,0.757080877883834,2.220446049250313e-16,0.4619183961330059,0.44991891830520664
3.0,2.220446049250313e-16,2.220446049250313e-16,0.7060157299981296,0.06454446443525252,2.220446049250313e-16,2.220446049250313e-16,2.220446049250313e-16,0.7428675578020524,2.220446049250313e-16,2.220446049250313e-16
4.0,2.220446049250313e-16,2.220446049250313e-16,2.220446049250313e-16,0.9170502787597006,2.220446049250313e-16,0.010157923193157595,2.220446049250313e-16,2.220446049250313e-16,0.46191839613300595,0.001487217074355329
5.0,2.220446049250313e-16,2.220446049250313e-16,0.2836675652633861,2.220446049250313e-16,2.220446049250313e-16,2.220446049250313e-16,2.220446049250313e-16,0.8368008596434575,2.220446049250313e-16,0.501798589098215
6.0,0.38129089219899764,0.48147174199196513,2.220446049250313e-16,2.220446049250313e-16,0.03792964738343402,2.220446049250313e-16,0.7917307990976272,2.220446049250313e-16,0.4619183961330059,0.44991891830520664
7.0,0.38129089219899764,2.220446049250313e-16,0.6019597052220539,2.220446049250313e-16,2.220446049250313e-16,2.220446049250313e-16,2.220446049250313e-16,0.5681964483447046,0.46191839613300595,2.220446049250313e-16
8.0,2.220446049250313e-16,0.48147174199196513,2.220446049250313e-16,2.220446049250313e-16,0.33252918023199074,2.220446049250313e-16,0.757080877883834,2.220446049250313e-16,0.4619183961330059,0.44991891830520664
9.0,2.220446049250313e-16,2.220446049250313e-16,0.7060157299981296,0.06454446443525252,2.220446049250313e-16,2.220446049250313e-16,2.220446049250313e-16,0.7428675578020524,2.220446049250313e-16,2.220446049250313e-16
10.0,2.220446049250313e-16,2.220446049250313e-16,2.220446049250313e-16,0.9170502787597006,2.220446049250313e-16,0.010157923193157595,2.220446049250313e-16,2.220446049250313e-16,0.46191839613300595,0.001487217074355329
11.0,2.220446049250313e-16,2.220446049250313e-16,0.2836675652633861,2.220446049250313e-16,2.220446049250313e-16,2.220446049250313e-16,2.220446049250313e-16,0.8368008596434575,2.220446049250313e-16,0.501798589098215
12.0,0.38129089219899764,0.48147174199196513,2.220446049250313e-16,2.220446049250313e-16,0.03792964738343402,2.220446049250313e-16,0.7917307990976272,2.220446049250313e-16,0.4619183961330059,0.44991891830520664
13.0,0.38129089219899764,2.220446049250313e-16,0.6019597052220539,2.220446049250313e-16,2.220446049250313e-16,2.220446049250313e-16,2.220446049250313e-16,0.5681964483447046,0.46191839613300595,2.220446049250313e-16
14.0,2.220446049250313e-16,0.48147174199196513,2.220446049250313e-16,2.220446049250313e-16,0.33252918023199074,2.220446049250313e-16,0.757080877883834,2.220446049250313e-16,0.4619183961330059,0.44991891830520664
15.0,2.220446049250313e-16,2.220446049250313e-16,0.7060157299981296,0.06454446443525252,2.220446049250313e-16,2.220446049250313e-16,2.220446049250313e-16,0.7428675578020524,2.220446049250313e-16,2.220446049250313e-16
16.0,2.220446049250313e-16,2.220446049250313e-16,2.220446049250313e-16,0.9170502787597006,2.220446049250313e-16,0.010157923193157595,2.220446049250313e-16,2.220446049250313e-16,0.46191839613300595,0.001487217074355329
17.0,2.220446049250313e-16,2.220446049250313e-16,0.2836675652633861,2.220446049250313e-16,2.220446049250313e-16,2.220446049250313e-16,2.220446049250313e-16,0.8368008596434575,2.220446049250313e-16,0.501798589098215
18.0,0.611164962776396,1.9081958235744878e-17,0.7100443079267131,0.23670524142516775,2.220446049250313e-16,0.0040418795911569905,0.2872545746825072,0.0025483581503542166,2.220446049250313e-16,2.220446049250313e-16
19.0,2.220446049250313e-16,2.220446049250313e-16,2.220446049250313e-16,0.1610180245011536,0.7013475456254085,0.1465395318113272,0.4616321153891248,2.220446049250313e-16,2.220446049250313e-16,0.457757081051587
20.0,0.5896727807177221,1.1102230246251565e-16,2.220446049250313e-16,2.220446049250313e-16,0.011591912521117317,0.7579945615292017,2.220446049250313e-16,2.220446049250313e-16,0.46191839613300595,2.220446049250313e-16
21.0,0.5896727807177221,1.1102230246251565e-16,2.220446049250313e-16,2.220446049250313e-16,0.011591912521117317,0.7579945615292017,2.220446049250313e-16,2.220446049250313e-16,0.46191839613300595,2.220446049250313e-16
22.0,0.5896727807177221,1.1102230246251565e-16,2.220446049250313e-16,2.220446049250313e-16,0.011591912521117317,0.7579945615292017,2.220446049250313e-16,2.220446049250313e-16,0.46191839613300595,2.220446049250313e-16
23.0,0.3760762393291863,1.1102230246251565e-16,0.6121774209897123,2.220446049250313e-16,0.35087889077814644,0.18293170539115866,0.46766806480029494,0.0037173194212195408,2.220446049250313e-16,2.220446049250313e-16
24.0,2.220446049250313e-16,2.220446049250313e-16,2.220446049250313e-16,2.220446049250313e-16,0.6948611281051502,0.7194785317339946,0.1751404538513315,2.220446049250313e-16,2.220446049250313e-16,2.220446049250313e-16
25.0,2.220446049250313e-16,0.48147174199196513,0.31343009389183824,2.220446049250313e-16,0.7167314119691514,0.35411769752243655,0.17256813608326335,2.220446049250313e-16,2.220446049250313e-16,2.220446049250313e-16
26.0,2.220446049250313e-16,2.220446049250313e-16,2.220446049250313e-16,0.11932416371163458,0.5958282314867308,0.7546667201106233,2.220446049250313e-16,2.220446049250313e-16,2.220446049250313e-16,2.220446049250313e-16
27.0,2.220446049250313e-16,2.220446049250313e-16,2.220446049250313e-16,0.11932416371163458,0.5958282314867308,0.7546667201106233,2.220446049250313e-16,2.220446049250313e-16,2.220446049250313e-16,2.220446049250313e-16
28.0,2.220446049250313e-16,2.220446049250313e-16,2.220446049250313e-16,0.4984881558869096,2.220446049250313e-16,2.220446049250313e-16,2.220446049250313e-16,0.46674296133221954,2.220446049250313e-16,0.528835433357442
29.0,2.220446049250313e-16,2.220446049250313e-16,0.05601296654722642,1.0051567053087576,2.220446049250313e-16,0.007839404796862407,2.220446049250313e-16,2.220446049250313e-16,2.220446049250313e-16,0.0007470910741517137
30.0,2.220446049250313e-16,2.220446049250313e-16,0.05601296654722642,1.0051567053087576,2.220446049250313e-16,0.007839404796862407,2.220446049250313e-16,2.220446049250313e-16,2.220446049250313e-16,0.0007470910741517137
31.0,2.220446049250313e-16,0.48147174199196513,2.220446049250313e-16,2.220446049250313e-16,2.220446049250313e-16,2.220446049250313e-16,2.220446049250313e-16,0.8291436016349665,2.220446049250313e-16,0.5022545085714998
32.0,2.220446049250313e-16,0.48147174199196513,2.220446049250313e-16,2.220446049250313e-16,2.220446049250313e-16,2.220446049250313e-16,2.220446049250313e-16,0.8291436016349665,2.220446049250313e-16,0.5022545085714998
33.0,0.611164962776396,1.9081958235744878e-17,0.7100443079267131,0.23670524142516775,2.220446049250313e-16,0.0040418795911569905,0.2872545746825072,0.0025483581503542166,2.220446049250313e-16,2.220446049250313e-16
34.0,2.220446049250313e-16,2.220446049250313e-16,2.220446049250313e-16,0.1610180245011536,0.7013475456254085,0.1465395318113272,0.4616321153891248,2.220446049250313e-16,2.220446049250313e-16,0.457757081051587
35.0,0.5896727807177221,1.1102230246251565e-16,2.220446049250313e-16,2.220446049250313e-16,0.011591912521117317,0.7579945615292017,2.220446049250313e-16,2.220446049250313e-16,0.46191839613300595,2.220446049250313e-16
36.0,0.5896727807177221,1.1102230246251565e-16,2.220446049250313e-16,2.220446049250313e-16,0.011591912521117317,0.7579945615292017,2.220446049250313e-16,2.220446049250313e-16,0.46191839613300595,2.220446049250313e-16
37.0,0.5896727807177221,1.1102230246251565e-16,2.220446049250313e-16,2.220446049250313e-16,0.011591912521117317,0.7579945615292017,2.220446049250313e-16,2.220446049250313e-16,0.46191839613300595,2.220446049250313e-16
38.0,0.3760762393291863,1.1102230246251565e-16,0.6121774209897123,2.220446049250313e-16,0.35087889077814644,0.18293170539115866,0.46766806480029494,0.0037173194212195408,2.220446049250313e-16,2.220446049250313e-16
39.0,2.220446049250313e-16,2.220446049250313e-16,2.220446049250313e-16,2.220446049250313e-16,0.6948611281051502,0.7194785317339946,0.1751404538513315,2.220446049250313e-16,2.220446049250313e-16,2.220446049250313e-16
40.0,2.220446049250313e-16,0.48147174199196513,0.31343009389183824,2.220446049250313e-16,0.7167314119691514,0.35411769752243655,0.17256813608326335,2.220446049250313e-16,2.220446049250313e-16,2.220446049250313e-16
41.0,2.220446049250313e-16,2.220446049250313e-16,2.220446049250313e-16,0.11932416371163458,0.5958282314867308,0.7546667201106233,2.220446049250313e-16,2.220446049250313e-16,2.220446049250313e-16,2.220446049250313e-16
42.0,2.220446049250313e-16,2.220446049250313e-16,2.220446049250313e-16,0.11932416371163458,0.5958282314867308,0.7546667201106233,2.220446049250313e-16,2.220446049250313e-16,2.220446049250313e-16,2.220446049250313e-16
43.0,2.220446049250313e-16,2.220446049250313e-16,2.220446049250313e-16,0.4984881558869096,2.220446049250313e-16,2.220446049250313e-16,2.220446049250313e-16,0.46674296133221954,2.220446049250313e-16,0.528835433357442
44.0,2.220446049250313e-16,2.220446049250313e-16,0.05601296654722642,1.0051567053087576,2.220446049250313e-16,0.007839404796862407,2.220446049250313e-16,2.220446049250313e-16,2.220446049250313e-16,0.0007470910741517137
45.0,2.220446049250313e-16,2.220446049250313e-16,0.05601296654722642,1.0051567053087576,2.220446049250313e-16,0.007839404796862407,2.220446049250313e-16,2.220446049250313e-16,2.220446049250313e-16,0.0007470910741517137
46.0,2.220446049250313e-16,0.48147174199196513,2.220446049250313e-16,2.220446049250313e-16,2.220446049250313e-16,2.220446049250313e-16,2.220446049250313e-16,0.8291436016349665,2.220446049250313e-16,0.5022545085714998
47.0,2.220446049250313e-16,0.48147174199196513,2.220446049250313e-16,2.220446049250313e-16,2.220446049250313e-16,2.220446049250313e-16,2.220446049250313e-16,0.8291436016349665,2.220446049250313e-16,0.5022545085714998
48.0,0.611164962776396,1.9081958235744878e-17,0.7100443079267131,0.23670524142516775,2.220446049250313e-16,0.0040418795911569905,0.2872545746825072,0.0025483581503542166,2.220446049250313e-16,2.220446049250313e-16
49.0,2.220446049250313e-16,2.220446049250313e-16,2.220446049250313e-16,0.1610180245011536,0.7013475456254085,0.1465395318113272,0.4616321153891248,2.220446049250313e-16,2.220446049250313e-16,0.457757081051587
50.0,0.5896727807177221,1.1102230246251565e-16,2.220446049250313e-16,2.220446049250313e-16,0.011591912521117317,0.7579945615292017,2.220446049250313e-16,2.220446049250313e-16,0.46191839613300595,2.220446049250313e-16
51.0,0.5896727807177221,1.1102230246251565e-16,2.220446049250313e-16,2.220446049250313e-16,0.011591912521117317,0.7579945615292017,2.220446049250313e-16,2.220446049250313e-16,0.46191839613300595,2.220446049250313e-16
52.0,0.5896727807177221,1.1102230246251565e-16,2.220446049250313e-16,2.220446049250313e-16,0.011591912521117317,0.7579945615292017,2.220446049250313e-16,2.220446049250313e-16,0.46191839613300595,2.220446049250313e-16
53.0,0.3760762393291863,1.1102230246251565e-16,0.6121774209897123,2.220446049250313e-16,0.35087889077814644,0.18293170539115866,0.46766806480029494,0.0037173194212195408,2.220446049250313e-16,2.220446049250313e-16
54.0,2.220446049250313e-16,2.220446049250313e-16,2.220446049250313e-16,2.220446049250313e-16,0.6948611281051502,0.7194785317339946,0.1751404538513315,2.220446049250313e-16,2.220446049250313e-16,2.220446049250313e-16
55.0,2.220446049250313e-16,0.48147174199196513,0.31343009389183824,2.220446049250313e-16,0.7167314119691514,0.35411769752243655,0.17256813608326335,2.220446049250313e-16,2.220446049250313e-16,2.220446049250313e-16
56.0,2.220446049250313e-16,2.220446049250313e-16,2.220446049250313e-16,0.11932416371163458,0.5958282314867308,0.7546667201106233,2.220446049250313e-16,2.220446049250313e-16,2.220446049250313e-16,2.220446049250313e-16
57.0,2.220446049250313e-16,2.220446049250313e-16,2.220446049250313e-16,0.11932416371163458,0.5958282314867308,0.7546667201106233,2.220446049250313e-16,2.220446049250313e-16,2.220446049250313e-16,2.220446049250313e-16
58.0,2.220446049250313e-16,2.220446049250313e-16,2.220446049250313e-16,0.4984881558869096,2.220446049250313e-16,2.220446049250313e-16,2.220446049250313e-16,0.46674296133221954,2.220446049250313e-16,0.528835433357442
59.0,2.220446049250313e-16,2.220446049250313e-16,0.05601296654722642,1.0051567053087576,2.220446049250313e-16,0.007839404796862407,2.220446049250313e-16,2.220446049250313e-16,2.220446049250313e-16,0.0007470910741517137
60.0,2.220446049250313e-16,2.220446049250313e-16,0.05601296654722642,1.0051567053087576,2.220446049250313e-16,0.007839404796862407,2.220446049250313e-16,2.220446049250313e-16,2.220446049250313e-16,0.0007470910741517137
61.0,2.220446049250313e-16,0.48147174199196513,2.220446049250313e-16,2.220446049250313e-16,2.220446049250313e-16,2.220446049250313e-16,2.220446049250313e-16,0.8291436016349665,2.220446049250313e-16,0.5022545085714998
62.0,2.220446049250313e-16,0.48147174199196513,2.220446049250313e-16,2.220446049250313e-16,2.220446049250313e-16,2.220446049250313e-16,2.220446049250313e-16,0.8291436016349665,2.220446049250313e-16,0.5022545085714998
