19 0.3858493217128052 0.23625520509545866 0.2813835823988842 0.14909915703789203 0.3278586715394195 0.06589431115630541 0.3038505019931846 0.38408856696860516 0.5105644219727123 0.35609263393038776 0.3885970055970145 0.06589431110903275 0.2362552036596633 0.17694026957440745 0.38793100804405706 0.4580301141003656 0.23625520435581948 0.3278586726115146 0.43067088002854287 0.056520971080458546
20 0.207299905781682 0.31498307323439373 0.20036840960760352 0.1982042466744652 0.4463143655397782 0.22657551993004285 0.25339662359279896 0.22502063617376616 0.3719994424624648 0.45483152726348364 0.2552700197448739 0.22657552014495413 0.3149830728494587 0.23077539779777254 0.4977044638546846 0.2870520395651585 0.3149830731803987 0.4463143655306184 0.3368375212164739 0.23832274394848155
1 0.4215986686969001 0.2816354973543099 0.3706735752634756 0.20305524372570097 0.29225864560387976 0.07552963692101987 0.3310603042688778 0.3451847983664697 0.34839186808040423 0.2937968504647449 0.48097003753717876 0.07552963696709644 0.28163549677139366 0.25244244131566723 0.2825142550559444 0.5349050704936553 0.28163549718099035 0.2922586462455621 0.3464590149009668 0.07714261468326916
63 0.16720820204510264 0.3355261694218748 0.16851132984897269 0.8133966304927968 0.22133264918815931 0.3010988492565039 0.22668119510509113 0.13825380837798779 0.12816627617286883 0.19369855686508727 0.24686099874008757 0.3010988494723949 0.3355261693368072 0.5873422187945395 0.1715353113895367 0.2030552437257406 0.3355261691088622 0.2213326490644751 0.15456106911499687 0.20025025157545706
14 0.4683350168014551 0.38104642075349227 0.3496783757990049 0.29859787029518 0.21517255026454588 0.03234640174355367 0.5567395419828098 0.46757590640322644 0.25418710648540077 0.16391930041852867 0.3974305443233916 0.03234640195552825 0.38104642120054555 0.16254571694613987 0.16643319608333193 0.2958757824944528 0.3810464211570565 0.2151725497236377 0.34043032538731055 0.058071430639523844
62 0.38713982791564006 0.317707357016469 0.4211127550696729 0.6744223246291834 0.12703385263379857 0.03913703482597017 0.5234832143907874 0.3065781277318165 0.07767291501216682 0.15020986197650157 0.36931020135490433 0.03913703327296572 0.31770734134184764 0.48917073136002165 0.1715226958848172 0.2310414749278304 0.31770734599944417 0.12703386766394345 0.08029077013359831 0.11853361462445026
69 0.0010341461619385317 0.15535982253503455 0.05711321277183856 0.20025025157563903 0.21991671809894342 0.6197838041092183 0.058471880432740875 -0.004858267456683052 0.051046531777842574 0.2790730583935783 0.06387531582322403 0.6197838044502078 0.15535982299045958 0.32035651623959893 0.30873544917824347 0.07714261468367212 0.15535982245779145 0.21991671813162839 0.0455505365365525 0.8516186477047825
67 0.0010341461619385317 0.15535982253503455 0.05711321277183856 0.20025025157563903 0.21991671809894342 0.6197838041092183 0.058471880432740875 -0.004858267456683052 0.051046531777842574 0.2790730583935783 0.06387531582322403 0.6197838044502078 0.15535982299045958 0.32035651623959893 0.30873544917824347 0.07714261468367212 0.15535982245779145 0.21991671813162839 0.0455505365365525 0.8516186477047825
21 0.5607688455001808 0.23806169479903144 0.4721067417364329 0.5001522103926074 -0.05688901757280172 -0.01960952804674765 0.7234395327545503 0.43592799921271913 0.051648010705779235 -0.01726965418864683 0.38952543726488964 -0.01960953038788593 0.23806167079055413 0.18873795245879194 0.3344592399871311 0.11933079762722343 0.23806167788772722 -0.05688899327534091 -0.055042379521702926 0.048899003054949916
57 -0.0040125585384673396 0.23803757067989165 0.013440546363234366 0.3010988493550266 0.23542770130891028 0.7099178150620841 0.04250253058475898 -0.008048710500005161 0.053431785486931886 0.24178915466863912 0.0664354753393225 0.7099178153773887 0.23803757094187833 0.32985252158013445 0.22764483238289887 0.07552963696150727 0.23803757051655436 0.23542770103715382 0.0476932751516935 0.6197838044753884
44 0.1416678580329891 0.2975134352045048 0.33792571682049566 0.587342218794511 0.26366391238978537 0.32985252132246323 0.17986547892311874 0.11849054967150872 0.14491031013697647 0.2885406226358464 0.23758496423445719 0.3298525216235308 0.297513434995154 0.6672568156400693 0.24130080500994183 0.25244244131577537 0.29751343488857956 0.26366391257311694 0.14722091905581647 0.320356516239262
15 0.23071915519116235 0.4085535110002425 0.181551521414698 0.26527147697922115 0.4171437478845702 0.23150209251580922 0.3158326492193062 0.24078475627479548 0.30457975428829326 0.3737849201247713 0.293212545828022 0.23150209277661268 0.40855351063427664 0.25482593537912146 0.3553538084567967 0.2877364673304435 0.4085535107271712 0.4171437482684659 0.3301084419676832 0.16830032814886525
17 0.21389570162803997 0.3530591031000437 0.21041463076118294 0.22133264914402806 0.4346209514378348 0.23542770107518604 0.2750486967184458 0.22827049008370137 0.3379020144710262 0.43026246580878325 0.2709735744651495 0.23542770124674423 0.3530591028177444 0.26366391241744536 0.43322518607472255 0.292258645907295 0.3530591029496695 0.43462095194748085 0.3269865299507571 0.2199167178617731
4 0.43885505096295224 0.3494220602098302 0.3605772651951728 0.22668119510501553 0.2750486969324475 0.0425025304980263 0.48694282557705587 0.4614377383020783 0.33565717333807404 0.23606293604683068 0.3767924264779812 0.04250253060493378 0.3494220598125084 0.1798654789230026 0.2061719078515395 0.33106030426881644 0.34942205998650483 0.27504869699020296 0.39562819935547644 0.058471880432292254
61 0.38713982791564006 0.317707357016469 0.4211127550696729 0.6744223246291834 0.12703385263379857 0.03913703482597017 0.5234832143907874 0.3065781277318165 0.07767291501216682 0.15020986197650157 0.36931020135490433 0.03913703327296572 0.31770734134184764 0.48917073136002165 0.1715226958848172 0.2310414749278304 0.31770734599944417 0.12703386766394345 0.08029077013359831 0.11853361462445026
2 0.45579770939658637 0.3133847813053937 0.33901263843674867 0.2468609987399743 0.270973574151992 0.06643547514843355 0.37679242647800504 0.3607623151178117 0.3044155099118664 0.2502027444933608 0.5316274229670108 0.06643547523529753 0.31338478070252235 0.23758496423434405 0.22742583847997924 0.48097003753714956 0.31338478087497385 0.2709735751780544 0.33536023752664296 0.06387531582282714
29 -0.0040125585384673396 0.23803757067989165 0.013440546363234366 0.3010988493550266 0.23542770130891028 0.7099178150620841 0.04250253058475898 -0.008048710500005161 0.053431785486931886 0.24178915466863912 0.0664354753393225 0.7099178153773887 0.23803757094187833 0.32985252158013445 0.22764483238289887 0.07552963696150727 0.23803757051655436 0.23542770103715382 0.0476932751516935 0.6197838044753884
32 0.4736717640057656 0.39489079088572254 0.4272774618316644 0.414795903860297 0.10431401158777727 0.029699572315266137 0.6188767227940178 0.42240520574062945 0.1331764106505077 0.10190594211592652 0.406996016217955 0.029699572614526493 0.394890791200786 0.19876646552212543 0.16418937631132888 0.2455030832908665 0.3948907912723881 0.10431401112726336 0.19717893386543547 0.0940828215553789
42 0.4495792434490837 0.21621468478534617 0.6196134035417029 0.2118200604203406 0.24757876744117857 -0.004947029956617344 0.41418305019635837 0.4642678867550884 0.35496675525895566 0.28111434789857787 0.3533938863731668 -0.004947031002038934 0.21621467257709118 0.29875278359607094 0.20584385915057848 0.3732527802688189 0.21621467634529246 0.2475787787638769 0.34182023519438254 0.026281606248666586
47 0.4094432028582895 0.2116628425131539 0.797453512800988 0.1685113298489854 0.21041463039572794 0.013440546344263653 0.36057726519522504 0.39959860501138755 0.27435361305334344 0.2562376293843206 0.3390126384367669 0.013440546297969971 0.21166284180219666 0.33792571682050554 0.24658227771980146 0.3706735752635218 0.21166284216767947 0.21041463146284986 0.28897240251428263 0.057113212771570464
25 0.21389570162803997 0.3530591031000437 0.21041463076118294 0.22133264914402806 0.4346209514378348 0.23542770107518604 0.2750486967184458 0.22827049008370137 0.3379020144710262 0.43026246580878325 0.2709735744651495 0.23542770124674423 0.3530591028177444 0.26366391241744536 0.43322518607472255 0.292258645907295 0.3530591029496695 0.43462095194748085 0.3269865299507571 0.2199167178617731
52 -0.0040125585384673396 0.23803757067989165 0.013440546363234366 0.3010988493550266 0.23542770130891028 0.7099178150620841 0.04250253058475898 -0.008048710500005161 0.053431785486931886 0.24178915466863912 0.0664354753393225 0.7099178153773887 0.23803757094187833 0.32985252158013445 0.22764483238289887 0.07552963696150727 0.23803757051655436 0.23542770103715382 0.0476932751516935 0.6197838044753884
68 0.1776548344514724 0.26444170595894617 0.30273116515469733 0.17703813193766185 0.4152963845010106 0.2476459710194046 0.2019073459504565 0.19074799042456966 0.3632332918580422 0.4887066589969366 0.2320490337463191 0.24764597134173416 0.2644417056354138 0.3156253383090249 0.5369706349955687 0.29239842218962264 0.26444170572505954 0.41529638493914933 0.2849279410030761 0.33414710938185926
66 0.6181883232888393 0.15836392237173222 0.5970240635603091 0.16000143462721653 0.13005567426046605 -0.03407880826672283 0.5226886354766235 0.6416370890238385 0.26907749490114363 0.09170965538292647 0.3709043230240826 -0.03407880985826719 0.15836390697334043 0.11278567103027787 0.14409349149223247 0.299794400663534 0.15836391171591058 0.13005568938598924 0.30911084365754676 -0.04713012555568891
45 0.23813202010000015 0.4681638806285128 0.21166284221616757 0.3355261693524215 0.35305910317758576 0.2380375703149474 0.34942206010937227 0.23655709473112002 0.24099903355019775 0.304857618409438 0.31338478097173833 0.23803757061581657 0.46816388017180205 0.29751343517592144 0.2525786838178345 0.2816354971108573 0.46816388032650635 0.35305910318675754 0.2875890538174003 0.15535982278083513
7 0.3999320863777536 0.2875890540830399 0.28897240251424755 0.15456106911533005 0.32698652977727555 0.04769327517407697 0.3956281993569861 0.45655091420116795 0.4809021468235217 0.3079364448460708 0.33536023752806354 0.04769327515812185 0.2875890534448099 0.14722091905600015 0.3139396518428132 0.34645901490230113 0.28758905374515803 0.3269865301267752 0.46934917817180155 0.04555053653629879
60 0.4016349151741962 0.3172933231179933 0.36553447170441494 0.37386321617262386 0.3033415745720964 0.04709384405826323 0.45481303486198904 0.40810614828702657 0.3106950167217258 0.2958056388097322 0.3659140324726676 0.047093843005008656 0.3172933104251604 0.34465273222583415 0.18873010216696112 0.33683914662646713 0.3172933142019022 0.30334158682554646 0.3310648868001101 0.06762701896303339
12 0.4683350168014551 0.38104642075349227 0.3496783757990049 0.29859787029518 0.21517255026454588 0.03234640174355367 0.5567395419828098 0.46757590640322644 0.25418710648540077 0.16391930041852867 0.3974305443233916 0.03234640195552825 0.38104642120054555 0.16254571694613987 0.16643319608333193 0.2958757824944528 0.3810464211570565 0.2151725497236377 0.34043032538731055 0.058071430639523844
18 0.5114432915494384 0.23655709509991563 0.3995986050115445 0.13825380837805923 0.22827048993557325 -0.008048710659513073 0.46143773830238916 0.5739930270036793 0.4335493947413391 0.2100634065046259 0.3607623151179677 -0.008048710523089751 0.23655709433281683 0.11849054967174609 0.20278458440651984 0.3451847983666696 0.23655709466473937 0.22827049055337983 0.45655091420091565 -0.004858267457291302
30 0.23813202010000015 0.4681638806285128 0.21166284221616757 0.3355261693524215 0.35305910317758576 0.2380375703149474 0.34942206010937227 0.23655709473112002 0.24099903355019775 0.304857618409438 0.31338478097173833 0.23803757061581657 0.46816388017180205 0.29751343517592144 0.2525786838178345 0.2816354971108573 0.46816388032650635 0.35305910318675754 0.2875890538174003 0.15535982278083513
34 -0.013218991464444083 0.3291397336186058 -0.016418140843121754 0.41830538370014775 0.23664348162560844 0.7411758421224135 0.017560954791176888 -0.02301657250216808 0.09016268499349518 0.1541379739533653 0.066926171558136 0.741175840717191 0.3291397173644205 0.2745835724581653 0.1471499286174627 0.07067509864815036 0.329139722000638 0.23664349797480475 0.042922185487643635 0.3844506288675227
36 0.5815089408282754 0.199832231115635 0.6241748851414951 0.18937991615554495 0.14840608451551165 -0.027172143572647755 0.5317651322062503 0.5849147921272205 0.24071346306266736 0.11833217688994582 0.3812925786562121 -0.027172144789021767 0.1998322182552828 0.15449581074581661 0.1536495931407657 0.3087095879572762 0.19983222236317438 0.14840609677105768 0.2930400359907597 -0.013563605426244175
38 -0.0003470644515816573 0.18566513325345302 0.03908942297571522 0.2364627179880466 0.22734626921251255 0.6605791504924671 0.053271989622151135 -0.004542910511785395 0.048040563295357344 0.2710073026804259 0.06501939718905254 0.6605791513500168 0.18566513544140784 0.33140466987140554 0.2780814766557528 0.07693029792112088 0.18566513444398383 0.22734626720644563 0.046948581933886575 0.7648010529759172
58 -0.0040125585384673396 0.23803757067989165 0.013440546363234366 0.3010988493550266 0.23542770130891028 0.7099178150620841 0.04250253058475898 -0.008048710500005161 0.053431785486931886 0.24178915466863912 0.0664354753393225 0.7099178153773887 0.23803757094187833 0.32985252158013445 0.22764483238289887 0.07552963696150727 0.23803757051655436 0.23542770103715382 0.0476932751516935 0.6197838044753884
64 0.16720820204510264 0.3355261694218748 0.16851132984897269 0.8133966304927968 0.22133264918815931 0.3010988492565039 0.22668119510509113 0.13825380837798779 0.12816627617286883 0.19369855686508727 0.24686099874008757 0.3010988494723949 0.3355261693368072 0.5873422187945395 0.1715353113895367 0.2030552437257406 0.3355261691088622 0.2213326490644751 0.15456106911499687 0.20025025157545706
35 0.19524279223288737 0.30485761845977977 0.2562376293843696 0.19369855686537016 0.4302624661249324 0.24178915446804408 0.23606293604745715 0.2100634065047599 0.35521081410653593 0.4683447756519512 0.25020274449393826 0.24178915474964952 0.3048576183734162 0.288540622636261 0.4924013717169509 0.29379685046490395 0.30485761841350634 0.4302624661045259 0.3079364448450513 0.2790730583931885
0 0.5626087345370502 0.2381320204715976 0.4094432028585343 0.16720820204520404 0.21389570139406108 -0.00401255858612532 0.4388550509630269 0.5114432915497472 0.36617764864401386 0.19524279223084465 0.4557977093966151 -0.004012558545668541 0.23813201974312156 0.14166785803273504 0.18527342769454322 0.42159866869690976 0.23813202012389223 0.2138957019113979 0.39993208637358724 0.0010341461622700244
23 -0.0040125585384673396 0.23803757067989165 0.013440546363234366 0.3010988493550266 0.23542770130891028 0.7099178150620841 0.04250253058475898 -0.008048710500005161 0.053431785486931886 0.24178915466863912 0.0664354753393225 0.7099178153773887 0.23803757094187833 0.32985252158013445 0.22764483238289887 0.07552963696150727 0.23803757051655436 0.23542770103715382 0.0476932751516935 0.6197838044753884
53 0.2077416451623418 0.39082271991997897 0.28972297366741223 0.25809614013640486 0.3850461195514287 0.2611225202532553 0.28343705008132625 0.21194189940355132 0.27037352930531294 0.39770523408083236 0.2841436219410595 0.2611225205795818 0.39082271956911696 0.3675610650654779 0.3419185489017308 0.30071051533292653 0.3908227195939476 0.3850461198960375 0.2737697681925826 0.2460107068535679
54 0.18527342769547558 0.25257868386070337 0.24658227771965796 0.17153531138957473 0.4332251862177693 0.22764483215213277 0.2061719078516572 0.2027845844064937 0.3987413685030873 0.49240137171650333 0.22742583848038597 0.22764483235040545 0.25257868359721297 0.24130080501002255 0.5799356223675562 0.28251425505622296 0.25257868390509536 0.4332251859956037 0.3139396518431245 0.30873544917759826
24 -0.0040125585384673396 0.23803757067989165 0.013440546363234366 0.3010988493550266 0.23542770130891028 0.7099178150620841 0.04250253058475898 -0.008048710500005161 0.053431785486931886 0.24178915466863912 0.0664354753393225 0.7099178153773887 0.23803757094187833 0.32985252158013445 0.22764483238289887 0.07552963696150727 0.23803757051655436 0.23542770103715382 0.0476932751516935 0.6197838044753884
39 0.17878431836424802 0.32109081812229257 0.36167655788272346 0.2136640334877278 0.3802670889199568 0.2742401746376163 0.2247930768362444 0.18275725477426105 0.2884621746835669 0.4431758559155984 0.2549635970872247 0.27424017474287854 0.32109081756319924 0.41738138427892235 0.4188912966870179 0.30420459407572925 0.32109081802558254 0.38026708925472075 0.24790277246315048 0.33230604842756956
41 0.38713982791564006 0.317707357016469 0.4211127550696729 0.6744223246291834 0.12703385263379857 0.03913703482597017 0.5234832143907874 0.3065781277318165 0.07767291501216682 0.15020986197650157 0.36931020135490433 0.03913703327296572 0.31770734134184764 0.48917073136002165 0.1715226958848172 0.2310414749278304 0.31770734599944417 0.12703386766394345 0.08029077013359831 0.11853361462445026
27 0.36617764864276275 0.24099903387638658 0.2743536130541679 0.12816627617352735 0.3379020145084043 0.053431785402109244 0.33565717333815936 0.4335493947421895 0.5578466087219601 0.3552108141067861 0.30441550991221156 0.053431785559836714 0.24099903342759116 0.14491031013722805 0.3987413685042388 0.3483918680807127 0.24099903378455934 0.33790201448200474 0.4809021468225545 0.05104653177807175
37 -0.0003470644515816573 0.18566513325345302 0.03908942297571522 0.2364627179880466 0.22734626921251255 0.6605791504924671 0.053271989622151135 -0.004542910511785395 0.048040563295357344 0.2710073026804259 0.06501939718905254 0.6605791513500168 0.18566513544140784 0.33140466987140554 0.2780814766557528 0.07693029792112088 0.18566513444398383 0.22734626720644563 0.046948581933886575 0.7648010529759172
59 -0.0040125585384673396 0.23803757067989165 0.013440546363234366 0.3010988493550266 0.23542770130891028 0.7099178150620841 0.04250253058475898 -0.008048710500005161 0.053431785486931886 0.24178915466863912 0.0664354753393225 0.7099178153773887 0.23803757094187833 0.32985252158013445 0.22764483238289887 0.07552963696150727 0.23803757051655436 0.23542770103715382 0.0476932751516935 0.6197838044753884
11 0.23071915519116235 0.4085535110002425 0.181551521414698 0.26527147697922115 0.4171437478845702 0.23150209251580922 0.3158326492193062 0.24078475627479548 0.30457975428829326 0.3737849201247713 0.293212545828022 0.23150209277661268 0.40855351063427664 0.25482593537912146 0.3553538084567967 0.2877364673304435 0.4085535107271712 0.4171437482684659 0.3301084419676832 0.16830032814886525
6 0.43885505096295224 0.3494220602098302 0.3605772651951728 0.22668119510501553 0.2750486969324475 0.0425025304980263 0.48694282557705587 0.4614377383020783 0.33565717333807404 0.23606293604683068 0.3767924264779812 0.04250253060493378 0.3494220598125084 0.1798654789230026 0.2061719078515395 0.33106030426881644 0.34942205998650483 0.27504869699020296 0.39562819935547644 0.058471880432292254
48 -0.0040125585384673396 0.23803757067989165 0.013440546363234366 0.3010988493550266 0.23542770130891028 0.7099178150620841 0.04250253058475898 -0.008048710500005161 0.053431785486931886 0.24178915466863912 0.0664354753393225 0.7099178153773887 0.23803757094187833 0.32985252158013445 0.22764483238289887 0.07552963696150727 0.23803757051655436 0.23542770103715382 0.0476932751516935 0.6197838044753884
3 0.43075482469131204 0.28448020740152835 0.2897615945871788 0.19495323447741103 0.3087478507601206 0.06215489757752019 0.354704844939946 0.39005446370761404 0.4163651058920381 0.3031920170007485 0.46589433900984023 0.06215489755789435 0.28448020606160157 0.1917980912334008 0.29169937729330475 0.45316446644350256 0.2844802067317229 0.30874785183544673 0.4015746562560094 0.05021670893721734
51 0.5771358319683322 0.2795878273045985 0.4893462403313959 0.2924357976135071 0.1206954620292525 -0.017933903643585332 0.6284380305922461 0.5515002046913547 0.1781971391878705 0.0783459063636209 0.40834096396525127 -0.01793390483570682 0.2795878163172956 0.14487899233716078 0.1589956005795753 0.2615745438254286 0.2795878195336011 0.12069547316040241 0.24171695436620474 0.028467041620819113
10 0.4683350168014551 0.38104642075349227 0.3496783757990049 0.29859787029518 0.21517255026454588 0.03234640174355367 0.5567395419828098 0.46757590640322644 0.25418710648540077 0.16391930041852867 0.3974305443233916 0.03234640195552825 0.38104642120054555 0.16254571694613987 0.16643319608333193 0.2958757824944528 0.3810464211570565 0.2151725497236377 0.34043032538731055 0.058071430639523844
13 0.23071915519116235 0.4085535110002425 0.181551521414698 0.26527147697922115 0.4171437478845702 0.23150209251580922 0.3158326492193062 0.24078475627479548 0.30457975428829326 0.3737849201247713 0.293212545828022 0.23150209277661268 0.40855351063427664 0.25482593537912146 0.3553538084567967 0.2877364673304435 0.4085535107271712 0.4171437482684659 0.3301084419676832 0.16830032814886525
16 0.43885505096295224 0.3494220602098302 0.3605772651951728 0.22668119510501553 0.2750486969324475 0.0425025304980263 0.48694282557705587 0.4614377383020783 0.33565717333807404 0.23606293604683068 0.3767924264779812 0.04250253060493378 0.3494220598125084 0.1798654789230026 0.2061719078515395 0.33106030426881644 0.34942205998650483 0.27504869699020296 0.39562819935547644 0.058471880432292254
33 0.21389570162803997 0.3530591031000437 0.21041463076118294 0.22133264914402806 0.4346209514378348 0.23542770107518604 0.2750486967184458 0.22827049008370137 0.3379020144710262 0.43026246580878325 0.2709735744651495 0.23542770124674423 0.3530591028177444 0.26366391241744536 0.43322518607472255 0.292258645907295 0.3530591029496695 0.43462095194748085 0.3269865299507571 0.2199167178617731
9 0.23071915519116235 0.4085535110002425 0.181551521414698 0.26527147697922115 0.4171437478845702 0.23150209251580922 0.3158326492193062 0.24078475627479548 0.30457975428829326 0.3737849201247713 0.293212545828022 0.23150209277661268 0.40855351063427664 0.25482593537912146 0.3553538084567967 0.2877364673304435 0.4085535107271712 0.4171437482684659 0.3301084419676832 0.16830032814886525
40 0.371578002001349 0.28685841772660525 0.41325402397761535 0.2913046230622861 0.32878657553729423 0.05884580351855423 0.3926288341540135 0.39156916932212726 0.3746425351081046 0.3512186097510827 0.34369222544918 0.05884580261194041 0.28685840715075395 0.3451740943904071 0.24796109340899614 0.36062617616626846 0.2868584104156753 0.3287865856883137 0.3587567416676062 0.08227440623324674
50 0.21389570162803997 0.3530591031000437 0.21041463076118294 0.22133264914402806 0.4346209514378348 0.23542770107518604 0.2750486967184458 0.22827049008370137 0.3379020144710262 0.43026246580878325 0.2709735744651495 0.23542770124674423 0.3530591028177444 0.26366391241744536 0.43322518607472255 0.292258645907295 0.3530591029496695 0.43462095194748085 0.3269865299507571 0.2199167178617731
28 -0.0040125585384673396 0.23803757067989165 0.013440546363234366 0.3010988493550266 0.23542770130891028 0.7099178150620841 0.04250253058475898 -0.008048710500005161 0.053431785486931886 0.24178915466863912 0.0664354753393225 0.7099178153773887 0.23803757094187833 0.32985252158013445 0.22764483238289887 0.07552963696150727 0.23803757051655436 0.23542770103715382 0.0476932751516935 0.6197838044753884
46 0.2077416451623418 0.39082271991997897 0.28972297366741223 0.25809614013640486 0.3850461195514287 0.2611225202532553 0.28343705008132625 0.21194189940355132 0.27037352930531294 0.39770523408083236 0.2841436219410595 0.2611225205795818 0.39082271956911696 0.3675610650654779 0.3419185489017308 0.30071051533292653 0.3908227195939476 0.3850461198960375 0.2737697681925826 0.2460107068535679
43 0.1416678580329891 0.2975134352045048 0.33792571682049566 0.587342218794511 0.26366391238978537 0.32985252132246323 0.17986547892311874 0.11849054967150872 0.14491031013697647 0.2885406226358464 0.23758496423445719 0.3298525216235308 0.297513434995154 0.6672568156400693 0.24130080500994183 0.25244244131577537 0.29751343488857956 0.26366391257311694 0.14722091905581647 0.320356516239262
26 0.5550358442260775 0.27501192152517767 0.5879640065524193 0.3022221813074026 0.11533563263218967 -0.01301750199642187 0.609283229150388 0.510259557781534 0.13582804651751137 0.08901193813048312 0.4048362036879608 -0.013017503140632384 0.27501190989154367 0.1974262727809477 0.1669798780464749 0.2671870670856825 0.2750119135682064 0.1153356440124165 0.19756848644541308 0.04381607915566135
56 0.5607688455001808 0.23806169479903144 0.4721067417364329 0.5001522103926074 -0.05688901757280172 -0.01960952804674765 0.7234395327545503 0.43592799921271913 0.051648010705779235 -0.01726965418864683 0.38952543726488964 -0.01960953038788593 0.23806167079055413 0.18873795245879194 0.3344592399871311 0.11933079762722343 0.23806167788772722 -0.05688899327534091 -0.055042379521702926 0.048899003054949916
8 0.416515169202387 0.3165559127514615 0.3312461899622407 0.18123291080505047 0.30961661564568077 0.04667236401544066 0.43419977080368316 0.45852745837879405 0.4152571655682839 0.2821869606819489 0.3549410110606888 0.0466723639869456 0.31655591193478694 0.16856216132829802 0.2605965948034087 0.344847423520885 0.316555912294303 0.3096166163587874 0.43862555760774896 0.052700612450852495
5 0.23071915519116235 0.4085535110002425 0.181551521414698 0.26527147697922115 0.4171437478845702 0.23150209251580922 0.3158326492193062 0.24078475627479548 0.30457975428829326 0.3737849201247713 0.293212545828022 0.23150209277661268 0.40855351063427664 0.25482593537912146 0.3553538084567967 0.2877364673304435 0.4085535107271712 0.4171437482684659 0.3301084419676832 0.16830032814886525
49 -0.0040125585384673396 0.23803757067989165 0.013440546363234366 0.3010988493550266 0.23542770130891028 0.7099178150620841 0.04250253058475898 -0.008048710500005161 0.053431785486931886 0.24178915466863912 0.0664354753393225 0.7099178153773887 0.23803757094187833 0.32985252158013445 0.22764483238289887 0.07552963696150727 0.23803757051655436 0.23542770103715382 0.0476932751516935 0.6197838044753884
22 -0.0040125585384673396 0.23803757067989165 0.013440546363234366 0.3010988493550266 0.23542770130891028 0.7099178150620841 0.04250253058475898 -0.008048710500005161 0.053431785486931886 0.24178915466863912 0.0664354753393225 0.7099178153773887 0.23803757094187833 0.32985252158013445 0.22764483238289887 0.07552963696150727 0.23803757051655436 0.23542770103715382 0.0476932751516935 0.6197838044753884
31 0.23813202010000015 0.4681638806285128 0.21166284221616757 0.3355261693524215 0.35305910317758576 0.2380375703149474 0.34942206010937227 0.23655709473112002 0.24099903355019775 0.304857618409438 0.31338478097173833 0.23803757061581657 0.46816388017180205 0.29751343517592144 0.2525786838178345 0.2816354971108573 0.46816388032650635 0.35305910318675754 0.2875890538174003 0.15535982278083513
55 0.21389570162803997 0.3530591031000437 0.21041463076118294 0.22133264914402806 0.4346209514378348 0.23542770107518604 0.2750486967184458 0.22827049008370137 0.3379020144710262 0.43026246580878325 0.2709735744651495 0.23542770124674423 0.3530591028177444 0.26366391241744536 0.43322518607472255 0.292258645907295 0.3530591029496695 0.43462095194748085 0.3269865299507571 0.2199167178617731
65 0.18527342769547558 0.25257868386070337 0.24658227771965796 0.17153531138957473 0.4332251862177693 0.22764483215213277 0.2061719078516572 0.2027845844064937 0.3987413685030873 0.49240137171650333 0.22742583848038597 0.22764483235040545 0.25257868359721297 0.24130080501002255 0.5799356223675562 0.28251425505622296 0.25257868390509536 0.4332251859956037 0.3139396518431245 0.30873544917759826
