6 0.3344696189216816 0.3344696178561063 0.032986222872371525 0.05525085466439271 0.33446961811493925 0.055250854568504267 0.4021292354652684 0.055250854723238214 0.05525085386472206 0.6806204803499936 0.3624130265968636 0.36241302615652693 0.3344696182124556 0.40212923551912977 0.28523977621688457 0.4038861912995088 0.03298622374577351 0.03298622127125317 0.33446961670690284 0.36241302578562423
27 0.18318946645447878 0.1831894639992791 0.4245279966532738 0.5278200357829331 0.1831894653026263 0.5278200358757464 0.025834309687016114 0.5278200360186379 0.527820035328955 0.05525085439509124 0.21575595536737277 0.21575595541301537 0.1831894656700739 0.025834309647271916 0.15737551722475066 0.09139830115229648 0.4245279973188193 0.42452799532466784 0.18318946361863545 0.21575595524155064
1 0.4311202383643687 0.431120237202702 0.18276218942695874 0.18318946503377756 0.43112023775646785 0.1831894651713537 0.1724142232663491 0.183189465075792 0.18318946464936037 0.3344696181095183 0.38112414223568175 0.38112414217449364 0.43112023765473606 0.17241422329132897 0.43706121375220697 0.19525505574746108 0.18276219031058963 0.18276218779265563 0.43112023557636087 0.3811241412279819
47 0.18318946645447878 0.1831894639992791 0.4245279966532738 0.5278200357829331 0.1831894653026263 0.5278200358757464 0.025834309687016114 0.5278200360186379 0.527820035328955 0.05525085439509124 0.21575595536737277 0.21575595541301537 0.1831894656700739 0.025834309647271916 0.15737551722475066 0.09139830115229648 0.4245279973188193 0.42452799532466784 0.18318946361863545 0.21575595524155064
26 0.18318946645447878 0.1831894639992791 0.4245279966532738 0.5278200357829331 0.1831894653026263 0.5278200358757464 0.025834309687016114 0.5278200360186379 0.527820035328955 0.05525085439509124 0.21575595536737277 0.21575595541301537 0.1831894656700739 0.025834309647271916 0.15737551722475066 0.09139830115229648 0.4245279973188193 0.42452799532466784 0.18318946361863545 0.21575595524155064
53 0.3811241430644259 0.38112414137867745 0.1700446397298947 0.21575595569811412 0.38112414214992896 0.21575595572357997 0.20778864360181615 0.2157559556653723 0.21575595473404974 0.3624130261989591 0.43975520750973374 0.4397552069276571 0.38112414185889065 0.20778864377643913 0.3416400533789723 0.2936095698059593 0.1700446406030096 0.17004463814373594 0.38112414041825105 0.43975520686944947
22 0.18276219058407406 0.18276218835704403 0.568253904380912 0.42452799664832663 0.18276218942920208 0.4245279966488703 0.031349156606830964 0.4245279966999347 0.42452799625392845 0.032986222742622404 0.17004463998278002 0.17004463956832755 0.18276218959598647 0.03134915651288897 0.22226290447403718 0.06446987907056721 0.5682539051721672 0.5682539028332537 0.18276218747027892 0.1700446395120469
19 0.1724142242091494 0.17241422250502556 0.031349156790639786 0.025834310057121848 0.17241422350534427 0.025834309622009843 0.7574762703430501 0.025834309618836086 0.02583430930540254 0.4021292354975667 0.20778864384787946 0.20778864366167224 0.17241422363933523 0.7574762704397662 0.1592960424373867 0.6177350644926759 0.03134915727713867 0.03134915572451194 0.1724142221113488 0.20778864366564634
17 0.4311202383643687 0.431120237202702 0.18276218942695874 0.18318946503377756 0.43112023775646785 0.1831894651713537 0.1724142232663491 0.183189465075792 0.18318946464936037 0.3344696181095183 0.38112414223568175 0.38112414217449364 0.43112023765473606 0.17241422329132897 0.43706121375220697 0.19525505574746108 0.18276219031058963 0.18276218779265563 0.43112023557636087 0.3811241412279819
54 0.3811241430644259 0.38112414137867745 0.1700446397298947 0.21575595569811412 0.38112414214992896 0.21575595572357997 0.20778864360181615 0.2157559556653723 0.21575595473404974 0.3624130261989591 0.43975520750973374 0.4397552069276571 0.38112414185889065 0.20778864377643913 0.3416400533789723 0.2936095698059593 0.1700446406030096 0.17004463814373594 0.38112414041825105 0.43975520686944947
32 0.18318946645447878 0.1831894639992791 0.4245279966532738 0.5278200357829331 0.1831894653026263 0.5278200358757464 0.025834309687016114 0.5278200360186379 0.527820035328955 0.05525085439509124 0.21575595536737277 0.21575595541301537 0.1831894656700739 0.025834309647271916 0.15737551722475066 0.09139830115229648 0.4245279973188193 0.42452799532466784 0.18318946361863545 0.21575595524155064
16 0.3344696189216816 0.3344696178561063 0.032986222872371525 0.05525085466439271 0.33446961811493925 0.055250854568504267 0.4021292354652684 0.055250854723238214 0.05525085386472206 0.6806204803499936 0.3624130265968636 0.36241302615652693 0.3344696182124556 0.40212923551912977 0.28523977621688457 0.4038861912995088 0.03298622374577351 0.03298622127125317 0.33446961670690284 0.36241302578562423
24 0.3811241430644259 0.38112414137867745 0.1700446397298947 0.21575595569811412 0.38112414214992896 0.21575595572357997 0.20778864360181615 0.2157559556653723 0.21575595473404974 0.3624130261989591 0.43975520750973374 0.4397552069276571 0.38112414185889065 0.20778864377643913 0.3416400533789723 0.2936095698059593 0.1700446406030096 0.17004463814373594 0.38112414041825105 0.43975520686944947
45 0.1952550564526845 0.19525505511691424 0.06446987917506397 0.09139830158512083 0.1952550558948254 0.09139830123433258 0.6177350644846221 0.09139830119098556 0.09139830091303791 0.40388619129951053 0.29360956993084897 0.29360956980977426 0.19525505607758945 0.6177350645503914 0.14651599307113142 0.7463843998158916 0.06446988010159758 0.06446987784188137 0.19525505468198728 0.2936095693498233
60 0.1952550564526845 0.19525505511691424 0.06446987917506397 0.09139830158512083 0.1952550558948254 0.09139830123433258 0.6177350644846221 0.09139830119098556 0.09139830091303791 0.40388619129951053 0.29360956993084897 0.29360956980977426 0.19525505607758945 0.6177350645503914 0.14651599307113142 0.7463843998158916 0.06446988010159758 0.06446987784188137 0.19525505468198728 0.2936095693498233
8 0.3344696189216816 0.3344696178561063 0.032986222872371525 0.05525085466439271 0.33446961811493925 0.055250854568504267 0.4021292354652684 0.055250854723238214 0.05525085386472206 0.6806204803499936 0.3624130265968636 0.36241302615652693 0.3344696182124556 0.40212923551912977 0.28523977621688457 0.4038861912995088 0.03298622374577351 0.03298622127125317 0.33446961670690284 0.36241302578562423
13 0.4311202383643687 0.431120237202702 0.18276218942695874 0.18318946503377756 0.43112023775646785 0.1831894651713537 0.1724142232663491 0.183189465075792 0.18318946464936037 0.3344696181095183 0.38112414223568175 0.38112414217449364 0.43112023765473606 0.17241422329132897 0.43706121375220697 0.19525505574746108 0.18276219031058963 0.18276218779265563 0.43112023557636087 0.3811241412279819
39 0.3811241430644259 0.38112414137867745 0.1700446397298947 0.21575595569811412 0.38112414214992896 0.21575595572357997 0.20778864360181615 0.2157559556653723 0.21575595473404974 0.3624130261989591 0.43975520750973374 0.4397552069276571 0.38112414185889065 0.20778864377643913 0.3416400533789723 0.2936095698059593 0.1700446406030096 0.17004463814373594 0.38112414041825105 0.43975520686944947
3 0.4311202383643687 0.431120237202702 0.18276218942695874 0.18318946503377756 0.43112023775646785 0.1831894651713537 0.1724142232663491 0.183189465075792 0.18318946464936037 0.3344696181095183 0.38112414223568175 0.38112414217449364 0.43112023765473606 0.17241422329132897 0.43706121375220697 0.19525505574746108 0.18276219031058963 0.18276218779265563 0.43112023557636087 0.3811241412279819
44 0.3811241430644259 0.38112414137867745 0.1700446397298947 0.21575595569811412 0.38112414214992896 0.21575595572357997 0.20778864360181615 0.2157559556653723 0.21575595473404974 0.3624130261989591 0.43975520750973374 0.4397552069276571 0.38112414185889065 0.20778864377643913 0.3416400533789723 0.2936095698059593 0.1700446406030096 0.17004463814373594 0.38112414041825105 0.43975520686944947
56 0.18318946645447878 0.1831894639992791 0.4245279966532738 0.5278200357829331 0.1831894653026263 0.5278200358757464 0.025834309687016114 0.5278200360186379 0.527820035328955 0.05525085439509124 0.21575595536737277 0.21575595541301537 0.1831894656700739 0.025834309647271916 0.15737551722475066 0.09139830115229648 0.4245279973188193 0.42452799532466784 0.18318946361863545 0.21575595524155064
46 0.18318946645447878 0.1831894639992791 0.4245279966532738 0.5278200357829331 0.1831894653026263 0.5278200358757464 0.025834309687016114 0.5278200360186379 0.527820035328955 0.05525085439509124 0.21575595536737277 0.21575595541301537 0.1831894656700739 0.025834309647271916 0.15737551722475066 0.09139830115229648 0.4245279973188193 0.42452799532466784 0.18318946361863545 0.21575595524155064
11 0.4311202383643687 0.431120237202702 0.18276218942695874 0.18318946503377756 0.43112023775646785 0.1831894651713537 0.1724142232663491 0.183189465075792 0.18318946464936037 0.3344696181095183 0.38112414223568175 0.38112414217449364 0.43112023765473606 0.17241422329132897 0.43706121375220697 0.19525505574746108 0.18276219031058963 0.18276218779265563 0.43112023557636087 0.3811241412279819
0 0.3344696189216816 0.3344696178561063 0.032986222872371525 0.05525085466439271 0.33446961811493925 0.055250854568504267 0.4021292354652684 0.055250854723238214 0.05525085386472206 0.6806204803499936 0.3624130265968636 0.36241302615652693 0.3344696182124556 0.40212923551912977 0.28523977621688457 0.4038861912995088 0.03298622374577351 0.03298622127125317 0.33446961670690284 0.36241302578562423
62 0.18318946645447878 0.1831894639992791 0.4245279966532738 0.5278200357829331 0.1831894653026263 0.5278200358757464 0.025834309687016114 0.5278200360186379 0.527820035328955 0.05525085439509124 0.21575595536737277 0.21575595541301537 0.1831894656700739 0.025834309647271916 0.15737551722475066 0.09139830115229648 0.4245279973188193 0.42452799532466784 0.18318946361863545 0.21575595524155064
25 0.1952550564526845 0.19525505511691424 0.06446987917506397 0.09139830158512083 0.1952550558948254 0.09139830123433258 0.6177350644846221 0.09139830119098556 0.09139830091303791 0.40388619129951053 0.29360956993084897 0.29360956980977426 0.19525505607758945 0.6177350645503914 0.14651599307113142 0.7463843998158916 0.06446988010159758 0.06446987784188137 0.19525505468198728 0.2936095693498233
50 0.18276219058407406 0.18276218835704403 0.568253904380912 0.42452799664832663 0.18276218942920208 0.4245279966488703 0.031349156606830964 0.4245279966999347 0.42452799625392845 0.032986222742622404 0.17004463998278002 0.17004463956832755 0.18276218959598647 0.03134915651288897 0.22226290447403718 0.06446987907056721 0.5682539051721672 0.5682539028332537 0.18276218747027892 0.1700446395120469
28 0.3811241430644259 0.38112414137867745 0.1700446397298947 0.21575595569811412 0.38112414214992896 0.21575595572357997 0.20778864360181615 0.2157559556653723 0.21575595473404974 0.3624130261989591 0.43975520750973374 0.4397552069276571 0.38112414185889065 0.20778864377643913 0.3416400533789723 0.2936095698059593 0.1700446406030096 0.17004463814373594 0.38112414041825105 0.43975520686944947
37 0.18276219058407406 0.18276218835704403 0.568253904380912 0.42452799664832663 0.18276218942920208 0.4245279966488703 0.031349156606830964 0.4245279966999347 0.42452799625392845 0.032986222742622404 0.17004463998278002 0.17004463956832755 0.18276218959598647 0.03134915651288897 0.22226290447403718 0.06446987907056721 0.5682539051721672 0.5682539028332537 0.18276218747027892 0.1700446395120469
48 0.4370612149101458 0.43706121342731813 0.22226290456070022 0.15737551735508123 0.43706121379215584 0.15737551727113155 0.15929604245247594 0.15737551746459888 0.15737551680070602 0.2852397762168849 0.3416400540454515 0.3416400533862435 0.4370612136029117 0.15929604247410448 0.5421106572571768 0.1465159930711311 0.22226290565102463 0.22226290301753426 0.43706121248247787 0.3416400530980402
30 0.1952550564526845 0.19525505511691424 0.06446987917506397 0.09139830158512083 0.1952550558948254 0.09139830123433258 0.6177350644846221 0.09139830119098556 0.09139830091303791 0.40388619129951053 0.29360956993084897 0.29360956980977426 0.19525505607758945 0.6177350645503914 0.14651599307113142 0.7463843998158916 0.06446988010159758 0.06446987784188137 0.19525505468198728 0.2936095693498233
14 0.3344696190470131 0.334469617693685 0.0329862228827551 0.055250854580663145 0.33446961804293096 0.055250854580663145 0.40212923544459045 0.0552508543478325 0.055250853998586535 0.6806204803499938 0.3624130266252905 0.3624130261596292 0.3344696181011386 0.40212923556100577 0.28523977621689056 0.4038861912995093 0.032986223872285336 0.03298622171860188 0.33446961667505093 0.36241302578127943
57 0.18318946645447878 0.1831894639992791 0.4245279966532738 0.5278200357829331 0.1831894653026263 0.5278200358757464 0.025834309687016114 0.5278200360186379 0.527820035328955 0.05525085439509124 0.21575595536737277 0.21575595541301537 0.1831894656700739 0.025834309647271916 0.15737551722475066 0.09139830115229648 0.4245279973188193 0.42452799532466784 0.18318946361863545 0.21575595524155064
18 0.4370612149101458 0.43706121342731813 0.22226290456070022 0.15737551735508123 0.43706121379215584 0.15737551727113155 0.15929604245247594 0.15737551746459888 0.15737551680070602 0.2852397762168849 0.3416400540454515 0.3416400533862435 0.4370612136029117 0.15929604247410448 0.5421106572571768 0.1465159930711311 0.22226290565102463 0.22226290301753426 0.43706121248247787 0.3416400530980402
52 0.18276219058407406 0.18276218835704403 0.568253904380912 0.42452799664832663 0.18276218942920208 0.4245279966488703 0.031349156606830964 0.4245279966999347 0.42452799625392845 0.032986222742622404 0.17004463998278002 0.17004463956832755 0.18276218959598647 0.03134915651288897 0.22226290447403718 0.06446987907056721 0.5682539051721672 0.5682539028332537 0.18276218747027892 0.1700446395120469
61 0.18318946645447878 0.1831894639992791 0.4245279966532738 0.5278200357829331 0.1831894653026263 0.5278200358757464 0.025834309687016114 0.5278200360186379 0.527820035328955 0.05525085439509124 0.21575595536737277 0.21575595541301537 0.1831894656700739 0.025834309647271916 0.15737551722475066 0.09139830115229648 0.4245279973188193 0.42452799532466784 0.18318946361863545 0.21575595524155064
12 0.3344696189216816 0.3344696178561063 0.032986222872371525 0.05525085466439271 0.33446961811493925 0.055250854568504267 0.4021292354652684 0.055250854723238214 0.05525085386472206 0.6806204803499936 0.3624130265968636 0.36241302615652693 0.3344696182124556 0.40212923551912977 0.28523977621688457 0.4038861912995088 0.03298622374577351 0.03298622127125317 0.33446961670690284 0.36241302578562423
29 0.3811241430644259 0.38112414137867745 0.1700446397298947 0.21575595569811412 0.38112414214992896 0.21575595572357997 0.20778864360181615 0.2157559556653723 0.21575595473404974 0.3624130261989591 0.43975520750973374 0.4397552069276571 0.38112414185889065 0.20778864377643913 0.3416400533789723 0.2936095698059593 0.1700446406030096 0.17004463814373594 0.38112414041825105 0.43975520686944947
34 0.1724142242091494 0.17241422250502556 0.031349156790639786 0.025834310057121848 0.17241422350534427 0.025834309622009843 0.7574762703430501 0.025834309618836086 0.02583430930540254 0.4021292354975667 0.20778864384787946 0.20778864366167224 0.17241422363933523 0.7574762704397662 0.1592960424373867 0.6177350644926759 0.03134915727713867 0.03134915572451194 0.1724142221113488 0.20778864366564634
10 0.3344696189216816 0.3344696178561063 0.032986222872371525 0.05525085466439271 0.33446961811493925 0.055250854568504267 0.4021292354652684 0.055250854723238214 0.05525085386472206 0.6806204803499936 0.3624130265968636 0.36241302615652693 0.3344696182124556 0.40212923551912977 0.28523977621688457 0.4038861912995088 0.03298622374577351 0.03298622127125317 0.33446961670690284 0.36241302578562423
38 0.3811241430644259 0.38112414137867745 0.1700446397298947 0.21575595569811412 0.38112414214992896 0.21575595572357997 0.20778864360181615 0.2157559556653723 0.21575595473404974 0.3624130261989591 0.43975520750973374 0.4397552069276571 0.38112414185889065 0.20778864377643913 0.3416400533789723 0.2936095698059593 0.1700446406030096 0.17004463814373594 0.38112414041825105 0.43975520686944947
21 0.18276219058407406 0.18276218835704403 0.568253904380912 0.42452799664832663 0.18276218942920208 0.4245279966488703 0.031349156606830964 0.4245279966999347 0.42452799625392845 0.032986222742622404 0.17004463998278002 0.17004463956832755 0.18276218959598647 0.03134915651288897 0.22226290447403718 0.06446987907056721 0.5682539051721672 0.5682539028332537 0.18276218747027892 0.1700446395120469
40 0.1952550564526845 0.19525505511691424 0.06446987917506397 0.09139830158512083 0.1952550558948254 0.09139830123433258 0.6177350644846221 0.09139830119098556 0.09139830091303791 0.40388619129951053 0.29360956993084897 0.29360956980977426 0.19525505607758945 0.6177350645503914 0.14651599307113142 0.7463843998158916 0.06446988010159758 0.06446987784188137 0.19525505468198728 0.2936095693498233
9 0.4311202383643687 0.431120237202702 0.18276218942695874 0.18318946503377756 0.43112023775646785 0.1831894651713537 0.1724142232663491 0.183189465075792 0.18318946464936037 0.3344696181095183 0.38112414223568175 0.38112414217449364 0.43112023765473606 0.17241422329132897 0.43706121375220697 0.19525505574746108 0.18276219031058963 0.18276218779265563 0.43112023557636087 0.3811241412279819
15 0.4311202383643687 0.431120237202702 0.18276218942695874 0.18318946503377756 0.43112023775646785 0.1831894651713537 0.1724142232663491 0.183189465075792 0.18318946464936037 0.3344696181095183 0.38112414223568175 0.38112414217449364 0.43112023765473606 0.17241422329132897 0.43706121375220697 0.19525505574746108 0.18276219031058963 0.18276218779265563 0.43112023557636087 0.3811241412279819
4 0.3344696189216816 0.3344696178561063 0.032986222872371525 0.05525085466439271 0.33446961811493925 0.055250854568504267 0.4021292354652684 0.055250854723238214 0.05525085386472206 0.6806204803499936 0.3624130265968636 0.36241302615652693 0.3344696182124556 0.40212923551912977 0.28523977621688457 0.4038861912995088 0.03298622374577351 0.03298622127125317 0.33446961670690284 0.36241302578562423
43 0.3811241430644259 0.38112414137867745 0.1700446397298947 0.21575595569811412 0.38112414214992896 0.21575595572357997 0.20778864360181615 0.2157559556653723 0.21575595473404974 0.3624130261989591 0.43975520750973374 0.4397552069276571 0.38112414185889065 0.20778864377643913 0.3416400533789723 0.2936095698059593 0.1700446406030096 0.17004463814373594 0.38112414041825105 0.43975520686944947
20 0.18276219058407406 0.18276218835704403 0.568253904380912 0.42452799664832663 0.18276218942920208 0.4245279966488703 0.031349156606830964 0.4245279966999347 0.42452799625392845 0.032986222742622404 0.17004463998278002 0.17004463956832755 0.18276218959598647 0.03134915651288897 0.22226290447403718 0.06446987907056721 0.5682539051721672 0.5682539028332537 0.18276218747027892 0.1700446395120469
23 0.3811241430644259 0.38112414137867745 0.1700446397298947 0.21575595569811412 0.38112414214992896 0.21575595572357997 0.20778864360181615 0.2157559556653723 0.21575595473404974 0.3624130261989591 0.43975520750973374 0.4397552069276571 0.38112414185889065 0.20778864377643913 0.3416400533789723 0.2936095698059593 0.1700446406030096 0.17004463814373594 0.38112414041825105 0.43975520686944947
2 0.3344696189216816 0.3344696178561063 0.032986222872371525 0.05525085466439271 0.33446961811493925 0.055250854568504267 0.4021292354652684 0.055250854723238214 0.05525085386472206 0.6806204803499936 0.3624130265968636 0.36241302615652693 0.3344696182124556 0.40212923551912977 0.28523977621688457 0.4038861912995088 0.03298622374577351 0.03298622127125317 0.33446961670690284 0.36241302578562423
35 0.18276219058407406 0.18276218835704403 0.568253904380912 0.42452799664832663 0.18276218942920208 0.4245279966488703 0.031349156606830964 0.4245279966999347 0.42452799625392845 0.032986222742622404 0.17004463998278002 0.17004463956832755 0.18276218959598647 0.03134915651288897 0.22226290447403718 0.06446987907056721 0.5682539051721672 0.5682539028332537 0.18276218747027892 0.1700446395120469
36 0.18276219058407406 0.18276218835704403 0.568253904380912 0.42452799664832663 0.18276218942920208 0.4245279966488703 0.031349156606830964 0.4245279966999347 0.42452799625392845 0.032986222742622404 0.17004463998278002 0.17004463956832755 0.18276218959598647 0.03134915651288897 0.22226290447403718 0.06446987907056721 0.5682539051721672 0.5682539028332537 0.18276218747027892 0.1700446395120469
41 0.18318946645447878 0.1831894639992791 0.4245279966532738 0.5278200357829331 0.1831894653026263 0.5278200358757464 0.025834309687016114 0.5278200360186379 0.527820035328955 0.05525085439509124 0.21575595536737277 0.21575595541301537 0.1831894656700739 0.025834309647271916 0.15737551722475066 0.09139830115229648 0.4245279973188193 0.42452799532466784 0.18318946361863545 0.21575595524155064
42 0.18318946645447878 0.1831894639992791 0.4245279966532738 0.5278200357829331 0.1831894653026263 0.5278200358757464 0.025834309687016114 0.5278200360186379 0.527820035328955 0.05525085439509124 0.21575595536737277 0.21575595541301537 0.1831894656700739 0.025834309647271916 0.15737551722475066 0.09139830115229648 0.4245279973188193 0.42452799532466784 0.18318946361863545 0.21575595524155064
55 0.1952550564526845 0.19525505511691424 0.06446987917506397 0.09139830158512083 0.1952550558948254 0.09139830123433258 0.6177350644846221 0.09139830119098556 0.09139830091303791 0.40388619129951053 0.29360956993084897 0.29360956980977426 0.19525505607758945 0.6177350645503914 0.14651599307113142 0.7463843998158916 0.06446988010159758 0.06446987784188137 0.19525505468198728 0.2936095693498233
7 0.4311202383643687 0.431120237202702 0.18276218942695874 0.18318946503377756 0.43112023775646785 0.1831894651713537 0.1724142232663491 0.183189465075792 0.18318946464936037 0.3344696181095183 0.38112414223568175 0.38112414217449364 0.43112023765473606 0.17241422329132897 0.43706121375220697 0.19525505574746108 0.18276219031058963 0.18276218779265563 0.43112023557636087 0.3811241412279819
49 0.1724142242091494 0.17241422250502556 0.031349156790639786 0.025834310057121848 0.17241422350534427 0.025834309622009843 0.7574762703430501 0.025834309618836086 0.02583430930540254 0.4021292354975667 0.20778864384787946 0.20778864366167224 0.17241422363933523 0.7574762704397662 0.1592960424373867 0.6177350644926759 0.03134915727713867 0.03134915572451194 0.1724142221113488 0.20778864366564634
31 0.18318946645447878 0.1831894639992791 0.4245279966532738 0.5278200357829331 0.1831894653026263 0.5278200358757464 0.025834309687016114 0.5278200360186379 0.527820035328955 0.05525085439509124 0.21575595536737277 0.21575595541301537 0.1831894656700739 0.025834309647271916 0.15737551722475066 0.09139830115229648 0.4245279973188193 0.42452799532466784 0.18318946361863545 0.21575595524155064
33 0.4370612149101458 0.43706121342731813 0.22226290456070022 0.15737551735508123 0.43706121379215584 0.15737551727113155 0.15929604245247594 0.15737551746459888 0.15737551680070602 0.2852397762168849 0.3416400540454515 0.3416400533862435 0.4370612136029117 0.15929604247410448 0.5421106572571768 0.1465159930711311 0.22226290565102463 0.22226290301753426 0.43706121248247787 0.3416400530980402
58 0.3811241430644259 0.38112414137867745 0.1700446397298947 0.21575595569811412 0.38112414214992896 0.21575595572357997 0.20778864360181615 0.2157559556653723 0.21575595473404974 0.3624130261989591 0.43975520750973374 0.4397552069276571 0.38112414185889065 0.20778864377643913 0.3416400533789723 0.2936095698059593 0.1700446406030096 0.17004463814373594 0.38112414041825105 0.43975520686944947
51 0.18276219058407406 0.18276218835704403 0.568253904380912 0.42452799664832663 0.18276218942920208 0.4245279966488703 0.031349156606830964 0.4245279966999347 0.42452799625392845 0.032986222742622404 0.17004463998278002 0.17004463956832755 0.18276218959598647 0.03134915651288897 0.22226290447403718 0.06446987907056721 0.5682539051721672 0.5682539028332537 0.18276218747027892 0.1700446395120469
59 0.3811241430644259 0.38112414137867745 0.1700446397298947 0.21575595569811412 0.38112414214992896 0.21575595572357997 0.20778864360181615 0.2157559556653723 0.21575595473404974 0.3624130261989591 0.43975520750973374 0.4397552069276571 0.38112414185889065 0.20778864377643913 0.3416400533789723 0.2936095698059593 0.1700446406030096 0.17004463814373594 0.38112414041825105 0.43975520686944947
5 0.4311202383643687 0.431120237202702 0.18276218942695874 0.18318946503377756 0.43112023775646785 0.1831894651713537 0.1724142232663491 0.183189465075792 0.18318946464936037 0.3344696181095183 0.38112414223568175 0.38112414217449364 0.43112023765473606 0.17241422329132897 0.43706121375220697 0.19525505574746108 0.18276219031058963 0.18276218779265563 0.43112023557636087 0.3811241412279819
