id,x_0,x_1,x_2,x_3,x_4,x_5,x_6,x_7,x_8,x_9,x_10,x_11,x_12,x_13,x_14,x_15,x_16,x_17,x_18,x_19
0.0,0.005305898209718246,2.220446049250313e-16,0.13685364850059967,0.16310483025084188,2.220446049250313e-16,2.220446049250313e-16,2.3592239273284576e-16,0.031076490840570296,2.220446049250313e-16,2.220446049250313e-16,0.015406040826524766,0.8961001902234639,0.4841183152045552,0.011411006367286952,0.8285340760705899,1.1496543931929577,0.5706112026881536,2.220446049250313e-16,2.220446049250313e-16,2.220446049250313e-16
1.0,0.9000611150112179,0.22331100907337642,0.1488305590396898,0.22084858952516603,2.220446049250313e-16,2.220446049250313e-16,2.220446049250313e-16,0.4132183963477655,1.08065464547546,2.220446049250313e-16,0.03353689278844526,2.220446049250313e-16,2.220446049250313e-16,0.5908500299873405,2.220446049250313e-16,0.041117241588102746,0.051837073628744235,0.7052030106990093,0.36001851166884735,0.013254878516067024
2.0,0.015268304874112806,2.220446049250313e-16,2.220446049250313e-16,0.21950133805602268,0.2896988499700644,1.2263930081974248,0.6061552534219249,2.220446049250313e-16,2.220446049250313e-16,1.1968394939652751,2.220446049250313e-16,2.220446049250313e-16,2.220446049250313e-16,2.220446049250313e-16,0.4128414132789229,2.220446049250313e-16,0.13042178699879206,2.220446049250313e-16,2.220446049250313e-16,2.220446049250313e-16
3.0,0.43926812182978087,0.07383425267766963,0.20914063180285758,0.5404778941423887,2.220446049250313e-16,0.20741306588174446,0.6061552534219254,0.8095724453359193,0.4384621761341438,2.220446049250313e-16,2.220446049250313e-16,0.022802785233560805,2.220446049250313e-16,0.9114945680242448,0.0023038173978033962,2.220446049250313e-16,2.220446049250313e-16,1.037606869844756,2.220446049250313e-16,2.220446049250313e-16
4.0,2.220446049250313e-16,2.220446049250313e-16,2.220446049250313e-16,2.220446049250313e-16,0.33653869028006084,2.220446049250313e-16,0.6061552534219252,2.220446049250313e-16,2.220446049250313e-16,0.8904221441131568,0.5981707251893342,2.220446049250313e-16,0.12145078788651707,0.7627231436407178,2.220446049250313e-16,0.9526446494262741,0.5398455150468703,2.220446049250313e-16,2.220446049250313e-16,2.220446049250313e-16
5.0,0.0574782333270043,0.04411829278041046,2.220446049250313e-16,0.7118158683623343,0.2520247950822367,2.220446049250313e-16,2.220446049250313e-16,0.7921919504582375,0.6798326690876653,2.220446049250313e-16,2.220446049250313e-16,0.18251910402265983,2.220446049250313e-16,0.7018308750790931,0.031419347887056116,0.1470897365257212,2.220446049250313e-16,0.9983856090286338,2.220446049250313e-16,0.38499501153566745
6.0,2.220446049250313e-16,2.220446049250313e-16,2.220446049250313e-16,0.6220223726011078,0.3684778549924872,0.14959467480264507,2.220446049250313e-16,2.220446049250313e-16,0.7463513254740568,1.1217363756898038,0.015346745182542447,2.220446049250313e-16,2.220446049250313e-16,2.220446049250313e-16,2.220446049250313e-16,2.220446049250313e-16,2.220446049250313e-16,2.220446049250313e-16,1.0311572837940346,2.220446049250313e-16
7.0,0.07542611355989949,0.05109619070900007,2.220446049250313e-16,0.5239620901763515,2.220446049250313e-16,2.220446049250313e-16,0.6061552534219246,0.8275893371608728,0.3781312024231834,2.220446049250313e-16,2.220446049250313e-16,0.06432220663272792,2.220446049250313e-16,0.6902447230114358,0.043669574083166615,0.4624205529443855,2.220446049250313e-16,0.8516624977396181,0.10730259645181457,0.7522944286257576
8.0,0.016805266750387383,2.220446049250313e-16,0.4294457827160735,2.220446049250313e-16,0.50637203811967,0.22495596796909342,2.220446049250313e-16,2.220446049250313e-16,0.7520308954057963,0.48858785707272817,0.04117759703500828,0.5048298003089313,0.020488270034730895,0.41599169197074176,0.06616035243723142,0.4905649300538948,0.3378735728873151,0.007127562708572561,2.220446049250313e-16,2.220446049250313e-16
9.0,0.09772069155573353,2.220446049250313e-16,2.220446049250313e-16,0.30285905878943775,0.18288518869388776,0.46024074905699025,2.220446049250313e-16,2.220446049250313e-16,0.4184831270766863,1.0219820660957009,0.6538249663320517,0.05138149987931894,2.220446049250313e-16,0.061778718694964596,0.02708427669446063,2.220446049250313e-16,2.220446049250313e-16,2.220446049250313e-16,1.0457416726084143,2.220446049250313e-16
10.0,0.06380438622848696,2.220446049250313e-16,0.45924407890942465,2.220446049250313e-16,1.2599093198620266,0.33599393448609105,2.220446049250313e-16,2.220446049250313e-16,2.220446049250313e-16,0.13516005018022867,2.220446049250313e-16,0.9460557813236641,2.220446049250313e-16,0.3738893102631376,0.8448453945142166,0.05933276899584595,0.08289109829972158,2.220446049250313e-16,2.220446049250313e-16,2.220446049250313e-16
11.0,0.18753486075658468,0.08216549837029707,0.947158420219199,0.8232392119986263,2.220446049250313e-16,0.4621930052570662,2.220446049250313e-16,0.5742130555470574,0.7965744211230109,2.220446049250313e-16,2.220446049250313e-16,0.02138193435478152,2.220446049250313e-16,2.220446049250313e-16,0.0099531830956286,2.220446049250313e-16,2.220446049250313e-16,2.220446049250313e-16,0.9454123577765161,0.23806262742658907
12.0,2.220446049250313e-16,2.220446049250313e-16,2.220446049250313e-16,0.7996639829279629,0.2836999325742293,2.220446049250313e-16,0.6061552534219248,2.220446049250313e-16,0.0020256169767970283,1.0813064767894403,0.6285088499490216,2.220446049250313e-16,2.220446049250313e-16,2.220446049250313e-16,2.220446049250313e-16,0.20030186060468413,2.220446049250313e-16,0.18195161475290295,0.8579726367399725,0.17313884051844922
13.0,0.15241206231900992,0.06382588431958891,0.9344038113036548,0.03627404896850332,2.220446049250313e-16,0.5916489716198335,2.220446049250313e-16,0.7935300250875588,0.9666900881556969,2.220446049250313e-16,0.024775374800526315,2.220446049250313e-16,2.220446049250313e-16,2.220446049250313e-16,2.220446049250313e-16,2.220446049250313e-16,0.3430774448039523,2.220446049250313e-16,1.0402173408113928,0.2566468305831883
14.0,0.019155823695720293,0.023298926709323764,0.2154929253397297,0.16759069412929112,0.008650931668796309,2.220446049250313e-16,2.220446049250313e-16,2.220446049250313e-16,0.04285084657095064,0.030140962702866085,0.01728718777370454,0.6233863325791548,0.9292138594633346,2.220446049250313e-16,0.7895126113370352,1.084996899989678,0.0775447448136967,2.220446049250313e-16,0.02741013951568426,2.220446049250313e-16
15.0,2.220446049250313e-16,1.1057539390729065,0.27610552782731557,0.04225922980675203,0.7452028504326165,0.4385464233935762,2.220446049250313e-16,2.220446049250313e-16,0.029814854920545763,2.220446049250313e-16,2.220446049250313e-16,2.220446049250313e-16,0.7459969880693751,2.220446049250313e-16,2.220446049250313e-16,0.14126585828835353,2.220446049250313e-16,2.220446049250313e-16,2.220446049250313e-16,0.7407097708697075
16.0,0.028900169265404008,0.012805594174928298,0.08416465503524344,2.220446049250313e-16,0.02024783296842395,2.220446049250313e-16,0.6061552534219257,0.8771322767379499,0.06555540552205393,2.220446049250313e-16,0.6000570423740593,0.22096630062375042,1.0026887236737614,2.220446049250313e-16,2.220446049250313e-16,1.1293029156303007,2.220446049250313e-16,0.0043246185908583845,2.220446049250313e-16,2.220446049250313e-16
17.0,2.220446049250313e-16,1.038095014181319,0.03938006180539699,2.220446049250313e-16,0.9225516122257419,2.220446049250313e-16,2.220446049250313e-16,2.220446049250313e-16,0.23758205058158918,2.220446049250313e-16,2.220446049250313e-16,2.220446049250313e-16,0.9395389966958477,2.220446049250313e-16,2.220446049250313e-16,0.2793063789940776,2.220446049250313e-16,2.220446049250313e-16,2.220446049250313e-16,0.7321546663009897
18.0,0.012963394498383,2.220446049250313e-16,0.1278500875026483,2.220446049250313e-16,0.018214421194535278,2.220446049250313e-16,2.220446049250313e-16,0.4592028315936837,0.05811410736359095,2.220446049250313e-16,0.5944844690210929,0.6691687601277412,0.890926774288126,2.220446049250313e-16,0.379393814695972,1.1174143911143846,0.010426154379773888,0.008848032172099719,2.220446049250313e-16,2.220446049250313e-16
19.0,2.220446049250313e-16,0.73911920659956,0.6722389852620905,0.008135957037809744,0.8520983654366773,0.5366583129815238,2.220446049250313e-16,2.220446049250313e-16,0.6218606904098868,2.220446049250313e-16,2.220446049250313e-16,2.220446049250313e-16,0.5637381963972513,2.220446049250313e-16,2.220446049250313e-16,0.08941695750131604,2.220446049250313e-16,2.220446049250313e-16,2.220446049250313e-16,0.40463854232615
20.0,0.05672879146093167,2.220446049250313e-16,2.220446049250313e-16,2.220446049250313e-16,0.14602211574351676,1.423105285351402,0.6061552534219257,0.21330647760564164,0.43303259918770726,0.010116445296405738,2.220446049250313e-16,0.9245496558755122,2.220446049250313e-16,0.8580633547504011,0.012209059039194997,2.220446049250313e-16,2.220446049250313e-16,2.220446049250313e-16,0.05335020233833905,2.220446049250313e-16
21.0,0.00042319586782321847,2.220446049250313e-16,2.220446049250313e-16,0.5390227253343423,0.012303579882760844,0.9486450470990075,0.6061552534219251,2.220446049250313e-16,2.220446049250313e-16,0.9981064845468709,0.0030014208600615943,0.04692733768653038,2.220446049250313e-16,0.053130735187109444,0.3695073959822635,2.220446049250313e-16,2.220446049250313e-16,2.220446049250313e-16,0.6693289736275521,2.220446049250313e-16
22.0,2.220446049250313e-16,2.220446049250313e-16,2.220446049250313e-16,0.008750257180547054,0.13930393414246756,1.386605841812267,0.6061552534219249,0.05647287109051193,0.05132596649963352,2.220446049250313e-16,0.6191578254635491,0.9909407811177212,2.220446049250313e-16,0.8500089891013469,0.020883233101271072,2.220446049250313e-16,0.26984639872954963,2.220446049250313e-16,0.0734448494145984,2.220446049250313e-16
23.0,0.0073234328918508305,2.220446049250313e-16,2.220446049250313e-16,0.08850734490497791,0.3168420143896094,0.8714905395993368,2.220446049250313e-16,2.220446049250313e-16,2.220446049250313e-16,2.220446049250313e-16,0.013612705398033985,0.9922787383472533,2.220446049250313e-16,0.8326316614321767,0.8528870574639963,0.14196038830450536,0.35846413045732406,2.220446049250313e-16,0.05469276637917879,2.220446049250313e-16
24.0,0.029013991537102324,2.220446049250313e-16,2.220446049250313e-16,0.31650086610375805,1.1526540889270596,0.12881529218548138,2.220446049250313e-16,2.220446049250313e-16,2.220446049250313e-16,1.0226086632822349,0.01932057383791164,0.05145081144601144,2.220446049250313e-16,0.04553916567166942,0.817805811337706,0.1416146901240737,0.37081175932728627,2.220446049250313e-16,2.220446049250313e-16,2.220446049250313e-16
25.0,0.14056277053160357,2.220446049250313e-16,2.220446049250313e-16,0.9506118099029677,2.220446049250313e-16,0.18974056671317102,0.6061552534219254,2.220446049250313e-16,0.051215903868730706,0.2794696051016639,0.6602589819703444,0.9003570464278259,2.220446049250313e-16,0.022335051469424157,0.037341437757526505,2.220446049250313e-16,2.220446049250313e-16,0.9511023110377984,0.1605931017434181,2.220446049250313e-16
26.0,2.220446049250313e-16,0.11249190176138035,0.5563055095863059,2.220446049250313e-16,1.2386888336571236,0.2002173940397016,2.220446049250313e-16,0.8166910908267723,0.8038232377275498,2.220446049250313e-16,2.220446049250313e-16,2.220446049250313e-16,0.25313126768758293,2.220446049250313e-16,0.027736434423250255,0.01089471975429756,0.7788194413221887,0.005717405170484595,2.220446049250313e-16,0.40342697811991574
27.0,0.029878173724635953,0.02038027593163033,0.2132989719042684,0.03870284624817672,0.017511698274539102,2.220446049250313e-16,0.6061552534219246,0.053569825044782395,0.12584747058566986,0.06246687124258957,0.623629456984775,0.6227128213683225,0.9377357430727504,2.220446049250313e-16,0.005412228482767282,1.1010582174339636,0.0945799250383717,2.220446049250313e-16,0.013380712180039169,2.220446049250313e-16
28.0,2.220446049250313e-16,0.5165061947788374,0.7275752431689921,2.220446049250313e-16,0.5281974835780826,0.6209254055003344,2.220446049250313e-16,0.034922248566436415,0.923262519274276,2.220446049250313e-16,2.220446049250313e-16,2.220446049250313e-16,2.220446049250313e-16,2.220446049250313e-16,0.012452033478702088,2.220446049250313e-16,0.7411692682405623,2.220446049250313e-16,0.23842436573331388,0.7212265020315921
29.0,0.0882230746408947,1.1189270108897171,0.09285477614922899,2.220446049250313e-16,1.0898994437333833,0.10947660471088148,2.220446049250313e-16,2.220446049250313e-16,2.220446049250313e-16,2.220446049250313e-16,2.220446049250313e-16,2.220446049250313e-16,0.9843524792759751,2.220446049250313e-16,2.220446049250313e-16,0.08007939941783243,2.220446049250313e-16,2.220446049250313e-16,2.220446049250313e-16,0.2555323734224792
30.0,0.7807619036444731,0.3779874868588011,2.220446049250313e-16,0.15467452319462635,2.220446049250313e-16,2.220446049250313e-16,2.220446049250313e-16,0.4097075130403011,0.3308269466356187,0.1515875422967786,0.02756227747174187,0.5110012170735162,2.220446049250313e-16,0.24275427030458177,2.220446049250313e-16,2.220446049250313e-16,0.6355628538367086,0.12009200154184856,0.8392700367117196,0.3032498176966486
31.0,0.0014721635871324658,0.02207246724731632,2.220446049250313e-16,2.220446049250313e-16,0.014437448859364155,2.220446049250313e-16,2.220446049250313e-16,0.006272122201144152,2.220446049250313e-16,0.6367032299387038,2.220446049250313e-16,0.11741680811355244,0.995395328625797,2.220446049250313e-16,0.7970521896348925,1.120018810398626,2.220446049250313e-16,0.013345546160104893,2.220446049250313e-16,2.220446049250313e-16
32.0,1.0492729477434581,1.1362790853172624,0.053802520230988804,2.220446049250313e-16,0.007274835578485203,2.220446049250313e-16,5.551115123125783e-17,2.220446049250313e-16,2.220446049250313e-16,2.220446049250313e-16,2.220446049250313e-16,2.220446049250313e-16,0.8095018022780254,2.220446049250313e-16,0.041343484780170386,2.220446049250313e-16,0.09401474133366809,0.4847091984162312,0.22260424038753038,0.014993198371243296
33.0,1.0492729477434581,1.1362790853172624,0.053802520230988804,2.220446049250313e-16,0.007274835578485203,2.220446049250313e-16,5.551115123125783e-17,2.220446049250313e-16,2.220446049250313e-16,2.220446049250313e-16,2.220446049250313e-16,2.220446049250313e-16,0.8095018022780254,2.220446049250313e-16,0.041343484780170386,2.220446049250313e-16,0.09401474133366809,0.4847091984162312,0.22260424038753038,0.014993198371243296
34.0,1.0492729477434595,1.1362790853172622,0.05380252023098975,2.220446049250313e-16,0.007274835578485117,2.220446049250313e-16,2.220446049250313e-16,2.220446049250313e-16,2.220446049250313e-16,2.220446049250313e-16,2.220446049250313e-16,2.220446049250313e-16,0.8095018022780255,2.220446049250313e-16,0.041343484780170206,2.220446049250313e-16,0.09401474133366793,0.48470919841623145,0.22260424038753013,0.014993198371243145
35.0,2.220446049250313e-16,2.220446049250313e-16,2.220446049250313e-16,1.1046700543102852,0.42513820811657077,2.220446049250313e-16,0.606155253421925,2.220446049250313e-16,0.012068527163438019,0.38078688074457645,0.6598857834069595,0.7412993379955779,2.220446049250313e-16,2.220446049250313e-16,2.220446049250313e-16,0.04633783007433284,2.220446049250313e-16,0.747466711550943,0.23780568528478038,0.17669268338943853
36.0,2.220446049250313e-16,2.220446049250313e-16,2.220446049250313e-16,0.37014870594838845,0.14419367286381624,1.2565640121748258,0.6061552534219248,2.220446049250313e-16,0.030286344911018594,1.146672726474838,0.6488386392427246,2.220446049250313e-16,2.220446049250313e-16,2.220446049250313e-16,2.220446049250313e-16,2.220446049250313e-16,0.029917925088663845,2.220446049250313e-16,0.1259672720413137,2.220446049250313e-16
37.0,2.220446049250313e-16,2.220446049250313e-16,2.220446049250313e-16,0.23933504052545604,0.8150472920642557,0.7528530428186428,2.220446049250313e-16,0.016094542821390567,2.220446049250313e-16,0.32551197366385015,2.220446049250313e-16,0.6302299479066898,2.220446049250313e-16,0.7785540340790671,0.8216229986144432,0.013115217277854545,0.1094510204104742,2.220446049250313e-16,2.220446049250313e-16,2.220446049250313e-16
38.0,0.039363348600987454,0.06889709399286881,0.9562530325017449,0.4279920944221814,2.220446049250313e-16,0.8873948649800791,1.1102230246251565e-16,0.6023568832787811,2.220446049250313e-16,2.220446049250313e-16,0.6683046570198059,0.02084047436570164,0.08146643722334929,0.06735392501308309,0.47313281711386673,2.220446049250313e-16,2.220446049250313e-16,0.020719012305949504,0.7116901011745422,0.33202887206734355
39.0,0.25042438171035564,2.220446049250313e-16,2.220446049250313e-16,1.1529396432202,2.220446049250313e-16,0.105320499314581,2.220446049250313e-16,2.220446049250313e-16,2.220446049250313e-16,0.8260907058282583,0.6588237646606683,0.15550724738400806,2.220446049250313e-16,2.220446049250313e-16,0.3452895272578061,2.220446049250313e-16,2.220446049250313e-16,0.4792540339487208,0.5125537393666125,0.17280170284804452
40.0,2.220446049250313e-16,0.04569358026361615,2.220446049250313e-16,0.7000458976641402,2.220446049250313e-16,2.220446049250313e-16,0.606155253421925,0.668392170345494,0.0642506183271144,2.220446049250313e-16,0.672369455316304,0.1294584385190124,2.220446049250313e-16,0.5960822435976894,0.00869987885591601,0.46663045121802726,2.220446049250313e-16,0.8365490329979038,0.18800471438355743,0.7600283981204129
41.0,0.24477350176768153,2.220446049250313e-16,2.220446049250313e-16,0.9370010491540588,2.220446049250313e-16,0.18770969538779808,2.220446049250313e-16,2.220446049250313e-16,0.7406941809687863,1.0417637768901853,2.220446049250313e-16,2.220446049250313e-16,2.220446049250313e-16,2.220446049250313e-16,2.220446049250313e-16,2.220446049250313e-16,2.220446049250313e-16,0.9388239858100927,0.025245344115045434,2.220446049250313e-16
42.0,2.220446049250313e-16,2.220446049250313e-16,0.5647143836415088,2.220446049250313e-16,0.22449740899526982,0.1111216907223475,2.220446049250313e-16,2.220446049250313e-16,0.05125193028105336,0.41246849510188405,2.220446049250313e-16,0.33226606412689563,2.220446049250313e-16,0.3208548140473501,0.873971874940997,0.9595953572167136,0.6325261304843958,2.220446049250313e-16,2.220446049250313e-16,0.09665272764164899
43.0,0.7128256006607194,0.24258778890553612,0.9008131826026637,2.220446049250313e-16,2.220446049250313e-16,0.24057164048759502,2.220446049250313e-16,0.8034950144104495,0.588694927519903,2.220446049250313e-16,2.220446049250313e-16,2.220446049250313e-16,2.220446049250313e-16,2.220446049250313e-16,2.220446049250313e-16,2.220446049250313e-16,0.35483967070079564,2.220446049250313e-16,0.9756411034662266,0.27077656711807613
44.0,0.6952135298714853,1.0038382605717011,0.08363473425168529,0.008113302080187764,0.49509504891884437,2.220446049250313e-16,2.220446049250313e-16,0.15072266074970245,0.039908097736482157,2.220446049250313e-16,2.220446049250313e-16,2.220446049250313e-16,0.4895342967642585,2.220446049250313e-16,0.0409820252766552,0.046100128713199434,0.4612156780678858,2.220446049250313e-16,0.4125988440232409,0.25086392789612866
45.0,0.7772053959173063,2.220446049250313e-16,2.220446049250313e-16,0.22793587968121054,2.220446049250313e-16,0.10723360218153555,2.220446049250313e-16,0.6249816172163121,0.868151733331049,0.3394083870181799,0.02087413510404305,0.3627714607140741,2.220446049250313e-16,0.04136758714560077,2.220446049250313e-16,2.220446049250313e-16,0.04702606375326787,2.220446049250313e-16,0.9436756065964154,0.5273444150931011
46.0,2.220446049250313e-16,2.220446049250313e-16,2.220446049250313e-16,2.220446049250313e-16,0.40067197341589955,0.0010505940688961823,2.220446049250313e-16,2.220446049250313e-16,2.220446049250313e-16,0.8464599103789225,2.220446049250313e-16,2.220446049250313e-16,2.220446049250313e-16,0.8151927567032983,0.8223136329083439,0.8339038859749264,0.690423402209634,2.220446049250313e-16,2.220446049250313e-16,2.220446049250313e-16
47.0,2.220446049250313e-16,2.220446049250313e-16,2.220446049250313e-16,2.220446049250313e-16,0.30602333393706216,2.220446049250313e-16,2.220446049250313e-16,2.220446049250313e-16,2.220446049250313e-16,0.8885205253893611,2.220446049250313e-16,2.220446049250313e-16,2.220446049250313e-16,0.8289931550678565,0.8301019717741304,0.9450712433502007,0.6939393645543658,2.220446049250313e-16,2.220446049250313e-16,2.220446049250313e-16
48.0,0.9254732891456372,0.31087874037672236,0.2962641972327217,0.024862513731109325,2.220446049250313e-16,0.04584880417368438,2.220446049250313e-16,0.24787866526468325,1.0866198223071903,2.220446049250313e-16,0.03563502851165645,2.220446049250313e-16,2.220446049250313e-16,0.3864624203738416,2.220446049250313e-16,0.0429620551651561,0.07510366301511565,0.7190851769273665,0.35956677596694187,0.015585362333162898
49.0,0.9254732891456372,0.31087874037672236,0.2962641972327217,0.024862513731109325,2.220446049250313e-16,0.04584880417368438,2.220446049250313e-16,0.24787866526468325,1.0866198223071903,2.220446049250313e-16,0.03563502851165645,2.220446049250313e-16,2.220446049250313e-16,0.3864624203738416,2.220446049250313e-16,0.0429620551651561,0.07510366301511565,0.7190851769273665,0.35956677596694187,0.015585362333162898
50.0,2.220446049250313e-16,2.220446049250313e-16,2.220446049250313e-16,0.7668316665685114,0.7306221041515315,2.220446049250313e-16,0.6061552534219252,2.220446049250313e-16,2.220446049250313e-16,1.0725352749837347,2.220446049250313e-16,2.220446049250313e-16,2.220446049250313e-16,2.220446049250313e-16,0.3592917863577854,2.220446049250313e-16,2.220446049250313e-16,0.1777858013720188,0.7770968952006478,2.220446049250313e-16
51.0,0.7673758961533877,2.220446049250313e-16,2.220446049250313e-16,1.198645488208145,2.220446049250313e-16,2.220446049250313e-16,0.6061552534219252,2.220446049250313e-16,2.220446049250313e-16,0.05283913766323773,0.5949692982710697,0.8713535628486746,2.220446049250313e-16,0.18361991590332097,2.220446049250313e-16,2.220446049250313e-16,2.220446049250313e-16,0.19775062072878535,0.5565480234885807,0.5478289590208368
52.0,0.7673758961533877,2.220446049250313e-16,2.220446049250313e-16,1.198645488208145,2.220446049250313e-16,2.220446049250313e-16,0.6061552534219252,2.220446049250313e-16,2.220446049250313e-16,0.05283913766323773,0.5949692982710697,0.8713535628486746,2.220446049250313e-16,0.18361991590332097,2.220446049250313e-16,2.220446049250313e-16,2.220446049250313e-16,0.19775062072878535,0.5565480234885807,0.5478289590208368
53.0,2.220446049250313e-16,2.220446049250313e-16,2.220446049250313e-16,0.5820801920215317,0.08550166720416152,1.256361639984596,2.220446049250313e-16,2.220446049250313e-16,0.012110173395442873,2.220446049250313e-16,0.004468309690428168,0.9939515682677851,2.220446049250313e-16,0.5423954580787554,0.7622947923289932,2.220446049250313e-16,2.220446049250313e-16,2.220446049250313e-16,0.22055585529751673,2.220446049250313e-16
54.0,2.220446049250313e-16,0.12551454363711106,0.8296109168997007,0.2434090487239038,1.2007221976995326,0.24565239867307614,8.326672684688674e-17,0.6114302171458306,2.220446049250313e-16,0.08508279033243873,2.220446049250313e-16,2.220446049250313e-16,0.07377898353200703,2.220446049250313e-16,0.8597418112239709,0.13691096355671317,2.220446049250313e-16,2.220446049250313e-16,0.04734339811368754,0.43398433016213817
55.0,1.0358027903654108,1.0042791145551409,0.23098988607633342,2.220446049250313e-16,2.220446049250313e-16,0.040459644202849324,2.220446049250313e-16,0.029009191747397495,2.220446049250313e-16,2.220446049250313e-16,2.220446049250313e-16,2.220446049250313e-16,2.220446049250313e-16,0.5566414147505129,2.220446049250313e-16,0.045880772983419776,0.570121648798503,0.49506866755101814,0.32663025737725543,2.220446049250313e-16
56.0,2.220446049250313e-16,2.220446049250313e-16,0.20375774183577156,2.220446049250313e-16,0.019923189158883137,2.220446049250313e-16,2.220446049250313e-16,2.220446049250313e-16,2.220446049250313e-16,0.8696587521962401,2.220446049250313e-16,2.220446049250313e-16,0.402692251268769,0.6388335091937262,0.8011063853038005,1.1269088836360623,2.220446049250313e-16,2.220446049250313e-16,2.220446049250313e-16,2.220446049250313e-16
57.0,0.9159191764762741,1.1304492411692157,0.5476257510716025,0.04255850169612772,2.220446049250313e-16,0.1030907954536132,2.220446049250313e-16,2.220446049250313e-16,2.220446049250313e-16,0.006468074874603548,2.220446049250313e-16,2.220446049250313e-16,0.19510084771333003,2.220446049250313e-16,0.02343631421580404,2.220446049250313e-16,2.220446049250313e-16,1.0139787227949058,2.220446049250313e-16,0.01639594712472149
58.0,0.9159191764762741,1.1304492411692157,0.5476257510716025,0.04255850169612772,2.220446049250313e-16,0.1030907954536132,2.220446049250313e-16,2.220446049250313e-16,2.220446049250313e-16,0.006468074874603548,2.220446049250313e-16,2.220446049250313e-16,0.19510084771333003,2.220446049250313e-16,0.02343631421580404,2.220446049250313e-16,2.220446049250313e-16,1.0139787227949058,2.220446049250313e-16,0.01639594712472149
59.0,0.9159191764762741,1.130449241169215,0.5476257510716024,0.042558501696127675,2.220446049250313e-16,0.10309079545361302,2.220446049250313e-16,2.220446049250313e-16,2.220446049250313e-16,0.006468074874603527,2.220446049250313e-16,2.220446049250313e-16,0.19510084771332994,2.220446049250313e-16,0.023436314215804006,2.220446049250313e-16,2.220446049250313e-16,1.0139787227949053,2.220446049250313e-16,0.016395947124721505
60.0,2.220446049250313e-16,0.488431732432671,0.5249081172680674,0.01658449135252231,0.6976207760507233,2.220446049250313e-16,2.220446049250313e-16,0.6259093893520861,0.10734807429570424,0.04035780206337473,2.220446049250313e-16,0.4796736745738901,0.5125707854918738,0.03448511942628775,2.220446049250313e-16,0.5420040401444928,2.220446049250313e-16,2.220446049250313e-16,0.047387514476682824,0.19332291428369677
61.0,2.220446049250313e-16,0.01669880035272571,2.220446049250313e-16,2.220446049250313e-16,0.008042828813196179,2.220446049250313e-16,2.220446049250313e-16,0.8574938209161845,0.5113263736266702,2.220446049250313e-16,0.5923675794369891,0.3720051683743745,0.9156949349604053,2.220446049250313e-16,2.220446049250313e-16,1.1280448133478052,2.220446049250313e-16,0.005959707287173745,2.220446049250313e-16,0.07162447449731084
62.0,2.220446049250313e-16,0.01669880035272571,2.220446049250313e-16,2.220446049250313e-16,0.008042828813196179,2.220446049250313e-16,2.220446049250313e-16,0.8574938209161845,0.5113263736266702,2.220446049250313e-16,0.5923675794369891,0.3720051683743745,0.9156949349604053,2.220446049250313e-16,2.220446049250313e-16,1.1280448133478052,2.220446049250313e-16,0.005959707287173745,2.220446049250313e-16,0.07162447449731084
63.0,2.220446049250313e-16,1.0481169308370422,0.037549684715788456,2.220446049250313e-16,0.8325725378234765,2.220446049250313e-16,2.220446049250313e-16,2.220446049250313e-16,0.24492284835787623,2.220446049250313e-16,2.220446049250313e-16,2.220446049250313e-16,0.8686182854783131,2.220446049250313e-16,2.220446049250313e-16,0.4376419947888085,0.007805057995851189,2.220446049250313e-16,2.220446049250313e-16,0.49286092022217387
64.0,2.220446049250313e-16,1.0481169308370422,0.037549684715788456,2.220446049250313e-16,0.8325725378234765,2.220446049250313e-16,2.220446049250313e-16,2.220446049250313e-16,0.24492284835787623,2.220446049250313e-16,2.220446049250313e-16,2.220446049250313e-16,0.8686182854783131,2.220446049250313e-16,2.220446049250313e-16,0.4376419947888085,0.007805057995851189,2.220446049250313e-16,2.220446049250313e-16,0.49286092022217387
65.0,0.019536651966238033,0.5900665047441676,2.220446049250313e-16,0.07655049047733684,2.220446049250313e-16,0.4590878350284896,2.220446049250313e-16,0.42412795270886317,0.016226152429862115,0.12971802360634743,0.032987413521433674,0.5057228641657645,2.220446049250313e-16,0.4364005750452804,2.220446049250313e-16,2.220446049250313e-16,0.8255250405898691,0.059581110467582715,0.8321069191337779,0.31246106137618135
66.0,2.220446049250313e-16,0.0008565320739904444,2.220446049250313e-16,0.08256866503118537,0.07352034516269865,0.264881860715993,2.220446049250313e-16,2.220446049250313e-16,2.220446049250313e-16,1.1488398513638651,2.220446049250313e-16,2.220446049250313e-16,2.220446049250313e-16,0.05854800418085918,0.8652137728703004,0.8799822715592928,0.4132714126698035,2.220446049250313e-16,2.220446049250313e-16,2.220446049250313e-16
67.0,0.03532419974788284,2.220446049250313e-16,0.2577720487847569,0.027480241718636094,0.0024824093930274917,2.220446049250313e-16,2.220446049250313e-16,0.03398621333820396,0.040701906739232414,2.220446049250313e-16,0.017621323647810896,0.7403685266827392,0.47713300278348897,2.220446049250313e-16,0.7968082158032916,1.183810975943788,0.672089986079046,0.003796042760250591,0.02523931870833688,2.220446049250313e-16
68.0,0.6744935467515266,0.7996865951764645,0.8466620553104339,2.220446049250313e-16,0.01805635879575602,0.12758641970457577,2.220446049250313e-16,0.3604236663929796,2.220446049250313e-16,2.220446049250313e-16,2.220446049250313e-16,2.220446049250313e-16,2.220446049250313e-16,0.16818778698392223,2.220446049250313e-16,2.220446049250313e-16,0.7136257318841934,2.220446049250313e-16,0.956257023703571,2.220446049250313e-16
69.0,0.6744935467515266,0.7996865951764645,0.8466620553104339,2.220446049250313e-16,0.01805635879575602,0.12758641970457577,2.220446049250313e-16,0.3604236663929796,2.220446049250313e-16,2.220446049250313e-16,2.220446049250313e-16,2.220446049250313e-16,2.220446049250313e-16,0.16818778698392223,2.220446049250313e-16,2.220446049250313e-16,0.7136257318841934,2.220446049250313e-16,0.956257023703571,2.220446049250313e-16
