id,x_0,x_1,x_2,x_3,x_4,x_5,x_6,x_7,x_8,x_9
0.0,0.06509445549041194,0.1599005372667078,0.1860521018838127,8.608539279979463e-17,0.11250879009260238,0.20365326999063924,0.12883132528016614,0.13483997249264845,0.04873701788285793,0.2455636527210174
1.0,0.06509445549041194,0.10660035817780521,9.639435273594667e-17,0.2215395102486845,0.05625439504630119,0.13576884666042616,0.06441566264008307,0.13483997249264845,0.09747403576571587,0.0409272754535029
2.0,0.06509445549041194,0.1599005372667078,0.1860521018838127,8.608539279979463e-17,0.11250879009260238,0.20365326999063924,0.12883132528016614,0.13483997249264845,0.04873701788285793,0.2455636527210174
3.0,0.06509445549041194,0.053300179088902604,9.639435273594667e-17,0.05538487756217113,0.11250879009260238,0.06788442333021308,0.06441566264008307,0.13483997249264845,0.04873701788285793,0.0409272754535029
4.0,0.06509445549041194,0.1599005372667078,0.06201736729460423,8.608539279979463e-17,0.05625439504630119,0.20365326999063924,0.12883132528016614,0.13483997249264845,0.04873701788285793,0.20463637726751452
5.0,0.06509445549041194,0.053300179088902604,9.639435273594667e-17,0.05538487756217113,0.11250879009260238,0.06788442333021308,0.06441566264008307,0.13483997249264845,0.04873701788285793,0.0409272754535029
6.0,0.06509445549041194,0.1599005372667078,0.1860521018838127,8.608539279979463e-17,0.11250879009260238,0.20365326999063924,0.12883132528016614,0.13483997249264845,0.04873701788285793,0.2455636527210174
7.0,0.06509445549041194,0.10660035817780521,9.639435273594667e-17,0.2215395102486845,0.05625439504630119,0.13576884666042616,0.06441566264008307,0.13483997249264845,0.09747403576571587,0.0409272754535029
8.0,0.06509445549041194,0.1599005372667078,0.1860521018838127,8.608539279979463e-17,0.11250879009260238,0.20365326999063924,0.12883132528016614,0.13483997249264845,0.04873701788285793,0.2455636527210174
9.0,0.06509445549041194,0.10660035817780521,9.639435273594667e-17,0.16615463268651337,0.05625439504630119,0.13576884666042616,0.12883132528016614,0.13483997249264845,0.04873701788285793,0.0409272754535029
10.0,0.06509445549041194,0.1599005372667078,0.1860521018838127,8.608539279979463e-17,0.11250879009260238,0.20365326999063924,0.12883132528016614,0.13483997249264845,0.04873701788285793,0.2455636527210174
11.0,0.06509445549041194,0.10660035817780521,9.639435273594667e-17,0.16615463268651337,0.05625439504630119,0.13576884666042616,0.12883132528016614,0.13483997249264845,0.04873701788285793,0.0409272754535029
12.0,0.13018891098082389,0.21320071635561041,0.2480694691784169,0.16615463268651337,0.11250879009260238,0.06788442333021308,0.06441566264008307,0.13483997249264845,0.09747403576571587,0.0818545509070058
13.0,0.06509445549041194,0.10660035817780521,9.639435273594667e-17,0.16615463268651337,0.05625439504630119,0.13576884666042616,0.12883132528016614,0.13483997249264845,0.04873701788285793,0.0409272754535029
14.0,0.13018891098082389,0.1599005372667078,0.12403473458920845,8.608539279979463e-17,0.05625439504630119,0.20365326999063924,0.12883132528016614,0.13483997249264845,0.04873701788285793,0.2455636527210174
15.0,0.06509445549041194,0.053300179088902604,9.639435273594667e-17,0.05538487756217113,0.11250879009260238,0.06788442333021308,0.06441566264008307,0.13483997249264845,0.04873701788285793,0.0409272754535029
16.0,0.06509445549041194,0.1599005372667078,0.06201736729460423,8.608539279979463e-17,0.05625439504630119,0.20365326999063924,0.12883132528016614,0.13483997249264845,0.04873701788285793,0.20463637726751452
17.0,0.06509445549041194,0.053300179088902604,9.639435273594667e-17,0.05538487756217113,0.11250879009260238,0.06788442333021308,0.06441566264008307,0.13483997249264845,0.04873701788285793,0.0409272754535029
18.0,0.06509445549041194,0.1599005372667078,0.1860521018838127,8.608539279979463e-17,0.11250879009260238,0.20365326999063924,0.12883132528016614,0.13483997249264845,0.04873701788285793,0.2455636527210174
19.0,0.06509445549041194,0.10660035817780521,9.639435273594667e-17,0.2215395102486845,0.05625439504630119,0.13576884666042616,0.06441566264008307,0.13483997249264845,0.09747403576571587,0.0409272754535029
20.0,0.06509445549041194,0.21320071635561041,9.639435273594667e-17,0.16615463268651337,8.74368944634681e-17,0.13576884666042616,0.06441566264008307,0.2696799449852969,0.09747403576571587,6.361376496111689e-17
21.0,0.06509445549041194,0.1599005372667078,0.1860521018838127,0.05538487756217113,0.16876318513890357,0.13576884666042616,0.12883132528016614,1.0479170947081276e-16,0.04873701788285793,0.2455636527210174
22.0,0.19528336647123581,8.284512045760156e-17,0.12403473458920845,0.11076975512434226,0.11250879009260238,0.06788442333021308,0.12883132528016614,0.06741998624632423,0.19494807153143173,6.361376496111689e-17
23.0,0.19528336647123581,8.284512045760156e-17,0.12403473458920845,0.11076975512434226,0.11250879009260238,0.06788442333021308,0.12883132528016614,0.06741998624632423,0.19494807153143173,6.361376496111689e-17
24.0,0.19528336647123581,8.284512045760156e-17,0.12403473458920845,0.11076975512434226,0.11250879009260238,0.06788442333021308,0.12883132528016614,0.06741998624632423,0.19494807153143173,6.361376496111689e-17
25.0,0.06509445549041194,0.21320071635561041,9.639435273594667e-17,0.16615463268651337,8.74368944634681e-17,0.13576884666042616,0.06441566264008307,0.2696799449852969,0.09747403576571587,6.361376496111689e-17
26.0,0.06509445549041194,0.1599005372667078,0.1860521018838127,0.05538487756217113,0.16876318513890357,0.13576884666042616,0.12883132528016614,1.0479170947081276e-16,0.04873701788285793,0.2455636527210174
27.0,0.19528336647123581,8.284512045760156e-17,0.12403473458920845,0.11076975512434226,0.11250879009260238,0.06788442333021308,0.12883132528016614,0.06741998624632423,0.19494807153143173,6.361376496111689e-17
28.0,0.19528336647123581,8.284512045760156e-17,0.12403473458920845,0.11076975512434226,0.11250879009260238,0.06788442333021308,0.12883132528016614,0.06741998624632423,0.19494807153143173,6.361376496111689e-17
29.0,0.19528336647123581,8.284512045760156e-17,0.12403473458920845,0.11076975512434226,0.11250879009260238,0.06788442333021308,0.12883132528016614,0.06741998624632423,0.19494807153143173,6.361376496111689e-17
30.0,0.13018891098082389,0.10660035817780521,0.06201736729460423,0.11076975512434226,0.11250879009260238,0.13576884666042616,0.12883132528016614,0.13483997249264845,0.04873701788285793,0.0409272754535029
31.0,0.13018891098082389,0.10660035817780521,0.06201736729460423,0.16615463268651337,0.16876318513890357,0.06788442333021308,0.12883132528016614,1.0479170947081276e-16,0.04873701788285793,6.361376496111689e-17
32.0,0.06509445549041194,0.053300179088902604,0.06201736729460423,0.05538487756217113,0.16876318513890357,0.13576884666042616,0.12883132528016614,1.0479170947081276e-16,0.04873701788285793,0.1637091018140116
33.0,1.0117710856524988e-16,0.053300179088902604,0.06201736729460423,0.11076975512434226,0.16876318513890357,1.0551358971244518e-16,0.12883132528016614,1.0479170947081276e-16,0.1462110536485738,6.361376496111689e-17
34.0,1.0117710856524988e-16,0.053300179088902604,0.06201736729460423,0.11076975512434226,0.16876318513890357,1.0551358971244518e-16,0.12883132528016614,1.0479170947081276e-16,0.1462110536485738,6.361376496111689e-17
35.0,0.06509445549041194,0.21320071635561041,9.639435273594667e-17,0.16615463268651337,8.74368944634681e-17,0.13576884666042616,0.06441566264008307,0.2696799449852969,0.09747403576571587,6.361376496111689e-17
36.0,0.06509445549041194,0.1599005372667078,0.1860521018838127,0.05538487756217113,0.16876318513890357,0.13576884666042616,0.12883132528016614,1.0479170947081276e-16,0.04873701788285793,0.2455636527210174
37.0,0.19528336647123581,8.284512045760156e-17,0.12403473458920845,0.11076975512434226,0.11250879009260238,0.06788442333021308,0.12883132528016614,0.06741998624632423,0.19494807153143173,6.361376496111689e-17
38.0,0.19528336647123581,8.284512045760156e-17,0.12403473458920845,0.11076975512434226,0.11250879009260238,0.06788442333021308,0.12883132528016614,0.06741998624632423,0.19494807153143173,6.361376496111689e-17
39.0,0.19528336647123581,8.284512045760156e-17,0.12403473458920845,0.11076975512434226,0.11250879009260238,0.06788442333021308,0.12883132528016614,0.06741998624632423,0.19494807153143173,6.361376496111689e-17
40.0,0.06509445549041194,0.21320071635561041,9.639435273594667e-17,0.16615463268651337,8.74368944634681e-17,0.13576884666042616,0.06441566264008307,0.2696799449852969,0.09747403576571587,6.361376496111689e-17
41.0,0.06509445549041194,0.1599005372667078,0.1860521018838127,0.05538487756217113,0.16876318513890357,0.13576884666042616,0.12883132528016614,1.0479170947081276e-16,0.04873701788285793,0.2455636527210174
42.0,0.19528336647123581,8.284512045760156e-17,0.12403473458920845,0.11076975512434226,0.11250879009260238,0.06788442333021308,0.12883132528016614,0.06741998624632423,0.19494807153143173,6.361376496111689e-17
43.0,0.19528336647123581,8.284512045760156e-17,0.12403473458920845,0.11076975512434226,0.11250879009260238,0.06788442333021308,0.12883132528016614,0.06741998624632423,0.19494807153143173,6.361376496111689e-17
44.0,0.19528336647123581,8.284512045760156e-17,0.12403473458920845,0.11076975512434226,0.11250879009260238,0.06788442333021308,0.12883132528016614,0.06741998624632423,0.19494807153143173,6.361376496111689e-17
45.0,0.06509445549041194,0.21320071635561041,9.639435273594667e-17,0.11076975512434226,8.74368944634681e-17,0.13576884666042616,0.12883132528016614,0.2696799449852969,0.04873701788285793,6.361376496111689e-17
46.0,0.06509445549041194,0.1599005372667078,0.1860521018838127,0.05538487756217113,0.16876318513890357,0.13576884666042616,0.12883132528016614,1.0479170947081276e-16,0.04873701788285793,0.2455636527210174
47.0,0.19528336647123581,8.284512045760156e-17,0.12403473458920845,0.11076975512434226,0.11250879009260238,0.06788442333021308,0.12883132528016614,0.06741998624632423,0.19494807153143173,6.361376496111689e-17
48.0,0.19528336647123581,8.284512045760156e-17,0.12403473458920845,0.11076975512434226,0.11250879009260238,0.06788442333021308,0.12883132528016614,0.06741998624632423,0.19494807153143173,6.361376496111689e-17
49.0,0.19528336647123581,8.284512045760156e-17,0.12403473458920845,0.11076975512434226,0.11250879009260238,0.06788442333021308,0.12883132528016614,0.06741998624632423,0.19494807153143173,6.361376496111689e-17
50.0,0.06509445549041194,0.10660035817780521,0.1860521018838127,0.16615463268651337,0.05625439504630119,0.13576884666042616,0.12883132528016614,0.13483997249264845,0.04873701788285793,0.0818545509070058
51.0,0.13018891098082389,0.21320071635561041,0.2480694691784169,0.16615463268651337,0.11250879009260238,0.06788442333021308,0.12883132528016614,0.06741998624632423,0.09747403576571587,0.0818545509070058
52.0,0.13018891098082389,0.21320071635561041,0.2480694691784169,0.16615463268651337,0.11250879009260238,0.06788442333021308,0.12883132528016614,0.06741998624632423,0.09747403576571587,0.0818545509070058
53.0,1.0117710856524988e-16,0.10660035817780521,0.06201736729460423,0.16615463268651337,0.11250879009260238,0.13576884666042616,0.12883132528016614,0.13483997249264845,0.04873701788285793,0.0409272754535029
54.0,1.0117710856524988e-16,0.10660035817780521,0.06201736729460423,0.16615463268651337,0.11250879009260238,0.13576884666042616,0.12883132528016614,0.13483997249264845,0.04873701788285793,0.0409272754535029
55.0,0.13018891098082389,0.10660035817780521,0.06201736729460423,0.11076975512434226,0.11250879009260238,0.13576884666042616,0.12883132528016614,0.13483997249264845,0.04873701788285793,0.0409272754535029
56.0,0.13018891098082389,0.10660035817780521,0.06201736729460423,0.16615463268651337,0.16876318513890357,0.06788442333021308,0.12883132528016614,1.0479170947081276e-16,0.04873701788285793,6.361376496111689e-17
57.0,0.06509445549041194,0.053300179088902604,0.06201736729460423,0.05538487756217113,0.16876318513890357,0.13576884666042616,0.12883132528016614,1.0479170947081276e-16,0.04873701788285793,0.1637091018140116
58.0,1.0117710856524988e-16,0.053300179088902604,0.06201736729460423,0.11076975512434226,0.16876318513890357,1.0551358971244518e-16,0.12883132528016614,1.0479170947081276e-16,0.1462110536485738,6.361376496111689e-17
59.0,1.0117710856524988e-16,0.053300179088902604,0.06201736729460423,0.11076975512434226,0.16876318513890357,1.0551358971244518e-16,0.12883132528016614,1.0479170947081276e-16,0.1462110536485738,6.361376496111689e-17
60.0,0.13018891098082389,0.10660035817780521,0.06201736729460423,0.11076975512434226,0.11250879009260238,0.13576884666042616,0.12883132528016614,0.13483997249264845,0.04873701788285793,0.0409272754535029
61.0,0.13018891098082389,0.10660035817780521,0.06201736729460423,0.16615463268651337,0.16876318513890357,0.06788442333021308,0.12883132528016614,1.0479170947081276e-16,0.04873701788285793,6.361376496111689e-17
62.0,0.06509445549041194,0.053300179088902604,0.06201736729460423,0.05538487756217113,0.16876318513890357,0.13576884666042616,0.12883132528016614,1.0479170947081276e-16,0.04873701788285793,0.1637091018140116
63.0,1.0117710856524988e-16,0.053300179088902604,0.06201736729460423,0.11076975512434226,0.16876318513890357,1.0551358971244518e-16,0.12883132528016614,1.0479170947081276e-16,0.1462110536485738,6.361376496111689e-17
64.0,1.0117710856524988e-16,0.053300179088902604,0.06201736729460423,0.11076975512434226,0.16876318513890357,1.0551358971244518e-16,0.12883132528016614,1.0479170947081276e-16,0.1462110536485738,6.361376496111689e-17
65.0,0.06509445549041194,0.21320071635561041,9.639435273594667e-17,0.16615463268651337,8.74368944634681e-17,0.13576884666042616,0.06441566264008307,0.2696799449852969,0.09747403576571587,6.361376496111689e-17
66.0,0.06509445549041194,0.1599005372667078,0.1860521018838127,0.05538487756217113,0.16876318513890357,0.13576884666042616,0.12883132528016614,1.0479170947081276e-16,0.04873701788285793,0.2455636527210174
67.0,0.19528336647123581,8.284512045760156e-17,0.12403473458920845,0.11076975512434226,0.11250879009260238,0.06788442333021308,0.12883132528016614,0.06741998624632423,0.19494807153143173,6.361376496111689e-17
68.0,0.19528336647123581,8.284512045760156e-17,0.12403473458920845,0.11076975512434226,0.11250879009260238,0.06788442333021308,0.12883132528016614,0.06741998624632423,0.19494807153143173,6.361376496111689e-17
69.0,0.19528336647123581,8.284512045760156e-17,0.12403473458920845,0.11076975512434226,0.11250879009260238,0.06788442333021308,0.12883132528016614,0.06741998624632423,0.19494807153143173,6.361376496111689e-17
