id,x_0,x_1,x_2,x_3,x_4,x_5,x_6,x_7,x_8,x_9
0.0,0.38400076930892696,0.022596440961285418,2.220446049250313e-16,2.220446049250313e-16,2.220446049250313e-16,2.220446049250313e-16,0.8351661119385793,0.4619070426314375,0.5152330151371831,2.220446049250313e-16
1.0,0.38400076930892696,2.220446049250313e-16,0.604089224944674,2.220446049250313e-16,2.220446049250313e-16,2.220446049250313e-16,1.7808967910866992e-16,0.46190704263143745,2.220446049250313e-16,0.6197203526504707
2.0,2.220446049250313e-16,0.3200867933384116,2.220446049250313e-16,2.220446049250313e-16,2.220446049250313e-16,2.220446049250313e-16,0.8050495852241609,0.4619070426314375,0.5171875324723617,2.220446049250313e-16
3.0,2.220446049250313e-16,2.220446049250313e-16,0.7702134936038263,2.220446049250313e-16,0.49382415138158053,0.002708694989040139,2.220446049250313e-16,2.220446049250313e-16,2.220446049250313e-16,0.6153823579982761
4.0,2.220446049250313e-16,0.0007310815348684352,2.220446049250313e-16,0.008044930696857647,2.220446049250313e-16,0.9465203177815698,2.220446049250313e-16,0.46190704263143745,2.220446049250313e-16,2.220446049250313e-16
5.0,2.220446049250313e-16,2.220446049250313e-16,0.8238803086659714,2.220446049250313e-16,2.220446049250313e-16,2.220446049250313e-16,2.220446049250313e-16,2.220446049250313e-16,0.485648734362056,0.28410144609191285
6.0,0.38400076930892696,0.022596440961285418,2.220446049250313e-16,2.220446049250313e-16,2.220446049250313e-16,2.220446049250313e-16,0.8351661119385793,0.4619070426314375,0.5152330151371831,2.220446049250313e-16
7.0,0.38400076930892696,2.220446049250313e-16,0.604089224944674,2.220446049250313e-16,2.220446049250313e-16,2.220446049250313e-16,1.7808967910866992e-16,0.46190704263143745,2.220446049250313e-16,0.6197203526504707
8.0,2.220446049250313e-16,0.3200867933384116,2.220446049250313e-16,2.220446049250313e-16,2.220446049250313e-16,2.220446049250313e-16,0.8050495852241609,0.4619070426314375,0.5171875324723617,2.220446049250313e-16
9.0,2.220446049250313e-16,2.220446049250313e-16,0.7702134936038263,2.220446049250313e-16,0.49382415138158053,0.002708694989040139,2.220446049250313e-16,2.220446049250313e-16,2.220446049250313e-16,0.6153823579982761
10.0,2.220446049250313e-16,0.0007310815348684352,2.220446049250313e-16,0.008044930696857647,2.220446049250313e-16,0.9465203177815698,2.220446049250313e-16,0.46190704263143745,2.220446049250313e-16,2.220446049250313e-16
11.0,2.220446049250313e-16,2.220446049250313e-16,0.8238803086659714,2.220446049250313e-16,2.220446049250313e-16,2.220446049250313e-16,2.220446049250313e-16,2.220446049250313e-16,0.485648734362056,0.28410144609191285
12.0,0.38400076930892696,0.022596440961285418,2.220446049250313e-16,2.220446049250313e-16,2.220446049250313e-16,2.220446049250313e-16,0.8351661119385793,0.4619070426314375,0.5152330151371831,2.220446049250313e-16
13.0,0.38400076930892696,2.220446049250313e-16,0.604089224944674,2.220446049250313e-16,2.220446049250313e-16,2.220446049250313e-16,1.7808967910866992e-16,0.46190704263143745,2.220446049250313e-16,0.6197203526504707
14.0,2.220446049250313e-16,0.3200867933384116,2.220446049250313e-16,2.220446049250313e-16,2.220446049250313e-16,2.220446049250313e-16,0.8050495852241609,0.4619070426314375,0.5171875324723617,2.220446049250313e-16
15.0,2.220446049250313e-16,2.220446049250313e-16,0.7702134936038263,2.220446049250313e-16,0.49382415138158053,0.002708694989040139,2.220446049250313e-16,2.220446049250313e-16,2.220446049250313e-16,0.6153823579982761
16.0,2.220446049250313e-16,0.0007310815348684352,2.220446049250313e-16,0.008044930696857647,2.220446049250313e-16,0.9465203177815698,2.220446049250313e-16,0.46190704263143745,2.220446049250313e-16,2.220446049250313e-16
17.0,2.220446049250313e-16,2.220446049250313e-16,0.8238803086659714,2.220446049250313e-16,2.220446049250313e-16,2.220446049250313e-16,2.220446049250313e-16,2.220446049250313e-16,0.485648734362056,0.28410144609191285
18.0,0.6104820757624951,2.220446049250313e-16,0.005023722032242256,0.0075337035513257855,0.4908110820888059,0.1787030474583489,0.26290592291069864,2.220446049250313e-16,2.220446049250313e-16,0.6353637199256056
19.0,2.220446049250313e-16,0.7038582280087297,2.220446049250313e-16,0.1354009362661192,2.220446049250313e-16,0.1700031315289853,0.4391471075800358,2.220446049250313e-16,0.34934996416295333,2.220446049250313e-16
20.0,0.5866879752309971,0.01456613477136115,2.220446049250313e-16,0.7623997512598345,2.220446049250313e-16,2.220446049250313e-16,2.220446049250313e-16,0.4619070426314375,2.220446049250313e-16,2.220446049250313e-16
21.0,0.5866879752309971,0.01456613477136115,2.220446049250313e-16,0.7623997512598345,2.220446049250313e-16,2.220446049250313e-16,2.220446049250313e-16,0.4619070426314375,2.220446049250313e-16,2.220446049250313e-16
22.0,0.5866879752309971,0.01456613477136115,2.220446049250313e-16,0.7623997512598345,2.220446049250313e-16,2.220446049250313e-16,2.220446049250313e-16,0.4619070426314375,2.220446049250313e-16,2.220446049250313e-16
23.0,0.3784123449288737,0.3441002163742586,0.005023722032242328,0.17729234265882443,2.220446049250313e-16,2.220446049250313e-16,0.4741306830924824,2.220446049250313e-16,2.220446049250313e-16,0.6353637199256055
24.0,2.220446049250313e-16,0.6869930149992367,2.220446049250313e-16,0.7141274347055657,2.220446049250313e-16,2.220446049250313e-16,0.2019022750438994,2.220446049250313e-16,2.220446049250313e-16,2.220446049250313e-16
25.0,2.220446049250313e-16,0.7085880417782862,2.220446049250313e-16,0.34247276806158994,2.220446049250313e-16,2.220446049250313e-16,0.2889373632910354,2.220446049250313e-16,0.1728324885946582,0.32987951307030566
26.0,2.220446049250313e-16,0.6126552990933644,2.220446049250313e-16,0.7461651352030163,2.220446049250313e-16,0.12344898677053724,2.220446049250313e-16,2.220446049250313e-16,2.220446049250313e-16,2.220446049250313e-16
27.0,2.220446049250313e-16,0.6126552990933644,2.220446049250313e-16,0.7461651352030163,2.220446049250313e-16,0.12344898677053724,2.220446049250313e-16,2.220446049250313e-16,2.220446049250313e-16,2.220446049250313e-16
28.0,2.220446049250313e-16,2.220446049250313e-16,0.42477937787923875,2.220446049250313e-16,2.220446049250313e-16,0.5190976594125077,2.220446049250313e-16,2.220446049250313e-16,0.5223808883960716,2.220446049250313e-16
29.0,2.220446049250313e-16,0.0007248632451951232,2.220446049250313e-16,0.007976503706038418,0.4776173609321781,0.9493525699201433,2.220446049250313e-16,2.220446049250313e-16,2.220446049250313e-16,2.220446049250313e-16
30.0,2.220446049250313e-16,0.0007248632451951232,2.220446049250313e-16,0.007976503706038418,0.4776173609321781,0.9493525699201433,2.220446049250313e-16,2.220446049250313e-16,2.220446049250313e-16,2.220446049250313e-16
31.0,2.220446049250313e-16,2.220446049250313e-16,0.8009171009221083,2.220446049250313e-16,2.220446049250313e-16,2.220446049250313e-16,0.05471414124169718,2.465190328815662e-32,0.6757954287597311,2.220446049250313e-16
32.0,2.220446049250313e-16,2.220446049250313e-16,0.8009171009221083,2.220446049250313e-16,2.220446049250313e-16,2.220446049250313e-16,0.05471414124169718,2.465190328815662e-32,0.6757954287597311,2.220446049250313e-16
33.0,0.6104820757624951,2.220446049250313e-16,0.005023722032242256,0.0075337035513257855,0.4908110820888059,0.1787030474583489,0.26290592291069864,2.220446049250313e-16,2.220446049250313e-16,0.6353637199256056
34.0,2.220446049250313e-16,0.7038582280087297,2.220446049250313e-16,0.1354009362661192,2.220446049250313e-16,0.1700031315289853,0.4391471075800358,2.220446049250313e-16,0.34934996416295333,2.220446049250313e-16
35.0,0.5866879752309971,0.01456613477136115,2.220446049250313e-16,0.7623997512598345,2.220446049250313e-16,2.220446049250313e-16,2.220446049250313e-16,0.4619070426314375,2.220446049250313e-16,2.220446049250313e-16
36.0,0.5866879752309971,0.01456613477136115,2.220446049250313e-16,0.7623997512598345,2.220446049250313e-16,2.220446049250313e-16,2.220446049250313e-16,0.4619070426314375,2.220446049250313e-16,2.220446049250313e-16
37.0,0.5866879752309971,0.01456613477136115,2.220446049250313e-16,0.7623997512598345,2.220446049250313e-16,2.220446049250313e-16,2.220446049250313e-16,0.4619070426314375,2.220446049250313e-16,2.220446049250313e-16
38.0,0.3784123449288737,0.3441002163742586,0.005023722032242328,0.17729234265882443,2.220446049250313e-16,2.220446049250313e-16,0.4741306830924824,2.220446049250313e-16,2.220446049250313e-16,0.6353637199256055
39.0,2.220446049250313e-16,0.6869930149992367,2.220446049250313e-16,0.7141274347055657,2.220446049250313e-16,2.220446049250313e-16,0.2019022750438994,2.220446049250313e-16,2.220446049250313e-16,2.220446049250313e-16
40.0,2.220446049250313e-16,0.7085880417782862,2.220446049250313e-16,0.34247276806158994,2.220446049250313e-16,2.220446049250313e-16,0.2889373632910354,2.220446049250313e-16,0.1728324885946582,0.32987951307030566
41.0,2.220446049250313e-16,0.6126552990933644,2.220446049250313e-16,0.7461651352030163,2.220446049250313e-16,0.12344898677053724,2.220446049250313e-16,2.220446049250313e-16,2.220446049250313e-16,2.220446049250313e-16
42.0,2.220446049250313e-16,0.6126552990933644,2.220446049250313e-16,0.7461651352030163,2.220446049250313e-16,0.12344898677053724,2.220446049250313e-16,2.220446049250313e-16,2.220446049250313e-16,2.220446049250313e-16
43.0,2.220446049250313e-16,2.220446049250313e-16,0.42477937787923875,2.220446049250313e-16,2.220446049250313e-16,0.5190976594125077,2.220446049250313e-16,2.220446049250313e-16,0.5223808883960716,2.220446049250313e-16
44.0,2.220446049250313e-16,0.0007248632451951232,2.220446049250313e-16,0.007976503706038418,0.4776173609321781,0.9493525699201433,2.220446049250313e-16,2.220446049250313e-16,2.220446049250313e-16,2.220446049250313e-16
45.0,2.220446049250313e-16,0.0007248632451951232,2.220446049250313e-16,0.007976503706038418,0.4776173609321781,0.9493525699201433,2.220446049250313e-16,2.220446049250313e-16,2.220446049250313e-16,2.220446049250313e-16
46.0,2.220446049250313e-16,2.220446049250313e-16,0.8009171009221083,2.220446049250313e-16,2.220446049250313e-16,2.220446049250313e-16,0.05471414124169718,2.465190328815662e-32,0.6757954287597311,2.220446049250313e-16
47.0,2.220446049250313e-16,2.220446049250313e-16,0.8009171009221083,2.220446049250313e-16,2.220446049250313e-16,2.220446049250313e-16,0.05471414124169718,2.465190328815662e-32,0.6757954287597311,2.220446049250313e-16
48.0,0.6104820757624951,2.220446049250313e-16,0.005023722032242256,0.0075337035513257855,0.4908110820888059,0.1787030474583489,0.26290592291069864,2.220446049250313e-16,2.220446049250313e-16,0.6353637199256056
49.0,2.220446049250313e-16,0.7038582280087297,2.220446049250313e-16,0.1354009362661192,2.220446049250313e-16,0.1700031315289853,0.4391471075800358,2.220446049250313e-16,0.34934996416295333,2.220446049250313e-16
50.0,0.5866879752309971,0.01456613477136115,2.220446049250313e-16,0.7623997512598345,2.220446049250313e-16,2.220446049250313e-16,2.220446049250313e-16,0.4619070426314375,2.220446049250313e-16,2.220446049250313e-16
51.0,0.5866879752309971,0.01456613477136115,2.220446049250313e-16,0.7623997512598345,2.220446049250313e-16,2.220446049250313e-16,2.220446049250313e-16,0.4619070426314375,2.220446049250313e-16,2.220446049250313e-16
52.0,0.5866879752309971,0.01456613477136115,2.220446049250313e-16,0.7623997512598345,2.220446049250313e-16,2.220446049250313e-16,2.220446049250313e-16,0.4619070426314375,2.220446049250313e-16,2.220446049250313e-16
53.0,0.3784123449288737,0.3441002163742586,0.005023722032242328,0.17729234265882443,2.220446049250313e-16,2.220446049250313e-16,0.4741306830924824,2.220446049250313e-16,2.220446049250313e-16,0.6353637199256055
54.0,2.220446049250313e-16,0.6869930149992367,2.220446049250313e-16,0.7141274347055657,2.220446049250313e-16,2.220446049250313e-16,0.2019022750438994,2.220446049250313e-16,2.220446049250313e-16,2.220446049250313e-16
55.0,2.220446049250313e-16,0.7085880417782862,2.220446049250313e-16,0.34247276806158994,2.220446049250313e-16,2.220446049250313e-16,0.2889373632910354,2.220446049250313e-16,0.1728324885946582,0.32987951307030566
56.0,2.220446049250313e-16,0.6126552990933644,2.220446049250313e-16,0.7461651352030163,2.220446049250313e-16,0.12344898677053724,2.220446049250313e-16,2.220446049250313e-16,2.220446049250313e-16,2.220446049250313e-16
57.0,2.220446049250313e-16,0.6126552990933644,2.220446049250313e-16,0.7461651352030163,2.220446049250313e-16,0.12344898677053724,2.220446049250313e-16,2.220446049250313e-16,2.220446049250313e-16,2.220446049250313e-16
58.0,2.220446049250313e-16,2.220446049250313e-16,0.42477937787923875,2.220446049250313e-16,2.220446049250313e-16,0.5190976594125077,2.220446049250313e-16,2.220446049250313e-16,0.5223808883960716,2.220446049250313e-16
59.0,2.220446049250313e-16,0.0007248632451951232,2.220446049250313e-16,0.007976503706038418,0.4776173609321781,0.9493525699201433,2.220446049250313e-16,2.220446049250313e-16,2.220446049250313e-16,2.220446049250313e-16
60.0,2.220446049250313e-16,0.0007248632451951232,2.220446049250313e-16,0.007976503706038418,0.4776173609321781,0.9493525699201433,2.220446049250313e-16,2.220446049250313e-16,2.220446049250313e-16,2.220446049250313e-16
61.0,2.220446049250313e-16,2.220446049250313e-16,0.8009171009221083,2.220446049250313e-16,2.220446049250313e-16,2.220446049250313e-16,0.05471414124169718,2.465190328815662e-32,0.6757954287597311,2.220446049250313e-16
62.0,2.220446049250313e-16,2.220446049250313e-16,0.8009171009221083,2.220446049250313e-16,2.220446049250313e-16,2.220446049250313e-16,0.05471414124169718,2.465190328815662e-32,0.6757954287597311,2.220446049250313e-16
