46 0.2451518440269588 0.24260174145932475 0.37202692937664494 0.28560091567243273 0.1624521793761839 0.16195959408047808 0.24260174181922003 0.16245217938956127 0.24515184461886622 0.3720269293229023 0.24260174163141238 0.2763299046437598 0.28560091582318625 0.5992830527112565 0.3605257420416487 0.21797457660388336 0.5992830532865425 0.21797457728849354 0.1619595940702364 0.37202693008621635
47 0.2451518440269588 0.24260174145932475 0.37202692937664494 0.28560091567243273 0.1624521793761839 0.16195959408047808 0.24260174181922003 0.16245217938956127 0.24515184461886622 0.3720269293229023 0.24260174163141238 0.2763299046437598 0.28560091582318625 0.5992830527112565 0.3605257420416487 0.21797457660388336 0.5992830532865425 0.21797457728849354 0.1619595940702364 0.37202693008621635
21 0.0679952286071229 0.21785165284824276 0.10239215852384856 0.7473788595882523 0.031602390311039064 0.014765788943990402 0.21785165329718517 0.031602390561058916 0.0679952290068054 0.10239215825029321 0.21785165325139424 0.21068381856576573 0.7473788594161833 0.28560091572975155 0.5999342091394333 0.2548475177970746 0.28560091599259796 0.2548475186760326 0.014765788715006535 0.10239215876149209
36 0.0679952286071229 0.21785165284824276 0.10239215852384856 0.7473788595882523 0.031602390311039064 0.014765788943990402 0.21785165329718517 0.031602390561058916 0.0679952290068054 0.10239215825029321 0.21785165325139424 0.21068381856576573 0.7473788594161833 0.28560091572975155 0.5999342091394333 0.2548475177970746 0.28560091599259796 0.2548475186760326 0.014765788715006535 0.10239215876149209
23 0.29671937507737767 0.4097528367842892 0.2646865495179227 0.2106838185021623 0.3480080566700776 0.15260913682662447 0.40975283740566365 0.3480080568295238 0.29671937544791843 0.26468654923449453 0.40975283711692695 0.49204392264842445 0.2106838185767756 0.27632990461421963 0.2922395807140577 0.3551372066292045 0.2763299048220915 0.355137207774164 0.15260913707234672 0.2646865500619605
28 0.4873663332120732 0.32408406065172723 0.32501655446366234 0.06799522892369514 0.3998577205214423 0.2465769806947014 0.32408406079092444 0.39985772056284213 0.4873663350666966 0.3250165546226513 0.32408406066576123 0.2967193752004286 0.06799522876308027 0.24515184417266195 0.05414668350382015 0.3399682186597598 0.2451518444795738 0.3399682192878046 0.24657698111093757 0.32501655522809986
44 0.325016554328613 0.2019503190240357 0.49870315063162707 0.10239215831097681 0.2890731161678559 0.3947302805026993 0.20195031951880082 0.28907311642251443 0.3250165550271049 0.4987031505443156 0.2019503193005221 0.26468654969274485 0.1023921585692733 0.37202692944265436 0.09524237468894192 0.17972924502100796 0.37202692985738395 0.17972924548666924 0.39473028099746443 0.4987031514174305
45 0.325016554328613 0.2019503190240357 0.49870315063162707 0.10239215831097681 0.2890731161678559 0.3947302805026993 0.20195031951880082 0.28907311642251443 0.3250165550271049 0.4987031505443156 0.2019503193005221 0.26468654969274485 0.1023921585692733 0.37202692944265436 0.09524237468894192 0.17972924502100796 0.37202692985738395 0.17972924548666924 0.39473028099746443 0.4987031514174305
57 0.05414668327503433 0.23655473274759772 0.09524237475735112 0.5999342091843947 0.06800055810379785 0.01185634981531083 0.23655473322965903 0.06800055796087245 0.05414668375757344 0.09524237426320174 0.23655473306698901 0.29223958071404027 0.5999342091253645 0.36052574193463555 0.8067935459909262 0.19157203596500794 0.3605257419938194 0.19157203681772744 0.011856349649314847 0.09524237474977039
49 0.2465769807240516 0.12924170634778123 0.394730280292441 0.014765788802851025 0.34841924942176333 0.7118131487867997 0.12924170656362105 0.34841924929131246 0.2465769814253703 0.3947302808089115 0.1292417065300603 0.15260913705710533 0.014765788852449153 0.16195959377065944 0.011856349856795316 0.1191164999238395 0.16195959436101418 0.11911650045399316 0.7118131491282603 0.39473028142878097
12 0.3998577200578098 0.31220042884791144 0.28907311597579466 0.03160239030956468 0.5383701144517283 0.34841924903009464 0.312200428924896 0.5383701144784674 0.3998577205552358 0.2890731157475841 0.3122004288730545 0.3480080568035661 0.03160239039891575 0.1624521794222142 0.06800055811162772 0.25897997040026005 0.16245217972060866 0.2589799707936131 0.3484192493819063 0.2890731165645408
33 0.3399682186840261 0.44214176641684183 0.1797292449498069 0.2548475183887015 0.2589799705189932 0.11911650009494273 0.442141766714662 0.2589799708977479 0.33996821952492673 0.17972924485310585 0.4421417665356113 0.35513720708945934 0.25484751804554506 0.21797457670671036 0.19157203638260203 0.5173036003645509 0.2179745771206455 0.5173036009822813 0.11911650037535892 0.1797292454172087
50 0.0679952286071229 0.21785165284824276 0.10239215852384856 0.7473788595882523 0.031602390311039064 0.014765788943990402 0.21785165329718517 0.031602390561058916 0.0679952290068054 0.10239215825029321 0.21785165325139424 0.21068381856576573 0.7473788594161833 0.28560091572975155 0.5999342091394333 0.2548475177970746 0.28560091599259796 0.2548475186760326 0.014765788715006535 0.10239215876149209
19 0.2465769807240516 0.12924170634778123 0.394730280292441 0.014765788802851025 0.34841924942176333 0.7118131487867997 0.12924170656362105 0.34841924929131246 0.2465769814253703 0.3947302808089115 0.1292417065300603 0.15260913705710533 0.014765788852449153 0.16195959377065944 0.011856349856795316 0.1191164999238395 0.16195959436101418 0.11911650045399316 0.7118131491282603 0.39473028142878097
58 0.4873663332120732 0.32408406065172723 0.32501655446366234 0.06799522892369514 0.3998577205214423 0.2465769806947014 0.32408406079092444 0.39985772056284213 0.4873663350666966 0.3250165546226513 0.32408406066576123 0.2967193752004286 0.06799522876308027 0.24515184417266195 0.05414668350382015 0.3399682186597598 0.2451518444795738 0.3399682192878046 0.24657698111093757 0.32501655522809986
35 0.0679952286071229 0.21785165284824276 0.10239215852384856 0.7473788595882523 0.031602390311039064 0.014765788943990402 0.21785165329718517 0.031602390561058916 0.0679952290068054 0.10239215825029321 0.21785165325139424 0.21068381856576573 0.7473788594161833 0.28560091572975155 0.5999342091394333 0.2548475177970746 0.28560091599259796 0.2548475186760326 0.014765788715006535 0.10239215876149209
3 0.3240840601337773 0.4515816975388569 0.2019503189241034 0.2178516532639797 0.31220042849731966 0.12924170604691088 0.4515816982051396 0.31220042846624296 0.32408406084876334 0.20195031895408214 0.4515816979420121 0.4097528369182974 0.21785165292246378 0.24260174131776072 0.23655473297185498 0.4421417659134946 0.24260174161572956 0.44214176676130723 0.12924170630674253 0.2019503196182698
54 0.29671937507737767 0.4097528367842892 0.2646865495179227 0.2106838185021623 0.3480080566700776 0.15260913682662447 0.40975283740566365 0.3480080568295238 0.29671937544791843 0.26468654923449453 0.40975283711692695 0.49204392264842445 0.2106838185767756 0.27632990461421963 0.2922395807140577 0.3551372066292045 0.2763299048220915 0.355137207774164 0.15260913707234672 0.2646865500619605
8 0.3998577200578098 0.31220042884791144 0.28907311597579466 0.03160239030956468 0.5383701144517283 0.34841924903009464 0.312200428924896 0.5383701144784674 0.3998577205552358 0.2890731157475841 0.3122004288730545 0.3480080568035661 0.03160239039891575 0.1624521794222142 0.06800055811162772 0.25897997040026005 0.16245217972060866 0.2589799707936131 0.3484192493819063 0.2890731165645408
4 0.4565566835709188 0.3290461860460877 0.2467459501697219 0.040531370902827865 0.507791467424422 0.28221213828631664 0.3290461865715893 0.5077914674836662 0.4565566849295262 0.24674595022888252 0.3290461863223719 0.33543573866525045 0.04053137093811447 0.14591609905693845 0.04956287756388117 0.34613990277089046 0.14591609988139415 0.34613990368192454 0.2822121388518638 0.24674595107131567
15 0.3240840601210948 0.45158169750357047 0.20195031887851655 0.21785165322944522 0.31220042853965424 0.12924170610494912 0.45158169814385474 0.31220042865606956 0.3240840607613791 0.20195031876210123 0.45158169767819345 0.40975283691829567 0.21785165299661458 0.2426017413381487 0.2365547329718538 0.44214176607783884 0.24260174168739468 0.44214176677633077 0.12924170633777976 0.20195031922776252
42 0.05414668327503433 0.23655473274759772 0.09524237475735112 0.5999342091843947 0.06800055810379785 0.01185634981531083 0.23655473322965903 0.06800055796087245 0.05414668375757344 0.09524237426320174 0.23655473306698901 0.29223958071404027 0.5999342091253645 0.36052574193463555 0.8067935459909262 0.19157203596500794 0.3605257419938194 0.19157203681772744 0.011856349649314847 0.09524237474977039
51 0.0679952286071229 0.21785165284824276 0.10239215852384856 0.7473788595882523 0.031602390311039064 0.014765788943990402 0.21785165329718517 0.031602390561058916 0.0679952290068054 0.10239215825029321 0.21785165325139424 0.21068381856576573 0.7473788594161833 0.28560091572975155 0.5999342091394333 0.2548475177970746 0.28560091599259796 0.2548475186760326 0.014765788715006535 0.10239215876149209
17 0.3240840601337773 0.4515816975388569 0.2019503189241034 0.2178516532639797 0.31220042849731966 0.12924170604691088 0.4515816982051396 0.31220042846624296 0.32408406084876334 0.20195031895408214 0.4515816979420121 0.4097528369182974 0.21785165292246378 0.24260174131776072 0.23655473297185498 0.4421417659134946 0.24260174161572956 0.44214176676130723 0.12924170630674253 0.2019503196182698
59 0.325016554328613 0.2019503190240357 0.49870315063162707 0.10239215831097681 0.2890731161678559 0.3947302805026993 0.20195031951880082 0.28907311642251443 0.3250165550271049 0.4987031505443156 0.2019503193005221 0.26468654969274485 0.1023921585692733 0.37202692944265436 0.09524237468894192 0.17972924502100796 0.37202692985738395 0.17972924548666924 0.39473028099746443 0.4987031514174305
62 0.2451518440269588 0.24260174145932475 0.37202692937664494 0.28560091567243273 0.1624521793761839 0.16195959408047808 0.24260174181922003 0.16245217938956127 0.24515184461886622 0.3720269293229023 0.24260174163141238 0.2763299046437598 0.28560091582318625 0.5992830527112565 0.3605257420416487 0.21797457660388336 0.5992830532865425 0.21797457728849354 0.1619595940702364 0.37202693008621635
11 0.3240840601337773 0.4515816975388569 0.2019503189241034 0.2178516532639797 0.31220042849731966 0.12924170604691088 0.4515816982051396 0.31220042846624296 0.32408406084876334 0.20195031895408214 0.4515816979420121 0.4097528369182974 0.21785165292246378 0.24260174131776072 0.23655473297185498 0.4421417659134946 0.24260174161572956 0.44214176676130723 0.12924170630674253 0.2019503196182698
6 0.3998577200578098 0.31220042884791144 0.28907311597579466 0.03160239030956468 0.5383701144517283 0.34841924903009464 0.312200428924896 0.5383701144784674 0.3998577205552358 0.2890731157475841 0.3122004288730545 0.3480080568035661 0.03160239039891575 0.1624521794222142 0.06800055811162772 0.25897997040026005 0.16245217972060866 0.2589799707936131 0.3484192493819063 0.2890731165645408
38 0.29671937507737767 0.4097528367842892 0.2646865495179227 0.2106838185021623 0.3480080566700776 0.15260913682662447 0.40975283740566365 0.3480080568295238 0.29671937544791843 0.26468654923449453 0.40975283711692695 0.49204392264842445 0.2106838185767756 0.27632990461421963 0.2922395807140577 0.3551372066292045 0.2763299048220915 0.355137207774164 0.15260913707234672 0.2646865500619605
27 0.05414668327503433 0.23655473274759772 0.09524237475735112 0.5999342091843947 0.06800055810379785 0.01185634981531083 0.23655473322965903 0.06800055796087245 0.05414668375757344 0.09524237426320174 0.23655473306698901 0.29223958071404027 0.5999342091253645 0.36052574193463555 0.8067935459909262 0.19157203596500794 0.3605257419938194 0.19157203681772744 0.011856349649314847 0.09524237474977039
56 0.05414668327503433 0.23655473274759772 0.09524237475735112 0.5999342091843947 0.06800055810379785 0.01185634981531083 0.23655473322965903 0.06800055796087245 0.05414668375757344 0.09524237426320174 0.23655473306698901 0.29223958071404027 0.5999342091253645 0.36052574193463555 0.8067935459909262 0.19157203596500794 0.3605257419938194 0.19157203681772744 0.011856349649314847 0.09524237474977039
34 0.2465769807240516 0.12924170634778123 0.394730280292441 0.014765788802851025 0.34841924942176333 0.7118131487867997 0.12924170656362105 0.34841924929131246 0.2465769814253703 0.3947302808089115 0.1292417065300603 0.15260913705710533 0.014765788852449153 0.16195959377065944 0.011856349856795316 0.1191164999238395 0.16195959436101418 0.11911650045399316 0.7118131491282603 0.39473028142878097
32 0.2451518440269588 0.24260174145932475 0.37202692937664494 0.28560091567243273 0.1624521793761839 0.16195959408047808 0.24260174181922003 0.16245217938956127 0.24515184461886622 0.3720269293229023 0.24260174163141238 0.2763299046437598 0.28560091582318625 0.5992830527112565 0.3605257420416487 0.21797457660388336 0.5992830532865425 0.21797457728849354 0.1619595940702364 0.37202693008621635
22 0.0679952286071229 0.21785165284824276 0.10239215852384856 0.7473788595882523 0.031602390311039064 0.014765788943990402 0.21785165329718517 0.031602390561058916 0.0679952290068054 0.10239215825029321 0.21785165325139424 0.21068381856576573 0.7473788594161833 0.28560091572975155 0.5999342091394333 0.2548475177970746 0.28560091599259796 0.2548475186760326 0.014765788715006535 0.10239215876149209
39 0.29671937507737767 0.4097528367842892 0.2646865495179227 0.2106838185021623 0.3480080566700776 0.15260913682662447 0.40975283740566365 0.3480080568295238 0.29671937544791843 0.26468654923449453 0.40975283711692695 0.49204392264842445 0.2106838185767756 0.27632990461421963 0.2922395807140577 0.3551372066292045 0.2763299048220915 0.355137207774164 0.15260913707234672 0.2646865500619605
1 0.3240840601337773 0.4515816975388569 0.2019503189241034 0.2178516532639797 0.31220042849731966 0.12924170604691088 0.4515816982051396 0.31220042846624296 0.32408406084876334 0.20195031895408214 0.4515816979420121 0.4097528369182974 0.21785165292246378 0.24260174131776072 0.23655473297185498 0.4421417659134946 0.24260174161572956 0.44214176676130723 0.12924170630674253 0.2019503196182698
24 0.29671937507737767 0.4097528367842892 0.2646865495179227 0.2106838185021623 0.3480080566700776 0.15260913682662447 0.40975283740566365 0.3480080568295238 0.29671937544791843 0.26468654923449453 0.40975283711692695 0.49204392264842445 0.2106838185767756 0.27632990461421963 0.2922395807140577 0.3551372066292045 0.2763299048220915 0.355137207774164 0.15260913707234672 0.2646865500619605
40 0.18386523198865776 0.15442260261429533 0.4217550887956566 0.06311593332436634 0.4103369545152116 0.5988830100490986 0.1544226025365037 0.41033695461559383 0.18386523127174695 0.4217550893345887 0.15442260265691243 0.3067336563749353 0.06311593333962891 0.23294647935497112 0.09750789744858805 0.14994866163554416 0.23294647954897202 0.14994866173545734 0.5988830102236774 0.4217550901896997
25 0.18386523198865776 0.15442260261429533 0.4217550887956566 0.06311593332436634 0.4103369545152116 0.5988830100490986 0.1544226025365037 0.41033695461559383 0.18386523127174695 0.4217550893345887 0.15442260265691243 0.3067336563749353 0.06311593333962891 0.23294647935497112 0.09750789744858805 0.14994866163554416 0.23294647954897202 0.14994866173545734 0.5988830102236774 0.4217550901896997
7 0.3240840601337773 0.4515816975388569 0.2019503189241034 0.2178516532639797 0.31220042849731966 0.12924170604691088 0.4515816982051396 0.31220042846624296 0.32408406084876334 0.20195031895408214 0.4515816979420121 0.4097528369182974 0.21785165292246378 0.24260174131776072 0.23655473297185498 0.4421417659134946 0.24260174161572956 0.44214176676130723 0.12924170630674253 0.2019503196182698
9 0.3240840601337773 0.4515816975388569 0.2019503189241034 0.2178516532639797 0.31220042849731966 0.12924170604691088 0.4515816982051396 0.31220042846624296 0.32408406084876334 0.20195031895408214 0.4515816979420121 0.4097528369182974 0.21785165292246378 0.24260174131776072 0.23655473297185498 0.4421417659134946 0.24260174161572956 0.44214176676130723 0.12924170630674253 0.2019503196182698
30 0.325016554328613 0.2019503190240357 0.49870315063162707 0.10239215831097681 0.2890731161678559 0.3947302805026993 0.20195031951880082 0.28907311642251443 0.3250165550271049 0.4987031505443156 0.2019503193005221 0.26468654969274485 0.1023921585692733 0.37202692944265436 0.09524237468894192 0.17972924502100796 0.37202692985738395 0.17972924548666924 0.39473028099746443 0.4987031514174305
2 0.3998577200578098 0.31220042884791144 0.28907311597579466 0.03160239030956468 0.5383701144517283 0.34841924903009464 0.312200428924896 0.5383701144784674 0.3998577205552358 0.2890731157475841 0.3122004288730545 0.3480080568035661 0.03160239039891575 0.1624521794222142 0.06800055811162772 0.25897997040026005 0.16245217972060866 0.2589799707936131 0.3484192493819063 0.2890731165645408
61 0.2451518440269588 0.24260174145932475 0.37202692937664494 0.28560091567243273 0.1624521793761839 0.16195959408047808 0.24260174181922003 0.16245217938956127 0.24515184461886622 0.3720269293229023 0.24260174163141238 0.2763299046437598 0.28560091582318625 0.5992830527112565 0.3605257420416487 0.21797457660388336 0.5992830532865425 0.21797457728849354 0.1619595940702364 0.37202693008621635
13 0.3240840601337773 0.4515816975388569 0.2019503189241034 0.2178516532639797 0.31220042849731966 0.12924170604691088 0.4515816982051396 0.31220042846624296 0.32408406084876334 0.20195031895408214 0.4515816979420121 0.4097528369182974 0.21785165292246378 0.24260174131776072 0.23655473297185498 0.4421417659134946 0.24260174161572956 0.44214176676130723 0.12924170630674253 0.2019503196182698
48 0.3399682186840261 0.44214176641684183 0.1797292449498069 0.2548475183887015 0.2589799705189932 0.11911650009494273 0.442141766714662 0.2589799708977479 0.33996821952492673 0.17972924485310585 0.4421417665356113 0.35513720708945934 0.25484751804554506 0.21797457670671036 0.19157203638260203 0.5173036003645509 0.2179745771206455 0.5173036009822813 0.11911650037535892 0.1797292454172087
10 0.4565566835709188 0.3290461860460877 0.2467459501697219 0.040531370902827865 0.507791467424422 0.28221213828631664 0.3290461865715893 0.5077914674836662 0.4565566849295262 0.24674595022888252 0.3290461863223719 0.33543573866525045 0.04053137093811447 0.14591609905693845 0.04956287756388117 0.34613990277089046 0.14591609988139415 0.34613990368192454 0.2822121388518638 0.24674595107131567
14 0.3998577200578098 0.31220042884791144 0.28907311597579466 0.03160239030956468 0.5383701144517283 0.34841924903009464 0.312200428924896 0.5383701144784674 0.3998577205552358 0.2890731157475841 0.3122004288730545 0.3480080568035661 0.03160239039891575 0.1624521794222142 0.06800055811162772 0.25897997040026005 0.16245217972060866 0.2589799707936131 0.3484192493819063 0.2890731165645408
43 0.4873663332120732 0.32408406065172723 0.32501655446366234 0.06799522892369514 0.3998577205214423 0.2465769806947014 0.32408406079092444 0.39985772056284213 0.4873663350666966 0.3250165546226513 0.32408406066576123 0.2967193752004286 0.06799522876308027 0.24515184417266195 0.05414668350382015 0.3399682186597598 0.2451518444795738 0.3399682192878046 0.24657698111093757 0.32501655522809986
29 0.325016554328613 0.2019503190240357 0.49870315063162707 0.10239215831097681 0.2890731161678559 0.3947302805026993 0.20195031951880082 0.28907311642251443 0.3250165550271049 0.4987031505443156 0.2019503193005221 0.26468654969274485 0.1023921585692733 0.37202692944265436 0.09524237468894192 0.17972924502100796 0.37202692985738395 0.17972924548666924 0.39473028099746443 0.4987031514174305
5 0.3240840601337773 0.4515816975388569 0.2019503189241034 0.2178516532639797 0.31220042849731966 0.12924170604691088 0.4515816982051396 0.31220042846624296 0.32408406084876334 0.20195031895408214 0.4515816979420121 0.4097528369182974 0.21785165292246378 0.24260174131776072 0.23655473297185498 0.4421417659134946 0.24260174161572956 0.44214176676130723 0.12924170630674253 0.2019503196182698
31 0.2451518440269588 0.24260174145932475 0.37202692937664494 0.28560091567243273 0.1624521793761839 0.16195959408047808 0.24260174181922003 0.16245217938956127 0.24515184461886622 0.3720269293229023 0.24260174163141238 0.2763299046437598 0.28560091582318625 0.5992830527112565 0.3605257420416487 0.21797457660388336 0.5992830532865425 0.21797457728849354 0.1619595940702364 0.37202693008621635
20 0.0679952286071229 0.21785165284824276 0.10239215852384856 0.7473788595882523 0.031602390311039064 0.014765788943990402 0.21785165329718517 0.031602390561058916 0.0679952290068054 0.10239215825029321 0.21785165325139424 0.21068381856576573 0.7473788594161833 0.28560091572975155 0.5999342091394333 0.2548475177970746 0.28560091599259796 0.2548475186760326 0.014765788715006535 0.10239215876149209
37 0.0679952286071229 0.21785165284824276 0.10239215852384856 0.7473788595882523 0.031602390311039064 0.014765788943990402 0.21785165329718517 0.031602390561058916 0.0679952290068054 0.10239215825029321 0.21785165325139424 0.21068381856576573 0.7473788594161833 0.28560091572975155 0.5999342091394333 0.2548475177970746 0.28560091599259796 0.2548475186760326 0.014765788715006535 0.10239215876149209
55 0.18386523198865776 0.15442260261429533 0.4217550887956566 0.06311593332436634 0.4103369545152116 0.5988830100490986 0.1544226025365037 0.41033695461559383 0.18386523127174695 0.4217550893345887 0.15442260265691243 0.3067336563749353 0.06311593333962891 0.23294647935497112 0.09750789744858805 0.14994866163554416 0.23294647954897202 0.14994866173545734 0.5988830102236774 0.4217550901896997
60 0.325016554328613 0.2019503190240357 0.49870315063162707 0.10239215831097681 0.2890731161678559 0.3947302805026993 0.20195031951880082 0.28907311642251443 0.3250165550271049 0.4987031505443156 0.2019503193005221 0.26468654969274485 0.1023921585692733 0.37202692944265436 0.09524237468894192 0.17972924502100796 0.37202692985738395 0.17972924548666924 0.39473028099746443 0.4987031514174305
0 0.3998577200578098 0.31220042884791144 0.28907311597579466 0.03160239030956468 0.5383701144517283 0.34841924903009464 0.312200428924896 0.5383701144784674 0.3998577205552358 0.2890731157475841 0.3122004288730545 0.3480080568035661 0.03160239039891575 0.1624521794222142 0.06800055811162772 0.25897997040026005 0.16245217972060866 0.2589799707936131 0.3484192493819063 0.2890731165645408
52 0.0679952286071229 0.21785165284824276 0.10239215852384856 0.7473788595882523 0.031602390311039064 0.014765788943990402 0.21785165329718517 0.031602390561058916 0.0679952290068054 0.10239215825029321 0.21785165325139424 0.21068381856576573 0.7473788594161833 0.28560091572975155 0.5999342091394333 0.2548475177970746 0.28560091599259796 0.2548475186760326 0.014765788715006535 0.10239215876149209
41 0.05414668327503433 0.23655473274759772 0.09524237475735112 0.5999342091843947 0.06800055810379785 0.01185634981531083 0.23655473322965903 0.06800055796087245 0.05414668375757344 0.09524237426320174 0.23655473306698901 0.29223958071404027 0.5999342091253645 0.36052574193463555 0.8067935459909262 0.19157203596500794 0.3605257419938194 0.19157203681772744 0.011856349649314847 0.09524237474977039
53 0.29671937507737767 0.4097528367842892 0.2646865495179227 0.2106838185021623 0.3480080566700776 0.15260913682662447 0.40975283740566365 0.3480080568295238 0.29671937544791843 0.26468654923449453 0.40975283711692695 0.49204392264842445 0.2106838185767756 0.27632990461421963 0.2922395807140577 0.3551372066292045 0.2763299048220915 0.355137207774164 0.15260913707234672 0.2646865500619605
18 0.3399682186840261 0.44214176641684183 0.1797292449498069 0.2548475183887015 0.2589799705189932 0.11911650009494273 0.442141766714662 0.2589799708977479 0.33996821952492673 0.17972924485310585 0.4421417665356113 0.35513720708945934 0.25484751804554506 0.21797457670671036 0.19157203638260203 0.5173036003645509 0.2179745771206455 0.5173036009822813 0.11911650037535892 0.1797292454172087
16 0.4565566835709188 0.3290461860460877 0.2467459501697219 0.040531370902827865 0.507791467424422 0.28221213828631664 0.3290461865715893 0.5077914674836662 0.4565566849295262 0.24674595022888252 0.3290461863223719 0.33543573866525045 0.04053137093811447 0.14591609905693845 0.04956287756388117 0.34613990277089046 0.14591609988139415 0.34613990368192454 0.2822121388518638 0.24674595107131567
26 0.05414668327503433 0.23655473274759772 0.09524237475735112 0.5999342091843947 0.06800055810379785 0.01185634981531083 0.23655473322965903 0.06800055796087245 0.05414668375757344 0.09524237426320174 0.23655473306698901 0.29223958071404027 0.5999342091253645 0.36052574193463555 0.8067935459909262 0.19157203596500794 0.3605257419938194 0.19157203681772744 0.011856349649314847 0.09524237474977039
