id,x_0,x_1,x_2,x_3,x_4,x_5,x_6,x_7,x_8,x_9
0.0,0.12746727162346938,2.220446049250313e-16,1.4692629471834884,2.220446049250313e-16,2.220446049250313e-16,0.004402054546842452,0.0009555670851028696,1.2022655657625214,2.220446049250313e-16,2.220446049250313e-16
1.0,1.4970575133673627,2.220446049250313e-16,0.28052642602639166,0.541366120958845,2.220446049250313e-16,0.27096386965249103,2.220446049250313e-16,2.220446049250313e-16,2.220446049250313e-16,0.029308399765747617
2.0,0.12746727162346938,2.220446049250313e-16,1.4692629471834884,2.220446049250313e-16,2.220446049250313e-16,0.004402054546842452,0.0009555670851028696,1.2022655657625214,2.220446049250313e-16,2.220446049250313e-16
3.0,1.8339845902173315,2.220446049250313e-16,0.09353030919285771,0.3654595029277156,0.0013955929773022432,0.04036370316119471,2.220446049250313e-16,0.03322869643904583,0.013279289735953088,0.027460478082958022
4.0,2.220446049250313e-16,0.5571319509907849,0.8952463937562559,2.220446049250313e-16,0.11764988712334805,0.18028917878397102,2.220446049250313e-16,1.2461483061941183,2.220446049250313e-16,2.220446049250313e-16
5.0,1.8339845902173315,2.220446049250313e-16,0.09353030919285771,0.3654595029277156,0.0013955929773022432,0.04036370316119471,2.220446049250313e-16,0.03322869643904583,0.013279289735953088,0.027460478082958022
6.0,0.12746727162346938,2.220446049250313e-16,1.4692629471834884,2.220446049250313e-16,2.220446049250313e-16,0.004402054546842452,0.0009555670851028696,1.2022655657625214,2.220446049250313e-16,2.220446049250313e-16
7.0,1.4970575133673627,2.220446049250313e-16,0.28052642602639166,0.541366120958845,2.220446049250313e-16,0.27096386965249103,2.220446049250313e-16,2.220446049250313e-16,2.220446049250313e-16,0.029308399765747617
8.0,0.12746727162346938,2.220446049250313e-16,1.4692629471834884,2.220446049250313e-16,2.220446049250313e-16,0.004402054546842452,0.0009555670851028696,1.2022655657625214,2.220446049250313e-16,2.220446049250313e-16
9.0,1.8339845902173315,2.220446049250313e-16,0.09353030919285771,0.3654595029277156,0.0013955929773022432,0.04036370316119471,2.220446049250313e-16,0.03322869643904583,0.013279289735953088,0.027460478082958022
10.0,2.220446049250313e-16,0.5571319509907849,0.8952463937562559,2.220446049250313e-16,0.11764988712334805,0.18028917878397102,2.220446049250313e-16,1.2461483061941183,2.220446049250313e-16,2.220446049250313e-16
11.0,1.8339845902173315,2.220446049250313e-16,0.09353030919285771,0.3654595029277156,0.0013955929773022432,0.04036370316119471,2.220446049250313e-16,0.03322869643904583,0.013279289735953088,0.027460478082958022
12.0,0.12746727162346938,2.220446049250313e-16,1.4692629471834884,2.220446049250313e-16,2.220446049250313e-16,0.004402054546842452,0.0009555670851028696,1.2022655657625214,2.220446049250313e-16,2.220446049250313e-16
13.0,1.4970575133673627,2.220446049250313e-16,0.28052642602639166,0.541366120958845,2.220446049250313e-16,0.27096386965249103,2.220446049250313e-16,2.220446049250313e-16,2.220446049250313e-16,0.029308399765747617
14.0,0.12746727162346938,2.220446049250313e-16,1.4692629471834884,2.220446049250313e-16,2.220446049250313e-16,0.004402054546842452,0.0009555670851028696,1.2022655657625214,2.220446049250313e-16,2.220446049250313e-16
15.0,1.8339845902173322,2.220446049250313e-16,0.09353030919285768,0.36545950292771534,0.0013955929773022376,0.04036370316119451,2.220446049250313e-16,0.03322869643904587,0.013279289735953022,0.027460478082957995
16.0,2.220446049250313e-16,0.5571319509907849,0.8952463937562559,2.220446049250313e-16,0.11764988712334805,0.18028917878397102,2.220446049250313e-16,1.2461483061941183,2.220446049250313e-16,2.220446049250313e-16
17.0,1.8339845902173322,2.220446049250313e-16,0.09353030919285768,0.36545950292771534,0.0013955929773022376,0.04036370316119451,2.220446049250313e-16,0.03322869643904587,0.013279289735953022,0.027460478082957995
18.0,0.16746639842893019,0.007661628304977297,2.220446049250313e-16,2.220446049250313e-16,0.03337768789902719,1.938989616232805,2.220446049250313e-16,0.03108928532890943,0.032114861320345786,0.013353479143676126
19.0,0.08118182815213765,2.220446049250313e-16,2.220446049250313e-16,2.220446049250313e-16,0.04040209596498978,2.220446049250313e-16,2.220446049250313e-16,1.2962911358293463,0.11318272440698075,1.3986617995406476
20.0,2.220446049250313e-16,0.6372633915448286,2.220446049250313e-16,2.220446049250313e-16,0.022365678825887247,2.220446049250313e-16,1.2746398319788852,2.220446049250313e-16,2.220446049250313e-16,2.220446049250313e-16
21.0,2.220446049250313e-16,0.6372633915448286,2.220446049250313e-16,2.220446049250313e-16,0.022365678825887247,2.220446049250313e-16,1.2746398319788852,2.220446049250313e-16,2.220446049250313e-16,2.220446049250313e-16
22.0,2.220446049250313e-16,0.6372633915448286,2.220446049250313e-16,2.220446049250313e-16,0.022365678825887247,2.220446049250313e-16,1.2746398319788852,2.220446049250313e-16,2.220446049250313e-16,2.220446049250313e-16
23.0,0.16746639842893019,0.007661628304977297,2.220446049250313e-16,2.220446049250313e-16,0.03337768789902719,1.938989616232805,2.220446049250313e-16,0.03108928532890943,0.032114861320345786,0.013353479143676126
24.0,0.08118182815213765,2.220446049250313e-16,2.220446049250313e-16,2.220446049250313e-16,0.04040209596498978,2.220446049250313e-16,2.220446049250313e-16,1.2962911358293463,0.11318272440698075,1.3986617995406476
25.0,2.220446049250313e-16,0.6372633915448286,2.220446049250313e-16,2.220446049250313e-16,0.022365678825887247,2.220446049250313e-16,1.2746398319788852,2.220446049250313e-16,2.220446049250313e-16,2.220446049250313e-16
26.0,2.220446049250313e-16,0.6372633915448286,2.220446049250313e-16,2.220446049250313e-16,0.022365678825887247,2.220446049250313e-16,1.2746398319788852,2.220446049250313e-16,2.220446049250313e-16,2.220446049250313e-16
27.0,2.220446049250313e-16,0.6372633915448286,2.220446049250313e-16,2.220446049250313e-16,0.022365678825887247,2.220446049250313e-16,1.2746398319788852,2.220446049250313e-16,2.220446049250313e-16,2.220446049250313e-16
28.0,0.2118928189552398,0.5485887436863517,0.08372480131267027,0.893260135814586,0.15093457300713523,2.220446049250313e-16,2.220446049250313e-16,2.220446049250313e-16,1.9754887957550813,0.020484354477337527
29.0,2.220446049250313e-16,2.220446049250313e-16,2.220446049250313e-16,2.220446049250313e-16,0.8190060086627955,0.6133907576381038,0.0140343700308804,2.220446049250313e-16,1.2768069935821602,0.4883082477696007
30.0,0.08475712575799005,2.220446049250313e-16,2.220446049250313e-16,0.9112063609655947,2.1900621291621096,0.04400667376017146,0.1036030884304049,0.03156051669268269,0.11625005800336163,0.27873715342764493
31.0,2.220446049250313e-16,2.220446049250313e-16,0.03616144889185408,2.220446049250313e-16,0.21800351470741097,2.220446049250313e-16,1.2187578714543061,2.220446049250313e-16,2.220446049250313e-16,0.6316073643884182
32.0,2.220446049250313e-16,2.220446049250313e-16,0.03616144889185408,2.220446049250313e-16,0.21800351470741097,2.220446049250313e-16,1.2187578714543061,2.220446049250313e-16,2.220446049250313e-16,0.6316073643884182
33.0,0.16746639842893019,0.007661628304977297,2.220446049250313e-16,2.220446049250313e-16,0.03337768789902719,1.938989616232805,2.220446049250313e-16,0.03108928532890943,0.032114861320345786,0.013353479143676126
34.0,0.08118182815213765,2.220446049250313e-16,2.220446049250313e-16,2.220446049250313e-16,0.04040209596498978,2.220446049250313e-16,2.220446049250313e-16,1.2962911358293463,0.11318272440698075,1.3986617995406476
35.0,2.220446049250313e-16,0.6372633915448286,2.220446049250313e-16,2.220446049250313e-16,0.022365678825887247,2.220446049250313e-16,1.2746398319788852,2.220446049250313e-16,2.220446049250313e-16,2.220446049250313e-16
36.0,2.220446049250313e-16,0.6372633915448286,2.220446049250313e-16,2.220446049250313e-16,0.022365678825887247,2.220446049250313e-16,1.2746398319788852,2.220446049250313e-16,2.220446049250313e-16,2.220446049250313e-16
37.0,2.220446049250313e-16,0.6372633915448286,2.220446049250313e-16,2.220446049250313e-16,0.022365678825887247,2.220446049250313e-16,1.2746398319788852,2.220446049250313e-16,2.220446049250313e-16,2.220446049250313e-16
38.0,0.16746639842893019,0.007661628304977297,2.220446049250313e-16,2.220446049250313e-16,0.03337768789902719,1.938989616232805,2.220446049250313e-16,0.03108928532890943,0.032114861320345786,0.013353479143676126
39.0,0.08118182815213765,2.220446049250313e-16,2.220446049250313e-16,2.220446049250313e-16,0.04040209596498978,2.220446049250313e-16,2.220446049250313e-16,1.2962911358293463,0.11318272440698075,1.3986617995406476
40.0,2.220446049250313e-16,0.6372633915448286,2.220446049250313e-16,2.220446049250313e-16,0.022365678825887247,2.220446049250313e-16,1.2746398319788852,2.220446049250313e-16,2.220446049250313e-16,2.220446049250313e-16
41.0,2.220446049250313e-16,0.6372633915448286,2.220446049250313e-16,2.220446049250313e-16,0.022365678825887247,2.220446049250313e-16,1.2746398319788852,2.220446049250313e-16,2.220446049250313e-16,2.220446049250313e-16
42.0,2.220446049250313e-16,0.6372633915448286,2.220446049250313e-16,2.220446049250313e-16,0.022365678825887247,2.220446049250313e-16,1.2746398319788852,2.220446049250313e-16,2.220446049250313e-16,2.220446049250313e-16
43.0,0.2118928189552398,0.5485887436863517,0.08372480131267027,0.893260135814586,0.15093457300713523,2.220446049250313e-16,2.220446049250313e-16,2.220446049250313e-16,1.9754887957550813,0.020484354477337527
44.0,2.220446049250313e-16,2.220446049250313e-16,2.220446049250313e-16,2.220446049250313e-16,0.8190060086627955,0.6133907576381038,0.0140343700308804,2.220446049250313e-16,1.2768069935821602,0.4883082477696007
45.0,0.08475712575799005,2.220446049250313e-16,2.220446049250313e-16,0.9112063609655947,2.1900621291621096,0.04400667376017146,0.1036030884304049,0.03156051669268269,0.11625005800336163,0.27873715342764493
46.0,2.220446049250313e-16,2.220446049250313e-16,0.03616144889185408,2.220446049250313e-16,0.21800351470741097,2.220446049250313e-16,1.2187578714543061,2.220446049250313e-16,2.220446049250313e-16,0.6316073643884182
47.0,2.220446049250313e-16,2.220446049250313e-16,0.03616144889185408,2.220446049250313e-16,0.21800351470741097,2.220446049250313e-16,1.2187578714543061,2.220446049250313e-16,2.220446049250313e-16,0.6316073643884182
48.0,0.16746639842893019,0.007661628304977297,2.220446049250313e-16,2.220446049250313e-16,0.03337768789902719,1.938989616232805,2.220446049250313e-16,0.03108928532890943,0.032114861320345786,0.013353479143676126
49.0,0.08118182815213765,2.220446049250313e-16,2.220446049250313e-16,2.220446049250313e-16,0.04040209596498978,2.220446049250313e-16,2.220446049250313e-16,1.2962911358293463,0.11318272440698075,1.3986617995406476
50.0,2.220446049250313e-16,0.6372633915448286,2.220446049250313e-16,2.220446049250313e-16,0.022365678825887247,2.220446049250313e-16,1.2746398319788852,2.220446049250313e-16,2.220446049250313e-16,2.220446049250313e-16
51.0,2.220446049250313e-16,0.6372633915448286,2.220446049250313e-16,2.220446049250313e-16,0.022365678825887247,2.220446049250313e-16,1.2746398319788852,2.220446049250313e-16,2.220446049250313e-16,2.220446049250313e-16
52.0,2.220446049250313e-16,0.6372633915448286,2.220446049250313e-16,2.220446049250313e-16,0.022365678825887247,2.220446049250313e-16,1.2746398319788852,2.220446049250313e-16,2.220446049250313e-16,2.220446049250313e-16
53.0,0.16746639842893019,0.007661628304977297,2.220446049250313e-16,2.220446049250313e-16,0.03337768789902719,1.938989616232805,2.220446049250313e-16,0.03108928532890943,0.032114861320345786,0.013353479143676126
54.0,0.08118182815213765,2.220446049250313e-16,2.220446049250313e-16,2.220446049250313e-16,0.04040209596498978,2.220446049250313e-16,2.220446049250313e-16,1.2962911358293463,0.11318272440698075,1.3986617995406476
55.0,2.220446049250313e-16,0.6372633915448286,2.220446049250313e-16,2.220446049250313e-16,0.022365678825887247,2.220446049250313e-16,1.2746398319788852,2.220446049250313e-16,2.220446049250313e-16,2.220446049250313e-16
56.0,2.220446049250313e-16,0.6372633915448286,2.220446049250313e-16,2.220446049250313e-16,0.022365678825887247,2.220446049250313e-16,1.2746398319788852,2.220446049250313e-16,2.220446049250313e-16,2.220446049250313e-16
57.0,2.220446049250313e-16,0.6372633915448286,2.220446049250313e-16,2.220446049250313e-16,0.022365678825887247,2.220446049250313e-16,1.2746398319788852,2.220446049250313e-16,2.220446049250313e-16,2.220446049250313e-16
58.0,0.2118928189552398,0.5485887436863517,0.08372480131267027,0.893260135814586,0.15093457300713523,2.220446049250313e-16,2.220446049250313e-16,2.220446049250313e-16,1.9754887957550813,0.020484354477337527
59.0,2.220446049250313e-16,2.220446049250313e-16,2.220446049250313e-16,2.220446049250313e-16,0.8190060086627955,0.6133907576381038,0.0140343700308804,2.220446049250313e-16,1.2768069935821602,0.4883082477696007
60.0,0.0847571257579901,2.220446049250313e-16,2.220446049250313e-16,0.9112063609655946,2.19006212916211,0.04400667376017131,0.10360308843040528,0.03156051669268248,0.1162500580033613,0.2787371534276446
61.0,2.220446049250313e-16,2.220446049250313e-16,0.03616144889185408,2.220446049250313e-16,0.21800351470741097,2.220446049250313e-16,1.2187578714543061,2.220446049250313e-16,2.220446049250313e-16,0.6316073643884182
62.0,2.220446049250313e-16,2.220446049250313e-16,0.03616144889185408,2.220446049250313e-16,0.21800351470741097,2.220446049250313e-16,1.2187578714543061,2.220446049250313e-16,2.220446049250313e-16,0.6316073643884182
