id,x_0,x_1,x_2,x_3,x_4,x_5,x_6,x_7,x_8,x_9,x_10,x_11
0.0,2.220446049250313e-16,2.220446049250313e-16,2.220446049250313e-16,0.6774971643799204,2.220446049250313e-16,2.220446049250313e-16,0.3045273444167302,2.220446049250313e-16,0.5135764581824087,0.4747105554561611,2.220446049250313e-16,2.220446049250313e-16
1.0,2.220446049250313e-16,0.44005380193644833,2.220446049250313e-16,2.220446049250313e-16,2.220446049250313e-16,0.47788785891192564,2.220446049250313e-16,0.4681662999050563,0.7291797173233534,2.220446049250313e-16,2.220446049250313e-16,2.220446049250313e-16
2.0,0.02958962637080589,2.220446049250313e-16,0.01007495082250942,0.6049125501906681,0.9108314274275193,0.16314804507550054,2.220446049250313e-16,2.220446049250313e-16,2.220446049250313e-16,2.220446049250313e-16,2.220446049250313e-16,2.220446049250313e-16
3.0,2.220446049250313e-16,0.44005380193644833,2.220446049250313e-16,2.220446049250313e-16,0.02880232577919242,0.7600368221997392,0.6081640522889697,0.46816629990505626,0.022644925091250743,2.220446049250313e-16,2.220446049250313e-16,2.220446049250313e-16
4.0,0.031218199564375375,2.220446049250313e-16,0.011311584004986552,0.0019850628257642175,0.8894873539815882,0.46959510585952274,2.220446049250313e-16,0.4681662999050562,2.220446049250313e-16,2.220446049250313e-16,2.220446049250313e-16,2.220446049250313e-16
5.0,0.25944387848379585,0.4400538019364483,2.220446049250313e-16,2.220446049250313e-16,0.00936383379696002,0.7617959570778479,0.6016227287822088,2.220446049250313e-16,0.022568082910690332,2.220446049250313e-16,2.220446049250313e-16,2.220446049250313e-16
6.0,0.0313672071933774,2.220446049250313e-16,0.011424730763875512,0.31162563911368046,0.8875344606207098,0.46977140760257385,2.220446049250313e-16,2.220446049250313e-16,2.220446049250313e-16,2.220446049250313e-16,2.220446049250313e-16,2.220446049250313e-16
7.0,2.220446049250313e-16,0.4400538019364484,2.220446049250313e-16,2.220446049250313e-16,0.030908519346324614,0.7340805284753265,2.220446049250313e-16,0.4681662999050562,0.4850001612670389,2.220446049250313e-16,2.220446049250313e-16,2.220446049250313e-16
8.0,2.220446049250313e-16,2.220446049250313e-16,2.220446049250313e-16,0.6774971643799204,2.220446049250313e-16,2.220446049250313e-16,0.3045273444167302,2.220446049250313e-16,0.5135764581824087,0.4747105554561611,2.220446049250313e-16,2.220446049250313e-16
9.0,2.220446049250313e-16,0.44005380193644833,2.220446049250313e-16,2.220446049250313e-16,2.220446049250313e-16,0.47788785891192564,2.220446049250313e-16,0.4681662999050563,0.7291797173233534,2.220446049250313e-16,2.220446049250313e-16,2.220446049250313e-16
10.0,2.220446049250313e-16,2.220446049250313e-16,0.02171759984984287,0.606176110737084,0.7209409059257277,0.18029082952050038,0.30452734441673013,2.220446049250313e-16,2.220446049250313e-16,2.220446049250313e-16,2.220446049250313e-16,2.220446049250313e-16
11.0,2.220446049250313e-16,0.44005380193644833,2.220446049250313e-16,2.220446049250313e-16,0.029863002611012286,0.7469652603912562,0.3036367078722397,0.46816629990505626,0.2554865284154958,2.220446049250313e-16,2.220446049250313e-16,2.220446049250313e-16
12.0,0.02958962637080589,2.220446049250313e-16,0.01007495082250942,0.6049125501906681,0.9108314274275193,0.16314804507550054,2.220446049250313e-16,2.220446049250313e-16,2.220446049250313e-16,2.220446049250313e-16,2.220446049250313e-16,2.220446049250313e-16
13.0,2.220446049250313e-16,0.44005380193644833,2.220446049250313e-16,2.220446049250313e-16,0.02880232577919242,0.7600368221997392,0.6081640522889697,0.46816629990505626,0.022644925091250743,2.220446049250313e-16,2.220446049250313e-16,2.220446049250313e-16
14.0,0.031218199564375375,2.220446049250313e-16,0.011311584004986552,0.0019850628257642175,0.8894873539815882,0.46959510585952274,2.220446049250313e-16,0.4681662999050562,2.220446049250313e-16,2.220446049250313e-16,2.220446049250313e-16,2.220446049250313e-16
15.0,0.25944387848379585,0.4400538019364483,2.220446049250313e-16,2.220446049250313e-16,0.00936383379696002,0.7617959570778479,0.6016227287822088,2.220446049250313e-16,0.022568082910690332,2.220446049250313e-16,2.220446049250313e-16,2.220446049250313e-16
16.0,0.031218199564375375,2.220446049250313e-16,0.011311584004986552,0.0019850628257642175,0.8894873539815882,0.46959510585952274,2.220446049250313e-16,0.4681662999050562,2.220446049250313e-16,2.220446049250313e-16,2.220446049250313e-16,2.220446049250313e-16
17.0,0.25944387848379585,0.4400538019364483,2.220446049250313e-16,2.220446049250313e-16,0.00936383379696002,0.7617959570778479,0.6016227287822088,2.220446049250313e-16,0.022568082910690332,2.220446049250313e-16,2.220446049250313e-16,2.220446049250313e-16
18.0,0.0313672071933774,2.220446049250313e-16,0.011424730763875512,0.31162563911368046,0.8875344606207098,0.46977140760257385,2.220446049250313e-16,2.220446049250313e-16,2.220446049250313e-16,2.220446049250313e-16,2.220446049250313e-16,2.220446049250313e-16
19.0,2.220446049250313e-16,0.4400538019364484,2.220446049250313e-16,2.220446049250313e-16,0.030908519346324614,0.7340805284753265,2.220446049250313e-16,0.4681662999050562,0.4850001612670389,2.220446049250313e-16,2.220446049250313e-16,2.220446049250313e-16
20.0,2.220446049250313e-16,2.220446049250313e-16,2.220446049250313e-16,0.6609718355674528,2.220446049250313e-16,2.220446049250313e-16,2.220446049250313e-16,2.220446049250313e-16,0.7467981122344,2.220446049250313e-16,0.4714045207910329,2.220446049250313e-16
21.0,2.220446049250313e-16,2.220446049250313e-16,2.220446049250313e-16,0.657525981596232,2.220446049250313e-16,0.16967571700675288,2.220446049250313e-16,2.220446049250313e-16,0.7954293843809135,2.220446049250313e-16,2.220446049250313e-16,2.220446049250313e-16
22.0,2.220446049250313e-16,2.220446049250313e-16,2.220446049250313e-16,0.657525981596232,2.220446049250313e-16,0.16967571700675288,2.220446049250313e-16,2.220446049250313e-16,0.7954293843809135,2.220446049250313e-16,2.220446049250313e-16,2.220446049250313e-16
23.0,2.220446049250313e-16,0.4400538019364484,2.220446049250313e-16,0.24324536798556087,2.220446049250313e-16,2.220446049250313e-16,2.220446049250313e-16,0.4681662999050562,0.7084231710339923,2.220446049250313e-16,0.47140452079103284,2.220446049250313e-16
24.0,2.220446049250313e-16,0.4400538019364484,2.220446049250313e-16,0.24324536798556087,2.220446049250313e-16,2.220446049250313e-16,2.220446049250313e-16,0.4681662999050562,0.7084231710339923,2.220446049250313e-16,0.47140452079103284,2.220446049250313e-16
25.0,0.5408390579213425,2.220446049250313e-16,2.220446049250313e-16,2.220446049250313e-16,0.16680621743615115,2.220446049250313e-16,0.29000060566921,2.220446049250313e-16,0.465259212674242,2.220446049250313e-16,0.47140452079103284,2.220446049250313e-16
26.0,2.220446049250313e-16,2.220446049250313e-16,0.714976172283405,0.6084766423211205,0.37521220818909956,2.220446049250313e-16,2.220446049250313e-16,2.220446049250313e-16,2.220446049250313e-16,2.220446049250313e-16,2.220446049250313e-16,2.220446049250313e-16
27.0,0.09464250032224582,2.220446049250313e-16,2.220446049250313e-16,2.220446049250313e-16,2.220446049250313e-16,2.220446049250313e-16,0.6372412350093932,2.220446049250313e-16,2.220446049250313e-16,2.220446049250313e-16,0.471404520791033,0.7239718655428456
28.0,0.09464250032224582,2.220446049250313e-16,2.220446049250313e-16,2.220446049250313e-16,2.220446049250313e-16,2.220446049250313e-16,0.6372412350093932,2.220446049250313e-16,2.220446049250313e-16,2.220446049250313e-16,0.471404520791033,0.7239718655428456
29.0,0.09464250032224582,2.220446049250313e-16,2.220446049250313e-16,2.220446049250313e-16,2.220446049250313e-16,2.220446049250313e-16,0.6372412350093932,2.220446049250313e-16,2.220446049250313e-16,2.220446049250313e-16,0.471404520791033,0.7239718655428456
30.0,0.7829804552887155,0.44005380193644833,2.220446049250313e-16,2.220446049250313e-16,0.3491731519871883,2.220446049250313e-16,0.02242336946764197,2.220446049250313e-16,2.220446049250313e-16,0.4747105554561611,2.220446049250313e-16,0.03665687511974081
31.0,0.783121619637624,0.4400538019364483,0.2819063369880785,2.220446049250313e-16,0.3361808912408159,2.220446049250313e-16,0.0224198986507405,2.220446049250313e-16,2.220446049250313e-16,2.220446049250313e-16,2.220446049250313e-16,0.03665120115973275
32.0,0.2642149818087905,0.4400538019364482,0.73356764081624,2.220446049250313e-16,0.15090033785971257,2.220446049250313e-16,2.220446049250313e-16,0.4681662999050562,2.220446049250313e-16,2.220446049250313e-16,2.220446049250313e-16,2.220446049250313e-16
33.0,2.220446049250313e-16,2.220446049250313e-16,0.6728442605031827,2.220446049250313e-16,2.220446049250313e-16,2.220446049250313e-16,2.220446049250313e-16,2.220446049250313e-16,2.220446049250313e-16,0.47471055545616114,2.220446049250313e-16,0.666702916861089
34.0,2.220446049250313e-16,2.220446049250313e-16,0.6728442605031827,2.220446049250313e-16,2.220446049250313e-16,2.220446049250313e-16,2.220446049250313e-16,2.220446049250313e-16,2.220446049250313e-16,0.47471055545616114,2.220446049250313e-16,0.666702916861089
35.0,0.6279508161359928,0.44005380193644833,2.220446049250313e-16,2.220446049250313e-16,0.4344497216901741,0.20615445124264462,2.220446049250313e-16,2.220446049250313e-16,2.220446049250313e-16,0.4747105554561611,2.220446049250313e-16,2.220446049250313e-16
36.0,0.783121619637624,0.4400538019364483,0.2819063369880785,2.220446049250313e-16,0.3361808912408159,2.220446049250313e-16,0.0224198986507405,2.220446049250313e-16,2.220446049250313e-16,2.220446049250313e-16,2.220446049250313e-16,0.03665120115973275
37.0,0.2642149818087905,0.4400538019364482,0.73356764081624,2.220446049250313e-16,0.15090033785971257,2.220446049250313e-16,2.220446049250313e-16,0.4681662999050562,2.220446049250313e-16,2.220446049250313e-16,2.220446049250313e-16,2.220446049250313e-16
38.0,2.220446049250313e-16,2.220446049250313e-16,0.6728442605031827,2.220446049250313e-16,2.220446049250313e-16,2.220446049250313e-16,2.220446049250313e-16,2.220446049250313e-16,2.220446049250313e-16,0.47471055545616114,2.220446049250313e-16,0.666702916861089
39.0,2.220446049250313e-16,2.220446049250313e-16,0.6728442605031827,2.220446049250313e-16,2.220446049250313e-16,2.220446049250313e-16,2.220446049250313e-16,2.220446049250313e-16,2.220446049250313e-16,0.47471055545616114,2.220446049250313e-16,0.666702916861089
40.0,2.220446049250313e-16,2.220446049250313e-16,2.220446049250313e-16,0.6609718355674528,2.220446049250313e-16,2.220446049250313e-16,2.220446049250313e-16,2.220446049250313e-16,0.7467981122344,2.220446049250313e-16,0.4714045207910329,2.220446049250313e-16
41.0,2.220446049250313e-16,2.220446049250313e-16,2.220446049250313e-16,0.657525981596232,2.220446049250313e-16,0.16967571700675288,2.220446049250313e-16,2.220446049250313e-16,0.7954293843809135,2.220446049250313e-16,2.220446049250313e-16,2.220446049250313e-16
42.0,2.220446049250313e-16,2.220446049250313e-16,2.220446049250313e-16,0.657525981596232,2.220446049250313e-16,0.16967571700675288,2.220446049250313e-16,2.220446049250313e-16,0.7954293843809135,2.220446049250313e-16,2.220446049250313e-16,2.220446049250313e-16
43.0,2.220446049250313e-16,0.4400538019364484,2.220446049250313e-16,0.24324536798556087,2.220446049250313e-16,2.220446049250313e-16,2.220446049250313e-16,0.4681662999050562,0.7084231710339923,2.220446049250313e-16,0.47140452079103284,2.220446049250313e-16
44.0,2.220446049250313e-16,0.4400538019364484,2.220446049250313e-16,0.24324536798556087,2.220446049250313e-16,2.220446049250313e-16,2.220446049250313e-16,0.4681662999050562,0.7084231710339923,2.220446049250313e-16,0.47140452079103284,2.220446049250313e-16
45.0,0.5408390579213425,2.220446049250313e-16,2.220446049250313e-16,2.220446049250313e-16,0.16680621743615115,2.220446049250313e-16,0.29000060566921,2.220446049250313e-16,0.465259212674242,2.220446049250313e-16,0.47140452079103284,2.220446049250313e-16
46.0,2.220446049250313e-16,2.220446049250313e-16,0.714976172283405,0.6084766423211205,0.37521220818909956,2.220446049250313e-16,2.220446049250313e-16,2.220446049250313e-16,2.220446049250313e-16,2.220446049250313e-16,2.220446049250313e-16,2.220446049250313e-16
47.0,0.09464250032224582,2.220446049250313e-16,2.220446049250313e-16,2.220446049250313e-16,2.220446049250313e-16,2.220446049250313e-16,0.6372412350093932,2.220446049250313e-16,2.220446049250313e-16,2.220446049250313e-16,0.471404520791033,0.7239718655428456
48.0,0.09464250032224582,2.220446049250313e-16,2.220446049250313e-16,2.220446049250313e-16,2.220446049250313e-16,2.220446049250313e-16,0.6372412350093932,2.220446049250313e-16,2.220446049250313e-16,2.220446049250313e-16,0.471404520791033,0.7239718655428456
49.0,0.09464250032224582,2.220446049250313e-16,2.220446049250313e-16,2.220446049250313e-16,2.220446049250313e-16,2.220446049250313e-16,0.6372412350093932,2.220446049250313e-16,2.220446049250313e-16,2.220446049250313e-16,0.471404520791033,0.7239718655428456
50.0,0.5328793482899921,2.220446049250313e-16,2.220446049250313e-16,2.220446049250313e-16,0.16739820889157236,2.220446049250313e-16,0.5947286371710347,2.220446049250313e-16,0.23298859871823357,2.220446049250313e-16,0.47140452079103284,2.220446049250313e-16
51.0,2.220446049250313e-16,2.220446049250313e-16,0.714976172283405,0.6084766423211205,0.37521220818909956,2.220446049250313e-16,2.220446049250313e-16,2.220446049250313e-16,2.220446049250313e-16,2.220446049250313e-16,2.220446049250313e-16,2.220446049250313e-16
52.0,0.09464250032224582,2.220446049250313e-16,2.220446049250313e-16,2.220446049250313e-16,2.220446049250313e-16,2.220446049250313e-16,0.6372412350093932,2.220446049250313e-16,2.220446049250313e-16,2.220446049250313e-16,0.471404520791033,0.7239718655428456
53.0,0.09464250032224582,2.220446049250313e-16,2.220446049250313e-16,2.220446049250313e-16,2.220446049250313e-16,2.220446049250313e-16,0.6372412350093932,2.220446049250313e-16,2.220446049250313e-16,2.220446049250313e-16,0.471404520791033,0.7239718655428456
54.0,0.09464250032224582,2.220446049250313e-16,2.220446049250313e-16,2.220446049250313e-16,2.220446049250313e-16,2.220446049250313e-16,0.6372412350093932,2.220446049250313e-16,2.220446049250313e-16,2.220446049250313e-16,0.471404520791033,0.7239718655428456
55.0,0.7829804552887155,0.44005380193644833,2.220446049250313e-16,2.220446049250313e-16,0.3491731519871883,2.220446049250313e-16,0.02242336946764197,2.220446049250313e-16,2.220446049250313e-16,0.4747105554561611,2.220446049250313e-16,0.03665687511974081
56.0,0.783121619637624,0.4400538019364483,0.2819063369880785,2.220446049250313e-16,0.3361808912408159,2.220446049250313e-16,0.0224198986507405,2.220446049250313e-16,2.220446049250313e-16,2.220446049250313e-16,2.220446049250313e-16,0.03665120115973275
57.0,0.2642149818087905,0.4400538019364482,0.73356764081624,2.220446049250313e-16,0.15090033785971257,2.220446049250313e-16,2.220446049250313e-16,0.4681662999050562,2.220446049250313e-16,2.220446049250313e-16,2.220446049250313e-16,2.220446049250313e-16
58.0,2.220446049250313e-16,2.220446049250313e-16,0.6728442605031827,2.220446049250313e-16,2.220446049250313e-16,2.220446049250313e-16,2.220446049250313e-16,2.220446049250313e-16,2.220446049250313e-16,0.47471055545616114,2.220446049250313e-16,0.666702916861089
59.0,2.220446049250313e-16,2.220446049250313e-16,0.6728442605031827,2.220446049250313e-16,2.220446049250313e-16,2.220446049250313e-16,2.220446049250313e-16,2.220446049250313e-16,2.220446049250313e-16,0.47471055545616114,2.220446049250313e-16,0.666702916861089
60.0,0.7829804552887155,0.44005380193644833,2.220446049250313e-16,2.220446049250313e-16,0.3491731519871883,2.220446049250313e-16,0.02242336946764197,2.220446049250313e-16,2.220446049250313e-16,0.4747105554561611,2.220446049250313e-16,0.03665687511974081
61.0,0.783121619637624,0.4400538019364483,0.2819063369880785,2.220446049250313e-16,0.3361808912408159,2.220446049250313e-16,0.0224198986507405,2.220446049250313e-16,2.220446049250313e-16,2.220446049250313e-16,2.220446049250313e-16,0.03665120115973275
62.0,0.2642149818087905,0.4400538019364482,0.73356764081624,2.220446049250313e-16,0.15090033785971257,2.220446049250313e-16,2.220446049250313e-16,0.4681662999050562,2.220446049250313e-16,2.220446049250313e-16,2.220446049250313e-16,2.220446049250313e-16
63.0,2.220446049250313e-16,2.220446049250313e-16,0.6728442605031827,2.220446049250313e-16,2.220446049250313e-16,2.220446049250313e-16,2.220446049250313e-16,2.220446049250313e-16,2.220446049250313e-16,0.47471055545616114,2.220446049250313e-16,0.666702916861089
64.0,2.220446049250313e-16,2.220446049250313e-16,0.6728442605031827,2.220446049250313e-16,2.220446049250313e-16,2.220446049250313e-16,2.220446049250313e-16,2.220446049250313e-16,2.220446049250313e-16,0.47471055545616114,2.220446049250313e-16,0.666702916861089
65.0,0.6279508161359928,0.44005380193644833,2.220446049250313e-16,2.220446049250313e-16,0.4344497216901741,0.20615445124264462,2.220446049250313e-16,2.220446049250313e-16,2.220446049250313e-16,0.4747105554561611,2.220446049250313e-16,2.220446049250313e-16
66.0,0.783121619637624,0.4400538019364483,0.2819063369880785,2.220446049250313e-16,0.3361808912408159,2.220446049250313e-16,0.0224198986507405,2.220446049250313e-16,2.220446049250313e-16,2.220446049250313e-16,2.220446049250313e-16,0.03665120115973275
67.0,0.2642149818087905,0.4400538019364482,0.73356764081624,2.220446049250313e-16,0.15090033785971257,2.220446049250313e-16,2.220446049250313e-16,0.4681662999050562,2.220446049250313e-16,2.220446049250313e-16,2.220446049250313e-16,2.220446049250313e-16
68.0,2.220446049250313e-16,2.220446049250313e-16,0.6728442605031827,2.220446049250313e-16,2.220446049250313e-16,2.220446049250313e-16,2.220446049250313e-16,2.220446049250313e-16,2.220446049250313e-16,0.47471055545616114,2.220446049250313e-16,0.666702916861089
69.0,2.220446049250313e-16,2.220446049250313e-16,0.6728442605031827,2.220446049250313e-16,2.220446049250313e-16,2.220446049250313e-16,2.220446049250313e-16,2.220446049250313e-16,2.220446049250313e-16,0.47471055545616114,2.220446049250313e-16,0.666702916861089
