26 0.07979209566385514 0.5049935486420016 -0.013136952366763226 0.4082218584559695 0.17685000204912582 0.03765102044142479 0.6522476863019351 0.2475211569969486 0.24752115722907755 0.20816547263822804 0.6522476863807486 0.04540914684187527 0.15579401091450473 0.24752115702315988 0.1768500020254347 0.20816547244834124 0.5049935484133461 0.2064062631862858 0.17685000169191797 0.17685000191702258
48 0.150283841459778 0.2151168194893428 0.26429215964086905 0.2576125614074265 0.418089758037869 0.3247799249289897 0.15579401092995643 0.26788013687127293 0.2678801372909372 0.3647639436433859 0.1557940108924929 0.24945317884215468 0.4833019715822303 0.2678801372145452 0.4180897578180574 0.3647639434100516 0.2151168198748148 0.34385391023832446 0.41808975744427596 0.4180897576869267
31 0.2884151051116354 0.3534675395927651 0.5135661767946311 0.2955700759098548 0.17829284606283968 0.11612274764107666 0.3118028762168519 0.37531664664716063 0.3753166469560389 0.37794154000937813 0.3118028765027496 0.017119484647395718 0.45639808278884175 0.37531664703539713 0.1782928463347444 0.3779415398146555 0.35346754602453667 0.22582987558000744 0.17829284556091943 0.17829284584205857
51 0.049821784056698695 0.6010030341903565 0.011740379687631286 0.7263341562015645 0.20084403835811498 0.050307160164442345 0.4082218583659058 0.13765525708514148 0.1376552573567235 0.22734494189032517 0.4082218584206949 0.027446206869730736 0.2576125614075009 0.13765525720400712 0.2008440381404546 0.22734494187199852 0.6010030344075148 0.15132474932637155 0.2008440379418019 0.20084403810540313
24 0.3514987110157912 0.17923912248902205 0.2561762883779502 0.13765525725826436 0.31625598595324383 0.2987956808790327 0.2475211569499097 0.4270170569278704 0.42701705720049987 0.3530937704002618 0.24752115710454023 0.3319251206217012 0.2678801373077191 0.4270170573559451 0.3162559864141221 0.35309377025974403 0.1792391230263122 0.3707036461040651 0.3162559856249523 0.31625598597102966
38 0.2476428068496651 0.22820115467059773 0.3010606431695563 0.22734494182125345 0.3463680558473963 0.3084576016030246 0.20816547261357993 0.35309376994269137 0.35309377044652224 0.4127742585786121 0.20816547264667692 0.2658406796528115 0.3647639434817425 0.3530937701035942 0.3463680556683742 0.4127742587123598 0.22820115525278153 0.3346465621574848 0.34636805547285127 0.3463680557418856
49 0.86307455466748 -0.002329652484698092 0.730414359771571 -0.0177263192889833 0.15626589302651922 0.3376869145695232 -0.022714514588544114 0.14502475410715865 0.14502475427647746 0.2295901840619983 -0.0227145147629419 0.5379491407282883 0.1304168668957801 0.14502475421721286 0.15626589307181052 0.2295901840876828 -0.0023296554927628907 0.18334107731393387 0.15626589322160864 0.1562658933867773
42 0.07979209566385514 0.5049935486420016 -0.013136952366763226 0.4082218584559695 0.17685000204912582 0.03765102044142479 0.6522476863019351 0.2475211569969486 0.24752115722907755 0.20816547263822804 0.6522476863807486 0.04540914684187527 0.15579401091450473 0.24752115702315988 0.1768500020254347 0.20816547244834124 0.5049935484133461 0.2064062631862858 0.17685000169191797 0.17685000191702258
60 0.7599004511115088 0.1385842874346751 0.6846503135508143 0.07557902094878416 0.14245121984063167 0.1475275137152783 0.11898168000212742 0.3983891002988822 0.3983891005859914 0.25623399844834815 0.11898168007299527 0.17908707837632057 0.2891580965037445 0.39838910050854015 0.14245122047302897 0.2562339982361108 0.1385842926869696 0.21394087278693538 0.14245121972265462 0.1424512198435287
62 0.2884151051116354 0.3534675395927651 0.5135661767946311 0.2955700759098548 0.17829284606283968 0.11612274764107666 0.3118028762168519 0.37531664664716063 0.3753166469560389 0.37794154000937813 0.3118028765027496 0.017119484647395718 0.45639808278884175 0.37531664703539713 0.1782928463347444 0.3779415398146555 0.35346754602453667 0.22582987558000744 0.17829284556091943 0.17829284584205857
25 0.8247252522496358 0.052335381460692 0.4948495806720769 0.04982178405665672 0.1853049232208121 0.35935453300320985 0.0797920956734603 0.3514987106626566 0.3514987110421125 0.24764280704092248 0.07979209551414282 0.45976103950153363 0.15028384146000123 0.35149871107781555 0.18530492355578673 0.2476428067629932 0.05233538213102921 0.24596272647525577 0.18530492324916645 0.18530492344940092
15 0.1853049233325772 0.19457188238447998 0.24766092277414054 0.20084403803174045 0.4101237643844797 0.3231090711446898 0.1768500016478356 0.3162559854099527 0.3162559859920293 0.3463680558488704 0.1768500016987673 0.29644830946754386 0.41808975754628364 0.31625598575919867 0.41012376418802887 0.3463680557324551 0.19457188312662765 0.3818876966429059 0.41012376407161355 0.4101237643044442
18 0.1853049233325772 0.19457188238447998 0.24766092277414054 0.20084403803174045 0.4101237643844797 0.3231090711446898 0.1768500016478356 0.3162559854099527 0.3162559859920293 0.3463680558488704 0.1768500016987673 0.29644830946754386 0.41808975754628364 0.31625598575919867 0.41012376418802887 0.3463680557324551 0.19457188312662765 0.3818876966429059 0.41012376407161355 0.4101237643044442
22 0.05233538181552482 0.5887914341799652 0.009243507909156188 0.6010030341330103 0.19457188291852842 0.04257364224798997 0.5049935482652916 0.17923912245522267 0.17923912271751521 0.2282011550756321 0.504993548709782 0.033851509837769224 0.21511681966674706 0.17923912265641787 0.1945718830300236 0.22820115519824413 0.5887914346413788 0.1771585833441814 0.1945718827151265 0.19457188282419868
19 0.9446887613956153 0.02765939051504106 0.6259012701424445 0.0031912025355870267 0.15541438288079354 0.3086716977711041 0.009217460293728085 0.2165225980983634 0.21652259836083995 0.202506209921581 0.009217460213681604 0.490206227075652 0.1377441883803761 0.2165225983178066 0.15541438286440695 0.20250620972768127 0.02765938943671657 0.19808298734050836 0.15541438288661588 0.1554143830723178
52 0.049821784056698695 0.6010030341903565 0.011740379687631286 0.7263341562015645 0.20084403835811498 0.050307160164442345 0.4082218583659058 0.13765525708514148 0.1376552573567235 0.22734494189032517 0.4082218584206949 0.027446206869730736 0.2576125614075009 0.13765525720400712 0.2008440381404546 0.22734494187199852 0.6010030344075148 0.15132474932637155 0.2008440379418019 0.20084403810540313
1 0.24596272647460324 0.17715858304409926 0.23822866532349243 0.15132474932624987 0.381887696407519 0.31562781543488205 0.20640626319329794 0.3707036456472647 0.3707036462944251 0.33464656193926906 0.20640626307242327 0.333992890710274 0.3438539102382215 0.3707036458341049 0.3818876969591939 0.33464656207703786 0.17715858380123436 0.403574141203401 0.3818876965934004 0.38188769679133683
53 0.3514987110157912 0.17923912248902205 0.2561762883779502 0.13765525725826436 0.31625598595324383 0.2987956808790327 0.2475211569499097 0.4270170569278704 0.42701705720049987 0.3530937704002618 0.24752115710454023 0.3319251206217012 0.2678801373077191 0.4270170573559451 0.3162559864141221 0.35309377025974403 0.1792391230263122 0.3707036461040651 0.3162559856249523 0.31625598597102966
46 0.5707554489521093 0.10120080683295891 0.6354478246748887 0.03333797172642238 0.23601124507495544 0.30670718097156446 0.0843835843087174 0.41017101666593286 0.4101710167948197 0.25324309494652647 0.08438358437923267 0.3516540535158347 0.25685060678015736 0.4101710167733796 0.23601124538204368 0.2532430949352565 0.1012008101338432 0.2988526736793457 0.23601124500704693 0.23601124508898408
7 0.1853049233325772 0.19457188238447998 0.24766092277414054 0.20084403803174045 0.4101237643844797 0.3231090711446898 0.1768500016478356 0.3162559854099527 0.3162559859920293 0.3463680558488704 0.1768500016987673 0.29644830946754386 0.41808975754628364 0.31625598575919867 0.41012376418802887 0.3463680557324551 0.19457188312662765 0.3818876966429059 0.41012376407161355 0.4101237643044442
33 0.1853049233325772 0.19457188238447998 0.24766092277414054 0.20084403803174045 0.4101237643844797 0.3231090711446898 0.1768500016478356 0.3162559854099527 0.3162559859920293 0.3463680558488704 0.1768500016987673 0.29644830946754386 0.41808975754628364 0.31625598575919867 0.41012376418802887 0.3463680557324551 0.19457188312662765 0.3818876966429059 0.41012376407161355 0.4101237643044442
40 1.056542104676248 0.07140564497011595 0.45825256784000934 0.06589139563322163 0.12823418577359574 0.24939565304508707 0.10214896193770126 0.3028480337602446 0.30284803379727715 0.1893243252648205 0.10214896194793156 0.3143416357931681 0.21052704163829164 0.30284803370597846 0.1282341865828414 0.18932432500821358 0.07140564610550895 0.1358326660384724 0.12823418580813886 0.1282341859200331
32 0.21477475751709027 0.07423335964152204 0.5434784497659436 0.07419673145316895 0.3567409942307197 0.5152134437775766 0.036602459355860734 0.2577852255012565 0.2577852256186932 0.3327156729811326 0.03660245954276685 0.36055310561689863 0.484361722839883 0.25778522571616136 0.3567409943889164 0.3327156725008552 0.0742333615828222 0.27845789580176594 0.35674099405543036 0.35674099421687294
0 0.6063499621121778 0.033357757872516894 0.47047906736525336 0.019795331835782807 0.2540481858576804 0.4501712816667883 0.058245089265252493 0.3556930527409485 0.35569305290851605 0.23696089987996857 0.058245089191316636 0.5580331853859389 0.18207753243410912 0.35569305309580257 0.254048185886844 0.23696089961278766 0.03335775819099122 0.3230540286919531 0.25404818571448545 0.2540481857773059
44 0.5842648418508971 0.1224619312095073 0.6947854730846761 0.09164165438965877 0.19966871786016302 0.27312425420009917 0.09334528883407874 0.3841046246017327 0.38410462505922194 0.3404746436590189 0.09334528906801148 0.25237440989468807 0.28879967724387234 0.3841046249442107 0.19966871831458688 0.3404746435947957 0.12246193537791142 0.24849355026952386 0.1996687177892936 0.1996687180560227
43 0.42674652188457757 0.08480873023436764 0.60393544645394 0.03683617762805855 0.28848777859924213 0.40214011069019306 0.06335161218706488 0.37461741789629677 0.3746174183010783 0.28164808779935563 0.06335161226565242 0.3993951230753947 0.30336087204251655 0.37461741825984857 0.2884877791649115 0.28164808784931167 0.08480873246181549 0.3166947755769638 0.28848777862569414 0.2884877787325158
4 0.35935453300302117 0.04257364182572781 0.49544801342721584 0.05030716016443296 0.32310907118873505 0.5322789479928071 0.03765102040469649 0.2987956806225278 0.2987956808704833 0.30845760130810157 0.03765102038141347 0.5022490442059555 0.32477992492908725 0.2987956807872567 0.32310907136515055 0.30845760168908365 0.04257364250694682 0.3156278154351158 0.3231090709685909 0.3231090712910925
11 0.24596272647460324 0.17715858304409926 0.23822866532349243 0.15132474932624987 0.381887696407519 0.31562781543488205 0.20640626319329794 0.3707036456472647 0.3707036462944251 0.33464656193926906 0.20640626307242327 0.333992890710274 0.3438539102382215 0.3707036458341049 0.3818876969591939 0.33464656207703786 0.17715858380123436 0.403574141203401 0.3818876965934004 0.38188769679133683
28 0.26760247950088195 -0.006940084313778132 0.5832235043499319 -0.04781431234595944 0.3183871371285171 0.6294236154606956 -0.02650897427968128 0.22149694481147342 0.22149694506864148 0.20742267766867398 -0.026508974322554654 0.5633519723577839 0.40356150647497674 0.2214969450965475 0.31838713714775124 0.20742267752162205 -0.0069400850540168495 0.2577538307893473 0.3183871369995842 0.3183871372832519
14 0.6063499621121764 0.03335775803861907 0.4704790673652557 0.01979533183576976 0.2540481856558472 0.4501712816667691 0.058245089239790104 0.35569305275566876 0.3556930532795377 0.23696089978329837 0.05824508919613436 0.5580331853859093 0.1820775324341355 0.3556930528720841 0.2540481857722625 0.23696089955046773 0.03335775822051801 0.3230540286918995 0.2540481856558472 0.2540481859759893
12 0.6063499621121778 0.033357757872516894 0.47047906736525336 0.019795331835782807 0.2540481858576804 0.4501712816667883 0.058245089265252493 0.3556930527409485 0.35569305290851605 0.23696089987996857 0.058245089191316636 0.5580331853859389 0.18207753243410912 0.35569305309580257 0.254048185886844 0.23696089961278766 0.03335775819099122 0.3230540286919531 0.25404818571448545 0.2540481857773059
10 0.459761039501825 0.0338515096265508 0.47678104840178787 0.02744620686973418 0.29644830960446694 0.5022490442060996 0.04540914682332586 0.3319251203267854 0.33192512060825075 0.2658406797216644 0.045409146915300035 0.5520022281230882 0.24945317884228907 0.33192512082706804 0.29644830962960705 0.26584067963033625 0.033851510032336635 0.33399289071057064 0.29644830948753126 0.2964483095974034
9 0.1853049233325772 0.19457188238447998 0.24766092277414054 0.20084403803174045 0.4101237643844797 0.3231090711446898 0.1768500016478356 0.3162559854099527 0.3162559859920293 0.3463680558488704 0.1768500016987673 0.29644830946754386 0.41808975754628364 0.31625598575919867 0.41012376418802887 0.3463680557324551 0.19457188312662765 0.3818876966429059 0.41012376407161355 0.4101237643044442
59 0.4948495806720913 0.00924350768633578 0.7290954963089638 0.011740379687612601 0.24766092308126436 0.49544801342725264 -0.013136952378926694 0.25617628809535303 0.2561762884340772 0.301060643271103 -0.013136952464357907 0.47678104840174756 0.26429215964097774 0.2561762884502414 0.24766092299587955 0.30106064306072483 0.009243508236457717 0.2382286653237162 0.24766092266057957 0.2476609229683395
34 1.10454362144492 0.05288107090723316 0.5757916084543284 -0.00853701735833448 0.1267861829799406 0.18767269556056626 0.02695902802065879 0.16949847819343022 0.16949847839057888 0.1516907500479156 0.026959028044806585 0.36539328193977105 0.20823677697618442 0.16949847842713278 0.1267861828739659 0.1516907500990094 0.052881070232966454 0.14197174571826132 0.12678618280136306 0.12678618300790798
61 0.2884151051116354 0.3534675395927651 0.5135661767946311 0.2955700759098548 0.17829284606283968 0.11612274764107666 0.3118028762168519 0.37531664664716063 0.3753166469560389 0.37794154000937813 0.3118028765027496 0.017119484647395718 0.45639808278884175 0.37531664703539713 0.1782928463347444 0.3779415398146555 0.35346754602453667 0.22582987558000744 0.17829284556091943 0.17829284584205857
45 0.5842648418508971 0.1224619312095073 0.6947854730846761 0.09164165438965877 0.19966871786016302 0.27312425420009917 0.09334528883407874 0.3841046246017327 0.38410462505922194 0.3404746436590189 0.09334528906801148 0.25237440989468807 0.28879967724387234 0.3841046249442107 0.19966871831458688 0.3404746435947957 0.12246193537791142 0.24849355026952386 0.1996687177892936 0.1996687180560227
3 0.24596272647460324 0.17715858304409926 0.23822866532349243 0.15132474932624987 0.381887696407519 0.31562781543488205 0.20640626319329794 0.3707036456472647 0.3707036462944251 0.33464656193926906 0.20640626307242327 0.333992890710274 0.3438539102382215 0.3707036458341049 0.3818876969591939 0.33464656207703786 0.17715858380123436 0.403574141203401 0.3818876965934004 0.38188769679133683
20 0.05233538181552482 0.5887914341799652 0.009243507909156188 0.6010030341330103 0.19457188291852842 0.04257364224798997 0.5049935482652916 0.17923912245522267 0.17923912271751521 0.2282011550756321 0.504993548709782 0.033851509837769224 0.21511681966674706 0.17923912265641787 0.1945718830300236 0.22820115519824413 0.5887914346413788 0.1771585833441814 0.1945718827151265 0.19457188282419868
29 0.325941706921798 -0.0026887253173337113 0.651000699878563 -0.017732313783321213 0.2977176584387062 0.5977747351248447 -0.022041881474953288 0.22794337722815936 0.22794337746830545 0.2679607080267342 -0.022041881497557266 0.5144885276037762 0.36484513731376605 0.22794337744243162 0.29771765835826386 0.26796070793558074 -0.002688725085184082 0.24284462168487325 0.2977176581181357 0.2977176582679964
41 0.07979209566385514 0.5049935486420016 -0.013136952366763226 0.4082218584559695 0.17685000204912582 0.03765102044142479 0.6522476863019351 0.2475211569969486 0.24752115722907755 0.20816547263822804 0.6522476863807486 0.04540914684187527 0.15579401091450473 0.24752115702315988 0.1768500020254347 0.20816547244834124 0.5049935484133461 0.2064062631862858 0.17685000169191797 0.17685000191702258
27 0.1853049233325772 0.19457188238447998 0.24766092277414054 0.20084403803174045 0.4101237643844797 0.3231090711446898 0.1768500016478356 0.3162559854099527 0.3162559859920293 0.3463680558488704 0.1768500016987673 0.29644830946754386 0.41808975754628364 0.31625598575919867 0.41012376418802887 0.3463680557324551 0.19457188312662765 0.3818876966429059 0.41012376407161355 0.4101237643044442
2 0.6063499621121778 0.033357757872516894 0.47047906736525336 0.019795331835782807 0.2540481858576804 0.4501712816667883 0.058245089265252493 0.3556930527409485 0.35569305290851605 0.23696089987996857 0.058245089191316636 0.5580331853859389 0.18207753243410912 0.35569305309580257 0.254048185886844 0.23696089961278766 0.03335775819099122 0.3230540286919531 0.25404818571448545 0.2540481857773059
35 0.05233538181552482 0.5887914341799652 0.009243507909156188 0.6010030341330103 0.19457188291852842 0.04257364224798997 0.5049935482652916 0.17923912245522267 0.17923912271751521 0.2282011550756321 0.504993548709782 0.033851509837769224 0.21511681966674706 0.17923912265641787 0.1945718830300236 0.22820115519824413 0.5887914346413788 0.1771585833441814 0.1945718827151265 0.19457188282419868
57 0.15057973338668423 0.18866351140830667 0.23198625268567682 0.21779158009278626 0.435607476916412 0.32825923975693233 0.1554919417610685 0.27792227784418644 0.27792227842610573 0.32458113974884617 0.15549194175469722 0.28505803474855745 0.47115062113530476 0.27792227820851745 0.43560747713908343 0.3245811395123421 0.1886635120383929 0.37959556790166776 0.43560747682801004 0.43560747703393893
6 0.6063499621121778 0.033357757872516894 0.47047906736525336 0.019795331835782807 0.2540481858576804 0.4501712816667883 0.058245089265252493 0.3556930527409485 0.35569305290851605 0.23696089987996857 0.058245089191316636 0.5580331853859389 0.18207753243410912 0.35569305309580257 0.254048185886844 0.23696089961278766 0.03335775819099122 0.3230540286919531 0.25404818571448545 0.2540481857773059
17 0.1853049233325772 0.19457188238447998 0.24766092277414054 0.20084403803174045 0.4101237643844797 0.3231090711446898 0.1768500016478356 0.3162559854099527 0.3162559859920293 0.3463680558488704 0.1768500016987673 0.29644830946754386 0.41808975754628364 0.31625598575919867 0.41012376418802887 0.3463680557324551 0.19457188312662765 0.3818876966429059 0.41012376407161355 0.4101237643044442
5 0.24596272647460324 0.17715858304409926 0.23822866532349243 0.15132474932624987 0.381887696407519 0.31562781543488205 0.20640626319329794 0.3707036456472647 0.3707036462944251 0.33464656193926906 0.20640626307242327 0.333992890710274 0.3438539102382215 0.3707036458341049 0.3818876969591939 0.33464656207703786 0.17715858380123436 0.403574141203401 0.3818876965934004 0.38188769679133683
36 0.05233538181552482 0.5887914341799652 0.009243507909156188 0.6010030341330103 0.19457188291852842 0.04257364224798997 0.5049935482652916 0.17923912245522267 0.17923912271751521 0.2282011550756321 0.504993548709782 0.033851509837769224 0.21511681966674706 0.17923912265641787 0.1945718830300236 0.22820115519824413 0.5887914346413788 0.1771585833441814 0.1945718827151265 0.19457188282419868
50 0.049821784056698695 0.6010030341903565 0.011740379687631286 0.7263341562015645 0.20084403835811498 0.050307160164442345 0.4082218583659058 0.13765525708514148 0.1376552573567235 0.22734494189032517 0.4082218584206949 0.027446206869730736 0.2576125614075009 0.13765525720400712 0.2008440381404546 0.22734494187199852 0.6010030344075148 0.15132474932637155 0.2008440379418019 0.20084403810540313
23 0.3514987110157912 0.17923912248902205 0.2561762883779502 0.13765525725826436 0.31625598595324383 0.2987956808790327 0.2475211569499097 0.4270170569278704 0.42701705720049987 0.3530937704002618 0.24752115710454023 0.3319251206217012 0.2678801373077191 0.4270170573559451 0.3162559864141221 0.35309377025974403 0.1792391230263122 0.3707036461040651 0.3162559856249523 0.31625598597102966
47 0.39769363960214765 0.3122526264947735 0.49245501525993035 0.16692983737319497 0.151052927091596 0.04246353767885736 0.37741723771084723 0.46217528072937347 0.4621752808946338 0.21540884874810737 0.3774172378747529 0.023481524695532198 0.41436898324918636 0.4621752808622997 0.1510529275205379 0.21540884854081074 0.3122526336416495 0.2558737897171864 0.1510529268312212 0.15105292678900265
55 0.7638119034118422 0.007942937018685313 0.6264818146764329 -0.006648040975509461 0.19711703345837217 0.42437044421468223 -0.0066588491707344575 0.24247563718208906 0.2424756374591996 0.20986101005871097 -0.006658849252797486 0.5888887369570373 0.13598162442832148 0.24247563733577399 0.19711703363718824 0.20986100987234696 0.007942935264468298 0.24206309819780805 0.19711703337956604 0.1971170334945682
21 0.1853049233325772 0.19457188238447998 0.24766092277414054 0.20084403803174045 0.4101237643844797 0.3231090711446898 0.1768500016478356 0.3162559854099527 0.3162559859920293 0.3463680558488704 0.1768500016987673 0.29644830946754386 0.41808975754628364 0.31625598575919867 0.41012376418802887 0.3463680557324551 0.19457188312662765 0.3818876966429059 0.41012376407161355 0.4101237643044442
39 0.3514987110157912 0.17923912248902205 0.2561762883779502 0.13765525725826436 0.31625598595324383 0.2987956808790327 0.2475211569499097 0.4270170569278704 0.42701705720049987 0.3530937704002618 0.24752115710454023 0.3319251206217012 0.2678801373077191 0.4270170573559451 0.3162559864141221 0.35309377025974403 0.1792391230263122 0.3707036461040651 0.3162559856249523 0.31625598597102966
8 0.40342821228081616 -0.013006771743610855 0.5924336824407277 -0.028353805684493864 0.2821780040373149 0.6057360873956865 -0.0242635325677613 0.228621038730951 0.22862103900090605 0.22611035062067378 -0.024263532599878384 0.6219600884512209 0.2887018407122864 0.22862103875721368 0.2821780038258128 0.22611035047743422 -0.013006773329572799 0.2632427512780163 0.28217800369033685 0.28217800373617447
13 0.24596272647460324 0.17715858304409926 0.23822866532349243 0.15132474932624987 0.381887696407519 0.31562781543488205 0.20640626319329794 0.3707036456472647 0.3707036462944251 0.33464656193926906 0.20640626307242327 0.333992890710274 0.3438539102382215 0.3707036458341049 0.3818876969591939 0.33464656207703786 0.17715858380123436 0.403574141203401 0.3818876965934004 0.38188769679133683
37 0.05233538181552482 0.5887914341799652 0.009243507909156188 0.6010030341330103 0.19457188291852842 0.04257364224798997 0.5049935482652916 0.17923912245522267 0.17923912271751521 0.2282011550756321 0.504993548709782 0.033851509837769224 0.21511681966674706 0.17923912265641787 0.1945718830300236 0.22820115519824413 0.5887914346413788 0.1771585833441814 0.1945718827151265 0.19457188282419868
58 0.2602281983541612 0.07454759611205998 0.5588226211042034 0.061372379398691806 0.34365980073692376 0.49525738351683185 0.041662489271497315 0.29256913191823336 0.29256913229213816 0.3205612469844307 0.04166248937302834 0.3850026160517025 0.4286619565705399 0.2925691322464087 0.343659800968006 0.32056124654143203 0.07454759809549737 0.29617293421934293 0.3436598004355795 0.3436598004555475
30 0.44698881016206055 0.11666610603990915 0.6928461616739136 0.12419761281245027 0.23403263687936474 0.3518199156967054 0.0767797072108869 0.33555989542273806 0.3355598957193457 0.4123546390023177 0.07677970713388658 0.2506358722844563 0.351232919244658 0.33555989553149645 0.23403263660550294 0.41235463888646323 0.1166661101822683 0.2412373585706799 0.23403263638316402 0.23403263660016277
56 0.05233538181552482 0.5887914341799652 0.009243507909156188 0.6010030341330103 0.19457188291852842 0.04257364224798997 0.5049935482652916 0.17923912245522267 0.17923912271751521 0.2282011550756321 0.504993548709782 0.033851509837769224 0.21511681966674706 0.17923912265641787 0.1945718830300236 0.22820115519824413 0.5887914346413788 0.1771585833441814 0.1945718827151265 0.19457188282419868
16 0.4876697226488869 -0.010837216783381677 0.5886194309400827 -0.031131618522202635 0.26291836888351877 0.5682161806204241 -0.022702005598878146 0.24310988501413383 0.2431098852049333 0.20155435946187683 -0.022702005654412764 0.653375999371652 0.23152396062194072 0.2431098852449365 0.26291836856138096 0.20155435945996245 -0.010837218924006268 0.2739298545429226 0.26291836855461204 0.26291836880079694
54 0.2476428068496651 0.22820115467059773 0.3010606431695563 0.22734494182125345 0.3463680558473963 0.3084576016030246 0.20816547261357993 0.35309376994269137 0.35309377044652224 0.4127742585786121 0.20816547264667692 0.2658406796528115 0.3647639434817425 0.3530937701035942 0.3463680556683742 0.4127742587123598 0.22820115525278153 0.3346465621574848 0.34636805547285127 0.3463680557418856
