id,x_0,x_1,x_2,x_3,x_4,x_5,x_6,x_7,x_8,x_9,x_10,x_11,x_12,x_13,x_14,x_15
0.0,2.220446049250313e-16,2.220446049250313e-16,2.220446049250313e-16,0.501144232481655,2.220446049250313e-16,2.220446049250313e-16,0.4402060845342848,2.220446049250313e-16,0.47140452079104694,0.2702151623663813,0.01960940560294288,2.220446049250313e-16,0.27970498722929577,0.012430277356666995,0.49617293618858305,1.022202565219336
1.0,0.9422664466951302,2.220446049250313e-16,0.5413217709789765,2.220446049250313e-16,4.718447854656915e-16,0.16693730359653752,2.220446049250313e-16,0.4397781662723786,2.220446049250313e-16,2.220446049250313e-16,0.5931849175306532,2.220446049250313e-16,0.3061220434139534,2.220446049250313e-16,2.220446049250313e-16,0.0007107386840746467
2.0,2.220446049250313e-16,2.220446049250313e-16,2.220446049250313e-16,0.9161187216391522,2.220446049250313e-16,2.220446049250313e-16,0.7280912789706454,0.2885035734545847,0.4714045207910469,2.220446049250313e-16,0.22391266191708967,0.00984046898171195,2.220446049250313e-16,2.220446049250313e-16,2.220446049250313e-16,0.7096022867239354
3.0,1.0428427744698294,2.220446049250313e-16,0.08194875314626449,2.220446049250313e-16,1.3877787807814457e-17,0.057792788190995495,2.220446049250313e-16,0.7394547292498101,2.220446049250313e-16,2.220446049250313e-16,0.6054512210764937,2.220446049250313e-16,0.30378691866411395,2.220446049250313e-16,2.220446049250313e-16,2.220446049250313e-16
4.0,0.0018137041128115756,2.220446049250313e-16,0.5873071875758415,0.5741837704577731,2.220446049250313e-16,2.220446049250313e-16,0.7291297857128807,2.220446049250313e-16,2.220446049250313e-16,2.220446049250313e-16,0.27890013224913957,0.008680476808719107,0.6128137026800099,2.220446049250313e-16,2.220446049250313e-16,0.7404601776261538
5.0,1.0296784737686424,2.220446049250313e-16,2.220446049250313e-16,2.220446049250313e-16,2.220446049250313e-16,0.23881157704465283,2.220446049250313e-16,0.6694242045418561,2.220446049250313e-16,0.17283588273065978,2.220446049250313e-16,2.220446049250313e-16,0.6051560724661421,2.220446049250313e-16,2.220446049250313e-16,2.220446049250313e-16
6.0,2.220446049250313e-16,0.08683454044152959,2.220446049250313e-16,0.951273172829189,2.220446049250313e-16,2.220446049250313e-16,0.7304845993273447,0.612047914891993,2.220446049250313e-16,2.220446049250313e-16,2.220446049250313e-16,0.028090785061043556,2.220446049250313e-16,2.220446049250313e-16,2.220446049250313e-16,0.7065303164765127
7.0,0.3387308713307445,0.5142703144176916,2.220446049250313e-16,0.29801994367418344,0.4682810640650752,0.46220080440921496,2.220446049250313e-16,0.07623142195995622,0.47140452079104694,2.220446049250313e-16,2.220446049250313e-16,2.220446049250313e-16,2.220446049250313e-16,0.7273264289676702,2.220446049250313e-16,2.220446049250313e-16
8.0,0.1225081267203165,0.8896264495435502,2.220446049250313e-16,0.7817242752867777,2.220446049250313e-16,0.009787682266911159,2.220446049250313e-16,0.023571022645253955,6.661338147750939e-16,0.005922069456698541,2.220446049250313e-16,0.8094034094845127,2.220446049250313e-16,0.21103498218091413,2.220446049250313e-16,0.0173445376833834
9.0,0.5337088927014708,0.31851927544411707,2.220446049250313e-16,0.1870677263125499,0.46828106406507597,2.220446049250313e-16,2.220446049250313e-16,0.8038869331813666,2.220446049250313e-16,2.220446049250313e-16,0.2699553922723431,2.220446049250313e-16,0.2786619036911656,0.7266411076363254,2.220446049250313e-16,2.220446049250313e-16
10.0,0.003342616890061985,2.220446049250313e-16,2.220446049250313e-16,2.220446049250313e-16,0.4682810640650753,2.220446049250313e-16,2.220446049250313e-16,2.220446049250313e-16,2.220446049250313e-16,0.8212292066691218,0.22056320846980484,0.8057287624361831,0.0016629834939160103,0.7456444442187424,0.46850438698059355,0.20815953729489237
11.0,1.1035552998556069,2.220446049250313e-16,0.07619418346213858,2.220446049250313e-16,2.220446049250313e-16,2.220446049250313e-16,2.220446049250313e-16,0.43970410640964414,2.220446049250313e-16,0.010921064608142803,0.7082480245509385,2.220446049250313e-16,2.220446049250313e-16,2.220446049250313e-16,0.4013569573762389,2.220446049250313e-16
12.0,2.220446049250313e-16,0.08880350849212872,2.220446049250313e-16,0.9614890890652175,1.1102230246251565e-16,2.220446049250313e-16,0.7278692981838218,0.31012251118229855,2.220446049250313e-16,2.220446049250313e-16,0.2214272172526927,0.009589414008524607,2.220446049250313e-16,2.220446049250313e-16,2.220446049250313e-16,0.705982943244876
13.0,1.0159263099566884,0.06277287675887167,2.220446049250313e-16,2.220446049250313e-16,2.220446049250313e-16,0.18407449638586507,2.220446049250313e-16,0.4820211882362393,2.220446049250313e-16,0.17595419081283079,0.11400531200271184,2.220446049250313e-16,0.6054450813270991,2.220446049250313e-16,2.220446049250313e-16,2.220446049250313e-16
14.0,2.220446049250313e-16,2.220446049250313e-16,2.220446049250313e-16,0.9454299473321668,2.220446049250313e-16,2.220446049250313e-16,0.7570581310839735,0.5898185796244798,0.47140452079104656,2.220446049250313e-16,0.007275081966819476,0.8530277124203587,2.220446049250313e-16,2.220446049250313e-16,2.220446049250313e-16,0.0679195323789095
15.0,1.1409802098486943,2.220446049250313e-16,0.08028643511808431,2.220446049250313e-16,2.220446049250313e-16,2.220446049250313e-16,2.220446049250313e-16,0.7422583937216614,2.220446049250313e-16,0.008252332436009693,0.42273280463760643,2.220446049250313e-16,0.30142020510775275,2.220446049250313e-16,2.220446049250313e-16,2.220446049250313e-16
16.0,0.04536219697289177,2.220446049250313e-16,0.5878854207723723,0.43099448347385894,0.46828106406507497,2.220446049250313e-16,0.6735860406244863,2.220446049250313e-16,2.220446049250313e-16,2.220446049250313e-16,2.220446049250313e-16,2.220446049250313e-16,0.6105504131245113,0.015977961248817736,2.220446049250313e-16,0.8875377274981723
17.0,0.688615864495631,2.220446049250313e-16,0.544766237287404,0.02948825957702817,2.220446049250313e-16,0.13732326234239947,0.03506209870044432,2.220446049250313e-16,2.220446049250313e-16,2.220446049250313e-16,1.1050238623191189,0.15341799919656035,2.220446049250313e-16,2.220446049250313e-16,0.3467264321748646,2.220446049250313e-16
18.0,0.12159153770031583,2.220446049250313e-16,2.220446049250313e-16,0.03656216407570678,2.7755575615628914e-16,0.10270374569085466,0.03661283484951294,0.0568402106683267,1.1102230246251565e-16,1.1060930584920512,0.6691290067283616,0.37675851635916746,2.220446049250313e-16,0.17305454131360104,2.220446049250313e-16,2.220446049250313e-16
19.0,2.220446049250313e-16,2.220446049250313e-16,0.4331636942582264,0.8553355975829884,2.220446049250313e-16,2.220446049250313e-16,2.220446049250313e-16,2.220446049250313e-16,0.47140452079104705,0.3713194304298477,2.220446049250313e-16,2.220446049250313e-16,2.220446049250313e-16,0.011992930996991743,2.220446049250313e-16,0.9827595209705791
20.0,2.220446049250313e-16,0.6717699708429842,2.220446049250313e-16,2.220446049250313e-16,2.220446049250313e-16,1.0904719870606991,2.220446049250313e-16,0.32087687308510027,2.220446049250313e-16,0.19430651561428197,0.029901533803191348,2.220446049250313e-16,2.220446049250313e-16,2.220446049250313e-16,2.220446049250313e-16,2.220446049250313e-16
21.0,2.220446049250313e-16,0.6717699708429842,2.220446049250313e-16,2.220446049250313e-16,2.220446049250313e-16,1.0904719870606991,2.220446049250313e-16,0.32087687308510027,2.220446049250313e-16,0.19430651561428197,0.029901533803191348,2.220446049250313e-16,2.220446049250313e-16,2.220446049250313e-16,2.220446049250313e-16,2.220446049250313e-16
22.0,0.3755554769649547,2.220446049250313e-16,2.220446049250313e-16,2.220446049250313e-16,2.220446049250313e-16,0.33692476562746876,0.7262302066220873,0.47974348020976093,2.220446049250313e-16,0.5971118501512829,0.45686824268505827,2.220446049250313e-16,2.220446049250313e-16,2.220446049250313e-16,2.220446049250313e-16,2.220446049250313e-16
23.0,1.1409802098486943,2.220446049250313e-16,0.08028643511808431,2.220446049250313e-16,2.220446049250313e-16,2.220446049250313e-16,2.220446049250313e-16,0.7422583937216614,2.220446049250313e-16,0.008252332436009693,0.42273280463760643,2.220446049250313e-16,0.30142020510775275,2.220446049250313e-16,2.220446049250313e-16,2.220446049250313e-16
24.0,2.220446049250313e-16,2.220446049250313e-16,0.5945216125442974,0.5243428361320067,0.4682810640650752,2.220446049250313e-16,0.7481320615276146,2.220446049250313e-16,5.551115123125783e-17,2.220446049250313e-16,0.3395233167942543,0.40018582286856014,0.6163518886314661,2.220446049250313e-16,2.220446049250313e-16,0.32898269804539293
25.0,2.220446049250313e-16,2.220446049250313e-16,2.220446049250313e-16,2.220446049250313e-16,0.46828106406507547,2.220446049250313e-16,0.44700372965251445,2.220446049250313e-16,2.220446049250313e-16,0.5468596787096437,0.006933425071488576,0.8228229819396837,0.623805557139815,0.7451824877598743,2.220446049250313e-16,0.18687808984737736
26.0,0.06453611156538362,2.220446049250313e-16,2.220446049250313e-16,0.038352057508954984,2.220446049250313e-16,0.0012282469886944185,0.03400529458907287,2.220446049250313e-16,2.220446049250313e-16,1.0884455631957737,0.33587286465802196,0.8315332798472205,2.220446049250313e-16,0.43615425795761453,2.220446049250313e-16,2.220446049250313e-16
27.0,0.036720879340536895,0.8951394321447603,2.220446049250313e-16,2.220446049250313e-16,0.4682810640650758,0.14125761621466043,2.220446049250313e-16,0.28597634844273895,2.220446049250313e-16,0.08722650940009967,0.16929543421047108,0.6047667552637186,2.220446049250313e-16,0.5062142731182493,0.4755632478463325,2.220446049250313e-16
28.0,0.1561722698856295,2.220446049250313e-16,2.220446049250313e-16,0.028740665736411986,2.220446049250313e-16,2.220446049250313e-16,0.03260177719838672,0.03286068585725444,1.3877787807814457e-17,0.8093880160636507,1.2800303238684256,0.13093648884162673,2.220446049250313e-16,0.18446678697819613,0.32263047169034864,0.0026945575142387876
29.0,2.220446049250313e-16,2.220446049250313e-16,0.43266704007301776,2.220446049250313e-16,5.329070518200751e-15,2.220446049250313e-16,0.446768972882301,2.220446049250313e-16,0.4714045207910472,0.07871168858341276,2.220446049250313e-16,2.220446049250313e-16,0.6098063327855785,0.7484343365325177,2.220446049250313e-16,1.0069809627862218
30.0,2.220446049250313e-16,2.220446049250313e-16,0.43266704007301776,2.220446049250313e-16,5.329070518200751e-15,2.220446049250313e-16,0.446768972882301,2.220446049250313e-16,0.4714045207910472,0.07871168858341276,2.220446049250313e-16,2.220446049250313e-16,0.6098063327855785,0.7484343365325177,2.220446049250313e-16,1.0069809627862218
31.0,0.8899936652034501,2.220446049250313e-16,0.5399466348341081,2.220446049250313e-16,0.4682810640650755,0.04685994142011976,2.220446049250313e-16,2.220446049250313e-16,2.7755575615628914e-17,2.220446049250313e-16,0.7944107996330662,0.353484910932146,2.220446049250313e-16,2.220446049250313e-16,0.3894935392759292,2.220446049250313e-16
32.0,0.8899936652034501,2.220446049250313e-16,0.5399466348341081,2.220446049250313e-16,0.4682810640650755,0.04685994142011976,2.220446049250313e-16,2.220446049250313e-16,2.7755575615628914e-17,2.220446049250313e-16,0.7944107996330662,0.353484910932146,2.220446049250313e-16,2.220446049250313e-16,0.3894935392759292,2.220446049250313e-16
33.0,2.220446049250313e-16,0.03817087402015144,0.45247559474369714,2.220446049250313e-16,2.220446049250313e-16,1.0678460029735413,0.7315273181041291,2.220446049250313e-16,2.220446049250313e-16,0.10832267643451683,0.032967024262814025,2.220446049250313e-16,0.6297192857308236,2.220446049250313e-16,2.220446049250313e-16,0.005727263996429675
34.0,0.12079126921885806,0.2684767428418799,2.220446049250313e-16,0.8971078326124778,2.220446049250313e-16,2.220446049250313e-16,0.1850205133292534,0.29102139301799684,2.220446049250313e-16,0.06687137914049562,2.220446049250313e-16,2.220446049250313e-16,2.220446049250313e-16,2.220446049250313e-16,2.220446049250313e-16,0.8613895828141103
35.0,2.220446049250313e-16,0.7449557647855729,2.220446049250313e-16,2.220446049250313e-16,2.220446049250313e-16,1.0234830938497717,2.220446049250313e-16,2.220446049250313e-16,0.471404520791047,2.220446049250313e-16,0.056823682025627986,2.220446049250313e-16,0.6191339862932791,2.220446049250313e-16,2.220446049250313e-16,0.001528127608219222
36.0,2.220446049250313e-16,0.7449557647855729,2.220446049250313e-16,2.220446049250313e-16,2.220446049250313e-16,1.0234830938497717,2.220446049250313e-16,2.220446049250313e-16,0.471404520791047,2.220446049250313e-16,0.056823682025627986,2.220446049250313e-16,0.6191339862932791,2.220446049250313e-16,2.220446049250313e-16,0.001528127608219222
37.0,2.220446049250313e-16,0.7449557647855729,2.220446049250313e-16,2.220446049250313e-16,2.220446049250313e-16,1.0234830938497717,2.220446049250313e-16,2.220446049250313e-16,0.471404520791047,2.220446049250313e-16,0.056823682025627986,2.220446049250313e-16,0.6191339862932791,2.220446049250313e-16,2.220446049250313e-16,0.001528127608219222
38.0,0.08911020776001005,0.9631653923553619,2.220446049250313e-16,0.6980804993376941,0.4682810640650757,0.29606658800566626,2.220446049250313e-16,0.203969156818309,2.220446049250313e-16,2.220446049250313e-16,0.2439653038434098,2.220446049250313e-16,2.220446049250313e-16,2.220446049250313e-16,2.220446049250313e-16,2.220446049250313e-16
39.0,2.220446049250313e-16,0.7931096464788071,1.9907516151982465e-16,0.6643047940184602,0.4682810640650758,0.5870180945745836,2.220446049250313e-16,2.220446049250313e-16,0.4714045207910471,2.220446049250313e-16,2.220446049250313e-16,2.220446049250313e-16,2.220446049250313e-16,0.21373028635701014,2.220446049250313e-16,2.220446049250313e-16
40.0,2.220446049250313e-16,0.7211159362751871,2.220446049250313e-16,0.9501932317280795,2.220446049250313e-16,0.007430594234984637,0.28622315950377264,0.0032328821061411357,2.220446049250313e-16,2.220446049250313e-16,0.0473209884990422,0.8540411973375974,2.220446049250313e-16,2.220446049250313e-16,2.220446049250313e-16,0.053097999214268346
41.0,2.220446049250313e-16,0.9146252193867545,1.1102230246251565e-16,0.3208167196290944,2.220446049250313e-16,0.8059526157622101,2.220446049250313e-16,0.008134846299894763,2.220446049250313e-16,2.220446049250313e-16,2.220446049250313e-16,2.220446049250313e-16,2.220446049250313e-16,0.5144605406846241,2.220446049250313e-16,2.220446049250313e-16
42.0,2.220446049250313e-16,0.9146252193867545,1.1102230246251565e-16,0.3208167196290944,2.220446049250313e-16,0.8059526157622101,2.220446049250313e-16,0.008134846299894763,2.220446049250313e-16,2.220446049250313e-16,2.220446049250313e-16,2.220446049250313e-16,2.220446049250313e-16,0.5144605406846241,2.220446049250313e-16,2.220446049250313e-16
43.0,2.220446049250313e-16,2.220446049250313e-16,2.220446049250313e-16,0.05282692791240875,0.46828106406507586,0.024495865788130886,2.220446049250313e-16,2.220446049250313e-16,2.220446049250313e-16,0.9940761132104401,2.220446049250313e-16,2.220446049250313e-16,2.220446049250313e-16,0.49875765514892223,2.220446049250313e-16,0.8832303978773312
44.0,2.220446049250313e-16,2.220446049250313e-16,2.220446049250313e-16,2.220446049250313e-16,0.4682810640650754,0.021482121265746022,2.220446049250313e-16,2.220446049250313e-16,2.220446049250313e-16,1.0682434540237802,2.220446049250313e-16,0.6263016165974279,2.220446049250313e-16,0.7293690006681409,2.220446049250313e-16,0.3536050373126177
45.0,2.220446049250313e-16,2.220446049250313e-16,2.220446049250313e-16,2.220446049250313e-16,0.4682810640650754,0.021482121265746022,2.220446049250313e-16,2.220446049250313e-16,2.220446049250313e-16,1.0682434540237802,2.220446049250313e-16,0.6263016165974279,2.220446049250313e-16,0.7293690006681409,2.220446049250313e-16,0.3536050373126177
46.0,0.5801337181884241,2.220446049250313e-16,2.220446049250313e-16,0.02193130115903552,0.4682810640650756,0.04400265801541762,0.2593856506537131,2.220446049250313e-16,0.47140452079104694,0.514019858756829,2.220446049250313e-16,0.8816940194853305,2.220446049250313e-16,2.220446049250313e-16,2.220446049250313e-16,0.043112528260739566
47.0,0.5801337181884241,2.220446049250313e-16,2.220446049250313e-16,0.02193130115903552,0.4682810640650756,0.04400265801541762,0.2593856506537131,2.220446049250313e-16,0.47140452079104694,0.514019858756829,2.220446049250313e-16,0.8816940194853305,2.220446049250313e-16,2.220446049250313e-16,2.220446049250313e-16,0.043112528260739566
48.0,0.15150969679176374,2.220446049250313e-16,2.220446049250313e-16,2.220446049250313e-16,2.7755575615628914e-16,0.9857226969567928,0.7300220050954247,0.0058002021714292475,2.220446049250313e-16,0.30400024940515646,0.17082226924394855,2.220446049250313e-16,0.33320388976095944,2.220446049250313e-16,2.220446049250313e-16,2.220446049250313e-16
49.0,2.220446049250313e-16,0.09279396080656065,2.220446049250313e-16,0.9001697759019531,5.551115123125783e-16,2.220446049250313e-16,0.4033018449000268,0.32387920873264203,2.220446049250313e-16,0.10157757517262134,2.220446049250313e-16,2.220446049250313e-16,2.220446049250313e-16,0.010562439978288174,2.220446049250313e-16,0.9545978963715054
50.0,2.220446049250313e-16,0.7431298958243483,2.220446049250313e-16,2.220446049250313e-16,2.220446049250313e-16,1.0606248743473876,2.220446049250313e-16,2.220446049250313e-16,0.471404520791047,0.06238265395292691,0.09422238555203732,2.220446049250313e-16,2.220446049250313e-16,2.220446049250313e-16,0.48589976455498146,2.220446049250313e-16
51.0,2.220446049250313e-16,0.7431298958243483,2.220446049250313e-16,2.220446049250313e-16,2.220446049250313e-16,1.0606248743473876,2.220446049250313e-16,2.220446049250313e-16,0.471404520791047,0.06238265395292691,0.09422238555203732,2.220446049250313e-16,2.220446049250313e-16,2.220446049250313e-16,0.48589976455498146,2.220446049250313e-16
52.0,0.11252804194775166,2.220446049250313e-16,2.220446049250313e-16,2.220446049250313e-16,2.220446049250313e-16,0.6987953633231999,0.5020335375019348,0.3936540435371327,2.220446049250313e-16,0.7084444455400645,0.36191825498495606,2.220446049250313e-16,0.0018310447075280854,2.220446049250313e-16,2.220446049250313e-16,0.021659079547964106
53.0,0.23099452472762805,0.48890245358693096,2.220446049250313e-16,0.34171340548541246,0.4682810640650756,2.220446049250313e-16,2.220446049250313e-16,0.6205472844377101,2.220446049250313e-16,2.220446049250313e-16,2.220446049250313e-16,0.8135050346242756,2.220446049250313e-16,0.7259125785745537,2.220446049250313e-16,2.220446049250313e-16
54.0,1.0904893707947065,2.220446049250313e-16,2.220446049250313e-16,2.220446049250313e-16,2.220446049250313e-16,2.220446049250313e-16,2.220446049250313e-16,0.7479749068203531,1.1102230246251565e-16,0.18629154345281362,0.39803554473696445,2.220446049250313e-16,0.312521019718134,2.220446049250313e-16,2.220446049250313e-16,2.220446049250313e-16
55.0,2.220446049250313e-16,2.220446049250313e-16,0.4331636942582264,0.8553355975829884,2.220446049250313e-16,2.220446049250313e-16,2.220446049250313e-16,2.220446049250313e-16,0.47140452079104705,0.3713194304298477,2.220446049250313e-16,2.220446049250313e-16,2.220446049250313e-16,0.011992930996991743,2.220446049250313e-16,0.9827595209705791
56.0,2.220446049250313e-16,0.8529792857933305,2.220446049250313e-16,2.220446049250313e-16,2.220446049250313e-16,1.0683539033323874,2.220446049250313e-16,0.00831783414490796,2.220446049250313e-16,0.19506684898404836,0.05058138424887001,2.220446049250313e-16,2.220446049250313e-16,2.220446049250313e-16,2.220446049250313e-16,2.220446049250313e-16
57.0,2.220446049250313e-16,0.8529792857933305,2.220446049250313e-16,2.220446049250313e-16,2.220446049250313e-16,1.0683539033323874,2.220446049250313e-16,0.00831783414490796,2.220446049250313e-16,0.19506684898404836,0.05058138424887001,2.220446049250313e-16,2.220446049250313e-16,2.220446049250313e-16,2.220446049250313e-16,2.220446049250313e-16
58.0,0.1561722698856295,2.220446049250313e-16,2.220446049250313e-16,0.028740665736411986,2.220446049250313e-16,2.220446049250313e-16,0.03260177719838672,0.03286068585725444,1.3877787807814457e-17,0.8093880160636507,1.2800303238684256,0.13093648884162673,2.220446049250313e-16,0.18446678697819613,0.32263047169034864,0.0026945575142387876
59.0,2.220446049250313e-16,2.220446049250313e-16,0.43266704007301776,2.220446049250313e-16,5.329070518200751e-15,2.220446049250313e-16,0.446768972882301,2.220446049250313e-16,0.4714045207910472,0.07871168858341276,2.220446049250313e-16,2.220446049250313e-16,0.6098063327855785,0.7484343365325177,2.220446049250313e-16,1.0069809627862218
60.0,2.220446049250313e-16,2.220446049250313e-16,0.43266704007301776,2.220446049250313e-16,5.329070518200751e-15,2.220446049250313e-16,0.446768972882301,2.220446049250313e-16,0.4714045207910472,0.07871168858341276,2.220446049250313e-16,2.220446049250313e-16,0.6098063327855785,0.7484343365325177,2.220446049250313e-16,1.0069809627862218
61.0,0.8899936652034492,2.220446049250313e-16,0.5399466348341083,2.220446049250313e-16,0.46828106406507575,0.04685994142011967,2.220446049250313e-16,2.220446049250313e-16,2.220446049250313e-16,2.220446049250313e-16,0.7944107996330663,0.35348491093214623,2.220446049250313e-16,2.220446049250313e-16,0.3894935392759294,2.220446049250313e-16
62.0,0.8899936652034492,2.220446049250313e-16,0.5399466348341083,2.220446049250313e-16,0.46828106406507575,0.04685994142011967,2.220446049250313e-16,2.220446049250313e-16,2.220446049250313e-16,2.220446049250313e-16,0.7944107996330663,0.35348491093214623,2.220446049250313e-16,2.220446049250313e-16,0.3894935392759294,2.220446049250313e-16
