53 0.05340080434364744 0.4605195947422206 0.053400805063276754 0.2136636845945136 0.05340080473060961 0.1761245235998511 0.053400805301883764 0.053400804980798564 0.3556868410467082 0.1477579766374626 0.48877513777598836 0.32629581004320535 0.6764240789392063 0.1723173103810554 0.3556868409500817 0.3262958098007694 0.046519094833721755 0.2599991932262742 0.44564328908057277 0.4605195962035897
3 -0.0033776862196121336 0.3393490673202286 -0.0033776840899030886 0.20368365428088134 -0.003377684302453125 0.14475638504661356 -0.0033776838476645196 -0.0033776842113870586 0.2910791400086586 0.18339446300541862 0.6547938416986251 0.25908169199524034 0.6966595548696756 0.23526000961642335 0.29107914004782315 0.2590816918541119 0.0003163886043347287 0.36811095404675 0.5128681072893144 0.33934906683695176
58 0.003886511958413889 0.33706352064965234 0.0038865108047908396 0.23517087000992687 0.003886510531309712 0.21360909198077735 0.0038865110170539503 0.003886510697852807 0.28724077292728445 0.21766409402554998 0.690303382707591 0.22931969386282994 0.5813127057810471 0.2835884428992133 0.2872407728363617 0.22931969386339812 -0.0176760222542602 0.3897875699976013 0.5537286431028556 0.3370635236687392
16 -0.0012338171149516143 0.3322034940000471 -0.001233816192211237 0.215798094245657 -0.0012338165183200635 0.16448920770153166 -0.001233816020174613 -0.0012338163042341017 0.2901221796580663 0.20553720750637516 0.6675523664989085 0.2617451859975343 0.6479832335012994 0.25609187495416724 0.2901221798136289 0.26174518600483737 -0.005820664956627682 0.382350805021487 0.52804448072963 0.3322034951963798
33 0.5256891673735875 0.2072685353277523 0.5256891675608549 0.18685551238586987 0.5256891673707774 0.2816858034255712 0.5256891681409454 0.5256891681014397 0.20104862263913248 0.09448160043875553 0.0044157505960206785 0.2326466156858647 0.05284914892169343 0.02846293805041396 0.2010486227495904 0.23264661560423677 0.4585490698571573 0.05555096596349904 0.055493539390021975 0.20726853623980246
20 0.20726853574160486 0.5358016539830714 0.20726853600353934 0.303029907910334 0.2072685358580202 0.2503992845758771 0.20726853641099297 0.20726853617816232 0.45306350461738987 0.15446608737178913 0.2713270056042085 0.29732618255867305 0.42514304201274555 0.11828261313335231 0.45306350441471466 0.2973261823602025 0.14297657652648144 0.21781294834926168 0.33025132833820425 0.5358016557293013
25 0.2010486224889198 0.45306350366268355 0.20104862268465581 0.4034904583278954 0.20104862237508722 0.2696725067845363 0.20104862295736833 0.20104862276228258 0.46093333731441266 0.21597938217682755 0.28234764161660264 0.30567773601392717 0.37373952994495185 0.12771624305615042 0.4609333370027143 0.3056777359881854 0.20173908422428147 0.29804348928171154 0.3579818287744407 0.45306350484223223
6 -0.02715088042217182 0.27766260733654374 -0.027150882598871353 0.16146681430545617 -0.027150882920556067 0.2223485627336066 -0.027150882505130453 -0.027150882821210847 0.22691372901850276 0.2684079507812856 0.7594279977606861 0.30163968419193654 0.4935805568867062 0.35508970599612155 0.22691372895695996 0.30163968409702774 -0.05145640525002457 0.38103194956279146 0.5533412001203762 0.27766261112573104
38 0.4585490699578823 0.14297657569702876 0.4585490697036204 0.3030787465621411 0.45854906938067436 0.2813350758694033 0.4585490701168462 0.4585490702429946 0.20173908445496744 0.12580805163341918 -0.006722307942526913 0.22555172117237476 0.056085425495197266 0.022837364364578117 0.2017390840782128 0.22555172103019266 0.7215108284030958 0.09521338519306397 0.06667146796943887 0.14297657737535185
43 0.5256891673735875 0.2072685353277523 0.5256891675608549 0.18685551238586987 0.5256891673707774 0.2816858034255712 0.5256891681409454 0.5256891681014397 0.20104862263913248 0.09448160043875553 0.0044157505960206785 0.2326466156858647 0.05284914892169343 0.02846293805041396 0.2010486227495904 0.23264661560423677 0.4585490698571573 0.05555096596349904 0.055493539390021975 0.20726853623980246
63 0.2816858033596179 0.250399283798075 0.28168580316314396 0.30325942181764587 0.2816858029713046 0.6961960353899616 0.2816858037636962 0.28168580382159625 0.2696725069314955 0.4951755826718241 0.16228352847659822 0.3583766768948773 0.18144983824461336 0.20214892879293028 0.26967250669736625 0.3583766768723626 0.2813350758694028 0.18656529440743427 0.1990413663032802 0.25039928516847676
24 0.5498283458712295 0.2581143332892804 0.5498283453846057 0.11971113780351217 0.5498283451182402 0.26844895777687355 0.549828345844334 0.5498283458693782 0.17687590657874444 0.07464378581273612 -0.00435009072805387 0.22945318289977895 0.05409761384842884 0.03824494915728418 0.1768759063072832 0.22945318255612512 0.2919664794230934 0.046545403090422224 0.056851802590500745 0.25811433569622966
27 0.5256891673735875 0.2072685353277523 0.5256891675608549 0.18685551238586987 0.5256891673707774 0.2816858034255712 0.5256891681409454 0.5256891681014397 0.20104862263913248 0.09448160043875553 0.0044157505960206785 0.2326466156858647 0.05284914892169343 0.02846293805041396 0.2010486227495904 0.23264661560423677 0.4585490698571573 0.05555096596349904 0.055493539390021975 0.20726853623980246
32 0.5256891673735875 0.2072685353277523 0.5256891675608549 0.18685551238586987 0.5256891673707774 0.2816858034255712 0.5256891681409454 0.5256891681014397 0.20104862263913248 0.09448160043875553 0.0044157505960206785 0.2326466156858647 0.05284914892169343 0.02846293805041396 0.2010486227495904 0.23264661560423677 0.4585490698571573 0.05555096596349904 0.055493539390021975 0.20726853623980246
2 0.059122033546412565 0.3768704059734024 0.059122032423601985 0.3365626518327803 0.05912203208230782 0.22282011675601726 0.059122032712323455 0.059122032397117615 0.36461078820029563 0.24523134501686233 0.5485465282350961 0.26106158314849315 0.5221452022214399 0.2385312884865915 0.36461078797108076 0.26106158293606796 0.05069244723335469 0.4131754874779182 0.5190608954561224 0.3768704083096611
31 0.02846293765874709 0.11828261304627281 0.028462938121781616 0.20481998001768115 0.02846293803075325 0.20214892879293123 0.028462938410746434 0.02846293810334104 0.1277162430126201 0.5797848274609614 0.3538679364183316 0.1728128832994278 0.1907683962709417 1.006589995421559 0.1277162430571478 0.1728128831842564 0.022837364364581076 0.4526021261831765 0.27648089273610255 0.11828261351273141
62 0.01666875305466113 0.3176200027401015 0.01666874581599269 0.24599799335484424 0.016668745479621334 0.3867758863343095 0.016668745937766828 0.01666874579113503 0.26681919885245736 0.3698474161871381 0.6712065708905472 0.279457322923394 0.33830587805849865 0.37825031358788536 0.26681919885461464 0.2794573227655685 -0.044350897935942095 0.354298835734763 0.560694569136658 0.3176200107903423
23 0.05725890186813791 0.4231367395493694 0.05725890124104554 0.24448291213760232 0.05725890086429996 0.20285738215052249 0.05725890149005415 0.057258901165643215 0.3481507116249243 0.18729733055371947 0.5096495724555548 0.3823024308631672 0.5885923220378088 0.1888628447553786 0.34815071143780346 0.3823024308705343 0.04055000119814929 0.29716126947511795 0.4658535580423669 0.42313674193311707
39 0.4585490699578823 0.14297657569702876 0.4585490697036204 0.3030787465621411 0.45854906938067436 0.2813350758694033 0.4585490701168462 0.4585490702429946 0.20173908445496744 0.12580805163341918 -0.006722307942526913 0.22555172117237476 0.056085425495197266 0.022837364364578117 0.2017390840782128 0.22555172103019266 0.7215108284030958 0.09521338519306397 0.06667146796943887 0.14297657737535185
1 0.052849148578736925 0.42514304126260904 0.052849149011648236 0.2791940363945048 0.05284914876411286 0.18144983824461247 0.0528491491768445 0.05284914895309991 0.3737395300938881 0.182218382198677 0.522964626071023 0.24583176108049032 0.6369591072843309 0.19076839627093783 0.37373952985903336 0.24583176103671697 0.05608542549518874 0.3517604081865214 0.4875995336662255 0.4251430424751832
60 0.07653929217982616 0.3878825144731077 0.07653928842976046 0.3093190098982126 0.07653928806461908 0.3565569077125143 0.07653928875847586 0.0765392885167827 0.3671296814315596 0.3375851092253425 0.5199936660601866 0.29746507593589566 0.4647658668416658 0.22195746539837902 0.36712968157386994 0.2974650760427045 0.04111114838623871 0.3176400904572034 0.4977094822659076 0.3878825190513651
48 0.20726853574160486 0.5358016539830714 0.20726853600353934 0.303029907910334 0.2072685358580202 0.2503992845758771 0.20726853641099297 0.20726853617816232 0.45306350461738987 0.15446608737178913 0.2713270056042085 0.29732618255867305 0.42514304201274555 0.11828261313335231 0.45306350441471466 0.2973261823602025 0.14297657652648144 0.21781294834926168 0.33025132833820425 0.5358016557293013
29 0.5256891673735875 0.2072685353277523 0.5256891675608549 0.18685551238586987 0.5256891673707774 0.2816858034255712 0.5256891681409454 0.5256891681014397 0.20104862263913248 0.09448160043875553 0.0044157505960206785 0.2326466156858647 0.05284914892169343 0.02846293805041396 0.2010486227495904 0.23264661560423677 0.4585490698571573 0.05555096596349904 0.055493539390021975 0.20726853623980246
65 0.07379960580531052 0.27634404388656675 0.07379960421853751 0.3642470385446019 0.07379960402971975 0.34919620806276425 0.0737996045458023 0.07379960420764652 0.35386094760936054 0.5059993229856479 0.480328779016878 0.2859591223321345 0.38206549355014396 0.30830945784766284 0.3538609474317425 0.285959122374728 0.08861101169830989 0.4431855884691302 0.46806866401660546 0.276344045896595
51 -0.016531661011908328 0.23538661166944008 -0.016531663956733438 0.18808586588345924 -0.016531664304305034 0.22977629436810232 -0.016531663853729468 -0.016531664052828247 0.2173936887992374 0.31549636320249225 0.7784829163699263 0.21187305267464324 0.3598045377817082 0.4919684424399766 0.2173936886636808 0.21187305264456618 -0.05447132749070849 0.4726043099761379 0.5582153256422142 0.2353866155858415
59 0.4585490699578823 0.14297657569702876 0.4585490697036204 0.3030787465621411 0.45854906938067436 0.2813350758694033 0.4585490701168462 0.4585490702429946 0.20173908445496744 0.12580805163341918 -0.006722307942526913 0.22555172117237476 0.056085425495197266 0.022837364364578117 0.2017390840782128 0.22555172103019266 0.7215108284030958 0.09521338519306397 0.06667146796943887 0.14297657737535185
13 0.18563096425886869 0.3883398326144326 0.18563096485978084 0.4760933835692013 0.18563096454581848 0.25558608993949633 0.18563096531601866 0.18563096520877073 0.45640984262470874 0.2636141177198943 0.2754090516239974 0.29961095064372856 0.3522613341429341 0.14590734654965526 0.45640984253453964 0.29961095072425836 0.2604417078624441 0.3788806607992065 0.36853993322343626 0.3883398331995432
11 0.18563096425886869 0.3883398326144326 0.18563096485978084 0.4760933835692013 0.18563096454581848 0.25558608993949633 0.18563096531601866 0.18563096520877073 0.45640984262470874 0.2636141177198943 0.2754090516239974 0.29961095064372856 0.3522613341429341 0.14590734654965526 0.45640984253453964 0.29961095072425836 0.2604417078624441 0.3788806607992065 0.36853993322343626 0.3883398331995432
46 -0.016707134241718324 0.22612222828058492 -0.016707135845538845 0.18937018414184803 -0.01670713605719091 0.19834170304538615 -0.016707135725421624 -0.016707135935256336 0.22222237063461153 0.3125565908557416 0.7780494923338215 0.20226562182699556 0.3958845439244704 0.48171093716192154 0.22222237065837905 0.20226562167189474 -0.04922875555912613 0.4901527687285158 0.5531369022038856 0.2261222307616873
57 0.08504676798141454 0.3049469145732953 0.08504676136736918 0.4025018402547044 0.08504676116722837 0.39225969796062854 0.08504676157716805 0.08504676152345073 0.2914802560558215 0.3615455512508071 0.5429133726023063 0.3038884389400599 0.24326133167323255 0.3943176857753921 0.2914802559066852 0.3038884389676851 0.01718166654906707 0.43294897956813944 0.52720850158896 0.3049469226798917
45 0.2197399233601108 0.5001888857840944 0.2197399224853006 0.34260036183290343 0.2197399222105705 0.30403445607832386 0.21973992287689934 0.21973992283102725 0.44376673225972046 0.18208781825403686 0.28319063703240804 0.3136986823345889 0.373863707477071 0.1283419099560204 0.4437667321771423 0.3136986821505615 0.14542764903284008 0.22077699658554467 0.3437860823978162 0.5001888888233644
52 0.5498283458712295 0.2581143332892804 0.5498283453846057 0.11971113780351217 0.5498283451182402 0.26844895777687355 0.549828345844334 0.5498283458693782 0.17687590657874444 0.07464378581273612 -0.00435009072805387 0.22945318289977895 0.05409761384842884 0.03824494915728418 0.1768759063072832 0.22945318255612512 0.2919664794230934 0.046545403090422224 0.056851802590500745 0.25811433569622966
67 0.09448160035400792 0.1544660865849976 0.09448160032794574 0.33606798138987976 0.09448160015668687 0.4951755826718287 0.09448160064783961 0.09448160038846194 0.2159793823356152 0.7579766260377724 0.27814803106384994 0.28366161829620407 0.18221838219868053 0.5797848274609596 0.21597938229093055 0.28366161806548085 0.12580805163342393 0.41933408649356024 0.28699549093428106 0.15446608791367247
50 0.2197399233601108 0.5001888857840944 0.2197399224853006 0.34260036183290343 0.2197399222105705 0.30403445607832386 0.21973992287689934 0.21973992283102725 0.44376673225972046 0.18208781825403686 0.28319063703240804 0.3136986823345889 0.373863707477071 0.1283419099560204 0.4437667321771423 0.3136986821505615 0.14542764903284008 0.22077699658554467 0.3437860823978162 0.5001888888233644
26 0.02846293765874709 0.11828261304627281 0.028462938121781616 0.20481998001768115 0.02846293803075325 0.20214892879293123 0.028462938410746434 0.02846293810334104 0.1277162430126201 0.5797848274609614 0.3538679364183316 0.1728128832994278 0.1907683962709417 1.006589995421559 0.1277162430571478 0.1728128831842564 0.022837364364581076 0.4526021261831765 0.27648089273610255 0.11828261351273141
37 0.07430102999432972 0.14960664691857473 0.07430103072437759 0.4013983065823742 0.07430103053163999 0.2508477796314721 0.07430103093740056 0.07430103067474009 0.10213009730772937 0.5944185173980148 0.271028856529856 0.2057014433538759 0.18436111259506424 0.8665133566162192 0.10213009721981546 0.2057014433302652 0.10618039929295549 0.5384213001621874 0.2871604134706469 0.14960664994607953
40 0.1997643960434241 0.5006404271818553 0.19976439655458667 0.34776693723113106 0.19976439617252917 0.24371549723160885 0.1997643970078858 0.1997643967465161 0.4644344234824697 0.1794959156919015 0.2757567100973108 0.297498986960538 0.41305829078479167 0.11695105228000652 0.46443442329424967 0.29749898686191717 0.17570145905320703 0.2626238206044169 0.34356738243601975 0.5006404278290717
8 0.004415750331172131 0.2713270051556679 0.004415750698983095 0.2619979509543262 0.0044157504911652564 0.16228352847660096 0.004415750926971934 0.0044157506402623045 0.2823476416848265 0.27814803106385527 0.6947761173134732 0.21171925108365194 0.5229646260710238 0.35386793641833314 0.282347641549541 0.21171925085999418 -0.006722307942536231 0.5002227661659274 0.5472967950131322 0.2713270057606744
42 0.1997643960434241 0.5006404271818553 0.19976439655458667 0.34776693723113106 0.19976439617252917 0.24371549723160885 0.1997643970078858 0.1997643967465161 0.4644344234824697 0.1794959156919015 0.2757567100973108 0.297498986960538 0.41305829078479167 0.11695105228000652 0.46443442329424967 0.29749898686191717 0.17570145905320703 0.2626238206044169 0.34356738243601975 0.5006404278290717
64 0.2816858033596179 0.250399283798075 0.28168580316314396 0.30325942181764587 0.2816858029713046 0.6961960353899616 0.2816858037636962 0.28168580382159625 0.2696725069314955 0.4951755826718241 0.16228352847659822 0.3583766768948773 0.18144983824461336 0.20214892879293028 0.26967250669736625 0.3583766768723626 0.2813350758694028 0.18656529440743427 0.1990413663032802 0.25039928516847676
28 0.5256891673735875 0.2072685353277523 0.5256891675608549 0.18685551238586987 0.5256891673707774 0.2816858034255712 0.5256891681409454 0.5256891681014397 0.20104862263913248 0.09448160043875553 0.0044157505960206785 0.2326466156858647 0.05284914892169343 0.02846293805041396 0.2010486227495904 0.23264661560423677 0.4585490698571573 0.05555096596349904 0.055493539390021975 0.20726853623980246
34 0.5256891673735875 0.2072685353277523 0.5256891675608549 0.18685551238586987 0.5256891673707774 0.2816858034255712 0.5256891681409454 0.5256891681014397 0.20104862263913248 0.09448160043875553 0.0044157505960206785 0.2326466156858647 0.05284914892169343 0.02846293805041396 0.2010486227495904 0.23264661560423677 0.4585490698571573 0.05555096596349904 0.055493539390021975 0.20726853623980246
47 0.5498283458712295 0.2581143332892804 0.5498283453846057 0.11971113780351217 0.5498283451182402 0.26844895777687355 0.549828345844334 0.5498283458693782 0.17687590657874444 0.07464378581273612 -0.00435009072805387 0.22945318289977895 0.05409761384842884 0.03824494915728418 0.1768759063072832 0.22945318255612512 0.2919664794230934 0.046545403090422224 0.056851802590500745 0.25811433569622966
21 -0.02220969826421902 0.24302579055602067 -0.02220970275688417 0.16310458428546692 -0.022209703069953433 0.29086117869534367 -0.022209702625658384 -0.022209702912330508 0.1974559593171452 0.3358599315875497 0.7561315283887979 0.3317687324852151 0.2755572449902967 0.4736486386060887 0.19745595929408205 0.33176873249319394 -0.06496201834886456 0.42406003853195967 0.5384713006710694 0.2430257962778047
66 0.09448160035400792 0.1544660865849976 0.09448160032794574 0.33606798138987976 0.09448160015668687 0.4951755826718287 0.09448160064783961 0.09448160038846194 0.2159793823356152 0.7579766260377724 0.27814803106384994 0.28366161829620407 0.18221838219868053 0.5797848274609596 0.21597938229093055 0.28366161806548085 0.12580805163342393 0.41933408649356024 0.28699549093428106 0.15446608791367247
68 0.23394738301588247 0.16536227139144805 0.23394738981527236 0.31866859121569496 0.23394738961124725 0.6250892475274576 0.23394739036938325 0.23394739017391838 0.24741529509202165 0.6500673184890392 0.07100529898400855 0.3105011858143074 0.255987374065544 0.2283093241334272 0.24741529518383842 0.3105011856864466 0.45225473152679474 0.31730898845668987 0.11225179220918313 0.16536226683358202
5 0.24518184869481724 0.3198607752623074 0.24518184846526886 0.1389240865647302 0.2451818482460045 0.3681662877384381 0.2451818488365447 0.24518184889157005 0.20456891433180557 0.21030117162927398 0.15959987766474473 0.7087943863016896 0.24265504940909624 0.19619058155138755 0.20456891408849479 0.708794386352297 0.1557759778298838 0.13906947818093268 0.18586060688899905 0.31986077800185825
30 0.1997643960434241 0.5006404271818553 0.19976439655458667 0.34776693723113106 0.19976439617252917 0.24371549723160885 0.1997643970078858 0.1997643967465161 0.4644344234824697 0.1794959156919015 0.2757567100973108 0.297498986960538 0.41305829078479167 0.11695105228000652 0.46443442329424967 0.29749898686191717 0.17570145905320703 0.2626238206044169 0.34356738243601975 0.5006404278290717
17 0.2326466155205207 0.29732618148727513 0.23264661547705764 0.3045989874480364 0.23264661530052874 0.3583766767477242 0.2326466159998112 0.23264661591073915 0.3056777360334629 0.28366161814634466 0.21171925096010985 0.6161201399389454 0.24583176101797946 0.17281288316964827 0.30567773597432357 0.6161201399402488 0.22555172106170007 0.23497260259706745 0.25218969632717075 0.2973261831394556
56 0.18563096425886869 0.3883398326144326 0.18563096485978084 0.4760933835692013 0.18563096454581848 0.25558608993949633 0.18563096531601866 0.18563096520877073 0.45640984262470874 0.2636141177198943 0.2754090516239974 0.29961095064372856 0.3522613341429341 0.14590734654965526 0.45640984253453964 0.29961095072425836 0.2604417078624441 0.3788806607992065 0.36853993322343626 0.3883398331995432
55 0.05549353952067361 0.33025132768016086 0.05549353923074791 0.3697388082857648 0.05549353900236556 0.19904136630328342 0.055493539557995415 0.05549353925888951 0.3579818288214021 0.2869954909342777 0.5472967950131218 0.2521896964276632 0.4875995336662389 0.2764808927360915 0.35798182869347683 0.25218969632598637 0.06667146796945343 0.4855010900260421 0.5199936177694275 0.330251329041416
69 0.23394738301588247 0.16536227139144805 0.23394738981527236 0.31866859121569496 0.23394738961124725 0.6250892475274576 0.23394739036938325 0.23394739017391838 0.24741529509202165 0.6500673184890392 0.07100529898400855 0.3105011858143074 0.255987374065544 0.2283093241334272 0.24741529518383842 0.3105011856864466 0.45225473152679474 0.31730898845668987 0.11225179220918313 0.16536226683358202
12 0.05555096578852443 0.2178129476366965 0.05555096590167872 0.43704540615214604 0.055550965709722004 0.18656529440742892 0.05555096625567991 0.05555096597448011 0.2980434894794447 0.4193340864935548 0.5002227661659229 0.23497260254991573 0.35176040818652415 0.45260212618318063 0.29804348923951524 0.2349726025815323 0.09521338519305621 0.6134828803520048 0.48550109002603475 0.21781294866844525
7 0.07849304824827624 0.43063790268506585 0.0784930434272734 0.2926676580696812 0.07849304311043355 0.3570994572073535 0.07849304360798945 0.0784930435864173 0.35300664555242756 0.25109239267675126 0.5342384501036672 0.29950291623427383 0.4748471743636006 0.2217626211120916 0.35300664529529924 0.2995029159757078 0.014323119654869801 0.27183589033458283 0.5081402668021265 0.43063790949328906
0 0.0021427173711471297 0.2866521436712116 0.002142716698047702 0.24094570837618487 0.002142716348635624 0.18138476406136447 0.00214271687013598 0.002142716505393609 0.27694594416342705 0.2725184871064102 0.685571999093662 0.2940525429715819 0.5146889855096828 0.32836926542531913 0.2769459441173115 0.2940525427892678 -0.01403784226016375 0.44977053812771095 0.542862034702995 0.2866521452882416
10 0.05555096578852443 0.2178129476366965 0.05555096590167872 0.43704540615214604 0.055550965709722004 0.18656529440742892 0.05555096625567991 0.05555096597448011 0.2980434894794447 0.4193340864935548 0.5002227661659229 0.23497260254991573 0.35176040818652415 0.45260212618318063 0.29804348923951524 0.2349726025815323 0.09521338519305621 0.6134828803520048 0.48550109002603475 0.21781294866844525
35 0.25316851264714685 0.4445492703254406 0.2531685085901146 0.3794944181771695 0.2531685083099935 0.4347475881644929 0.2531685089594843 0.25316850882773356 0.3909153156988453 0.21894140349966812 0.292454072571014 0.3456878121106038 0.26574704773002916 0.16574637223850613 0.3909153156173396 0.34568781197131027 0.12136948135673156 0.18862166115840717 0.3528651545001857 0.4445492758215459
9 0.2010486224889198 0.45306350366268355 0.20104862268465581 0.4034904583278954 0.20104862237508722 0.2696725067845363 0.20104862295736833 0.20104862276228258 0.46093333731441266 0.21597938217682755 0.28234764161660264 0.30567773601392717 0.37373952994495185 0.12771624305615042 0.4609333370027143 0.3056777359881854 0.20173908422428147 0.29804348928171154 0.3579818287744407 0.45306350484223223
4 0.003216449633915429 0.28085599273476564 0.003216447587071758 0.22842484983306918 0.0032164474331457826 0.22028500826777395 0.003216447867277488 0.003216447492987026 0.2621435821624779 0.302059976008427 0.6651185450601782 0.36790514906456734 0.4461367496649123 0.3546428203281448 0.26214358173114544 0.3679051488960553 -0.02255373641537397 0.4189672662045708 0.5302497059266497 0.2808559960701124
61 0.09448160035400792 0.1544660865849976 0.09448160032794574 0.33606798138987976 0.09448160015668687 0.4951755826718287 0.09448160064783961 0.09448160038846194 0.2159793823356152 0.7579766260377724 0.27814803106384994 0.28366161829620407 0.18221838219868053 0.5797848274609596 0.21597938229093055 0.28366161806548085 0.12580805163342393 0.41933408649356024 0.28699549093428106 0.15446608791367247
44 0.5256891673735875 0.2072685353277523 0.5256891675608549 0.18685551238586987 0.5256891673707774 0.2816858034255712 0.5256891681409454 0.5256891681014397 0.20104862263913248 0.09448160043875553 0.0044157505960206785 0.2326466156858647 0.05284914892169343 0.02846293805041396 0.2010486227495904 0.23264661560423677 0.4585490698571573 0.05555096596349904 0.055493539390021975 0.20726853623980246
36 0.18685551240667742 0.3030299069030365 0.18685551218920446 0.5635397284345839 0.18685551202753278 0.3032594218176451 0.18685551266572356 0.18685551254304703 0.40349045831429214 0.33606798138986915 0.26199795095431866 0.30459898755509074 0.27919403639451457 0.20481998001767693 0.4034904584124099 0.3045989873960722 0.3030787465621371 0.43704540615215154 0.36973880828573563 0.3030299085717429
22 0.2768173268480542 0.42528111485266096 0.27681732265274944 0.3173537886862817 0.27681732232212397 0.5370607364522292 0.276817323173125 0.2768173230397774 0.3564576720932446 0.26759610102250786 0.2654318592447865 0.35938056877808383 0.2392986553451077 0.1658672901517704 0.356457672097874 0.3593805685935629 0.12225237706835575 0.12951484405439356 0.307824190500019 0.42528112043358857
41 0.023477918077144503 0.132645958711591 0.023477917200640925 0.2572475475168186 0.023477916979264164 0.2042201992446222 0.02347791740618741 0.023477917088780317 0.1761199137002381 0.527370062243058 0.5067776154325805 0.19364915076336559 0.19035955257475887 0.8303851509557735 0.17611991349610726 0.1936491507359924 0.004146312595183141 0.5454420041327587 0.398596101808721 0.13264596013722804
15 9.57084211699925e-05 0.33988810406612036 9.570957989114655e-05 0.22145193330018206 9.570941059597862e-05 0.168035431737662 9.57098343698999e-05 9.570942820643545e-05 0.2942086068582358 0.19023722916436875 0.6716329320001968 0.2133040467865057 0.6686187907285411 0.25102677037204063 0.29420860679488636 0.21330404676046846 -0.003979663905093269 0.38512818724640185 0.5308504415944042 0.3398881046483979
14 0.059122033546412565 0.3768704059734024 0.059122032423601985 0.3365626518327803 0.05912203208230782 0.22282011675601726 0.059122032712323455 0.059122032397117615 0.36461078820029563 0.24523134501686233 0.5485465282350961 0.26106158314849315 0.5221452022214399 0.2385312884865915 0.36461078797108076 0.26106158293606796 0.05069244723335469 0.4131754874779182 0.5190608954561224 0.3768704083096611
19 0.2326466155205207 0.29732618148727513 0.23264661547705764 0.3045989874480364 0.23264661530052874 0.3583766767477242 0.2326466159998112 0.23264661591073915 0.3056777360334629 0.28366161814634466 0.21171925096010985 0.6161201399389454 0.24583176101797946 0.17281288316964827 0.30567773597432357 0.6161201399402488 0.22555172106170007 0.23497260259706745 0.25218969632717075 0.2973261831394556
18 0.05950936240788273 0.25226721763365495 0.059509362654370866 0.3862920295816444 0.0595093624755205 0.21621776214582572 0.059509363113688235 0.059509362847240406 0.327375032072861 0.41515952542795553 0.48239287723486546 0.3242856462856705 0.40408603832521217 0.37413491651385594 0.3273750321163538 0.32428564618227784 0.0928168355233207 0.5124227326170244 0.46745320127380463 0.25226721854317397
54 0.5498283458712295 0.2581143332892804 0.5498283453846057 0.11971113780351217 0.5498283451182402 0.26844895777687355 0.549828345844334 0.5498283458693782 0.17687590657874444 0.07464378581273612 -0.00435009072805387 0.22945318289977895 0.05409761384842884 0.03824494915728418 0.1768759063072832 0.22945318255612512 0.2919664794230934 0.046545403090422224 0.056851802590500745 0.25811433569622966
49 0.20726853574160486 0.5358016539830714 0.20726853600353934 0.303029907910334 0.2072685358580202 0.2503992845758771 0.20726853641099297 0.20726853617816232 0.45306350461738987 0.15446608737178913 0.2713270056042085 0.29732618255867305 0.42514304201274555 0.11828261313335231 0.45306350441471466 0.2973261823602025 0.14297657652648144 0.21781294834926168 0.33025132833820425 0.5358016557293013
