28 0.08352477488962451 0.32458192681051296 0.4337914185045606 0.5747539519282912 0.35721475514419865 0.3572147547810347 0.4107380449845005 0.08352477531899141 0.35721475509281814 0.41073804503196404 0.357214754961526 0.05131882348088706 0.31017726763741527 0.05131882353497855 0.051318823287857494 0.08352477541204625 0.4107380447157428 0.3481405496525784 0.3245819273768033 0.08352477575029509
12 0.046191104094781034 0.21773664079736105 0.4023551439902008 0.4946919024210455 0.3103380384162752 0.31033803818860983 0.5482877690559514 0.04619110421140353 0.31033803853780373 0.5482877692623467 0.31033803827039996 0.0677151168934975 0.3437957598961003 0.06771511696097224 0.06771511668798244 0.046191104058789845 0.5482877690132936 0.2664367390769521 0.2177366411769129 0.04619110462823451
59 0.10000430258827982 0.46788248719466347 0.7843208706806081 0.3194652120634963 0.20946810977483316 0.20946810936708682 0.40235514369191233 0.10000430277359804 0.20946810983799158 0.4023551440184086 0.20946810949879863 0.08214461681439723 0.2916134262906071 0.08214461677577609 0.0821446165333729 0.10000430289785661 0.4023551436678948 0.19619663026803968 0.4678824870576132 0.10000430366555489
6 0.046191104094781034 0.21773664079736105 0.4023551439902008 0.4946919024210455 0.3103380384162752 0.31033803818860983 0.5482877690559514 0.04619110421140353 0.31033803853780373 0.5482877692623467 0.31033803827039996 0.0677151168934975 0.3437957598961003 0.06771511696097224 0.06771511668798244 0.046191104058789845 0.5482877690132936 0.2664367390769521 0.2177366411769129 0.04619110462823451
44 0.10000430258827982 0.46788248719466347 0.7843208706806081 0.3194652120634963 0.20946810977483316 0.20946810936708682 0.40235514369191233 0.10000430277359804 0.20946810983799158 0.4023551440184086 0.20946810949879863 0.08214461681439723 0.2916134262906071 0.08214461677577609 0.0821446165333729 0.10000430289785661 0.4023551436678948 0.19619663026803968 0.4678824870576132 0.10000430366555489
60 0.10000430258827982 0.46788248719466347 0.7843208706806081 0.3194652120634963 0.20946810977483316 0.20946810936708682 0.40235514369191233 0.10000430277359804 0.20946810983799158 0.4023551440184086 0.20946810949879863 0.08214461681439723 0.2916134262906071 0.08214461677577609 0.0821446165333729 0.10000430289785661 0.4023551436678948 0.19619663026803968 0.4678824870576132 0.10000430366555489
3 0.18750363013412763 0.24473162486312738 0.20946810966594073 0.3483019826138506 0.44939534979368123 0.4493953493851306 0.3103380383787718 0.18750363081764954 0.4493953495894349 0.3103380385621394 0.4493953493576329 0.19296704439797888 0.40018190954794847 0.19296704434946796 0.19296704406156945 0.18750363057265343 0.3103380383698584 0.453633156700756 0.24473162515004176 0.1875036311228957
55 0.06031208719317753 0.279908276000503 0.7774309720522228 0.1576171716396499 0.11852628232736506 0.1185262822953607 0.5711938870828304 0.06031208616677058 0.11852628253487371 0.571193887204434 0.11852628228552363 0.09321205664332016 0.27441571113139335 0.09321205659465781 0.09321205641151031 0.06031208589123395 0.5711938869228402 0.2384699404921572 0.2799082748430954 0.060312085734918634
34 0.025048767470384682 0.21228307629093715 0.8700867930979589 0.20048899915937252 0.09670824356413499 0.09670824358892213 0.5749902132021238 0.025048766181758973 0.09670824368724369 0.5749902134035747 0.09670824361202593 0.027954481218684 0.05533020755237543 0.027954481265418468 0.027954481113565473 0.025048766081022567 0.5749902130714055 0.2403358067582646 0.21228307476574063 0.025048765661213758
7 0.18750363012077287 0.24473162495996803 0.20946810966593787 0.3483019826138545 0.4493953495984897 0.449395349714905 0.3103380383690819 0.1875036308192648 0.4493953495984897 0.31033803860191256 0.44939534936565906 0.19296704442240298 0.4001819095479462 0.19296704430598766 0.19296704401494935 0.1875036308192648 0.3103380382526666 0.4536331567007501 0.2447316248435527 0.1875036314013414
58 0.08352477488962451 0.32458192681051296 0.4337914185045606 0.5747539519282912 0.35721475514419865 0.3572147547810347 0.4107380449845005 0.08352477531899141 0.35721475509281814 0.41073804503196404 0.357214754961526 0.05131882348088706 0.31017726763741527 0.05131882353497855 0.051318823287857494 0.08352477541204625 0.4107380447157428 0.3481405496525784 0.3245819273768033 0.08352477575029509
38 0.17515052086666066 0.288707875891833 0.29161342629060205 0.33133573124208604 0.40018190968500567 0.4001819094478348 0.3437957596274111 0.17515052170221995 0.40018190948111815 0.3437957600127476 0.40018190934369685 0.22930266042343278 0.4948185519977367 0.22930266017314518 0.22930265998095903 0.17515052164108863 0.34379575970012144 0.3435252557372947 0.28870787626395966 0.1751505219919199
62 0.22293407471604335 0.6316357702037675 0.467882487353926 0.20104103639079438 0.24473162517458413 0.2447316249043623 0.21773664091110662 0.22293407471121932 0.2447316251318542 0.21773664092053138 0.2447316248954482 0.27718124700013436 0.2887078759639987 0.2771812468330102 0.27718124656360493 0.2229340746951446 0.2177366406609368 0.21977261995472502 0.6316357707348831 0.22293407538971502
16 0.0591688517734915 0.20104103605394666 0.319465212063495 0.5773465079013079 0.34830198261568873 0.3483019824639637 0.4946919022515991 0.059168852044333316 0.3483019826408254 0.4946919025122108 0.34830198235051424 0.05113122146481241 0.3313357312421033 0.05113122147181002 0.05113122122869288 0.059168852126671084 0.49469190216361364 0.3643216816897131 0.2010410365494173 0.05916885263956762
2 0.046191104094781034 0.21773664079736105 0.4023551439902008 0.4946919024210455 0.3103380384162752 0.31033803818860983 0.5482877690559514 0.04619110421140353 0.31033803853780373 0.5482877692623467 0.31033803827039996 0.0677151168934975 0.3437957598961003 0.06771511696097224 0.06771511668798244 0.046191104058789845 0.5482877690132936 0.2664367390769521 0.2177366411769129 0.04619110462823451
9 0.18750363013412763 0.24473162486312738 0.20946810966594073 0.3483019826138506 0.44939534979368123 0.4493953493851306 0.3103380383787718 0.18750363081764954 0.4493953495894349 0.3103380385621394 0.4493953493576329 0.19296704439797888 0.40018190954794847 0.19296704434946796 0.19296704406156945 0.18750363057265343 0.3103380383698584 0.453633156700756 0.24473162515004176 0.1875036311228957
43 0.08352477488962451 0.32458192681051296 0.4337914185045606 0.5747539519282912 0.35721475514419865 0.3572147547810347 0.4107380449845005 0.08352477531899141 0.35721475509281814 0.41073804503196404 0.357214754961526 0.05131882348088706 0.31017726763741527 0.05131882353497855 0.051318823287857494 0.08352477541204625 0.4107380447157428 0.3481405496525784 0.3245819273768033 0.08352477575029509
36 0.532934809809376 0.22293407458346337 0.10000430280758321 0.05916885197600796 0.18750363057188224 0.18750363047001883 0.04619110404746607 0.5329348116247274 0.1875036305282265 0.046191104062017985 0.1875036300625652 0.41823567116131044 0.17515052131382836 0.41823567093938263 0.41823567064780076 0.5329348116065376 0.046191103887395 0.22033768842186263 0.22293407464167103 0.5329348118393682
42 0.4182356700821524 0.2771812463565318 0.08214461669358164 0.05113122142020954 0.19296704428070588 0.19296704416119656 0.06771511672253241 0.41823567143119167 0.1929670442759876 0.06771511691576677 0.1929670439384894 0.5466199857003647 0.22930266013877368 0.5466199855582811 0.5466199851740172 0.41823567122377703 0.067715116714663 0.160104964299378 0.2771812465650638 0.41823567139106216
32 0.22293407471604335 0.6316357702037675 0.467882487353926 0.20104103639079438 0.24473162517458413 0.2447316249043623 0.21773664091110662 0.22293407471121932 0.2447316251318542 0.21773664092053138 0.2447316248954482 0.27718124700013436 0.2887078759639987 0.2771812468330102 0.27718124656360493 0.2229340746951446 0.2177366406609368 0.21977261995472502 0.6316357707348831 0.22293407538971502
25 0.06031208719317753 0.279908276000503 0.7774309720522228 0.1576171716396499 0.11852628232736506 0.1185262822953607 0.5711938870828304 0.06031208616677058 0.11852628253487371 0.571193887204434 0.11852628228552363 0.09321205664332016 0.27441571113139335 0.09321205659465781 0.09321205641151031 0.06031208589123395 0.5711938869228402 0.2384699404921572 0.2799082748430954 0.060312085734918634
18 0.22033768819147553 0.21977261980637425 0.19619663026803222 0.36432168168969936 0.4536331567247371 0.45363315657878805 0.2664367388995733 0.22033768878421175 0.4536331568768287 0.2664367392223564 0.4536331564093896 0.1601049644973609 0.34352525573728887 0.160104964372529 0.16010496412962433 0.22033768861571257 0.26643673894270525 0.5540520070084932 0.21977261997378228 0.22033768905295656
4 0.0591688517734915 0.20104103605394666 0.319465212063495 0.5773465079013079 0.34830198261568873 0.3483019824639637 0.4946919022515991 0.059168852044333316 0.3483019826408254 0.4946919025122108 0.34830198235051424 0.05113122146481241 0.3313357312421033 0.05113122147181002 0.05113122122869288 0.059168852126671084 0.49469190216361364 0.3643216816897131 0.2010410365494173 0.05916885263956762
46 0.22293407471604335 0.6316357702037675 0.467882487353926 0.20104103639079438 0.24473162517458413 0.2447316249043623 0.21773664091110662 0.22293407471121932 0.2447316251318542 0.21773664092053138 0.2447316248954482 0.27718124700013436 0.2887078759639987 0.2771812468330102 0.27718124656360493 0.2229340746951446 0.2177366406609368 0.21977261995472502 0.6316357707348831 0.22293407538971502
48 0.22033768819147553 0.21977261980637425 0.19619663026803222 0.36432168168969936 0.4536331567247371 0.45363315657878805 0.2664367388995733 0.22033768878421175 0.4536331568768287 0.2664367392223564 0.4536331564093896 0.1601049644973609 0.34352525573728887 0.160104964372529 0.16010496412962433 0.22033768861571257 0.26643673894270525 0.5540520070084932 0.21977261997378228 0.22033768905295656
54 0.17515052086666066 0.288707875891833 0.29161342629060205 0.33133573124208604 0.40018190968500567 0.4001819094478348 0.3437957596274111 0.17515052170221995 0.40018190948111815 0.3437957600127476 0.40018190934369685 0.22930266042343278 0.4948185519977367 0.22930266017314518 0.22930265998095903 0.17515052164108863 0.34379575970012144 0.3435252557372947 0.28870787626395966 0.1751505219919199
1 0.18750363013412763 0.24473162486312738 0.20946810966594073 0.3483019826138506 0.44939534979368123 0.4493953493851306 0.3103380383787718 0.18750363081764954 0.4493953495894349 0.3103380385621394 0.4493953493576329 0.19296704439797888 0.40018190954794847 0.19296704434946796 0.19296704406156945 0.18750363057265343 0.3103380383698584 0.453633156700756 0.24473162515004176 0.1875036311228957
45 0.10000430258827982 0.46788248719466347 0.7843208706806081 0.3194652120634963 0.20946810977483316 0.20946810936708682 0.40235514369191233 0.10000430277359804 0.20946810983799158 0.4023551440184086 0.20946810949879863 0.08214461681439723 0.2916134262906071 0.08214461677577609 0.0821446165333729 0.10000430289785661 0.4023551436678948 0.19619663026803968 0.4678824870576132 0.10000430366555489
27 0.4182356700821524 0.2771812463565318 0.08214461669358164 0.05113122142020954 0.19296704428070588 0.19296704416119656 0.06771511672253241 0.41823567143119167 0.1929670442759876 0.06771511691576677 0.1929670439384894 0.5466199857003647 0.22930266013877368 0.5466199855582811 0.5466199851740172 0.41823567122377703 0.067715116714663 0.160104964299378 0.2771812465650638 0.41823567139106216
31 0.22293407471604335 0.6316357702037675 0.467882487353926 0.20104103639079438 0.24473162517458413 0.2447316249043623 0.21773664091110662 0.22293407471121932 0.2447316251318542 0.21773664092053138 0.2447316248954482 0.27718124700013436 0.2887078759639987 0.2771812468330102 0.27718124656360493 0.2229340746951446 0.2177366406609368 0.21977261995472502 0.6316357707348831 0.22293407538971502
15 0.18750363013412763 0.24473162486312738 0.20946810966594073 0.3483019826138506 0.44939534979368123 0.4493953493851306 0.3103380383787718 0.18750363081764954 0.4493953495894349 0.3103380385621394 0.4493953493576329 0.19296704439797888 0.40018190954794847 0.19296704434946796 0.19296704406156945 0.18750363057265343 0.3103380383698584 0.453633156700756 0.24473162515004176 0.1875036311228957
57 0.4182356700821524 0.2771812463565318 0.08214461669358164 0.05113122142020954 0.19296704428070588 0.19296704416119656 0.06771511672253241 0.41823567143119167 0.1929670442759876 0.06771511691576677 0.1929670439384894 0.5466199857003647 0.22930266013877368 0.5466199855582811 0.5466199851740172 0.41823567122377703 0.067715116714663 0.160104964299378 0.2771812465650638 0.41823567139106216
56 0.4182356700821524 0.2771812463565318 0.08214461669358164 0.05113122142020954 0.19296704428070588 0.19296704416119656 0.06771511672253241 0.41823567143119167 0.1929670442759876 0.06771511691576677 0.1929670439384894 0.5466199857003647 0.22930266013877368 0.5466199855582811 0.5466199851740172 0.41823567122377703 0.067715116714663 0.160104964299378 0.2771812465650638 0.41823567139106216
22 0.532934809809376 0.22293407458346337 0.10000430280758321 0.05916885197600796 0.18750363057188224 0.18750363047001883 0.04619110404746607 0.5329348116247274 0.1875036305282265 0.046191104062017985 0.1875036300625652 0.41823567116131044 0.17515052131382836 0.41823567093938263 0.41823567064780076 0.5329348116065376 0.046191103887395 0.22033768842186263 0.22293407464167103 0.5329348118393682
23 0.17515052086666066 0.288707875891833 0.29161342629060205 0.33133573124208604 0.40018190968500567 0.4001819094478348 0.3437957596274111 0.17515052170221995 0.40018190948111815 0.3437957600127476 0.40018190934369685 0.22930266042343278 0.4948185519977367 0.22930266017314518 0.22930265998095903 0.17515052164108863 0.34379575970012144 0.3435252557372947 0.28870787626395966 0.1751505219919199
17 0.18750363013412763 0.24473162486312738 0.20946810966594073 0.3483019826138506 0.44939534979368123 0.4493953493851306 0.3103380383787718 0.18750363081764954 0.4493953495894349 0.3103380385621394 0.4493953493576329 0.19296704439797888 0.40018190954794847 0.19296704434946796 0.19296704406156945 0.18750363057265343 0.3103380383698584 0.453633156700756 0.24473162515004176 0.1875036311228957
5 0.18750363013412763 0.24473162486312738 0.20946810966594073 0.3483019826138506 0.44939534979368123 0.4493953493851306 0.3103380383787718 0.18750363081764954 0.4493953495894349 0.3103380385621394 0.4493953493576329 0.19296704439797888 0.40018190954794847 0.19296704434946796 0.19296704406156945 0.18750363057265343 0.3103380383698584 0.453633156700756 0.24473162515004176 0.1875036311228957
21 0.532934809809376 0.22293407458346337 0.10000430280758321 0.05916885197600796 0.18750363057188224 0.18750363047001883 0.04619110404746607 0.5329348116247274 0.1875036305282265 0.046191104062017985 0.1875036300625652 0.41823567116131044 0.17515052131382836 0.41823567093938263 0.41823567064780076 0.5329348116065376 0.046191103887395 0.22033768842186263 0.22293407464167103 0.5329348118393682
26 0.4182356700821524 0.2771812463565318 0.08214461669358164 0.05113122142020954 0.19296704428070588 0.19296704416119656 0.06771511672253241 0.41823567143119167 0.1929670442759876 0.06771511691576677 0.1929670439384894 0.5466199857003647 0.22930266013877368 0.5466199855582811 0.5466199851740172 0.41823567122377703 0.067715116714663 0.160104964299378 0.2771812465650638 0.41823567139106216
30 0.10000430258827982 0.46788248719466347 0.7843208706806081 0.3194652120634963 0.20946810977483316 0.20946810936708682 0.40235514369191233 0.10000430277359804 0.20946810983799158 0.4023551440184086 0.20946810949879863 0.08214461681439723 0.2916134262906071 0.08214461677577609 0.0821446165333729 0.10000430289785661 0.4023551436678948 0.19619663026803968 0.4678824870576132 0.10000430366555489
41 0.4182356700821524 0.2771812463565318 0.08214461669358164 0.05113122142020954 0.19296704428070588 0.19296704416119656 0.06771511672253241 0.41823567143119167 0.1929670442759876 0.06771511691576677 0.1929670439384894 0.5466199857003647 0.22930266013877368 0.5466199855582811 0.5466199851740172 0.41823567122377703 0.067715116714663 0.160104964299378 0.2771812465650638 0.41823567139106216
52 0.532934809809376 0.22293407458346337 0.10000430280758321 0.05916885197600796 0.18750363057188224 0.18750363047001883 0.04619110404746607 0.5329348116247274 0.1875036305282265 0.046191104062017985 0.1875036300625652 0.41823567116131044 0.17515052131382836 0.41823567093938263 0.41823567064780076 0.5329348116065376 0.046191103887395 0.22033768842186263 0.22293407464167103 0.5329348118393682
51 0.532934809809376 0.22293407458346337 0.10000430280758321 0.05916885197600796 0.18750363057188224 0.18750363047001883 0.04619110404746607 0.5329348116247274 0.1875036305282265 0.046191104062017985 0.1875036300625652 0.41823567116131044 0.17515052131382836 0.41823567093938263 0.41823567064780076 0.5329348116065376 0.046191103887395 0.22033768842186263 0.22293407464167103 0.5329348118393682
20 0.532934809809376 0.22293407458346337 0.10000430280758321 0.05916885197600796 0.18750363057188224 0.18750363047001883 0.04619110404746607 0.5329348116247274 0.1875036305282265 0.046191104062017985 0.1875036300625652 0.41823567116131044 0.17515052131382836 0.41823567093938263 0.41823567064780076 0.5329348116065376 0.046191103887395 0.22033768842186263 0.22293407464167103 0.5329348118393682
53 0.17515052086666066 0.288707875891833 0.29161342629060205 0.33133573124208604 0.40018190968500567 0.4001819094478348 0.3437957596274111 0.17515052170221995 0.40018190948111815 0.3437957600127476 0.40018190934369685 0.22930266042343278 0.4948185519977367 0.22930266017314518 0.22930265998095903 0.17515052164108863 0.34379575970012144 0.3435252557372947 0.28870787626395966 0.1751505219919199
24 0.17515052086666066 0.288707875891833 0.29161342629060205 0.33133573124208604 0.40018190968500567 0.4001819094478348 0.3437957596274111 0.17515052170221995 0.40018190948111815 0.3437957600127476 0.40018190934369685 0.22930266042343278 0.4948185519977367 0.22930266017314518 0.22930265998095903 0.17515052164108863 0.34379575970012144 0.3435252557372947 0.28870787626395966 0.1751505219919199
49 0.025048767470384682 0.21228307629093715 0.8700867930979589 0.20048899915937252 0.09670824356413499 0.09670824358892213 0.5749902132021238 0.025048766181758973 0.09670824368724369 0.5749902134035747 0.09670824361202593 0.027954481218684 0.05533020755237543 0.027954481265418468 0.027954481113565473 0.025048766081022567 0.5749902130714055 0.2403358067582646 0.21228307476574063 0.025048765661213758
61 0.22293407471604335 0.6316357702037675 0.467882487353926 0.20104103639079438 0.24473162517458413 0.2447316249043623 0.21773664091110662 0.22293407471121932 0.2447316251318542 0.21773664092053138 0.2447316248954482 0.27718124700013436 0.2887078759639987 0.2771812468330102 0.27718124656360493 0.2229340746951446 0.2177366406609368 0.21977261995472502 0.6316357707348831 0.22293407538971502
14 0.046191104094781034 0.21773664079736105 0.4023551439902008 0.4946919024210455 0.3103380384162752 0.31033803818860983 0.5482877690559514 0.04619110421140353 0.31033803853780373 0.5482877692623467 0.31033803827039996 0.0677151168934975 0.3437957598961003 0.06771511696097224 0.06771511668798244 0.046191104058789845 0.5482877690132936 0.2664367390769521 0.2177366411769129 0.04619110462823451
0 0.046191104094781034 0.21773664079736105 0.4023551439902008 0.4946919024210455 0.3103380384162752 0.31033803818860983 0.5482877690559514 0.04619110421140353 0.31033803853780373 0.5482877692623467 0.31033803827039996 0.0677151168934975 0.3437957598961003 0.06771511696097224 0.06771511668798244 0.046191104058789845 0.5482877690132936 0.2664367390769521 0.2177366411769129 0.04619110462823451
47 0.22293407471604335 0.6316357702037675 0.467882487353926 0.20104103639079438 0.24473162517458413 0.2447316249043623 0.21773664091110662 0.22293407471121932 0.2447316251318542 0.21773664092053138 0.2447316248954482 0.27718124700013436 0.2887078759639987 0.2771812468330102 0.27718124656360493 0.2229340746951446 0.2177366406609368 0.21977261995472502 0.6316357707348831 0.22293407538971502
35 0.532934809809376 0.22293407458346337 0.10000430280758321 0.05916885197600796 0.18750363057188224 0.18750363047001883 0.04619110404746607 0.5329348116247274 0.1875036305282265 0.046191104062017985 0.1875036300625652 0.41823567116131044 0.17515052131382836 0.41823567093938263 0.41823567064780076 0.5329348116065376 0.046191103887395 0.22033768842186263 0.22293407464167103 0.5329348118393682
50 0.532934809809376 0.22293407458346337 0.10000430280758321 0.05916885197600796 0.18750363057188224 0.18750363047001883 0.04619110404746607 0.5329348116247274 0.1875036305282265 0.046191104062017985 0.1875036300625652 0.41823567116131044 0.17515052131382836 0.41823567093938263 0.41823567064780076 0.5329348116065376 0.046191103887395 0.22033768842186263 0.22293407464167103 0.5329348118393682
13 0.18750363013412763 0.24473162486312738 0.20946810966594073 0.3483019826138506 0.44939534979368123 0.4493953493851306 0.3103380383787718 0.18750363081764954 0.4493953495894349 0.3103380385621394 0.4493953493576329 0.19296704439797888 0.40018190954794847 0.19296704434946796 0.19296704406156945 0.18750363057265343 0.3103380383698584 0.453633156700756 0.24473162515004176 0.1875036311228957
19 0.025048767470384682 0.21228307629093715 0.8700867930979589 0.20048899915937252 0.09670824356413499 0.09670824358892213 0.5749902132021238 0.025048766181758973 0.09670824368724369 0.5749902134035747 0.09670824361202593 0.027954481218684 0.05533020755237543 0.027954481265418468 0.027954481113565473 0.025048766081022567 0.5749902130714055 0.2403358067582646 0.21228307476574063 0.025048765661213758
39 0.17515052086666066 0.288707875891833 0.29161342629060205 0.33133573124208604 0.40018190968500567 0.4001819094478348 0.3437957596274111 0.17515052170221995 0.40018190948111815 0.3437957600127476 0.40018190934369685 0.22930266042343278 0.4948185519977367 0.22930266017314518 0.22930265998095903 0.17515052164108863 0.34379575970012144 0.3435252557372947 0.28870787626395966 0.1751505219919199
8 0.046191104094781034 0.21773664079736105 0.4023551439902008 0.4946919024210455 0.3103380384162752 0.31033803818860983 0.5482877690559514 0.04619110421140353 0.31033803853780373 0.5482877692623467 0.31033803827039996 0.0677151168934975 0.3437957598961003 0.06771511696097224 0.06771511668798244 0.046191104058789845 0.5482877690132936 0.2664367390769521 0.2177366411769129 0.04619110462823451
10 0.0591688517734915 0.20104103605394666 0.319465212063495 0.5773465079013079 0.34830198261568873 0.3483019824639637 0.4946919022515991 0.059168852044333316 0.3483019826408254 0.4946919025122108 0.34830198235051424 0.05113122146481241 0.3313357312421033 0.05113122147181002 0.05113122122869288 0.059168852126671084 0.49469190216361364 0.3643216816897131 0.2010410365494173 0.05916885263956762
37 0.532934809809376 0.22293407458346337 0.10000430280758321 0.05916885197600796 0.18750363057188224 0.18750363047001883 0.04619110404746607 0.5329348116247274 0.1875036305282265 0.046191104062017985 0.1875036300625652 0.41823567116131044 0.17515052131382836 0.41823567093938263 0.41823567064780076 0.5329348116065376 0.046191103887395 0.22033768842186263 0.22293407464167103 0.5329348118393682
40 0.06031208719317753 0.279908276000503 0.7774309720522228 0.1576171716396499 0.11852628232736506 0.1185262822953607 0.5711938870828304 0.06031208616677058 0.11852628253487371 0.571193887204434 0.11852628228552363 0.09321205664332016 0.27441571113139335 0.09321205659465781 0.09321205641151031 0.06031208589123395 0.5711938869228402 0.2384699404921572 0.2799082748430954 0.060312085734918634
11 0.18750363013412763 0.24473162486312738 0.20946810966594073 0.3483019826138506 0.44939534979368123 0.4493953493851306 0.3103380383787718 0.18750363081764954 0.4493953495894349 0.3103380385621394 0.4493953493576329 0.19296704439797888 0.40018190954794847 0.19296704434946796 0.19296704406156945 0.18750363057265343 0.3103380383698584 0.453633156700756 0.24473162515004176 0.1875036311228957
29 0.10000430258827982 0.46788248719466347 0.7843208706806081 0.3194652120634963 0.20946810977483316 0.20946810936708682 0.40235514369191233 0.10000430277359804 0.20946810983799158 0.4023551440184086 0.20946810949879863 0.08214461681439723 0.2916134262906071 0.08214461677577609 0.0821446165333729 0.10000430289785661 0.4023551436678948 0.19619663026803968 0.4678824870576132 0.10000430366555489
33 0.22033768819147553 0.21977261980637425 0.19619663026803222 0.36432168168969936 0.4536331567247371 0.45363315657878805 0.2664367388995733 0.22033768878421175 0.4536331568768287 0.2664367392223564 0.4536331564093896 0.1601049644973609 0.34352525573728887 0.160104964372529 0.16010496412962433 0.22033768861571257 0.26643673894270525 0.5540520070084932 0.21977261997378228 0.22033768905295656
