30 0.3300347841828774 0.4013484550449438 0.3101434501227238 0.27962609265761273 0.24010851509736836 0.31508199987847746 0.6295521620878827 0.1256304137840415 0.4056956289467149 0.3174520062374752 0.31014344993537085 0.060585589216328464 0.2796260927547672 0.29103932922121206 0.12563041361240393 0.3174520062122591 0.2910393293830204 0.3101434495944336 0.2910393297282916 0.275369899257936
15 0.44068866307342053 0.5536506812878363 0.3815026778335688 0.34433846792489214 0.19075296625939972 0.24822252457789507 0.33025931256601687 0.0741154460089301 0.34207672916460424 0.18174206897002085 0.38150267759005807 0.044109363280732 0.3443384677851334 0.2991441667823057 0.07411544577589022 0.18174206891984132 0.2991441673371467 0.3815026774577595 0.2991441672088036 0.34011018632432355
20 0.04845272192518418 -0.010341510588886226 0.2509138219042331 0.03979147356006359 0.01975494470993729 0.012917772051810512 0.14030927090703482 0.740008102534183 0.014044731342100944 0.2794184521371866 0.2509138215361559 0.5965802340928298 0.03979147422879914 0.20919988607785175 0.7400081028584022 0.27941845206563914 0.20919988607100493 0.2509138209268127 0.20919988685643387 0.21561371508594757
49 0.2470919311324945 0.20910933838303913 0.11184479614029914 0.3350051361121503 0.8361535473331261 0.627659083003725 0.3400756153974456 0.01975494474752597 0.46976976265165643 0.23553713765751205 0.11184479598347562 0.01626034240045002 0.3350051362658825 0.1605523455442624 0.019754944740919822 0.23553713783752267 0.16055234590279835 0.11184479613922281 0.16055234589761724 0.12024517864906778
8 0.43809277852499734 0.3857207328978803 0.24727893742130558 0.476932756213411 0.3350051362224454 0.4066950637734745 0.25826056764480737 0.03979147401727233 0.4112079181882553 0.20115164326947937 0.24727893731570816 0.06480268148433464 0.47693275616573627 0.332214839415157 0.039791474006040356 0.2011516433392326 0.33221483987289785 0.2472789370204034 0.33221483957915154 0.2968399260659654
61 0.17368321767340633 0.13580085743703008 0.21951880410612595 0.20115164272925007 0.2355371378330864 0.19099715191978853 0.38945096369568055 0.2794184519852642 0.1575320546353316 0.6567725765650968 0.2195188036606694 0.3445801410481679 0.2011516432623982 0.29334703116981614 0.27941845202088433 0.6567725765663937 0.2933470314925429 0.21951880334868465 0.29334703221093716 0.24842309541564264
21 0.04845272192518418 -0.010341510588886226 0.2509138219042331 0.03979147356006359 0.01975494470993729 0.012917772051810512 0.14030927090703482 0.740008102534183 0.014044731342100944 0.2794184521371866 0.2509138215361559 0.5965802340928298 0.03979147422879914 0.20919988607785175 0.7400081028584022 0.27941845206563914 0.20919988607100493 0.2509138209268127 0.20919988685643387 0.21561371508594757
22 0.04845272192518418 -0.010341510588886226 0.2509138219042331 0.03979147356006359 0.01975494470993729 0.012917772051810512 0.14030927090703482 0.740008102534183 0.014044731342100944 0.2794184521371866 0.2509138215361559 0.5965802340928298 0.03979147422879914 0.20919988607785175 0.7400081028584022 0.27941845206563914 0.20919988607100493 0.2509138209268127 0.20919988685643387 0.21561371508594757
16 0.49688781160748463 0.7678700033449759 0.3578389940354782 0.36670892263610766 0.2066306905423772 0.22922116082573332 0.2007175732475058 -0.011997859135653108 0.3537646138811584 0.10048624467622246 0.35783899417969045 -0.023946417413201946 0.36670892232238583 0.21384573698103262 -0.01199785902187299 0.10048624486527519 0.21384573740475626 0.3578389939230338 0.21384573720171232 0.2834192537120715
44 0.268427207331135 0.2724674002378598 0.23821553240295482 0.2582605674196173 0.34007561539742553 0.35891631558558684 0.7112701551613488 0.1403092708101134 0.4247774571103633 0.3894509636095546 0.2382155321035538 0.07524416846318417 0.2582605675390398 0.2731046177766195 0.14030927071385085 0.3894509640573524 0.2731046180868141 0.23821553226942788 0.27310461784616896 0.2170722245409285
9 0.3111326205673541 0.3330533742574725 0.49173669956585386 0.24727893692300384 0.11184479597815002 0.13515057223146218 0.23821553217456037 0.2509138214724173 0.17996463551596464 0.2195188035233995 0.4917366990726529 0.19871456938680593 0.24727893719974273 0.35218047207676106 0.2509138215222037 0.21951880380941127 0.35218047259525653 0.49173669871845443 0.3521804725294338 0.43678503951451947
32 0.17368321767340633 0.13580085743703008 0.21951880410612595 0.20115164272925007 0.2355371378330864 0.19099715191978853 0.38945096369568055 0.2794184519852642 0.1575320546353316 0.6567725765650968 0.2195188036606694 0.3445801410481679 0.2011516432623982 0.29334703116981614 0.27941845202088433 0.6567725765663937 0.2933470314925429 0.21951880334868465 0.29334703221093716 0.24842309541564264
12 0.43809277852499734 0.3857207328978803 0.24727893742130558 0.476932756213411 0.3350051362224454 0.4066950637734745 0.25826056764480737 0.03979147401727233 0.4112079181882553 0.20115164326947937 0.24727893731570816 0.06480268148433464 0.47693275616573627 0.332214839415157 0.039791474006040356 0.2011516433392326 0.33221483987289785 0.2472789370204034 0.33221483957915154 0.2968399260659654
40 0.24702191145562585 0.127845854273166 0.1322278421527197 0.41607247050927954 0.7557649721282675 0.49059292149775374 0.36497822808929425 0.06823787186209107 0.41739162339856883 0.29161165405550393 0.13222784214441669 0.09598056204580256 0.41607247115230156 0.2639533424990329 0.06823787181195366 0.2916116540955903 0.26395334264349773 0.13222784218518077 0.26395334294795336 0.08139204375332133
2 0.43809277852499734 0.3857207328978803 0.24727893742130558 0.476932756213411 0.3350051362224454 0.4066950637734745 0.25826056764480737 0.03979147401727233 0.4112079181882553 0.20115164326947937 0.24727893731570816 0.06480268148433464 0.47693275616573627 0.332214839415157 0.039791474006040356 0.2011516433392326 0.33221483987289785 0.2472789370204034 0.33221483957915154 0.2968399260659654
7 0.32799999203230357 0.29080134022953885 0.43678503981634265 0.2968399256148011 0.12024517864907835 0.1702035262006234 0.21707222454095243 0.2156137151783568 0.19324114559131544 0.2484230955441773 0.43678503962718196 0.2333928793461375 0.2968399259064505 0.3929883547595736 0.21561371500482096 0.24842309563277265 0.3929883550972164 0.43678503915742795 0.39298835538210497 0.4440609881349076
26 0.04845272192518418 -0.010341510588886226 0.2509138219042331 0.03979147356006359 0.01975494470993729 0.012917772051810512 0.14030927090703482 0.740008102534183 0.014044731342100944 0.2794184521371866 0.2509138215361559 0.5965802340928298 0.03979147422879914 0.20919988607785175 0.7400081028584022 0.27941845206563914 0.20919988607100493 0.2509138209268127 0.20919988685643387 0.21561371508594757
45 0.268427207331135 0.2724674002378598 0.23821553240295482 0.2582605674196173 0.34007561539742553 0.35891631558558684 0.7112701551613488 0.1403092708101134 0.4247774571103633 0.3894509636095546 0.2382155321035538 0.07524416846318417 0.2582605675390398 0.2731046177766195 0.14030927071385085 0.3894509640573524 0.2731046180868141 0.23821553226942788 0.27310461784616896 0.2170722245409285
52 0.04845272192518418 -0.010341510588886226 0.2509138219042331 0.03979147356006359 0.01975494470993729 0.012917772051810512 0.14030927090703482 0.740008102534183 0.014044731342100944 0.2794184521371866 0.2509138215361559 0.5965802340928298 0.03979147422879914 0.20919988607785175 0.7400081028584022 0.27941845206563914 0.20919988607100493 0.2509138209268127 0.20919988685643387 0.21561371508594757
33 0.3111326205673541 0.3330533742574725 0.49173669956585386 0.24727893692300384 0.11184479597815002 0.13515057223146218 0.23821553217456037 0.2509138214724173 0.17996463551596464 0.2195188035233995 0.4917366990726529 0.19871456938680593 0.24727893719974273 0.35218047207676106 0.2509138215222037 0.21951880380941127 0.35218047259525653 0.49173669871845443 0.3521804725294338 0.43678503951451947
28 0.47615268519469944 0.7193006936230878 0.333053374380866 0.38572073259899164 0.20910933838302162 0.29945529837561474 0.2724674002378665 -0.010341510534523132 0.38284293414723014 0.13580085732322797 0.3330533742882598 -0.025529223108216634 0.38572073284473685 0.2228813786042858 -0.01034151063959267 0.13580085766552294 0.22288137915658135 0.3330533743305039 0.22288137866502566 0.2908013402295674
54 0.3013287412167022 0.28569548776985226 0.4231539785092663 0.2427437367473587 0.12411468357222187 0.15518516772791982 0.36245408337223933 0.2863852899859764 0.22670704252254803 0.2567091358288386 0.4231539781606242 0.22904207695217046 0.24274373718359177 0.3878401277735732 0.2863852903724286 0.2567091359493004 0.38784012801045936 0.4231539778101309 0.3878401285613942 0.3882520940810883
50 0.04845272192518418 -0.010341510588886226 0.2509138219042331 0.03979147356006359 0.01975494470993729 0.012917772051810512 0.14030927090703482 0.740008102534183 0.014044731342100944 0.2794184521371866 0.2509138215361559 0.5965802340928298 0.03979147422879914 0.20919988607785175 0.7400081028584022 0.27941845206563914 0.20919988607100493 0.2509138209268127 0.20919988685643387 0.21561371508594757
1 0.32799999203230357 0.29080134022953885 0.43678503981634265 0.2968399256148011 0.12024517864907835 0.1702035262006234 0.21707222454095243 0.2156137151783568 0.19324114559131544 0.2484230955441773 0.43678503962718196 0.2333928793461375 0.2968399259064505 0.3929883547595736 0.21561371500482096 0.24842309563277265 0.3929883550972164 0.43678503915742795 0.39298835538210497 0.4440609881349076
11 0.3111326205673541 0.3330533742574725 0.49173669956585386 0.24727893692300384 0.11184479597815002 0.13515057223146218 0.23821553217456037 0.2509138214724173 0.17996463551596464 0.2195188035233995 0.4917366990726529 0.19871456938680593 0.24727893719974273 0.35218047207676106 0.2509138215222037 0.21951880380941127 0.35218047259525653 0.49173669871845443 0.3521804725294338 0.43678503951451947
62 0.17368321767340633 0.13580085743703008 0.21951880410612595 0.20115164272925007 0.2355371378330864 0.19099715191978853 0.38945096369568055 0.2794184519852642 0.1575320546353316 0.6567725765650968 0.2195188036606694 0.3445801410481679 0.2011516432623982 0.29334703116981614 0.27941845202088433 0.6567725765663937 0.2933470314925429 0.21951880334868465 0.29334703221093716 0.24842309541564264
56 0.04845272192518418 -0.010341510588886226 0.2509138219042331 0.03979147356006359 0.01975494470993729 0.012917772051810512 0.14030927090703482 0.740008102534183 0.014044731342100944 0.2794184521371866 0.2509138215361559 0.5965802340928298 0.03979147422879914 0.20919988607785175 0.7400081028584022 0.27941845206563914 0.20919988607100493 0.2509138209268127 0.20919988685643387 0.21561371508594757
51 0.04845272192518418 -0.010341510588886226 0.2509138219042331 0.03979147356006359 0.01975494470993729 0.012917772051810512 0.14030927090703482 0.740008102534183 0.014044731342100944 0.2794184521371866 0.2509138215361559 0.5965802340928298 0.03979147422879914 0.20919988607785175 0.7400081028584022 0.27941845206563914 0.20919988607100493 0.2509138209268127 0.20919988685643387 0.21561371508594757
3 0.32799999203230357 0.29080134022953885 0.43678503981634265 0.2968399256148011 0.12024517864907835 0.1702035262006234 0.21707222454095243 0.2156137151783568 0.19324114559131544 0.2484230955441773 0.43678503962718196 0.2333928793461375 0.2968399259064505 0.3929883547595736 0.21561371500482096 0.24842309563277265 0.3929883550972164 0.43678503915742795 0.39298835538210497 0.4440609881349076
35 0.04845272192518418 -0.010341510588886226 0.2509138219042331 0.03979147356006359 0.01975494470993729 0.012917772051810512 0.14030927090703482 0.740008102534183 0.014044731342100944 0.2794184521371866 0.2509138215361559 0.5965802340928298 0.03979147422879914 0.20919988607785175 0.7400081028584022 0.27941845206563914 0.20919988607100493 0.2509138209268127 0.20919988685643387 0.21561371508594757
17 0.3111326205673541 0.3330533742574725 0.49173669956585386 0.24727893692300384 0.11184479597815002 0.13515057223146218 0.23821553217456037 0.2509138214724173 0.17996463551596464 0.2195188035233995 0.4917366990726529 0.19871456938680593 0.24727893719974273 0.35218047207676106 0.2509138215222037 0.21951880380941127 0.35218047259525653 0.49173669871845443 0.3521804725294338 0.43678503951451947
0 0.43809277852499734 0.3857207328978803 0.24727893742130558 0.476932756213411 0.3350051362224454 0.4066950637734745 0.25826056764480737 0.03979147401727233 0.4112079181882553 0.20115164326947937 0.24727893731570816 0.06480268148433464 0.47693275616573627 0.332214839415157 0.039791474006040356 0.2011516433392326 0.33221483987289785 0.2472789370204034 0.33221483957915154 0.2968399260659654
48 0.3111326205673541 0.3330533742574725 0.49173669956585386 0.24727893692300384 0.11184479597815002 0.13515057223146218 0.23821553217456037 0.2509138214724173 0.17996463551596464 0.2195188035233995 0.4917366990726529 0.19871456938680593 0.24727893719974273 0.35218047207676106 0.2509138215222037 0.21951880380941127 0.35218047259525653 0.49173669871845443 0.3521804725294338 0.43678503951451947
47 0.17368321767340633 0.13580085743703008 0.21951880410612595 0.20115164272925007 0.2355371378330864 0.19099715191978853 0.38945096369568055 0.2794184519852642 0.1575320546353316 0.6567725765650968 0.2195188036606694 0.3445801410481679 0.2011516432623982 0.29334703116981614 0.27941845202088433 0.6567725765663937 0.2933470314925429 0.21951880334868465 0.29334703221093716 0.24842309541564264
29 0.33003478418289234 0.4013484550449533 0.3101434503332712 0.27962609264068305 0.24010851509736852 0.31508199987852237 0.6295521620878866 0.12563041361863725 0.4056956289466811 0.31745200604200363 0.31014345004223287 0.06058558921632695 0.2796260927570984 0.29103932925499976 0.12563041361863725 0.3174520059255883 0.2910393296042457 0.3101434498094022 0.29103932972066104 0.2753698992579672
4 0.45284793735718093 0.5369753216323301 0.36592594743114343 0.3815137643069523 0.20190247329791877 0.2738227618175038 0.3211746888332964 0.06710535564241403 0.37420096720754925 0.1558111233399529 0.3659259472173854 0.04822411422861387 0.3815137641430752 0.3088649776753342 0.06710535547439868 0.15581112345207024 0.3088649780741064 0.3659259469980498 0.3088649777177455 0.32976056067612713
55 0.42697850313297414 0.47793298618853686 0.23623849877127337 0.37972327256074706 0.3166450537205279 0.4336710492295758 0.4732492891302807 0.015333823323288465 0.5663176894962273 0.14989922859343544 0.23623849849613418 0.005104171009518634 0.37972327244921195 0.23620373262569128 0.015333823323766196 0.14989922848009352 0.23620373293105926 0.2362384982737795 0.2362037327433206 0.22214072714797958
53 0.3242761977016672 0.22288137872650096 0.3521804726643123 0.3322148394235496 0.16055234570172888 0.20511131918480208 0.27310461791733465 0.2091998861509801 0.22584798066908351 0.2933470315290535 0.35218047234921485 0.27659663621159397 0.33221483950758296 0.43524756899380873 0.20919988649395957 0.2933470318053865 0.43524756948377236 0.35218047202359914 0.4352475697926435 0.3929883550078346
31 0.3964278559835887 0.5323947264315256 0.37055004512727985 0.33221494643711313 0.1815803535172866 0.281941473055949 0.4171308229995113 0.08446384999801725 0.3331928171034286 0.2545685751274599 0.3705500449782927 0.04136792273849567 0.33221494640313454 0.29650958102068914 0.08446384990080086 0.25456857483563894 0.2965095815144379 0.37055004448166873 0.29650958132954813 0.34503644963622626
39 0.3242761977016672 0.22288137872650096 0.3521804726643123 0.3322148394235496 0.16055234570172888 0.20511131918480208 0.27310461791733465 0.2091998861509801 0.22584798066908351 0.2933470315290535 0.35218047234921485 0.27659663621159397 0.33221483950758296 0.43524756899380873 0.20919988649395957 0.2933470318053865 0.43524756948377236 0.35218047202359914 0.4352475697926435 0.3929883550078346
13 0.32799999203230357 0.29080134022953885 0.43678503981634265 0.2968399256148011 0.12024517864907835 0.1702035262006234 0.21707222454095243 0.2156137151783568 0.19324114559131544 0.2484230955441773 0.43678503962718196 0.2333928793461375 0.2968399259064505 0.3929883547595736 0.21561371500482096 0.24842309563277265 0.3929883550972164 0.43678503915742795 0.39298835538210497 0.4440609881349076
41 0.054307523134155995 -0.025529223108227403 0.19871456984448796 0.0648026808698608 0.016260342400404495 0.01083390495083153 0.0752441684631788 0.5965802337419938 0.011755192369555178 0.3445801410069765 0.19871456933819306 0.7937757003503569 0.06480268165768058 0.2765966359629608 0.596580234190361 0.3445801412305454 0.2765966359664686 0.198714568972615 0.27659663667055345 0.23339287934609346
60 0.268427207331135 0.2724674002378598 0.23821553240295482 0.2582605674196173 0.34007561539742553 0.35891631558558684 0.7112701551613488 0.1403092708101134 0.4247774571103633 0.3894509636095546 0.2382155321035538 0.07524416846318417 0.2582605675390398 0.2731046177766195 0.14030927071385085 0.3894509640573524 0.2731046180868141 0.23821553226942788 0.27310461784616896 0.2170722245409285
18 0.3111326205673541 0.3330533742574725 0.49173669956585386 0.24727893692300384 0.11184479597815002 0.13515057223146218 0.23821553217456037 0.2509138214724173 0.17996463551596464 0.2195188035233995 0.4917366990726529 0.19871456938680593 0.24727893719974273 0.35218047207676106 0.2509138215222037 0.21951880380941127 0.35218047259525653 0.49173669871845443 0.3521804725294338 0.43678503951451947
25 0.387854865664948 0.38284293414726717 0.1799646357478813 0.4112079180375769 0.46976976265167253 0.5390526990015868 0.4247774571103768 0.014044731334663493 0.5791609320083185 0.1575320545655793 0.1799646355622075 0.011755192369620245 0.4112079179509347 0.2258479805900486 0.014044731349085661 0.15753205476579132 0.22584798097943817 0.17996463544664273 0.2258479806964791 0.19324114559133843
43 0.47615268519469944 0.7193006936230878 0.333053374380866 0.38572073259899164 0.20910933838302162 0.29945529837561474 0.2724674002378665 -0.010341510534523132 0.38284293414723014 0.13580085732322797 0.3330533742882598 -0.025529223108216634 0.38572073284473685 0.2228813786042858 -0.01034151063959267 0.13580085766552294 0.22288137915658135 0.3330533743305039 0.22288137866502566 0.2908013402295674
46 0.17368321767340633 0.13580085743703008 0.21951880410612595 0.20115164272925007 0.2355371378330864 0.19099715191978853 0.38945096369568055 0.2794184519852642 0.1575320546353316 0.6567725765650968 0.2195188036606694 0.3445801410481679 0.2011516432623982 0.29334703116981614 0.27941845202088433 0.6567725765663937 0.2933470314925429 0.21951880334868465 0.29334703221093716 0.24842309541564264
27 0.04845272192518418 -0.010341510588886226 0.2509138219042331 0.03979147356006359 0.01975494470993729 0.012917772051810512 0.14030927090703482 0.740008102534183 0.014044731342100944 0.2794184521371866 0.2509138215361559 0.5965802340928298 0.03979147422879914 0.20919988607785175 0.7400081028584022 0.27941845206563914 0.20919988607100493 0.2509138209268127 0.20919988685643387 0.21561371508594757
5 0.32799999203230357 0.29080134022953885 0.43678503981634265 0.2968399256148011 0.12024517864907835 0.1702035262006234 0.21707222454095243 0.2156137151783568 0.19324114559131544 0.2484230955441773 0.43678503962718196 0.2333928793461375 0.2968399259064505 0.3929883547595736 0.21561371500482096 0.24842309563277265 0.3929883550972164 0.43678503915742795 0.39298835538210497 0.4440609881349076
19 0.2470919311324945 0.20910933838303913 0.11184479614029914 0.3350051361121503 0.8361535473331261 0.627659083003725 0.3400756153974456 0.01975494474752597 0.46976976265165643 0.23553713765751205 0.11184479598347562 0.01626034240045002 0.3350051362658825 0.1605523455442624 0.019754944740919822 0.23553713783752267 0.16055234590279835 0.11184479613922281 0.16055234589761724 0.12024517864906778
37 0.30429038566916794 0.35959488819122853 0.5323815383624141 0.227487513841905 0.11660090619254405 0.11157452898539216 0.2082472900985375 0.2542025358468758 0.15776324028215782 0.1965709132451487 0.5323815380809538 0.1750618808246421 0.22748751432517417 0.3178392127946202 0.2542025359288133 0.1965709135083456 0.3178392128912209 0.5323815376584127 0.3178392131883775 0.43561106207215583
24 0.4576466888661139 0.6341464848251624 0.43443178127087845 0.3391312469553417 0.1783782799157529 0.18825344242880793 0.2304015136229409 0.06072964495782323 0.290240356196404 0.1330715540341715 0.4344317812032087 0.0335568400110617 0.3391312468630909 0.2717923391268229 0.06072964500342116 0.13307155447288463 0.27179233943248304 0.43443178095300233 0.2717923393270496 0.34934422437694174
34 0.33794259762966095 0.29945529837562257 0.1351505725086591 0.40669506355826374 0.6276590830036586 0.6071043978909958 0.35891631558555515 0.012917772075120463 0.5390526990015703 0.19099715180674312 0.13515057215210427 0.010833904950789114 0.4066950635905057 0.2051113191956655 0.012917772060142751 0.1909971520243907 0.20511131930866025 0.13515057231943173 0.20511131907233174 0.17020352620058743
36 0.04845272192518418 -0.010341510588886226 0.2509138219042331 0.03979147356006359 0.01975494470993729 0.012917772051810512 0.14030927090703482 0.740008102534183 0.014044731342100944 0.2794184521371866 0.2509138215361559 0.5965802340928298 0.03979147422879914 0.20919988607785175 0.7400081028584022 0.27941845206563914 0.20919988607100493 0.2509138209268127 0.20919988685643387 0.21561371508594757
6 0.43809277852499734 0.3857207328978803 0.24727893742130558 0.476932756213411 0.3350051362224454 0.4066950637734745 0.25826056764480737 0.03979147401727233 0.4112079181882553 0.20115164326947937 0.24727893731570816 0.06480268148433464 0.47693275616573627 0.332214839415157 0.039791474006040356 0.2011516433392326 0.33221483987289785 0.2472789370204034 0.33221483957915154 0.2968399260659654
59 0.268427207331135 0.2724674002378598 0.23821553240295482 0.2582605674196173 0.34007561539742553 0.35891631558558684 0.7112701551613488 0.1403092708101134 0.4247774571103633 0.3894509636095546 0.2382155321035538 0.07524416846318417 0.2582605675390398 0.2731046177766195 0.14030927071385085 0.3894509640573524 0.2731046180868141 0.23821553226942788 0.27310461784616896 0.2170722245409285
38 0.3242761977016672 0.22288137872650096 0.3521804726643123 0.3322148394235496 0.16055234570172888 0.20511131918480208 0.27310461791733465 0.2091998861509801 0.22584798066908351 0.2933470315290535 0.35218047234921485 0.27659663621159397 0.33221483950758296 0.43524756899380873 0.20919988649395957 0.2933470318053865 0.43524756948377236 0.35218047202359914 0.4352475697926435 0.3929883550078346
14 0.4585279015629705 0.4761526851947098 0.3111326208295253 0.4380927783623548 0.24709193113242686 0.3379425976297826 0.26842720733113834 0.04845272179223825 0.38785486566493554 0.173683217785143 0.3111326207706191 0.05430752313411493 0.43809277824320547 0.3242761975575647 0.04845272192181806 0.1736832176243943 0.3242761980293451 0.31113262045538775 0.3242761977402799 0.3279999920321483
58 0.4656541201002905 0.7078259171997183 0.34048842217027814 0.3557386661177508 0.1978503747243613 0.27997129016150574 0.33159457528504926 -0.00416912111542206 0.3931723131478318 0.1449527836593351 0.34048842212250796 -0.022530638425237948 0.3557386658842453 0.22129354058311027 -0.004169121180076077 0.144952783712804 0.2212935411846449 0.3404884219043324 0.2212935408229173 0.28347505208311335
10 0.49872209608529017 0.7171710059377662 0.3256771615247088 0.4018306061046828 0.22140263373163918 0.29003195041759283 0.2209977620943228 -0.010797410211172498 0.4078794326070071 0.09557971503646209 0.3256771614645177 -0.018519564457710507 0.4018306058389612 0.22469230171307236 -0.010797410267548808 0.09557971539619657 0.22469230218936107 0.32567716152394105 0.2246923016109719 0.2772727161028213
42 0.054307523134155995 -0.025529223108227403 0.19871456984448796 0.0648026808698608 0.016260342400404495 0.01083390495083153 0.0752441684631788 0.5965802337419938 0.011755192369555178 0.3445801410069765 0.19871456933819306 0.7937757003503569 0.06480268165768058 0.2765966359629608 0.596580234190361 0.3445801412305454 0.2765966359664686 0.198714568972615 0.27659663667055345 0.23339287934609346
57 0.2754144145821054 0.24937872219652485 0.3682911466301674 0.16261125830923912 0.1520585524592364 0.11474935006335875 0.4319263280734302 0.33379192486108267 0.2134330676902772 0.3342588826493178 0.3682911462113605 0.25443314535927375 0.16261125886225156 0.32372861185883933 0.33379192458704315 0.33425888294076117 0.32372861197567154 0.36829114588705286 0.32372861228832 0.3410251804761074
23 0.32799999203230357 0.29080134022953885 0.43678503981634265 0.2968399256148011 0.12024517864907835 0.1702035262006234 0.21707222454095243 0.2156137151783568 0.19324114559131544 0.2484230955441773 0.43678503962718196 0.2333928793461375 0.2968399259064505 0.3929883547595736 0.21561371500482096 0.24842309563277265 0.3929883550972164 0.43678503915742795 0.39298835538210497 0.4440609881349076
