id,x_0,x_1,x_2,x_3,x_4,x_5,x_6,x_7,x_8,x_9,x_10,x_11,x_12,x_13,x_14
0.0,2.220446049250313e-16,2.220446049250313e-16,0.024661131106689715,0.014361246359444024,0.6742955046504348,1.4062429655136275,0.6806489914315607,2.220446049250313e-16,0.3700158656124095,2.220446049250313e-16,2.220446049250313e-16,0.6483829234941623,2.220446049250313e-16,2.220446049250313e-16,0.07117483004023964
1.0,0.402193667887464,0.18769840313987118,2.220446049250313e-16,0.05915980869131606,0.050448403586354953,0.014719323772568993,2.220446049250313e-16,0.6247244831397084,0.36701991334948675,2.220446049250313e-16,2.220446049250313e-16,2.220446049250313e-16,2.220446049250313e-16,0.03726618073301366,1.5714671832282283
2.0,2.220446049250313e-16,2.220446049250313e-16,0.9592890283506595,2.220446049250313e-16,2.220446049250313e-16,1.4965904932338054,0.7478965750480597,2.220446049250313e-16,0.03085983648486545,0.23066772537019065,0.1880772916520645,0.7013300484959099,2.220446049250313e-16,2.220446049250313e-16,0.062205834423589255
3.0,2.220446049250313e-16,0.40080134250080807,0.002798131310958407,0.012110778640517034,0.02111031020676864,0.01495888406120476,2.220446049250313e-16,1.1365175471155387,0.8298140129447643,0.12778459719457588,2.220446049250313e-16,2.220446049250313e-16,2.220446049250313e-16,0.04446874042398136,1.2570279177612091
4.0,0.004558681906493539,0.11315197596420168,0.11626839360619153,2.220446049250313e-16,1.5066046101256756,0.5092669085588076,2.220446049250313e-16,0.04300583782633702,0.6884480572375067,2.220446049250313e-16,0.14352602868426576,0.7904621079625914,2.220446049250313e-16,2.220446049250313e-16,2.220446049250313e-16
5.0,0.17561216323348028,0.21921666762551795,2.220446049250313e-16,2.220446049250313e-16,2.220446049250313e-16,2.220446049250313e-16,2.220446049250313e-16,0.738439513252485,0.49076208695171875,0.23546550156416726,2.220446049250313e-16,0.04707908278091531,2.220446049250313e-16,0.0498583800898558,1.5292633802585178
6.0,2.220446049250313e-16,2.220446049250313e-16,0.028883109328687047,2.220446049250313e-16,0.6710322179925094,1.4721855609111465,0.6806347820927745,2.220446049250313e-16,0.36086389258196927,2.220446049250313e-16,2.220446049250313e-16,0.3811819866616925,0.045494609040740375,2.220446049250313e-16,0.13991524508871767
7.0,0.5104427954948635,0.21147973530946707,2.220446049250313e-16,2.220446049250313e-16,0.027318450094852547,0.010255435643907454,2.220446049250313e-16,0.469211550766294,0.3402690369795138,0.09568971367319484,2.220446049250313e-16,2.220446049250313e-16,2.220446049250313e-16,0.04007739481721018,1.584434893727726
8.0,2.220446049250313e-16,0.04541085196609719,0.5577331602285207,2.220446049250313e-16,0.6539901973052791,0.9915319299395504,0.3204355739900597,2.220446049250313e-16,0.5465865898064605,0.20296352985823482,0.12487986177464831,0.908242595549724,2.220446049250313e-16,2.220446049250313e-16,2.220446049250313e-16
9.0,0.032038732900876124,2.220446049250313e-16,1.0585419908997435,0.378930673708147,2.220446049250313e-16,2.220446049250313e-16,2.220446049250313e-16,2.220446049250313e-16,2.220446049250313e-16,0.20854317829529248,2.220446049250313e-16,0.8025211240113809,2.220446049250313e-16,1.096548983974164,0.7851262035237734
10.0,2.220446049250313e-16,2.220446049250313e-16,2.220446049250313e-16,0.39270538614181577,0.5328743204755042,0.007070768129523443,2.220446049250313e-16,2.220446049250313e-16,2.220446049250313e-16,0.05428856289513671,0.4072777780086739,2.220446049250313e-16,1.36343010747692,0.9686317821206759,0.21729548506733262
11.0,2.220446049250313e-16,2.220446049250313e-16,0.8164094405249168,1.213143607213154,0.08281908023953057,2.220446049250313e-16,2.220446049250313e-16,2.220446049250313e-16,2.220446049250313e-16,0.07615018571848457,2.220446049250313e-16,2.220446049250313e-16,1.2266191625544571,0.0367448243639251,2.220446049250313e-16
12.0,2.220446049250313e-16,1.0172382090868548,2.220446049250313e-16,0.08430787324987177,0.7860670198014946,2.220446049250313e-16,2.220446049250313e-16,0.26098264695659845,0.2614773498653332,2.220446049250313e-16,0.18743559292979753,2.220446049250313e-16,0.975505287701627,2.220446049250313e-16,0.18516195737822883
13.0,0.06343914474721508,0.18052837351720852,0.5675060303556302,2.220446049250313e-16,2.220446049250313e-16,2.220446049250313e-16,2.220446049250313e-16,0.6864169713967331,0.20944411955682282,2.220446049250313e-16,0.6006294293191247,0.5243754614387148,0.051853923979758104,0.14249900056142742,1.3160365284867577
14.0,2.220446049250313e-16,2.220446049250313e-16,0.6539820618209843,0.003588770354395754,0.2676894541937843,1.4682312058055957,0.6682354001837357,2.220446049250313e-16,0.3644225515676848,0.04198908628574737,2.220446049250313e-16,0.7457648814820546,2.220446049250313e-16,2.220446049250313e-16,0.05634236310189904
15.0,2.220446049250313e-16,0.3275305414399577,0.00611914485000975,0.017567021034933367,0.03472947244730602,0.01579489550774315,2.220446049250313e-16,1.1313907302582895,0.7728729704722642,0.06955641554318091,0.36631866512221756,2.220446049250313e-16,2.220446049250313e-16,2.220446049250313e-16,1.316919315800853
16.0,0.005926350536607294,2.220446049250313e-16,0.10831290332526047,0.0019624545687972157,1.239311333630868,0.8042797332149713,2.220446049250313e-16,0.0419042969466436,0.708399425692176,2.220446049250313e-16,0.15384592625532276,0.9245971374275112,2.220446049250313e-16,2.220446049250313e-16,2.220446049250313e-16
17.0,0.08620853493371117,0.16283604853903033,2.220446049250313e-16,0.022664790028739574,2.220446049250313e-16,2.220446049250313e-16,2.220446049250313e-16,1.0471449400876975,0.35676924196975435,2.220446049250313e-16,2.220446049250313e-16,0.20902193454823625,0.007950681968096127,0.1568006793186366,1.519284232815328
18.0,0.47114027635430367,0.03978886466921705,2.220446049250313e-16,1.390065794658598,2.220446049250313e-16,0.04760242684559269,2.220446049250313e-16,0.47767271641499204,2.220446049250313e-16,2.220446049250313e-16,2.220446049250313e-16,0.028357327375792784,0.4859827139493394,0.12220790890247965,0.011920807740094705
19.0,2.220446049250313e-16,2.220446049250313e-16,2.220446049250313e-16,2.220446049250313e-16,0.9169652846348311,1.0323632700533083,2.220446049250313e-16,2.220446049250313e-16,2.220446049250313e-16,0.06039119468197927,2.220446049250313e-16,2.220446049250313e-16,1.2462283160044059,0.09949638270245165,2.220446049250313e-16
20.0,1.0757108896030592,2.220446049250313e-16,0.014548898976577185,1.3589750796361466,2.220446049250313e-16,2.220446049250313e-16,0.14389223054567357,0.12269198698455791,2.220446049250313e-16,2.220446049250313e-16,2.220446049250313e-16,0.2541911406032284,2.220446049250313e-16,2.220446049250313e-16,0.07956038740743901
21.0,1.0757108896030592,2.220446049250313e-16,0.014548898976577185,1.3589750796361466,2.220446049250313e-16,2.220446049250313e-16,0.14389223054567357,0.12269198698455791,2.220446049250313e-16,2.220446049250313e-16,2.220446049250313e-16,0.2541911406032284,2.220446049250313e-16,2.220446049250313e-16,0.07956038740743901
22.0,0.4693789447182616,2.220446049250313e-16,2.220446049250313e-16,1.4460070187662035,2.220446049250313e-16,0.012916461478893847,2.220446049250313e-16,0.4528818528794066,2.220446049250313e-16,2.220446049250313e-16,2.220446049250313e-16,0.34659314794756646,0.6030707198015881,0.01117132571001852,2.220446049250313e-16
23.0,0.21636421163634184,0.7955567583494831,0.28949390892761884,2.220446049250313e-16,2.220446049250313e-16,0.21971787129954815,1.0644510680733075,1.0691724100198308,2.220446049250313e-16,0.47741407301932803,0.47136519269788935,2.220446049250313e-16,2.220446049250313e-16,2.220446049250313e-16,0.12614043617652704
24.0,0.9763260696859425,1.004873735124324,2.220446049250313e-16,2.220446049250313e-16,0.11226797455352516,0.10801265336978007,0.9358846888974921,2.220446049250313e-16,0.01403295722452456,0.4627254346929066,0.6513474072121197,0.04942453795543601,2.220446049250313e-16,2.220446049250313e-16,0.137818847566804
25.0,0.07508856530886628,2.220446049250313e-16,1.0010546034426457,2.220446049250313e-16,0.021516472944548528,1.307183012731496,1.089597565643853,0.03431888547205573,2.220446049250313e-16,0.5376496629009422,2.220446049250313e-16,2.220446049250313e-16,2.220446049250313e-16,2.220446049250313e-16,2.220446049250313e-16
26.0,1.3330510845772223,1.1410266113562413,2.220446049250313e-16,2.220446049250313e-16,0.009729821324412864,2.220446049250313e-16,0.9357667674017409,2.220446049250313e-16,2.220446049250313e-16,0.2894489805274912,2.220446049250313e-16,2.220446049250313e-16,2.220446049250313e-16,0.14969673888435284,0.13307030526687239
27.0,1.3330510845772223,1.1410266113562413,2.220446049250313e-16,2.220446049250313e-16,0.009729821324412864,2.220446049250313e-16,0.9357667674017409,2.220446049250313e-16,2.220446049250313e-16,0.2894489805274912,2.220446049250313e-16,2.220446049250313e-16,2.220446049250313e-16,0.14969673888435284,0.13307030526687239
28.0,2.220446049250313e-16,2.220446049250313e-16,1.0127415987514472,2.220446049250313e-16,2.220446049250313e-16,2.220446049250313e-16,2.220446049250313e-16,2.220446049250313e-16,0.11570989554250066,0.12142385604945892,2.220446049250313e-16,0.1774400891140519,1.222607864712005,1.079169800088019,0.48464868479802814
29.0,2.220446049250313e-16,0.5223062296807953,2.220446049250313e-16,2.220446049250313e-16,1.7320082096283043,2.220446049250313e-16,0.12361738583138114,2.220446049250313e-16,0.11528109444601158,0.15045233002351188,2.220446049250313e-16,0.17589022769157314,0.3824131521194592,0.032283215917231184,2.220446049250313e-16
30.0,2.220446049250313e-16,1.0542504955200118,2.220446049250313e-16,0.11048152782189491,0.616262724729245,2.220446049250313e-16,2.220446049250313e-16,2.220446049250313e-16,0.1686723898595371,0.024178761502176682,0.4320469127425014,2.220446049250313e-16,1.4500836910647428,2.220446049250313e-16,0.05535355708574939
31.0,0.02821076503097172,2.220446049250313e-16,1.1129728073371221,0.7015598174073554,2.220446049250313e-16,2.220446049250313e-16,2.220446049250313e-16,2.220446049250313e-16,2.220446049250313e-16,2.220446049250313e-16,2.220446049250313e-16,0.7540108654033216,2.220446049250313e-16,0.968639093464986,0.5185031426361147
32.0,0.02821076503097172,2.220446049250313e-16,1.1129728073371221,0.7015598174073554,2.220446049250313e-16,2.220446049250313e-16,2.220446049250313e-16,2.220446049250313e-16,2.220446049250313e-16,2.220446049250313e-16,2.220446049250313e-16,0.7540108654033216,2.220446049250313e-16,0.968639093464986,0.5185031426361147
33.0,0.8002725668146138,2.220446049250313e-16,2.220446049250313e-16,0.2411913851742396,2.220446049250313e-16,0.03818418855095484,0.04060168905177305,2.220446049250313e-16,0.727438445259436,0.01706833285723116,2.220446049250313e-16,0.33601800195598647,0.06993645076316227,0.6968007507091563,0.7682606880046697
34.0,2.220446049250313e-16,2.220446049250313e-16,2.220446049250313e-16,2.220446049250313e-16,0.7348165673990368,1.2081510986797297,0.8860280890020817,2.220446049250313e-16,2.220446049250313e-16,0.3301692822654801,2.220446049250313e-16,2.220446049250313e-16,0.41247914646392475,2.220446049250313e-16,0.13461355389567356
35.0,1.3207408194047923,2.220446049250313e-16,2.220446049250313e-16,0.8354642922416162,2.220446049250313e-16,2.220446049250313e-16,0.020099031035249276,2.220446049250313e-16,1.151156446673232,0.37934000153280023,0.10686223431185159,2.220446049250313e-16,2.220446049250313e-16,2.220446049250313e-16,2.220446049250313e-16
36.0,1.3207408194047923,2.220446049250313e-16,2.220446049250313e-16,0.8354642922416162,2.220446049250313e-16,2.220446049250313e-16,0.020099031035249276,2.220446049250313e-16,1.151156446673232,0.37934000153280023,0.10686223431185159,2.220446049250313e-16,2.220446049250313e-16,2.220446049250313e-16,2.220446049250313e-16
37.0,1.3207408194047923,2.220446049250313e-16,2.220446049250313e-16,0.8354642922416162,2.220446049250313e-16,2.220446049250313e-16,0.020099031035249276,2.220446049250313e-16,1.151156446673232,0.37934000153280023,0.10686223431185159,2.220446049250313e-16,2.220446049250313e-16,2.220446049250313e-16,2.220446049250313e-16
38.0,0.03221486481034891,1.0743541940023693,0.2071919670195198,0.01581942308103465,0.30584540432645396,2.220446049250313e-16,0.2806451440074368,0.9916915512676254,0.3780938692875076,0.3873023137198415,0.6242833003329006,2.220446049250313e-16,2.220446049250313e-16,2.220446049250313e-16,0.35476037455643394
39.0,0.14105184573592908,0.7315679202175871,0.0679054261793717,0.0036842031241444747,0.16839237049546615,0.007518256900491627,0.25890599774224843,0.04002363129388769,2.220446049250313e-16,2.032675769185053,0.46575809182926897,0.13558760409597753,2.220446049250313e-16,2.220446049250313e-16,0.111387385890862
40.0,0.10088901403246521,0.17226394133874612,0.04127592184528802,0.016334866604133594,0.1149853754138248,1.0593757038140579,0.054103112130478984,2.220446049250313e-16,0.15849741957323135,0.857233126194955,0.4073779179323183,0.10118174608911404,0.46660053867744583,2.220446049250313e-16,0.19021315571325687
41.0,0.10609358043782108,0.23865520849795852,0.0477627257064228,2.220446049250313e-16,2.220446049250313e-16,0.21854839114026736,0.12648267990146306,0.031248700759803863,0.08748547282737297,2.375695440572513,2.220446049250313e-16,0.019304638583124333,0.10075457392554873,0.2400658357596619,0.08353523134315693
42.0,0.10609358043782108,0.23865520849795852,0.0477627257064228,2.220446049250313e-16,2.220446049250313e-16,0.21854839114026736,0.12648267990146306,0.031248700759803863,0.08748547282737297,2.375695440572513,2.220446049250313e-16,0.019304638583124333,0.10075457392554873,0.2400658357596619,0.08353523134315693
43.0,2.220446049250313e-16,2.220446049250313e-16,1.0350305908171078,0.11160112838428404,2.220446049250313e-16,2.220446049250313e-16,2.220446049250313e-16,2.220446049250313e-16,2.220446049250313e-16,0.06783712614017487,0.4278085594917469,2.220446049250313e-16,1.272491846236848,1.0921902063712503,0.3703199381894785
44.0,2.220446049250313e-16,0.21698929858124966,0.029000746834086932,2.220446049250313e-16,1.751254062573664,0.04875411507161933,2.220446049250313e-16,2.220446049250313e-16,0.40419751285542876,0.16139001269749298,0.5789354108325019,0.8437089861527958,2.220446049250313e-16,0.018059717648936317,2.220446049250313e-16
45.0,2.220446049250313e-16,0.21698929858124966,0.029000746834086932,2.220446049250313e-16,1.751254062573664,0.04875411507161933,2.220446049250313e-16,2.220446049250313e-16,0.40419751285542876,0.16139001269749298,0.5789354108325019,0.8437089861527958,2.220446049250313e-16,0.018059717648936317,2.220446049250313e-16
46.0,0.10297303885235318,0.11108894581131201,0.8311333227540231,2.220446049250313e-16,0.06638582625479958,2.220446049250313e-16,2.220446049250313e-16,0.3100802797485089,0.057858254114019854,2.220446049250313e-16,0.6135524822706896,2.220446049250313e-16,0.011655107679502907,0.0685694153391538,1.6240329208382172
47.0,0.10297303885235318,0.11108894581131201,0.8311333227540231,2.220446049250313e-16,0.06638582625479958,2.220446049250313e-16,2.220446049250313e-16,0.3100802797485089,0.057858254114019854,2.220446049250313e-16,0.6135524822706896,2.220446049250313e-16,0.011655107679502907,0.0685694153391538,1.6240329208382172
48.0,2.220446049250313e-16,0.04813729238657938,0.4238777728355895,1.3279051817271619,2.220446049250313e-16,0.004883936667847904,2.220446049250313e-16,0.7629713437523068,2.220446049250313e-16,2.220446049250313e-16,2.220446049250313e-16,0.15510560751404065,0.684610980394705,0.15384538006474643,2.220446049250313e-16
49.0,2.220446049250313e-16,2.220446049250313e-16,2.220446049250313e-16,0.03974212005650374,0.8574571469213916,1.0468274505421198,2.220446049250313e-16,2.220446049250313e-16,2.220446049250313e-16,0.060125834842734587,2.220446049250313e-16,2.220446049250313e-16,1.293021385459804,2.220446049250313e-16,2.220446049250313e-16
50.0,1.0219151542969174,2.220446049250313e-16,0.021552220938138467,1.4302843782512924,2.220446049250313e-16,2.220446049250313e-16,2.220446049250313e-16,0.15225788696108736,2.220446049250313e-16,2.220446049250313e-16,2.220446049250313e-16,2.220446049250313e-16,0.22774411086741445,2.220446049250313e-16,0.0552935936550217
51.0,1.0219151542969174,2.220446049250313e-16,0.021552220938138467,1.4302843782512924,2.220446049250313e-16,2.220446049250313e-16,2.220446049250313e-16,0.15225788696108736,2.220446049250313e-16,2.220446049250313e-16,2.220446049250313e-16,2.220446049250313e-16,0.22774411086741445,2.220446049250313e-16,0.0552935936550217
52.0,2.220446049250313e-16,2.220446049250313e-16,2.220446049250313e-16,1.434583311033244,2.220446049250313e-16,0.010184484717190911,2.220446049250313e-16,1.0364189847170682,2.220446049250313e-16,0.010038721233709979,2.220446049250313e-16,0.16467796362424808,0.6731014771574884,0.016487119123833226,2.220446049250313e-16
53.0,0.19800791447250263,0.7897920593775651,0.29272934710956383,2.220446049250313e-16,2.220446049250313e-16,0.2790338413421264,1.0194519100956165,1.0735466588874802,2.220446049250313e-16,0.3848217640309813,0.4716147748614866,2.220446049250313e-16,2.220446049250313e-16,2.220446049250313e-16,0.19656539027264705
54.0,0.9763260696859425,1.004873735124324,2.220446049250313e-16,2.220446049250313e-16,0.11226797455352516,0.10801265336978007,0.9358846888974921,2.220446049250313e-16,0.01403295722452456,0.4627254346929066,0.6513474072121197,0.04942453795543601,2.220446049250313e-16,2.220446049250313e-16,0.137818847566804
55.0,0.07508856530886628,2.220446049250313e-16,1.0010546034426457,2.220446049250313e-16,0.021516472944548528,1.307183012731496,1.089597565643853,0.03431888547205573,2.220446049250313e-16,0.5376496629009422,2.220446049250313e-16,2.220446049250313e-16,2.220446049250313e-16,2.220446049250313e-16,2.220446049250313e-16
56.0,1.3330510845772223,1.1410266113562413,2.220446049250313e-16,2.220446049250313e-16,0.009729821324412864,2.220446049250313e-16,0.9357667674017409,2.220446049250313e-16,2.220446049250313e-16,0.2894489805274912,2.220446049250313e-16,2.220446049250313e-16,2.220446049250313e-16,0.14969673888435284,0.13307030526687239
57.0,1.3330510845772223,1.1410266113562413,2.220446049250313e-16,2.220446049250313e-16,0.009729821324412864,2.220446049250313e-16,0.9357667674017409,2.220446049250313e-16,2.220446049250313e-16,0.2894489805274912,2.220446049250313e-16,2.220446049250313e-16,2.220446049250313e-16,0.14969673888435284,0.13307030526687239
58.0,2.220446049250313e-16,2.220446049250313e-16,0.49098145400019444,2.220446049250313e-16,2.220446049250313e-16,2.220446049250313e-16,2.220446049250313e-16,0.35979396142377273,0.19844738347582175,0.056332846937162034,2.220446049250313e-16,0.18627139970469453,1.242384810598974,1.0129944093966379,0.5650999073380945
59.0,2.220446049250313e-16,0.07649712210625913,0.061275171757768865,2.220446049250313e-16,1.7858531167671567,0.25810907286807666,0.12073188201558564,0.03448302327128502,0.11283383318138342,2.220446049250313e-16,2.220446049250313e-16,0.2888241890229444,0.29337134947363236,0.05502203371754969,0.015595004359888632
60.0,0.004231581608746418,0.04892945579711827,2.220446049250313e-16,2.220446049250313e-16,1.2609913337630234,0.6582293477067657,2.220446049250313e-16,2.220446049250313e-16,2.220446049250313e-16,2.220446049250313e-16,2.220446049250313e-16,2.220446049250313e-16,0.9354143131461481,0.015177630236827513,0.15996267018992055
61.0,2.220446049250313e-16,0.03417190056597897,0.09420587861518293,0.8413873288665257,2.220446049250313e-16,0.056813076021556976,2.220446049250313e-16,1.0604457033261905,2.220446049250313e-16,2.220446049250313e-16,2.220446049250313e-16,0.9182954287124647,0.13323669394567364,1.137724181230835,2.220446049250313e-16
62.0,2.220446049250313e-16,0.03417190056597897,0.09420587861518293,0.8413873288665257,2.220446049250313e-16,0.056813076021556976,2.220446049250313e-16,1.0604457033261905,2.220446049250313e-16,2.220446049250313e-16,2.220446049250313e-16,0.9182954287124647,0.13323669394567364,1.137724181230835,2.220446049250313e-16
