68 -0.17202937423746809 0.6387416966069281 -0.29257825147442273 0.2951176757183492 0.32015123555340613 0.30765567451169806 0.320151237211312 -0.16492679489139064 -0.02543942920393611 0.45396941132452273 0.4043246612818426 0.30765567395505417 -0.20238227926893435 0.1195664692020933 0.4043246614316353 0.32015123730680334 0.4043246572302043 0.06864369822849838 0.06126857670670609 0.3201512551723777
45 0.28889771564245714 0.2721359457827817 0.27673538504436823 0.4061449642402512 0.37144615102403344 0.42589421624458257 0.37144615119263913 0.2079620858191002 0.16504355616560176 0.30057532522615316 0.3142911015181249 0.42589421602802463 0.32175399501902635 0.12518806126161763 0.3142911017854829 0.37144615132018927 0.3142911019253923 0.19056712420641408 0.2712929393976342 0.3714461505657606
43 -0.17202937423746809 0.6387416966069281 -0.29257825147442273 0.2951176757183492 0.32015123555340613 0.30765567451169806 0.320151237211312 -0.16492679489139064 -0.02543942920393611 0.45396941132452273 0.4043246612818426 0.30765567395505417 -0.20238227926893435 0.1195664692020933 0.4043246614316353 0.32015123730680334 0.4043246572302043 0.06864369822849838 0.06126857670670609 0.3201512551723777
66 0.25489194368547186 0.2942054660170522 0.254367811721472 0.3142911022497057 0.3610733405139602 0.27465166565988863 0.3610733407460803 0.29399642040588525 0.2877354864614503 0.36114658792478466 0.4142038224865506 0.2746516652338255 0.2109911065072314 0.23647027358198258 0.41420382234293796 0.3610733409556223 0.41420382234105657 0.15400359834882366 0.2722664651548965 0.36107334021037085
39 0.13369902342022372 0.7747828133142773 0.26713861606915734 0.21214950798050658 0.29464058180487357 0.12460054496833706 0.294640582313261 0.09085577805767044 0.25887635673671094 0.5554265094247941 0.3191987257654583 0.12460054493793171 0.10857716432715843 0.3987472669709694 0.3191987255355443 0.2946405823865214 0.31919872505598185 0.016541526320492873 0.14870204808539617 0.2946405842799191
51 0.4372806818593544 0.11928725331381264 0.3743222173122887 0.2712929398051795 0.285346341160529 0.24836295115188545 0.2853463412511908 0.3688920258013277 0.3449091000003018 0.1924098881804474 0.2722664655250516 0.24836295066927633 0.4001926601299786 0.23342947953364487 0.2722664652418146 0.28534634140028603 0.27226646497479046 0.460645680715537 0.43645221131330314 0.2853463410153192
55 0.2708368532119912 0.3107472937491338 0.27794376854052827 0.42589421667554556 0.34628285059497516 0.4955846970976516 0.3462828507990511 0.1973208606982912 0.12344129604473714 0.30060372834836846 0.27465166530346025 0.4955846968795106 0.34402977001241963 0.10882981435257993 0.27465166567899874 0.3462828509525886 0.27465166538829694 0.1945975487797075 0.24836295096658728 0.3462828502608437
61 0.16933928457557196 0.5598667537527349 0.3000775539799667 0.30057532552526167 0.3115827680451757 0.30060372822542586 0.31158276822854314 0.26004940654221936 0.24439968341524265 0.507336386243178 0.3611465877760411 0.3006037281722054 0.1523187880024142 0.24455660137360538 0.3611465878419305 0.31158276833349013 0.36114658784831105 0.11118758946788938 0.19240988821053365 0.31158276760065273
15 0.29237061371895834 0.2542288154600101 0.2683820111304289 0.3714461514609866 0.38393142307177186 0.3462828505325888 0.3839314235956408 0.23373149038525298 0.21917782801028807 0.3115827681176597 0.3610733409586828 0.3462828505435027 0.28272044635377824 0.16175388591000228 0.3610733406676445 0.38393142336281016 0.361073340929579 0.17904268178350963 0.2853463412302517 0.3839314228389412
35 0.37175439816527006 0.29359877595618933 0.50010915483752 0.2475853438986791 0.276110217084492 0.206173167266636 0.27611021721519224 0.3712374766018436 0.39295783690105685 0.31468628665419446 0.26981104730396943 0.20617316694635232 0.29927305159377815 0.3146488915016072 0.2698110473320548 0.2761102175162587 0.26981104756891383 0.3580986052549383 0.38441008777597024 0.27611021649808104
6 0.4085637440552699 0.13289985414525882 0.3686014602169187 0.24484415654751232 0.2760423032381972 0.21013602846915178 0.2760423036972637 0.4246478217219411 0.4194881021958577 0.2102712816960249 0.28887851343175974 0.21013602866662928 0.326518035879352 0.30485627696892625 0.28887851374995466 0.2760423037785104 0.2888785136370803 0.43624740454777006 0.4309991524149767 0.27604230327443335
29 0.3647895021838082 0.288094805963736 0.5045716059721845 0.2767353854884123 0.2683820108797446 0.2779437682934347 0.2683820112510165 0.37849742649222035 0.3088986285918768 0.3000775539451789 0.25436781188506974 0.27794376826610284 0.36681965723225396 0.23878529717964567 0.25436781166046 0.26838201134883843 0.2543678115837245 0.3944712598064957 0.3743222173019726 0.26838201053648986
44 -0.17202937423746809 0.6387416966069281 -0.29257825147442273 0.2951176757183492 0.32015123555340613 0.30765567451169806 0.320151237211312 -0.16492679489139064 -0.02543942920393611 0.45396941132452273 0.4043246612818426 0.30765567395505417 -0.20238227926893435 0.1195664692020933 0.4043246614316353 0.32015123730680334 0.4043246572302043 0.06864369822849838 0.06126857670670609 0.3201512551723777
23 0.10318673785371178 0.7862692556847857 0.2880948059474274 0.2721359462372829 0.25422881505077677 0.31074729365149595 0.2542288154138677 0.2183832835008617 0.2008109320393553 0.5598667537069608 0.2942054658655546 0.31074729348328456 0.12150170364419537 0.25978611873633134 0.29420546577334994 0.25422881568716765 0.2942054660694236 0.0692896903108582 0.11928725329357898 0.2542288152800539
42 0.19270060093011082 0.2597861187675921 0.23878529726423292 0.12518806193594534 0.16175388585216058 0.10882981439420983 0.16175388625885176 0.43289537564804464 0.6176197071289746 0.24455660133570253 0.2364702737931735 0.10882981403986161 0.14844075349407404 0.8774371908777328 0.23647027372711732 0.16175388610011066 0.23647027349623195 0.2269516072067653 0.23342947958224874 0.16175388569586793
49 -0.11018729192556544 0.6631262459888819 -0.30979229462934055 0.3497088866472161 0.26423343584601283 0.4738296723507998 0.2642334370661625 -0.15717363021538128 0.02411370327610455 0.4710400110504449 0.30488379483589345 0.47382967215410193 -0.22857168061868688 0.06385793558894853 0.30488379470959004 0.26423343719863557 0.3048837913379691 0.033030738302722976 0.09929818626958996 0.2642334525123839
1 0.2708368532119912 0.3107472937491338 0.27794376854052827 0.42589421667554556 0.34628285059497516 0.4955846970976516 0.3462828507990511 0.1973208606982912 0.12344129604473714 0.30060372834836846 0.27465166530346025 0.4955846968795106 0.34402977001241963 0.10882981435257993 0.27465166567899874 0.3462828509525886 0.27465166538829694 0.1945975487797075 0.24836295096658728 0.3462828502608437
11 0.29237061371895834 0.2542288154600101 0.2683820111304289 0.3714461514609866 0.38393142307177186 0.3462828505325888 0.3839314235956408 0.23373149038525298 0.21917782801028807 0.3115827681176597 0.3610733409586828 0.3462828505435027 0.28272044635377824 0.16175388591000228 0.3610733406676445 0.38393142336281016 0.361073340929579 0.17904268178350963 0.2853463412302517 0.3839314228389412
22 0.2195684818780747 0.5164550268808703 0.485947581652083 0.15556185740721393 0.20469302717401627 0.10803024165493584 0.20469302722241112 0.3799972135421295 0.5254081370746424 0.3886130160938484 0.23482868811414495 0.10803024127559348 0.1312262308634268 0.6365259192346816 0.2348286881948104 0.20469302731651598 0.23482868903814466 0.16424393905244516 0.21797818304653901 0.20469302381015128
41 0.25489194368547186 0.2942054660170522 0.254367811721472 0.3142911022497057 0.3610733405139602 0.27465166565988863 0.3610733407460803 0.29399642040588525 0.2877354864614503 0.36114658792478466 0.4142038224865506 0.2746516652338255 0.2109911065072314 0.23647027358198258 0.41420382234293796 0.3610733409556223 0.41420382234105657 0.15400359834882366 0.2722664651548965 0.36107334021037085
67 0.2883181468108357 0.20081093194698774 0.308898628819299 0.16504355621664463 0.2191778278875299 0.12344129582699069 0.21917782808189076 0.49489401971081043 0.5877341930151536 0.2443996834254714 0.2877354861994847 0.12344129608756124 0.1670835490298577 0.6176197069294309 0.287735486264687 0.21917782826832571 0.2877354863421946 0.3232142933976304 0.3449091001191417 0.219177827426764
4 0.38782122717965023 0.1320242699233615 0.33323150432810034 0.20872071699148945 0.2661213160531635 0.14991000149237632 0.26612131642824965 0.44439433601662914 0.5098851395026849 0.21211895429746547 0.29920674978700856 0.14991000094460197 0.25433823062446465 0.42156770179768577 0.2992067492726439 0.26612131665390826 0.29920674935054403 0.3985367761619257 0.4207754558816503 0.2661213156107783
32 0.19270060093011082 0.2597861187675921 0.23878529726423292 0.12518806193594534 0.16175388585216058 0.10882981439420983 0.16175388625885176 0.43289537564804464 0.6176197071289746 0.24455660133570253 0.2364702737931735 0.10882981403986161 0.14844075349407404 0.8774371908777328 0.23647027372711732 0.16175388610011066 0.23647027349623195 0.2269516072067653 0.23342947958224874 0.16175388569586793
20 0.3647895021838082 0.288094805963736 0.5045716059721845 0.2767353854884123 0.2683820108797446 0.2779437682934347 0.2683820112510165 0.37849742649222035 0.3088986285918768 0.3000775539451789 0.25436781188506974 0.27794376826610284 0.36681965723225396 0.23878529717964567 0.25436781166046 0.26838201134883843 0.2543678115837245 0.3944712598064957 0.3743222173019726 0.26838201053648986
58 0.2708368532119912 0.3107472937491338 0.27794376854052827 0.42589421667554556 0.34628285059497516 0.4955846970976516 0.3462828507990511 0.1973208606982912 0.12344129604473714 0.30060372834836846 0.27465166530346025 0.4955846968795106 0.34402977001241963 0.10882981435257993 0.27465166567899874 0.3462828509525886 0.27465166538829694 0.1945975487797075 0.24836295096658728 0.3462828502608437
40 0.25489194368547186 0.2942054660170522 0.254367811721472 0.3142911022497057 0.3610733405139602 0.27465166565988863 0.3610733407460803 0.29399642040588525 0.2877354864614503 0.36114658792478466 0.4142038224865506 0.2746516652338255 0.2109911065072314 0.23647027358198258 0.41420382234293796 0.3610733409556223 0.41420382234105657 0.15400359834882366 0.2722664651548965 0.36107334021037085
36 0.2439653151317989 0.4511624400196115 0.5423185693389087 0.24007123207212525 0.21812927305094446 0.2774773389589917 0.21812927305304594 0.4968234130052462 0.35357276496427503 0.36684340822773426 0.2486338011304003 0.2774773385420679 0.258807488049266 0.3256429171585587 0.24863380102538912 0.21812927327938578 0.2486338012926464 0.3155239480868443 0.276447656721181 0.2181292712375199
21 0.34277269383497383 0.23157168119218377 0.5098252743039512 0.1828072891780427 0.200640176222558 0.15709694795430404 0.2006401765193494 0.5005611115595338 0.5097280595712487 0.21238060628134706 0.1890443744468201 0.15709694774348615 0.23834105016445326 0.44484862707184963 0.1890443746826459 0.20064017651503258 0.1890443745616374 0.5050374055241957 0.3900835744670514 0.20064017533483397
50 0.46459286731304 0.10318673793452554 0.36478950221286227 0.2888977162258955 0.29237061346548604 0.27083685327279694 0.29237061377327994 0.30587289961292213 0.2883181468627315 0.16933928451594657 0.25489194383051283 0.2708368531374471 0.4631477046712204 0.19270060085163668 0.2548919434914841 0.29237061400036507 0.254891943727962 0.47457390223689594 0.4372806820068052 0.2923706129168496
47 0.23299116474273976 0.35795548299392727 0.2832547741548806 0.36626749139272163 0.3364914915013712 0.40491530851072355 0.33649149190153566 0.29267036452574186 0.2100898882791884 0.3815015142152304 0.35352517670799566 0.4049153085815294 0.2432781109409469 0.15708024967068437 0.3535251765066591 0.3364914919918549 0.35352517665457023 0.17359746694199457 0.24031832766197317 0.33649149016545227
57 0.46314770440172565 0.121501703593662 0.3668196573066463 0.3217539954291273 0.2827204459552246 0.3440297697180846 0.28272044652201667 0.22050868671895354 0.1670835490587236 0.15231878787738165 0.21099110655123218 0.3440297696256173 0.5722620849910517 0.14844075352635572 0.2109911064854209 0.28272044640088256 0.21099110658205295 0.48295591311248803 0.40019266005002846 0.28272044596631585
12 0.4085637440552699 0.13289985414525882 0.3686014602169187 0.24484415654751232 0.2760423032381972 0.21013602846915178 0.2760423036972637 0.4246478217219411 0.4194881021958577 0.2102712816960249 0.28887851343175974 0.21013602866662928 0.326518035879352 0.30485627696892625 0.28887851374995466 0.2760423037785104 0.2888785136370803 0.43624740454777006 0.4309991524149767 0.27604230327443335
10 0.38782122717965023 0.1320242699233615 0.33323150432810034 0.20872071699148945 0.2661213160531635 0.14991000149237632 0.26612131642824965 0.44439433601662914 0.5098851395026849 0.21211895429746547 0.29920674978700856 0.14991000094460197 0.25433823062446465 0.42156770179768577 0.2992067492726439 0.26612131665390826 0.29920674935054403 0.3985367761619257 0.4207754558816503 0.2661213156107783
8 0.38782122717965023 0.1320242699233615 0.33323150432810034 0.20872071699148945 0.2661213160531635 0.14991000149237632 0.26612131642824965 0.44439433601662914 0.5098851395026849 0.21211895429746547 0.29920674978700856 0.14991000094460197 0.25433823062446465 0.42156770179768577 0.2992067492726439 0.26612131665390826 0.29920674935054403 0.3985367761619257 0.4207754558816503 0.2661213156107783
27 0.30724824815191043 0.3705100908056928 0.5291067559642649 0.24555768664796265 0.24853500253331048 0.24330417588686365 0.2485350028463176 0.4370514602505564 0.3747425703032529 0.34670672569438377 0.26132886427700397 0.24330417557035236 0.277095188534161 0.3200814718248239 0.2613288642479056 0.24853500300550269 0.26132886468563393 0.3386178211883842 0.33491796441869903 0.2485350015064244
14 0.38782122717965023 0.1320242699233615 0.33323150432810034 0.20872071699148945 0.2661213160531635 0.14991000149237632 0.26612131642824965 0.44439433601662914 0.5098851395026849 0.21211895429746547 0.29920674978700856 0.14991000094460197 0.25433823062446465 0.42156770179768577 0.2992067492726439 0.26612131665390826 0.29920674935054403 0.3985367761619257 0.4207754558816503 0.2661213156107783
5 0.29237061371895834 0.2542288154600101 0.2683820111304289 0.3714461514609866 0.38393142307177186 0.3462828505325888 0.3839314235956408 0.23373149038525298 0.21917782801028807 0.3115827681176597 0.3610733409586828 0.3462828505435027 0.28272044635377824 0.16175388591000228 0.3610733406676445 0.38393142336281016 0.361073340929579 0.17904268178350963 0.2853463412302517 0.3839314228389412
7 0.29237061371895834 0.2542288154600101 0.2683820111304289 0.3714461514609866 0.38393142307177186 0.3462828505325888 0.3839314235956408 0.23373149038525298 0.21917782801028807 0.3115827681176597 0.3610733409586828 0.3462828505435027 0.28272044635377824 0.16175388591000228 0.3610733406676445 0.38393142336281016 0.361073340929579 0.17904268178350963 0.2853463412302517 0.3839314228389412
2 0.4745739022976585 0.06928969032593664 0.39447125980649794 0.19056712450545588 0.1790426815814212 0.19459754878974259 0.1790426820970993 0.37931834528293845 0.3232142933198065 0.11118758944036501 0.1540035984268475 0.1945975487329893 0.4829559131509643 0.22695160718655935 0.15400359830129667 0.17904268200011542 0.15400359856181903 0.738432005097468 0.46064568071159845 0.17904268148182068
0 0.4372806818593544 0.11928725331381264 0.3743222173122887 0.2712929398051795 0.285346341160529 0.24836295115188545 0.2853463412511908 0.3688920258013277 0.3449091000003018 0.1924098881804474 0.2722664655250516 0.24836295066927633 0.4001926601299786 0.23342947953364487 0.2722664652418146 0.28534634140028603 0.27226646497479046 0.460645680715537 0.43645221131330314 0.2853463410153192
31 0.25489194368547186 0.2942054660170522 0.254367811721472 0.3142911022497057 0.3610733405139602 0.27465166565988863 0.3610733407460803 0.29399642040588525 0.2877354864614503 0.36114658792478466 0.4142038224865506 0.2746516652338255 0.2109911065072314 0.23647027358198258 0.41420382234293796 0.3610733409556223 0.41420382234105657 0.15400359834882366 0.2722664651548965 0.36107334021037085
34 -0.17202937423746809 0.6387416966069281 -0.29257825147442273 0.2951176757183492 0.32015123555340613 0.30765567451169806 0.320151237211312 -0.16492679489139064 -0.02543942920393611 0.45396941132452273 0.4043246612818426 0.30765567395505417 -0.20238227926893435 0.1195664692020933 0.4043246614316353 0.32015123730680334 0.4043246572302043 0.06864369822849838 0.06126857670670609 0.3201512551723777
69 0.25489194368547186 0.2942054660170522 0.254367811721472 0.3142911022497057 0.3610733405139602 0.27465166565988863 0.3610733407460803 0.29399642040588525 0.2877354864614503 0.36114658792478466 0.4142038224865506 0.2746516652338255 0.2109911065072314 0.23647027358198258 0.41420382234293796 0.3610733409556223 0.41420382234105657 0.15400359834882366 0.2722664651548965 0.36107334021037085
3 0.2708368532119912 0.3107472937491338 0.27794376854052827 0.42589421667554556 0.34628285059497516 0.4955846970976516 0.3462828507990511 0.1973208606982912 0.12344129604473714 0.30060372834836846 0.27465166530346025 0.4955846968795106 0.34402977001241963 0.10882981435257993 0.27465166567899874 0.3462828509525886 0.27465166538829694 0.1945975487797075 0.24836295096658728 0.3462828502608437
24 0.10318673785371178 0.7862692556847857 0.2880948059474274 0.2721359462372829 0.25422881505077677 0.31074729365149595 0.2542288154138677 0.2183832835008617 0.2008109320393553 0.5598667537069608 0.2942054658655546 0.31074729348328456 0.12150170364419537 0.25978611873633134 0.29420546577334994 0.25422881568716765 0.2942054660694236 0.0692896903108582 0.11928725329357898 0.2542288152800539
62 0.3205835785312945 0.28225558330735356 0.4438970470757613 0.20894135922863682 0.24956694870339732 0.16905609334135643 0.249566949041998 0.4574763472683694 0.48902997618524074 0.307354365381091 0.28484509404496355 0.16905609312355294 0.2153278394050309 0.4390565076529522 0.28484509385651463 0.2495669489572329 0.2848450938587393 0.3355730823616996 0.3640116726823009 0.24956694819638653
33 -0.17202937423746809 0.6387416966069281 -0.29257825147442273 0.2951176757183492 0.32015123555340613 0.30765567451169806 0.320151237211312 -0.16492679489139064 -0.02543942920393611 0.45396941132452273 0.4043246612818426 0.30765567395505417 -0.20238227926893435 0.1195664692020933 0.4043246614316353 0.32015123730680334 0.4043246572302043 0.06864369822849838 0.06126857670670609 0.3201512551723777
64 0.2708368532119912 0.3107472937491338 0.27794376854052827 0.42589421667554556 0.34628285059497516 0.4955846970976516 0.3462828507990511 0.1973208606982912 0.12344129604473714 0.30060372834836846 0.27465166530346025 0.4955846968795106 0.34402977001241963 0.10882981435257993 0.27465166567899874 0.3462828509525886 0.27465166538829694 0.1945975487797075 0.24836295096658728 0.3462828502608437
53 0.28889771564245714 0.2721359457827817 0.27673538504436823 0.4061449642402512 0.37144615102403344 0.42589421624458257 0.37144615119263913 0.2079620858191002 0.16504355616560176 0.30057532522615316 0.3142911015181249 0.42589421602802463 0.32175399501902635 0.12518806126161763 0.3142911017854829 0.37144615132018927 0.3142911019253923 0.19056712420641408 0.2712929393976342 0.3714461505657606
17 0.29237061371895834 0.2542288154600101 0.2683820111304289 0.3714461514609866 0.38393142307177186 0.3462828505325888 0.3839314235956408 0.23373149038525298 0.21917782801028807 0.3115827681176597 0.3610733409586828 0.3462828505435027 0.28272044635377824 0.16175388591000228 0.3610733406676445 0.38393142336281016 0.361073340929579 0.17904268178350963 0.2853463412302517 0.3839314228389412
54 -0.17202937423746809 0.6387416966069281 -0.29257825147442273 0.2951176757183492 0.32015123555340613 0.30765567451169806 0.320151237211312 -0.16492679489139064 -0.02543942920393611 0.45396941132452273 0.4043246612818426 0.30765567395505417 -0.20238227926893435 0.1195664692020933 0.4043246614316353 0.32015123730680334 0.4043246572302043 0.06864369822849838 0.06126857670670609 0.3201512551723777
48 -0.11018729192556544 0.6631262459888819 -0.30979229462934055 0.3497088866472161 0.26423343584601283 0.4738296723507998 0.2642334370661625 -0.15717363021538128 0.02411370327610455 0.4710400110504449 0.30488379483589345 0.47382967215410193 -0.22857168061868688 0.06385793558894853 0.30488379470959004 0.26423343719863557 0.3048837913379691 0.033030738302722976 0.09929818626958996 0.2642334525123839
28 0.37175439816527006 0.29359877595618933 0.50010915483752 0.2475853438986791 0.276110217084492 0.206173167266636 0.27611021721519224 0.3712374766018436 0.39295783690105685 0.31468628665419446 0.26981104730396943 0.20617316694635232 0.29927305159377815 0.3146488915016072 0.2698110473320548 0.2761102175162587 0.26981104756891383 0.3580986052549383 0.38441008777597024 0.27611021649808104
52 0.3058728996603683 0.21838328354489445 0.3784974264980376 0.20796208626229384 0.23373149018553846 0.1973208610097686 0.23373149060287832 0.5366708540297195 0.494894019928882 0.26004940655870007 0.29399642046133806 0.19732086053939196 0.22050868681236058 0.4328953756300439 0.2939964204908367 0.233731490693847 0.29399642040371676 0.3793183453880734 0.36889202581129654 0.2337314899871653
25 0.34007374998056417 0.3079086167584454 0.5071123227161247 0.29686528886647545 0.25195632411259805 0.3423931710952089 0.25195632471110957 0.3869957343696973 0.23519815964111235 0.29268935143699437 0.2339249654486431 0.3423931705657104 0.41903782387135263 0.1954641666248336 0.23392496543811317 0.25195632461208944 0.23392496520698852 0.4105877197815033 0.3443272936979725 0.25195632381640065
16 0.4085637440552699 0.13289985414525882 0.3686014602169187 0.24484415654751232 0.2760423032381972 0.21013602846915178 0.2760423036972637 0.4246478217219411 0.4194881021958577 0.2102712816960249 0.28887851343175974 0.21013602866662928 0.326518035879352 0.30485627696892625 0.28887851374995466 0.2760423037785104 0.2888785136370803 0.43624740454777006 0.4309991524149767 0.27604230327443335
18 0.4085637440552699 0.13289985414525882 0.3686014602169187 0.24484415654751232 0.2760423032381972 0.21013602846915178 0.2760423036972637 0.4246478217219411 0.4194881021958577 0.2102712816960249 0.28887851343175974 0.21013602866662928 0.326518035879352 0.30485627696892625 0.28887851374995466 0.2760423037785104 0.2888785136370803 0.43624740454777006 0.4309991524149767 0.27604230327443335
46 0.2648037607415064 0.18260281219850574 0.33481955318216533 0.1409470244288603 0.16938849911282977 0.10235414534068824 0.16938849931308744 0.5184062715027927 0.6468509256566374 0.15738050140361884 0.1531443650985791 0.10235414497194004 0.14056963427204813 0.7317574068693665 0.15314436504629064 0.16938849934143105 0.15314436567488673 0.44500473729352 0.2979429440924481 0.16938849645293796
65 0.25489194368547186 0.2942054660170522 0.254367811721472 0.3142911022497057 0.3610733405139602 0.27465166565988863 0.3610733407460803 0.29399642040588525 0.2877354864614503 0.36114658792478466 0.4142038224865506 0.2746516652338255 0.2109911065072314 0.23647027358198258 0.41420382234293796 0.3610733409556223 0.41420382234105657 0.15400359834882366 0.2722664651548965 0.36107334021037085
56 0.4745739022976585 0.06928969032593664 0.39447125980649794 0.19056712450545588 0.1790426815814212 0.19459754878974259 0.1790426820970993 0.37931834528293845 0.3232142933198065 0.11118758944036501 0.1540035984268475 0.1945975487329893 0.4829559131509643 0.22695160718655935 0.15400359830129667 0.17904268200011542 0.15400359856181903 0.738432005097468 0.46064568071159845 0.17904268148182068
30 0.25489194368547186 0.2942054660170522 0.254367811721472 0.3142911022497057 0.3610733405139602 0.27465166565988863 0.3610733407460803 0.29399642040588525 0.2877354864614503 0.36114658792478466 0.4142038224865506 0.2746516652338255 0.2109911065072314 0.23647027358198258 0.41420382234293796 0.3610733409556223 0.41420382234105657 0.15400359834882366 0.2722664651548965 0.36107334021037085
38 0.42602256359511814 0.15616572073566962 0.4730445396738934 0.20043321325570498 0.21978173217860786 0.16815442550402357 0.21978173243827293 0.42485094910927984 0.449043910131289 0.18427355672141799 0.19942275911644308 0.16815442551697113 0.32917444034395965 0.33920464382589116 0.19942275888787206 0.2197817324646245 0.19942275868850076 0.5661065155756666 0.44825244352678295 0.21978173213535118
63 0.359872319235112 0.24245259190578866 0.45546195194156175 0.2476095137300445 0.2650430503770427 0.2278719747669039 0.2650430505907011 0.434745995411955 0.4004374986040381 0.2830283393234222 0.27882985222911105 0.2278719746390563 0.3004534018307304 0.31195384323711883 0.27882985254932163 0.2650430505524181 0.2788298523870794 0.39269182024956906 0.3919415275365139 0.2650430500175784
59 0.2708368532119912 0.3107472937491338 0.27794376854052827 0.42589421667554556 0.34628285059497516 0.4955846970976516 0.3462828507990511 0.1973208606982912 0.12344129604473714 0.30060372834836846 0.27465166530346025 0.4955846968795106 0.34402977001241963 0.10882981435257993 0.27465166567899874 0.3462828509525886 0.27465166538829694 0.1945975487797075 0.24836295096658728 0.3462828502608437
13 0.29237061371895834 0.2542288154600101 0.2683820111304289 0.3714461514609866 0.38393142307177186 0.3462828505325888 0.3839314235956408 0.23373149038525298 0.21917782801028807 0.3115827681176597 0.3610733409586828 0.3462828505435027 0.28272044635377824 0.16175388591000228 0.3610733406676445 0.38393142336281016 0.361073340929579 0.17904268178350963 0.2853463412302517 0.3839314228389412
60 0.359872319235112 0.24245259190578866 0.45546195194156175 0.2476095137300445 0.2650430503770427 0.2278719747669039 0.2650430505907011 0.434745995411955 0.4004374986040381 0.2830283393234222 0.27882985222911105 0.2278719746390563 0.3004534018307304 0.31195384323711883 0.27882985254932163 0.2650430505524181 0.2788298523870794 0.39269182024956906 0.3919415275365139 0.2650430500175784
19 0.46459286731304 0.10318673793452554 0.36478950221286227 0.2888977162258955 0.29237061346548604 0.27083685327279694 0.29237061377327994 0.30587289961292213 0.2883181468627315 0.16933928451594657 0.25489194383051283 0.2708368531374471 0.4631477046712204 0.19270060085163668 0.2548919434914841 0.29237061400036507 0.254891943727962 0.47457390223689594 0.4372806820068052 0.2923706129168496
37 0.2439653151317989 0.4511624400196115 0.5423185693389087 0.24007123207212525 0.21812927305094446 0.2774773389589917 0.21812927305304594 0.4968234130052462 0.35357276496427503 0.36684340822773426 0.2486338011304003 0.2774773385420679 0.258807488049266 0.3256429171585587 0.24863380102538912 0.21812927327938578 0.2486338012926464 0.3155239480868443 0.276447656721181 0.2181292712375199
9 0.29237061371895834 0.2542288154600101 0.2683820111304289 0.3714461514609866 0.38393142307177186 0.3462828505325888 0.3839314235956408 0.23373149038525298 0.21917782801028807 0.3115827681176597 0.3610733409586828 0.3462828505435027 0.28272044635377824 0.16175388591000228 0.3610733406676445 0.38393142336281016 0.361073340929579 0.17904268178350963 0.2853463412302517 0.3839314228389412
26 0.30724824815191043 0.3705100908056928 0.5291067559642649 0.24555768664796265 0.24853500253331048 0.24330417588686365 0.2485350028463176 0.4370514602505564 0.3747425703032529 0.34670672569438377 0.26132886427700397 0.24330417557035236 0.277095188534161 0.3200814718248239 0.2613288642479056 0.24853500300550269 0.26132886468563393 0.3386178211883842 0.33491796441869903 0.2485350015064244
