id,x_0,x_1,x_2,x_3,x_4,x_5,x_6,x_7,x_8,x_9,x_10
0.0,1.7373703636702,0.0339465594718642,2.220446049250313e-16,2.220446049250313e-16,1.5082066947128832,0.00931745597882397,0.01267190813865314,2.220446049250313e-16,2.220446049250313e-16,0.10383290776595547,0.31684783174776904
1.0,0.018260387798966805,0.019204249809253504,2.25139601777843,0.009333136292130319,2.220446049250313e-16,0.042596003350005913,0.2867081177851963,0.07311006085160986,2.220446049250313e-16,0.13970939731643256,2.220446049250313e-16
2.0,2.220446049250313e-16,2.220446049250313e-16,2.220446049250313e-16,0.04080459332543819,1.5999574941788888,0.13253623176915785,2.220446049250313e-16,0.02419318162776531,1.5911371106035213,0.5662397127312929,0.18308895133738706
3.0,0.018260387798966805,0.019204249809253504,2.25139601777843,0.009333136292130319,2.220446049250313e-16,0.042596003350005913,0.2867081177851963,0.07311006085160986,2.220446049250313e-16,0.13970939731643256,2.220446049250313e-16
4.0,1.7373703636702,0.0339465594718642,2.220446049250313e-16,2.220446049250313e-16,1.5082066947128832,0.00931745597882397,0.01267190813865314,2.220446049250313e-16,2.220446049250313e-16,0.10383290776595547,0.31684783174776904
5.0,0.035028248350282454,0.19371688110025498,0.16266261655979944,1.3723060168315862,2.220446049250313e-16,0.4828240647681832,2.220446049250313e-16,2.220446049250313e-16,0.06481864750969053,1.4695414388186374,2.220446049250313e-16
6.0,1.7373703636702,0.0339465594718642,2.220446049250313e-16,2.220446049250313e-16,1.5082066947128832,0.00931745597882397,0.01267190813865314,2.220446049250313e-16,2.220446049250313e-16,0.10383290776595547,0.31684783174776904
7.0,0.018260387798966805,0.019204249809253504,2.25139601777843,0.009333136292130319,2.220446049250313e-16,0.042596003350005913,0.2867081177851963,0.07311006085160986,2.220446049250313e-16,0.13970939731643256,2.220446049250313e-16
8.0,2.220446049250313e-16,2.220446049250313e-16,2.220446049250313e-16,0.04080459332543819,1.5999574941788888,0.13253623176915785,2.220446049250313e-16,0.02419318162776531,1.5911371106035213,0.5662397127312929,0.18308895133738706
9.0,0.018260387798966805,0.019204249809253504,2.25139601777843,0.009333136292130319,2.220446049250313e-16,0.042596003350005913,0.2867081177851963,0.07311006085160986,2.220446049250313e-16,0.13970939731643256,2.220446049250313e-16
10.0,1.7373703636702,0.0339465594718642,2.220446049250313e-16,2.220446049250313e-16,1.5082066947128832,0.00931745597882397,0.01267190813865314,2.220446049250313e-16,2.220446049250313e-16,0.10383290776595547,0.31684783174776904
11.0,0.035028248350282454,0.19371688110025498,0.16266261655979944,1.3723060168315862,2.220446049250313e-16,0.4828240647681832,2.220446049250313e-16,2.220446049250313e-16,0.06481864750969053,1.4695414388186374,2.220446049250313e-16
12.0,1.7373703636702,0.0339465594718642,2.220446049250313e-16,2.220446049250313e-16,1.5082066947128832,0.00931745597882397,0.01267190813865314,2.220446049250313e-16,2.220446049250313e-16,0.10383290776595547,0.31684783174776904
13.0,0.018260387798966805,0.019204249809253504,2.25139601777843,0.009333136292130319,2.220446049250313e-16,0.042596003350005913,0.2867081177851963,0.07311006085160986,2.220446049250313e-16,0.13970939731643256,2.220446049250313e-16
14.0,2.220446049250313e-16,2.220446049250313e-16,2.220446049250313e-16,0.04080459332543819,1.5999574941788888,0.13253623176915785,2.220446049250313e-16,0.02419318162776531,1.5911371106035213,0.5662397127312929,0.18308895133738706
15.0,0.018260387798966805,0.019204249809253504,2.25139601777843,0.009333136292130319,2.220446049250313e-16,0.042596003350005913,0.2867081177851963,0.07311006085160986,2.220446049250313e-16,0.13970939731643256,2.220446049250313e-16
16.0,1.7373703636702,0.0339465594718642,2.220446049250313e-16,2.220446049250313e-16,1.5082066947128832,0.00931745597882397,0.01267190813865314,2.220446049250313e-16,2.220446049250313e-16,0.10383290776595547,0.31684783174776904
17.0,0.035028248350282454,0.19371688110025498,0.16266261655979944,1.3723060168315862,2.220446049250313e-16,0.4828240647681832,2.220446049250313e-16,2.220446049250313e-16,0.06481864750969053,1.4695414388186374,2.220446049250313e-16
18.0,0.05665490938769063,2.307804633491902,0.014669569261944536,0.11821616420925199,0.010560831605589098,2.220446049250313e-16,2.220446049250313e-16,0.17297261423219776,0.028018231820599333,0.1066608929368726,0.013734769783498475
19.0,0.21863558403575847,0.008129439381212578,2.220446049250313e-16,0.0001009162831167825,0.08700631213475324,2.220446049250313e-16,2.220446049250313e-16,0.02747372272774957,0.02853101958139284,2.220446049250313e-16,1.8807443620453836
20.0,0.21863558403575847,0.008129439381212578,2.220446049250313e-16,0.0001009162831167825,0.08700631213475324,2.220446049250313e-16,2.220446049250313e-16,0.02747372272774957,0.02853101958139284,2.220446049250313e-16,1.8807443620453836
21.0,2.220446049250313e-16,0.07946252175159056,2.220446049250313e-16,1.6899009358998225,2.220446049250313e-16,0.6913659901147301,2.220446049250313e-16,2.220446049250313e-16,0.014179598170504418,2.220446049250313e-16,0.00016838667685194835
22.0,2.220446049250313e-16,0.07946252175159056,2.220446049250313e-16,1.6899009358998225,2.220446049250313e-16,0.6913659901147301,2.220446049250313e-16,2.220446049250313e-16,0.014179598170504418,2.220446049250313e-16,0.00016838667685194835
23.0,2.220446049250313e-16,0.09892680491832533,0.2621102992476847,2.220446049250313e-16,2.220446049250313e-16,2.220446049250313e-16,1.5790406151115874,1.715386210795479,0.05283371394772983,2.220446049250313e-16,0.028978432641099873
24.0,2.220446049250313e-16,0.013244484913902574,0.0035438889863070866,2.220446049250313e-16,1.4018204732537676,0.1231012357248629,0.16819586933544084,0.12622135217220917,1.8628595188372776,2.220446049250313e-16,0.19200422390771876
25.0,2.220446049250313e-16,2.220446049250313e-16,0.16858802758332284,0.01104541992830499,0.08400097322859151,1.1011950217364708,1.7331498502418765,2.220446049250313e-16,0.12888317263666718,2.220446049250313e-16,2.220446049250313e-16
26.0,2.220446049250313e-16,2.220446049250313e-16,0.16858802758332284,0.01104541992830499,0.08400097322859151,1.1011950217364708,1.7331498502418765,2.220446049250313e-16,0.12888317263666718,2.220446049250313e-16,2.220446049250313e-16
27.0,2.220446049250313e-16,2.220446049250313e-16,0.16858802758332284,0.01104541992830499,0.08400097322859151,1.1011950217364708,1.7331498502418765,2.220446049250313e-16,0.12888317263666718,2.220446049250313e-16,2.220446049250313e-16
28.0,0.05665490938769063,2.307804633491902,0.014669569261944536,0.11821616420925199,0.010560831605589098,2.220446049250313e-16,2.220446049250313e-16,0.17297261423219776,0.028018231820599333,0.1066608929368726,0.013734769783498475
29.0,0.21863558403575847,0.008129439381212578,2.220446049250313e-16,0.0001009162831167825,0.08700631213475324,2.220446049250313e-16,2.220446049250313e-16,0.02747372272774957,0.02853101958139284,2.220446049250313e-16,1.8807443620453836
30.0,0.21863558403575847,0.008129439381212578,2.220446049250313e-16,0.0001009162831167825,0.08700631213475324,2.220446049250313e-16,2.220446049250313e-16,0.02747372272774957,0.02853101958139284,2.220446049250313e-16,1.8807443620453836
31.0,2.220446049250313e-16,0.07946252175159056,2.220446049250313e-16,1.6899009358998225,2.220446049250313e-16,0.6913659901147301,2.220446049250313e-16,2.220446049250313e-16,0.014179598170504418,2.220446049250313e-16,0.00016838667685194835
32.0,2.220446049250313e-16,0.07946252175159056,2.220446049250313e-16,1.6899009358998225,2.220446049250313e-16,0.6913659901147301,2.220446049250313e-16,2.220446049250313e-16,0.014179598170504418,2.220446049250313e-16,0.00016838667685194835
33.0,0.05665490938769063,2.307804633491902,0.014669569261944536,0.11821616420925199,0.010560831605589098,2.220446049250313e-16,2.220446049250313e-16,0.17297261423219776,0.028018231820599333,0.1066608929368726,0.013734769783498475
34.0,0.21863558403575847,0.008129439381212578,2.220446049250313e-16,0.0001009162831167825,0.08700631213475324,2.220446049250313e-16,2.220446049250313e-16,0.02747372272774957,0.02853101958139284,2.220446049250313e-16,1.8807443620453836
35.0,0.21863558403575847,0.008129439381212578,2.220446049250313e-16,0.0001009162831167825,0.08700631213475324,2.220446049250313e-16,2.220446049250313e-16,0.02747372272774957,0.02853101958139284,2.220446049250313e-16,1.8807443620453836
36.0,2.220446049250313e-16,0.07946252175159056,2.220446049250313e-16,1.6899009358998225,2.220446049250313e-16,0.6913659901147301,2.220446049250313e-16,2.220446049250313e-16,0.014179598170504418,2.220446049250313e-16,0.00016838667685194835
37.0,2.220446049250313e-16,0.07946252175159056,2.220446049250313e-16,1.6899009358998225,2.220446049250313e-16,0.6913659901147301,2.220446049250313e-16,2.220446049250313e-16,0.014179598170504418,2.220446049250313e-16,0.00016838667685194835
38.0,2.220446049250313e-16,0.09892680491832533,0.2621102992476847,2.220446049250313e-16,2.220446049250313e-16,2.220446049250313e-16,1.5790406151115874,1.715386210795479,0.05283371394772983,2.220446049250313e-16,0.028978432641099873
39.0,2.220446049250313e-16,0.013244484913902574,0.0035438889863070866,2.220446049250313e-16,1.4018204732537676,0.1231012357248629,0.16819586933544084,0.12622135217220917,1.8628595188372776,2.220446049250313e-16,0.19200422390771876
40.0,2.220446049250313e-16,2.220446049250313e-16,0.16858802758332284,0.01104541992830499,0.08400097322859151,1.1011950217364708,1.7331498502418765,2.220446049250313e-16,0.12888317263666718,2.220446049250313e-16,2.220446049250313e-16
41.0,2.220446049250313e-16,2.220446049250313e-16,0.16858802758332284,0.01104541992830499,0.08400097322859151,1.1011950217364708,1.7331498502418765,2.220446049250313e-16,0.12888317263666718,2.220446049250313e-16,2.220446049250313e-16
42.0,2.220446049250313e-16,2.220446049250313e-16,0.16858802758332284,0.01104541992830499,0.08400097322859151,1.1011950217364708,1.7331498502418765,2.220446049250313e-16,0.12888317263666718,2.220446049250313e-16,2.220446049250313e-16
43.0,0.05665490938769063,2.307804633491902,0.014669569261944536,0.11821616420925199,0.010560831605589098,2.220446049250313e-16,2.220446049250313e-16,0.17297261423219776,0.028018231820599333,0.1066608929368726,0.013734769783498475
44.0,0.21863558403575847,0.008129439381212578,2.220446049250313e-16,0.0001009162831167825,0.08700631213475324,2.220446049250313e-16,2.220446049250313e-16,0.02747372272774957,0.02853101958139284,2.220446049250313e-16,1.8807443620453836
45.0,0.21863558403575847,0.008129439381212578,2.220446049250313e-16,0.0001009162831167825,0.08700631213475324,2.220446049250313e-16,2.220446049250313e-16,0.02747372272774957,0.02853101958139284,2.220446049250313e-16,1.8807443620453836
46.0,2.220446049250313e-16,0.07946252175159056,2.220446049250313e-16,1.6899009358998225,2.220446049250313e-16,0.6913659901147301,2.220446049250313e-16,2.220446049250313e-16,0.014179598170504418,2.220446049250313e-16,0.00016838667685194835
47.0,2.220446049250313e-16,0.07946252175159056,2.220446049250313e-16,1.6899009358998225,2.220446049250313e-16,0.6913659901147301,2.220446049250313e-16,2.220446049250313e-16,0.014179598170504418,2.220446049250313e-16,0.00016838667685194835
48.0,0.05665490938769063,2.307804633491902,0.014669569261944536,0.11821616420925199,0.010560831605589098,2.220446049250313e-16,2.220446049250313e-16,0.17297261423219776,0.028018231820599333,0.1066608929368726,0.013734769783498475
49.0,0.21863558403575847,0.008129439381212578,2.220446049250313e-16,0.0001009162831167825,0.08700631213475324,2.220446049250313e-16,2.220446049250313e-16,0.02747372272774957,0.02853101958139284,2.220446049250313e-16,1.8807443620453836
50.0,0.21863558403575847,0.008129439381212578,2.220446049250313e-16,0.0001009162831167825,0.08700631213475324,2.220446049250313e-16,2.220446049250313e-16,0.02747372272774957,0.02853101958139284,2.220446049250313e-16,1.8807443620453836
51.0,2.220446049250313e-16,0.07946252175159056,2.220446049250313e-16,1.6899009358998225,2.220446049250313e-16,0.6913659901147301,2.220446049250313e-16,2.220446049250313e-16,0.014179598170504418,2.220446049250313e-16,0.00016838667685194835
52.0,2.220446049250313e-16,0.07946252175159056,2.220446049250313e-16,1.6899009358998225,2.220446049250313e-16,0.6913659901147301,2.220446049250313e-16,2.220446049250313e-16,0.014179598170504418,2.220446049250313e-16,0.00016838667685194835
53.0,2.220446049250313e-16,0.09892680491832533,0.2621102992476847,2.220446049250313e-16,2.220446049250313e-16,2.220446049250313e-16,1.5790406151115874,1.715386210795479,0.05283371394772983,2.220446049250313e-16,0.028978432641099873
54.0,2.220446049250313e-16,0.013244484913902609,0.0035438889863068646,2.220446049250313e-16,1.4018204732537674,0.12310123572486277,0.16819586933544095,0.12622135217220926,1.8628595188372779,2.220446049250313e-16,0.1920042239077187
55.0,2.220446049250313e-16,2.220446049250313e-16,0.16858802758332284,0.01104541992830499,0.08400097322859151,1.1011950217364708,1.7331498502418765,2.220446049250313e-16,0.12888317263666718,2.220446049250313e-16,2.220446049250313e-16
56.0,2.220446049250313e-16,2.220446049250313e-16,0.16858802758332284,0.01104541992830499,0.08400097322859151,1.1011950217364708,1.7331498502418765,2.220446049250313e-16,0.12888317263666718,2.220446049250313e-16,2.220446049250313e-16
57.0,2.220446049250313e-16,2.220446049250313e-16,0.16858802758332284,0.01104541992830499,0.08400097322859151,1.1011950217364708,1.7331498502418765,2.220446049250313e-16,0.12888317263666718,2.220446049250313e-16,2.220446049250313e-16
58.0,0.05665490938769063,2.307804633491902,0.014669569261944536,0.11821616420925199,0.010560831605589098,2.220446049250313e-16,2.220446049250313e-16,0.17297261423219776,0.028018231820599333,0.1066608929368726,0.013734769783498475
59.0,0.21863558403575847,0.008129439381212578,2.220446049250313e-16,0.0001009162831167825,0.08700631213475324,2.220446049250313e-16,2.220446049250313e-16,0.02747372272774957,0.02853101958139284,2.220446049250313e-16,1.8807443620453836
60.0,0.2186355840357581,0.008129439381212356,2.220446049250313e-16,0.00010091628311663308,0.08700631213475304,2.220446049250313e-16,2.220446049250313e-16,0.02747372272774947,0.02853101958139285,2.220446049250313e-16,1.880744362045383
61.0,2.220446049250313e-16,0.07946252175159056,2.220446049250313e-16,1.6899009358998225,2.220446049250313e-16,0.6913659901147301,2.220446049250313e-16,2.220446049250313e-16,0.014179598170504418,2.220446049250313e-16,0.00016838667685194835
62.0,2.220446049250313e-16,0.07946252175159056,2.220446049250313e-16,1.6899009358998225,2.220446049250313e-16,0.6913659901147301,2.220446049250313e-16,2.220446049250313e-16,0.014179598170504418,2.220446049250313e-16,0.00016838667685194835
