id,x_0,x_1,x_2,x_3,x_4,x_5,x_6,x_7,x_8,x_9,x_10,x_11,x_12,x_13,x_14
0.0,0.013349623642472115,0.2776823442568198,2.220446049250313e-16,0.2542353993650093,1.3877787807814457e-17,2.220446049250313e-16,2.220446049250313e-16,0.40281996533073233,0.4420203664983759,2.220446049250313e-16,2.220446049250313e-16,1.041945878862113,2.220446049250313e-16,0.5884396714122037,2.220446049250313e-16
1.0,2.220446049250313e-16,0.45502823052410996,0.3645948527548448,2.220446049250313e-16,0.54452371286142,0.3742801494585682,0.01367958301264324,2.220446049250313e-16,0.5108707842248319,0.40553101669725716,0.05823751158155337,0.0012191588905891982,0.8981552682551359,2.220446049250313e-16,2.220446049250313e-16
2.0,2.220446049250313e-16,0.5643990681148942,2.220446049250313e-16,0.10485601077979156,2.220446049250313e-16,2.220446049250313e-16,2.220446049250313e-16,0.025199738135623737,0.05901130883883572,0.004243871076941136,2.220446049250313e-16,1.0820362741408571,2.220446049250313e-16,0.5859703065988173,0.5931084396490585
3.0,0.6111162316753567,2.220446049250313e-16,0.6031733585757277,2.220446049250313e-16,0.4968861796755753,2.220446049250313e-16,2.220446049250313e-16,2.220446049250313e-16,0.4955557336175114,0.9181889160071839,2.220446049250313e-16,0.008015413338065807,0.2472188237068298,2.220446049250313e-16,0.36204709752937664
4.0,0.4194950744416778,0.4417393448119327,0.23563132911392953,0.49686746591864284,0.39136438639379323,2.220446049250313e-16,0.8146784093614917,2.220446049250313e-16,2.220446049250313e-16,2.220446049250313e-16,2.220446049250313e-16,0.2659951755211176,2.220446049250313e-16,2.220446049250313e-16,0.4373251862219624
5.0,2.220446049250313e-16,0.4612511328059531,0.3672179086809918,2.220446049250313e-16,0.4992233339926948,0.008602342257902884,0.014497663871253742,2.220446049250313e-16,0.5097364156101846,0.8930373067098561,2.220446049250313e-16,0.001202451136599109,0.8848816300069237,2.220446049250313e-16,2.220446049250313e-16
6.0,2.220446049250313e-16,2.220446049250313e-16,2.220446049250313e-16,0.10736748600750236,2.220446049250313e-16,2.220446049250313e-16,2.220446049250313e-16,0.7630100139672769,2.220446049250313e-16,2.220446049250313e-16,2.220446049250313e-16,1.0344899079668581,2.220446049250313e-16,0.5888989213659734,0.1687670379759797
7.0,2.220446049250313e-16,0.7442429171277963,2.220446049250313e-16,2.220446049250313e-16,0.4968609876706413,0.00033746729193992784,0.008814999549640443,0.011060894560170127,0.43130402609749324,0.9184600232510964,0.6299458374590313,2.220446049250313e-16,0.07850587031628412,2.220446049250313e-16,2.220446049250313e-16
8.0,0.7814077977085808,2.220446049250313e-16,2.220446049250313e-16,2.220446049250313e-16,2.220446049250313e-16,9.976351504814573e-05,2.220446049250313e-16,0.6557661656130147,0.2118827518910978,0.0023275446708624294,2.220446049250313e-16,0.5089909985310799,0.09486235286763425,0.6212669862705849,0.375292262997829
9.0,2.220446049250313e-16,0.7363332043101724,2.220446049250313e-16,2.220446049250313e-16,0.5280947464836329,0.001620830387798918,0.45315050297344395,0.2610147550595455,2.220446049250313e-16,0.5823336096907277,0.06076750640221396,2.220446049250313e-16,0.8124078104596911,2.220446049250313e-16,2.220446049250313e-16
10.0,0.0005899376099597951,0.2817688862052645,2.220446049250313e-16,2.220446049250313e-16,2.220446049250313e-16,2.220446049250313e-16,2.220446049250313e-16,0.2065578029430103,0.5040249508401055,0.0033800145557854387,2.220446049250313e-16,1.0585884182803298,2.220446049250313e-16,0.587414575476905,0.5561993695780266
11.0,2.220446049250313e-16,0.7442293890118734,2.220446049250313e-16,2.220446049250313e-16,0.4981344418904453,2.220446049250313e-16,0.009780172665947546,2.220446049250313e-16,0.5373572236164406,0.9047555696085136,0.28118478124160146,0.00044268810721356344,0.5388878534586573,2.220446049250313e-16,2.220446049250313e-16
12.0,0.0010329124178539426,2.220446049250313e-16,2.220446049250313e-16,2.220446049250313e-16,2.220446049250313e-16,2.220446049250313e-16,2.220446049250313e-16,0.7710046075498138,2.220446049250313e-16,2.220446049250313e-16,2.220446049250313e-16,1.0096183249442572,2.220446049250313e-16,0.5904308846090954,0.39479154625429347
13.0,2.220446049250313e-16,0.7440979431862852,2.220446049250313e-16,2.220446049250313e-16,0.4992247336975577,0.006935870737244071,0.010520338852698402,2.220446049250313e-16,0.5096971593480287,0.893022243592492,2.220446049250313e-16,0.0004430410236530664,0.8853824108042346,2.220446049250313e-16,2.220446049250313e-16
14.0,0.7772444246331265,0.4451573979138307,2.220446049250313e-16,0.16569444746185008,2.220446049250313e-16,0.0029959940941595487,0.6441168131148517,0.26774550329453856,2.220446049250313e-16,2.220446049250313e-16,2.220446049250313e-16,0.17514367350587454,2.220446049250313e-16,0.34353850185531115,0.6628200771114175
15.0,0.4142924670714971,2.220446049250313e-16,0.6325405966609249,0.9458913375905551,0.39136438639379323,0.00793397002457061,0.7959289913681582,2.220446049250313e-16,2.220446049250313e-16,2.220446049250313e-16,2.220446049250313e-16,0.24137773141877547,0.003414387010420722,2.220446049250313e-16,2.220446049250313e-16
16.0,0.0029024463285428023,2.220446049250313e-16,0.01299662157702347,0.9414584286787925,0.577691923218803,0.2888125857555974,0.622724279412902,2.220446049250313e-16,2.220446049250313e-16,0.048586735402302766,2.220446049250313e-16,0.4914453653255226,0.0015400345984155892,2.220446049250313e-16,2.220446049250313e-16
17.0,0.42832361624947407,2.220446049250313e-16,0.6125783453070343,0.13019378179341587,0.5012256742312267,2.220446049250313e-16,2.220446049250313e-16,0.0026266501830898873,0.025893634903778568,0.8714888454076433,2.220446049250313e-16,2.220446049250313e-16,0.31511516557928043,2.220446049250313e-16,0.6390936527283326
18.0,2.220446049250313e-16,2.220446049250313e-16,0.019332688512088744,0.4313084714140849,2.220446049250313e-16,1.0088557070397197,2.220446049250313e-16,2.220446049250313e-16,0.09642106253561468,0.02599404731447611,0.27566242391249535,0.004147257569147798,0.5729219548866324,0.29803633470925583,2.220446049250313e-16
19.0,2.220446049250313e-16,0.2817190389146124,0.38520648483577297,0.9106351625686967,2.220446049250313e-16,0.008662661904224885,2.220446049250313e-16,0.03380064707774432,2.220446049250313e-16,2.220446049250313e-16,2.220446049250313e-16,1.0384336828129084,0.00398787117518652,2.220446049250313e-16,2.220446049250313e-16
20.0,2.220446049250313e-16,2.220446049250313e-16,0.01893446225421529,0.4298764870729166,2.220446049250313e-16,0.9871664635126034,2.220446049250313e-16,2.220446049250313e-16,2.220446049250313e-16,0.01746809603954152,0.014063635198561112,0.016684928615442806,0.8339596503168425,0.29726407782557385,0.21159248087924942
21.0,2.220446049250313e-16,2.220446049250313e-16,2.220446049250313e-16,2.220446049250313e-16,2.220446049250313e-16,0.9379750049109626,2.220446049250313e-16,0.18110139207411446,2.220446049250313e-16,2.220446049250313e-16,0.7816152289179642,2.220446049250313e-16,0.16874016020635957,2.220446049250313e-16,0.44694413414053125
22.0,2.220446049250313e-16,2.220446049250313e-16,2.220446049250313e-16,2.220446049250313e-16,2.220446049250313e-16,0.9379750049109626,2.220446049250313e-16,0.18110139207411446,2.220446049250313e-16,2.220446049250313e-16,0.7816152289179642,2.220446049250313e-16,0.16874016020635957,2.220446049250313e-16,0.44694413414053125
23.0,0.012672605687672736,2.220446049250313e-16,0.6642815514025175,0.637833170107181,2.220446049250313e-16,0.3288413381305028,0.1818974632832167,0.003355172019642868,2.220446049250313e-16,0.2884678282338062,2.220446049250313e-16,2.220446049250313e-16,0.7010644069228158,2.220446049250313e-16,0.4350172414691631
24.0,0.42639023620160293,0.27154067075384436,0.24610132420613712,2.220446049250313e-16,0.5593086545361863,2.220446049250313e-16,0.6311091976786344,0.020481223484066603,0.6343454124783983,0.24642082283318748,0.11226436892081328,2.220446049250313e-16,0.5547193075883038,2.220446049250313e-16,0.14806328739063737
25.0,0.0010091657774612508,2.220446049250313e-16,2.220446049250313e-16,2.220446049250313e-16,2.220446049250313e-16,4.440892098500626e-16,2.220446049250313e-16,0.7697887661923793,2.220446049250313e-16,0.16171122895064885,2.220446049250313e-16,1.01987756201303,2.220446049250313e-16,0.23547250473838022,0.39305169110859167
26.0,2.220446049250313e-16,0.27957314414902185,2.220446049250313e-16,2.220446049250313e-16,0.5629097602655371,0.1859036405378684,2.220446049250313e-16,0.6211556786681459,2.220446049250313e-16,0.20766702567078524,1.0146439610594153,2.220446049250313e-16,2.220446049250313e-16,2.220446049250313e-16,2.220446049250313e-16
27.0,2.220446049250313e-16,2.220446049250313e-16,0.40006285929828983,0.08831646735264254,2.220446049250313e-16,0.4701986787885342,2.220446049250313e-16,2.220446049250313e-16,0.04736336225921617,0.6739783428948942,2.220446049250313e-16,2.220446049250313e-16,0.9197341433613714,0.354326462952618,0.2274790361099594
28.0,0.8081586692983718,2.220446049250313e-16,0.605658077211523,0.9210388013502147,0.3913643863937932,0.00942565333798847,0.6079617501027488,2.220446049250313e-16,2.220446049250313e-16,2.220446049250313e-16,2.220446049250313e-16,0.11834798866270217,0.0036170878864426213,2.220446049250313e-16,2.220446049250313e-16
29.0,0.8060494561165298,2.220446049250313e-16,0.6054744014091433,0.9347843446709343,0.39136438639379345,0.008519577611623192,0.7960247231468706,0.00021727851875478525,2.220446049250313e-16,2.220446049250313e-16,2.220446049250313e-16,2.220446049250313e-16,0.003525470152312489,2.220446049250313e-16,2.220446049250313e-16
30.0,0.8060494561165298,2.220446049250313e-16,0.6054744014091433,0.9347843446709343,0.39136438639379345,0.008519577611623192,0.7960247231468706,0.00021727851875478525,2.220446049250313e-16,2.220446049250313e-16,2.220446049250313e-16,2.220446049250313e-16,0.003525470152312489,2.220446049250313e-16,2.220446049250313e-16
31.0,0.8023680131853946,2.220446049250313e-16,0.5903850472694867,2.220446049250313e-16,0.5152126543594798,2.220446049250313e-16,0.22639759455412373,0.00023637814062529792,0.03466431784024359,0.7209660250452599,2.220446049250313e-16,0.0046978496443778025,2.220446049250313e-16,2.220446049250313e-16,0.8509881089745626
32.0,0.8023680131853946,2.220446049250313e-16,0.5903850472694867,2.220446049250313e-16,0.5152126543594798,2.220446049250313e-16,0.22639759455412373,0.00023637814062529792,0.03466431784024359,0.7209660250452599,2.220446049250313e-16,0.0046978496443778025,2.220446049250313e-16,2.220446049250313e-16,0.8509881089745626
33.0,2.220446049250313e-16,2.220446049250313e-16,0.024863180489897503,0.2415755259257556,2.220446049250313e-16,0.9953397785483786,2.220446049250313e-16,2.220446049250313e-16,0.12397656651271735,0.037613705989044455,0.5589921971206249,0.0015824914415354374,0.2277773325978312,0.6525207742342184,2.220446049250313e-16
34.0,0.007942354732828895,0.4564562875636251,2.220446049250313e-16,0.6290762476877185,2.220446049250313e-16,2.220446049250313e-16,0.008487228256990251,0.20445420713553325,2.220446049250313e-16,2.220446049250313e-16,2.220446049250313e-16,1.0403745570650573,2.220446049250313e-16,2.220446049250313e-16,0.1962449334190574
35.0,0.0173904449490862,2.220446049250313e-16,0.6777642800816862,0.09235210757148643,2.220446049250313e-16,0.31016147541344746,2.220446049250313e-16,2.220446049250313e-16,0.07521280113171419,0.6856754353369454,0.25886471251250043,2.220446049250313e-16,0.5734848210742094,0.35432646295261805,0.22572307674099926
36.0,2.220446049250313e-16,2.220446049250313e-16,2.220446049250313e-16,2.220446049250313e-16,2.220446049250313e-16,0.9256261071149394,2.220446049250313e-16,2.220446049250313e-16,0.6736907519287333,0.003663496436823937,0.931587760789705,2.220446049250313e-16,0.07124382158941972,2.220446049250313e-16,0.14923158780103643
37.0,2.220446049250313e-16,2.220446049250313e-16,2.220446049250313e-16,2.220446049250313e-16,2.220446049250313e-16,0.9256261071149394,2.220446049250313e-16,2.220446049250313e-16,0.6736907519287333,0.003663496436823937,0.931587760789705,2.220446049250313e-16,0.07124382158941972,2.220446049250313e-16,0.14923158780103643
38.0,2.220446049250313e-16,2.220446049250313e-16,2.220446049250313e-16,2.220446049250313e-16,2.220446049250313e-16,2.220446049250313e-16,0.8043075063051801,0.9572523237506402,2.220446049250313e-16,2.220446049250313e-16,0.36418678064482995,0.013298520506731012,0.7054870399207601,2.220446049250313e-16,2.220446049250313e-16
39.0,2.220446049250313e-16,2.220446049250313e-16,2.220446049250313e-16,2.220446049250313e-16,2.220446049250313e-16,2.220446049250313e-16,0.803955723898412,0.9406401678078771,2.220446049250313e-16,2.220446049250313e-16,0.512968968630305,0.014788592608289373,0.5284139473930053,2.220446049250313e-16,2.220446049250313e-16
40.0,0.7818111669194424,2.220446049250313e-16,2.220446049250313e-16,2.220446049250313e-16,1.1102230246251565e-16,2.220446049250313e-16,2.220446049250313e-16,0.9575572926168131,2.220446049250313e-16,2.220446049250313e-16,0.10709985824288355,0.4957677467771421,5.551115123125783e-17,0.2677550084926005,0.1976558207950792
41.0,2.220446049250313e-16,2.220446049250313e-16,2.220446049250313e-16,2.220446049250313e-16,0.577660141545234,0.040980273784706714,0.4421256466045722,0.7935146983131309,2.220446049250313e-16,0.04892875827625644,1.001284883791309,2.220446049250313e-16,2.220446049250313e-16,2.220446049250313e-16,2.220446049250313e-16
42.0,0.5884292028256788,2.220446049250313e-16,2.220446049250313e-16,2.220446049250313e-16,2.220446049250313e-16,2.220446049250313e-16,0.36115384217929164,1.0091458126735176,2.220446049250313e-16,0.03448301196319075,0.21732680413313277,0.22691070734770108,0.301347686364936,2.220446049250313e-16,2.220446049250313e-16
43.0,2.220446049250313e-16,0.566273993437556,0.020164076046463253,0.6629113911472921,0.5508993800544005,0.016804618156557472,0.1743438807482816,0.004611681564266295,0.05922552429639794,0.3369183927584466,2.220446049250313e-16,2.220446049250313e-16,0.802973700241193,1.1102230246251565e-16,0.21886368371323486
44.0,2.5576616419324388e-05,0.5645204859420452,2.220446049250313e-16,2.220446049250313e-16,2.220446049250313e-16,2.220446049250313e-16,2.220446049250313e-16,0.033202810015756506,0.040625570115758444,0.0029216379943273747,2.220446049250313e-16,1.057042766756799,2.220446049250313e-16,0.5875097797636033,0.8202121737637887
45.0,2.5576616419324954e-05,0.5645204859420454,2.220446049250313e-16,2.220446049250313e-16,2.220446049250313e-16,2.220446049250313e-16,2.220446049250313e-16,0.03320281001575652,0.040625570115758465,0.0029216379943273483,2.220446049250313e-16,1.0570427667567994,2.220446049250313e-16,0.5875097797636033,0.8202121737637891
46.0,2.220446049250313e-16,0.5696555729857851,2.220446049250313e-16,2.220446049250313e-16,0.4985725267921545,2.220446049250313e-16,2.220446049250313e-16,2.220446049250313e-16,0.6052827856085352,0.9000410583731597,2.220446049250313e-16,2.220446049250313e-16,0.8811256245853951,2.220446049250313e-16,0.14556905237774417
47.0,2.220446049250313e-16,0.5696555729857851,2.220446049250313e-16,2.220446049250313e-16,0.4985725267921545,2.220446049250313e-16,2.220446049250313e-16,2.220446049250313e-16,0.6052827856085352,0.9000410583731597,2.220446049250313e-16,2.220446049250313e-16,0.8811256245853951,2.220446049250313e-16,0.14556905237774417
48.0,0.016109565012597346,2.220446049250313e-16,0.6727266828392768,0.24168457960997664,2.220446049250313e-16,0.6963532552429855,2.220446049250313e-16,2.220446049250313e-16,2.220446049250313e-16,0.00040143877051754094,0.810425112583035,0.0015452620119004708,0.0053203472288670985,0.6525230673780734,2.220446049250313e-16
49.0,0.008424510545048764,2.220446049250313e-16,2.220446049250313e-16,0.6316629626197292,2.220446049250313e-16,2.220446049250313e-16,2.220446049250313e-16,0.76898057019127,2.220446049250313e-16,2.220446049250313e-16,2.220446049250313e-16,0.9925899241942664,2.220446049250313e-16,2.220446049250313e-16,2.220446049250313e-16
50.0,2.220446049250313e-16,0.1585083941205649,2.220446049250313e-16,2.220446049250313e-16,2.220446049250313e-16,0.9337746397780062,0.017679947894022077,0.06376062929220022,0.4416141270899322,2.220446049250313e-16,1.0117131783906945,2.220446049250313e-16,2.220446049250313e-16,2.220446049250313e-16,2.220446049250313e-16
51.0,2.220446049250313e-16,0.1585083941205649,2.220446049250313e-16,2.220446049250313e-16,2.220446049250313e-16,0.9337746397780062,0.017679947894022077,0.06376062929220022,0.4416141270899322,2.220446049250313e-16,1.0117131783906945,2.220446049250313e-16,2.220446049250313e-16,2.220446049250313e-16,2.220446049250313e-16
52.0,2.220446049250313e-16,0.1585083941205649,2.220446049250313e-16,2.220446049250313e-16,2.220446049250313e-16,0.9337746397780062,0.017679947894022077,0.06376062929220022,0.4416141270899322,2.220446049250313e-16,1.0117131783906945,2.220446049250313e-16,2.220446049250313e-16,2.220446049250313e-16,2.220446049250313e-16
53.0,0.7782778040577609,2.220446049250313e-16,2.220446049250313e-16,2.220446049250313e-16,5.551115123125783e-17,2.220446049250313e-16,0.3608011144834673,0.9973760990175322,2.220446049250313e-16,2.220446049250313e-16,0.36140783860362546,0.22757948918550092,2.220446049250313e-16,2.220446049250313e-16,2.220446049250313e-16
54.0,2.220446049250313e-16,2.220446049250313e-16,2.220446049250313e-16,2.220446049250313e-16,2.220446049250313e-16,2.220446049250313e-16,0.6155539743854836,0.7298532811995029,0.0780338854402844,0.1739315398679063,0.8149277913399056,0.029962382773658914,0.17461229672804907,2.220446049250313e-16,0.1756467490057122
55.0,0.0015245799908267963,2.220446049250313e-16,2.220446049250313e-16,2.220446049250313e-16,2.220446049250313e-16,2.220446049250313e-16,2.220446049250313e-16,0.853198983597468,2.220446049250313e-16,0.16297801193917427,0.007770855218933442,0.9999149607659504,2.220446049250313e-16,0.23670209962664507,0.1808011855571767
56.0,2.220446049250313e-16,2.220446049250313e-16,2.220446049250313e-16,2.220446049250313e-16,0.5484765949101622,0.04167498148472948,2.220446049250313e-16,0.7946213708256629,2.220446049250313e-16,0.36299153004032686,1.0016486155886946,2.220446049250313e-16,2.220446049250313e-16,2.220446049250313e-16,2.220446049250313e-16
57.0,2.220446049250313e-16,0.5578368374555406,0.027259461598994394,0.2518125359236369,2.220446049250313e-16,0.6922952167620762,2.220446049250313e-16,2.220446049250313e-16,2.220446049250313e-16,0.0003766042243179629,0.8107210926327227,0.002120021453391216,0.006131872557330464,0.652487665114486,2.220446049250313e-16
58.0,0.7862759376970252,2.220446049250313e-16,2.220446049250313e-16,0.8972139628919905,2.220446049250313e-16,0.8923426182326057,2.220446049250313e-16,2.220446049250313e-16,2.220446049250313e-16,2.220446049250313e-16,2.220446049250313e-16,0.11933874623457338,0.0008339303128315407,2.220446049250313e-16,2.220446049250313e-16
59.0,0.0050944658404275785,0.15312537406359517,2.220446049250313e-16,0.8176790542389031,0.39136438639379345,0.27794026839387737,0.8153531125661527,2.220446049250313e-16,2.220446049250313e-16,2.220446049250313e-16,2.220446049250313e-16,0.49594543555895926,2.220446049250313e-16,2.220446049250313e-16,2.220446049250313e-16
60.0,0.0050944658404275785,0.15312537406359517,2.220446049250313e-16,0.8176790542389031,0.39136438639379345,0.27794026839387737,0.8153531125661527,2.220446049250313e-16,2.220446049250313e-16,2.220446049250313e-16,2.220446049250313e-16,0.49594543555895926,2.220446049250313e-16,2.220446049250313e-16,2.220446049250313e-16
61.0,0.8346125638312251,2.220446049250313e-16,0.2138448877765025,0.12327820936460294,0.5147758454770536,0.2812145905485895,2.220446049250313e-16,0.002602034991258817,0.051795007067072144,0.7256668042226866,2.220446049250313e-16,2.220446049250313e-16,2.220446049250313e-16,2.220446049250313e-16,0.6376693636022831
62.0,0.8346125638312251,2.220446049250313e-16,0.2138448877765025,0.12327820936460294,0.5147758454770536,0.2812145905485895,2.220446049250313e-16,0.002602034991258817,0.051795007067072144,0.7256668042226866,2.220446049250313e-16,2.220446049250313e-16,2.220446049250313e-16,2.220446049250313e-16,0.6376693636022831
