id,x_0,x_1,x_2,x_3,x_4,x_5,x_6,x_7,x_8,x_9,x_10,x_11,x_12,x_13,x_14,x_15,x_16
0.0,2.220446049250313e-16,2.220446049250313e-16,0.38551978217114347,2.220446049250313e-16,2.220446049250313e-16,0.02663811444934154,2.220446049250313e-16,0.021859267519422132,0.40210415838713987,0.8355083897146877,2.220446049250313e-16,0.005564871292001743,0.44508650027420554,0.6218764249738994,0.0023148923184666105,0.3660534596999772,0.5248255872827178
1.0,0.278255334780301,0.8508189260721774,2.220446049250313e-16,0.6125711182021853,0.5199523030020837,2.220446049250313e-16,2.220446049250313e-16,2.220446049250313e-16,2.220446049250313e-16,2.220446049250313e-16,1.1102230246251565e-16,2.220446049250313e-16,2.220446049250313e-16,0.06562039105889204,0.8435056606805719,0.5939157200035305,0.282740950318662
2.0,0.006650655902578075,2.220446049250313e-16,2.220446049250313e-16,0.05991365829339257,2.220446049250313e-16,0.48362462723790023,0.3066496188697239,0.855692100729415,0.8874593739705924,0.3021015086194577,2.220446049250313e-16,2.220446049250313e-16,2.220446049250313e-16,2.220446049250313e-16,2.220446049250313e-16,0.033018921602337645,2.220446049250313e-16
3.0,0.3158904369114521,0.4518633220155299,2.220446049250313e-16,0.7513049403672674,0.5151848663071759,2.220446049250313e-16,0.09291577112863471,2.220446049250313e-16,2.220446049250313e-16,2.220446049250313e-16,2.220446049250313e-16,0.11803686900931629,2.220446049250313e-16,0.08216625860082814,0.6723482053064886,0.5978852772202112,0.2841854997392103
4.0,2.220446049250313e-16,0.0005857137895969375,2.220446049250313e-16,2.220446049250313e-16,2.220446049250313e-16,2.220446049250313e-16,2.220446049250313e-16,2.220446049250313e-16,0.7157856642982892,0.9383622293201053,0.6379996386352845,0.10729877727871043,0.49411338411868305,2.220446049250313e-16,2.220446049250313e-16,2.220446049250313e-16,0.6932652713015545
5.0,0.007781888471773367,0.06253278714190147,2.220446049250313e-16,0.025396268006327823,0.666767698186694,0.48908625990421345,2.220446049250313e-16,2.220446049250313e-16,2.220446049250313e-16,2.220446049250313e-16,0.6382781303632622,1.0348655475341506,2.220446049250313e-16,0.09155851100541904,2.220446049250313e-16,0.08711917055610431,2.220446049250313e-16
6.0,2.220446049250313e-16,2.220446049250313e-16,0.7674213984773652,0.3044133414245514,2.220446049250313e-16,2.220446049250313e-16,2.220446049250313e-16,2.220446049250313e-16,0.06931392322719421,0.9183466875073463,0.6373876787384706,0.14136630349208712,0.2060574618980951,0.28807775402090835,2.220446049250313e-16,2.220446049250313e-16,0.5341340080040032
7.0,0.009815724690689774,0.05182168605151327,2.220446049250313e-16,0.021827145972570804,0.10350711846692628,0.8813425171007242,2.220446049250313e-16,2.220446049250313e-16,2.220446049250313e-16,2.220446049250313e-16,0.6389760655815089,1.0187333494150796,2.220446049250313e-16,0.40196431634808144,2.220446049250313e-16,2.220446049250313e-16,2.220446049250313e-16
8.0,2.220446049250313e-16,2.220446049250313e-16,0.3819016163062217,2.220446049250313e-16,2.220446049250313e-16,2.220446049250313e-16,2.220446049250313e-16,2.220446049250313e-16,0.38951547729911684,0.8868574203455203,0.5704097514588168,2.220446049250313e-16,0.4955754696904215,0.6004643870819667,2.220446049250313e-16,6.999441822138929e-05,0.6932104546046226
9.0,0.018389640062072783,0.4332644758024149,2.220446049250313e-16,0.6341825063545123,0.7840799625310209,0.00897194947798935,0.7161603394248376,0.006805530536700664,2.220446049250313e-16,2.220446049250313e-16,2.220446049250313e-16,0.17576248937634104,0.023791852565864503,0.38774104278406113,2.220446049250313e-16,0.25493585846592476,0.710014176126103
10.0,2.220446049250313e-16,2.220446049250313e-16,2.220446049250313e-16,0.006038282571422154,2.220446049250313e-16,0.02737973000068822,2.220446049250313e-16,0.519995393295139,0.9089570404231023,0.8598458831884008,2.220446049250313e-16,0.008201742209450396,2.220446049250313e-16,0.3147138115709104,2.220446049250313e-16,0.3969151746326883,2.220446049250313e-16
11.0,0.5382844147742379,0.36383338809441734,2.220446049250313e-16,0.6991276261488494,0.25299331385196155,0.06147508768564408,0.8848538008852009,2.220446049250313e-16,2.220446049250313e-16,2.220446049250313e-16,2.220446049250313e-16,0.11961926548668673,2.220446049250313e-16,0.2778556837672199,2.220446049250313e-16,0.2631281994985445,0.5408410507045348
12.0,2.220446049250313e-16,2.220446049250313e-16,2.220446049250313e-16,2.220446049250313e-16,2.220446049250313e-16,2.220446049250313e-16,0.19206317676205337,0.030113864652090094,0.8135867669615073,0.8648202106736487,2.220446049250313e-16,0.05104548537779801,0.45600874000863845,0.2901908191002333,0.02875306284375583,0.3248504918235766,0.26806343672144844
13.0,0.5090445718007696,0.7641182375088094,2.220446049250313e-16,0.6463900025478584,0.2520084489878648,0.06379640407709071,0.8776569758725995,2.220446049250313e-16,0.00036967281582688037,2.220446049250313e-16,1.1102230246251565e-16,2.220446049250313e-16,0.023104834555978775,2.220446049250313e-16,2.220446049250313e-16,0.2950438064088971,0.7088429660207707
14.0,2.220446049250313e-16,2.220446049250313e-16,2.220446049250313e-16,0.08048853017817632,2.220446049250313e-16,0.03583674102017548,0.1270514471738818,0.5188778164353678,0.910220950459854,0.8633635644257128,2.220446049250313e-16,2.220446049250313e-16,2.220446049250313e-16,0.3161360840759381,2.220446049250313e-16,0.2478973795739608,2.220446049250313e-16
15.0,2.220446049250313e-16,0.8337805997948056,2.220446049250313e-16,0.6543317309590321,0.7498892541950377,0.023950537998387807,0.82867856880011,0.006892987193777972,2.220446049250313e-16,0.0005841098283871655,2.220446049250313e-16,2.220446049250313e-16,0.02378369125207204,0.3740649008581203,2.220446049250313e-16,0.12959859819754635,0.7085642941551342
16.0,2.220446049250313e-16,2.220446049250313e-16,2.220446049250313e-16,0.06284254753617512,2.220446049250313e-16,0.6804667798319118,0.3019787360007601,2.220446049250313e-16,0.6392662681373718,0.10647340002263077,2.220446049250313e-16,2.220446049250313e-16,0.7407032949166278,0.2944075361316439,0.017648340677870977,0.7361414994017182,2.220446049250313e-16
17.0,2.220446049250313e-16,0.6393584412000118,0.20208445451557155,0.6694162445905769,0.6235100751399711,0.5604879595400274,0.07301377417588893,2.220446049250313e-16,0.0002477627610822759,2.220446049250313e-16,2.220446049250313e-16,0.24955186502598928,0.04515189844554931,0.7282230531775241,2.220446049250313e-16,0.020656436890008276,0.16627770030827385
18.0,2.220446049250313e-16,2.220446049250313e-16,0.7674213984773651,2.220446049250313e-16,2.220446049250313e-16,0.7101332378323867,2.220446049250313e-16,0.0033760077082831685,2.220446049250313e-16,0.11231493550344068,2.220446049250313e-16,2.220446049250313e-16,0.7380537027457382,0.3170475961096261,0.015579779015073882,0.9419569506598606,2.220446049250313e-16
19.0,2.220446049250313e-16,2.220446049250313e-16,0.7674213984773652,2.220446049250313e-16,0.08288946646634014,0.8978279266675394,0.2184677219441764,0.190409484813767,2.220446049250313e-16,2.220446049250313e-16,2.220446049250313e-16,2.220446049250313e-16,0.7661009606163169,2.220446049250313e-16,2.220446049250313e-16,0.6161027931785876,0.1405170503715385
20.0,2.220446049250313e-16,0.05632127663592349,0.767421398477365,0.35910527761168726,0.07191785493343833,0.9173052139640832,0.31803301373433995,2.220446049250313e-16,8.192753346934485e-05,2.220446049250313e-16,2.220446049250313e-16,0.20295497749636404,2.220446049250313e-16,0.7390937402958886,0.02024097578511016,0.10075445138032774,0.2561328801331676
21.0,0.009004245982121696,0.7643309910314172,2.220446049250313e-16,0.03194080258873259,0.1844019216166844,0.41971664338461107,0.8712457105038899,0.7251202121836638,2.220446049250313e-16,2.220446049250313e-16,2.220446049250313e-16,2.220446049250313e-16,0.7549659632211667,2.220446049250313e-16,2.220446049250313e-16,2.220446049250313e-16,0.13818316584887466
22.0,2.220446049250313e-16,2.220446049250313e-16,0.7674213984773652,0.5881212387785524,2.220446049250313e-16,2.220446049250313e-16,2.220446049250313e-16,2.220446049250313e-16,0.07299384534802267,0.9390235968621827,0.6229854178540593,0.4536818371272467,2.220446049250313e-16,2.220446049250313e-16,2.220446049250313e-16,2.220446049250313e-16,2.220446049250313e-16
23.0,0.12963200037983214,2.220446049250313e-16,2.220446049250313e-16,0.017997608879613512,0.6655293041670931,0.15309589967325393,2.220446049250313e-16,2.220446049250313e-16,2.220446049250313e-16,0.3112191381628691,0.6208611378964609,1.12767135475311,2.220446049250313e-16,2.220446049250313e-16,2.220446049250313e-16,2.220446049250313e-16,2.220446049250313e-16
24.0,0.12963200037983214,2.220446049250313e-16,2.220446049250313e-16,0.017997608879613512,0.6655293041670931,0.15309589967325393,2.220446049250313e-16,2.220446049250313e-16,2.220446049250313e-16,0.3112191381628691,0.6208611378964609,1.12767135475311,2.220446049250313e-16,2.220446049250313e-16,2.220446049250313e-16,2.220446049250313e-16,2.220446049250313e-16
25.0,0.8932579853385588,0.4034030095752407,2.220446049250313e-16,0.5848209611849814,2.220446049250313e-16,2.220446049250313e-16,2.220446049250313e-16,0.2959554288557191,2.220446049250313e-16,2.220446049250313e-16,2.220446049250313e-16,0.11033021265157103,2.220446049250313e-16,2.220446049250313e-16,0.8222114277920682,0.4401597426225891,2.220446049250313e-16
26.0,2.220446049250313e-16,2.220446049250313e-16,2.220446049250313e-16,2.220446049250313e-16,2.220446049250313e-16,2.220446049250313e-16,2.220446049250313e-16,0.1399649033698026,0.9565665213234346,0.9047475641439022,0.24788557855642548,0.041432119944943925,2.220446049250313e-16,0.2886231550192666,0.013020266735671289,0.4983445098108495,2.220446049250313e-16
27.0,0.8068211205834029,2.220446049250313e-16,2.220446049250313e-16,0.009843679811070372,2.220446049250313e-16,0.007346996639758219,2.220446049250313e-16,2.220446049250313e-16,2.220446049250313e-16,0.0250113745320573,0.02534843714665624,1.1100455090323558,2.220446049250313e-16,0.005170398805912215,0.5915689977256098,2.220446049250313e-16,2.220446049250313e-16
28.0,0.8932579853385588,0.4034030095752407,2.220446049250313e-16,0.5848209611849814,2.220446049250313e-16,2.220446049250313e-16,2.220446049250313e-16,0.2959554288557191,2.220446049250313e-16,2.220446049250313e-16,2.220446049250313e-16,0.11033021265157103,2.220446049250313e-16,2.220446049250313e-16,0.8222114277920682,0.4401597426225891,2.220446049250313e-16
29.0,0.6599815509112197,0.8537039838568379,2.220446049250313e-16,0.6071387012557696,0.022840887924519118,2.220446049250313e-16,2.220446049250313e-16,2.220446049250313e-16,2.220446049250313e-16,2.220446049250313e-16,2.220446049250313e-16,2.220446049250313e-16,2.220446049250313e-16,0.06976204587734444,0.8219790606070352,0.6030256423449114,0.2827305040221097
30.0,0.4449367061264188,0.0591659742471049,2.220446049250313e-16,0.3082834248086928,0.29977529387867374,0.030397346243460032,0.5532278364593863,0.0038727703424701553,2.220446049250313e-16,2.220446049250313e-16,0.26382775989201,0.5734870600031655,2.220446049250313e-16,0.39624124265117333,2.220446049250313e-16,0.25420901760577047,0.5419441988534964
31.0,2.220446049250313e-16,0.0009838562570196505,2.220446049250313e-16,2.220446049250313e-16,2.220446049250313e-16,2.220446049250313e-16,2.220446049250313e-16,0.08490669260106615,0.8723343268230088,0.9305484310702895,0.6383414118215449,0.10717647737495399,0.004972344911085071,2.220446049250313e-16,2.220446049250313e-16,2.220446049250313e-16,0.7123122709063701
32.0,0.8350712319509924,2.220446049250313e-16,2.220446049250313e-16,2.220446049250313e-16,2.220446049250313e-16,2.220446049250313e-16,0.4485143286599558,2.220446049250313e-16,0.0009450561653167349,0.020833810920976557,0.02469256360169764,1.1293636465374302,2.220446049250313e-16,0.0032455811817115234,0.008605574813561797,0.1581065529250962,2.220446049250313e-16
33.0,0.9253274420050127,2.220446049250313e-16,2.220446049250313e-16,0.7224398662836602,2.220446049250313e-16,2.220446049250313e-16,0.1047327559865659,0.27707648728107565,2.220446049250313e-16,2.220446049250313e-16,2.220446049250313e-16,0.28431322748104143,0.0382817819303153,2.220446049250313e-16,0.6342792937064321,0.29551735272085533,0.16886024737494923
34.0,0.8350712319509924,2.220446049250313e-16,2.220446049250313e-16,2.220446049250313e-16,2.220446049250313e-16,2.220446049250313e-16,0.4485143286599558,2.220446049250313e-16,0.0009450561653167349,0.020833810920976557,0.02469256360169764,1.1293636465374302,2.220446049250313e-16,0.0032455811817115234,0.008605574813561797,0.1581065529250962,2.220446049250313e-16
35.0,2.220446049250313e-16,0.4611206087479655,2.220446049250313e-16,2.220446049250313e-16,0.0091649739212184,2.220446049250313e-16,2.220446049250313e-16,2.220446049250313e-16,2.220446049250313e-16,0.8439514101347384,0.6110706270753119,0.8237130301764568,2.220446049250313e-16,0.38270475870841913,2.220446049250313e-16,2.220446049250313e-16,2.220446049250313e-16
36.0,2.220446049250313e-16,0.4714880473060051,2.220446049250313e-16,2.220446049250313e-16,0.011135916047278038,2.220446049250313e-16,2.220446049250313e-16,2.220446049250313e-16,2.220446049250313e-16,0.8820307645735462,0.6058918488272069,0.9055137372180396,2.220446049250313e-16,0.07248300381176644,2.220446049250313e-16,2.220446049250313e-16,2.220446049250313e-16
37.0,2.220446049250313e-16,0.000577247483497217,0.7674213984773648,2.220446049250313e-16,2.220446049250313e-16,2.220446049250313e-16,2.220446049250313e-16,2.220446049250313e-16,0.07376796698566919,0.955306539125382,0.6372253925251755,0.10832922921796727,0.4936324658264454,2.220446049250313e-16,2.220446049250313e-16,2.220446049250313e-16,0.6932840301823608
38.0,0.005874455122719328,0.7650983161946974,2.220446049250313e-16,0.03481615744321947,0.7235055974084095,0.03154948479072983,0.8425002419187302,0.851876870873885,2.220446049250313e-16,2.220446049250313e-16,5.551115123125783e-17,2.220446049250313e-16,0.5071363479047571,2.220446049250313e-16,2.220446049250313e-16,2.220446049250313e-16,0.14783152587830428
39.0,0.13137815411039677,2.220446049250313e-16,2.220446049250313e-16,0.015883170274242797,0.09001494896881751,0.8804540432795499,2.220446049250313e-16,2.220446049250313e-16,0.0012254687486758645,0.025934944534100078,0.6337487521110861,1.1137439117008872,2.220446049250313e-16,2.220446049250313e-16,2.220446049250313e-16,2.220446049250313e-16,2.220446049250313e-16
40.0,0.027455866447567128,0.3514480772844626,2.220446049250313e-16,0.3666029639595336,0.06891017153353429,0.9294096403588188,2.220446049250313e-16,0.16844644671971545,2.220446049250313e-16,2.220446049250313e-16,2.220446049250313e-16,0.3108075266628818,0.4749069611607616,2.220446049250313e-16,2.220446049250313e-16,0.7001589173965415,2.220446049250313e-16
41.0,2.220446049250313e-16,2.220446049250313e-16,0.7674213984773651,2.220446049250313e-16,2.220446049250313e-16,2.220446049250313e-16,2.220446049250313e-16,0.002606369711573438,2.220446049250313e-16,0.8512731934501868,0.5719420989521304,2.220446049250313e-16,0.7355321605698479,0.60094466589221,2.220446049250313e-16,0.00012411297382164792,0.6838659086500063
42.0,2.220446049250313e-16,2.220446049250313e-16,0.7674213984773651,2.220446049250313e-16,2.220446049250313e-16,2.220446049250313e-16,2.220446049250313e-16,0.002606369711573438,2.220446049250313e-16,0.8512731934501868,0.5719420989521304,2.220446049250313e-16,0.7355321605698479,0.60094466589221,2.220446049250313e-16,0.00012411297382164792,0.6838659086500063
43.0,2.220446049250313e-16,0.8111402481858411,2.220446049250313e-16,2.220446049250313e-16,0.090260687949973,0.9370139804453171,2.220446049250313e-16,2.220446049250313e-16,2.220446049250313e-16,2.220446049250313e-16,0.29374077268037374,0.6060654348126288,2.220446049250313e-16,0.7079923521160391,2.220446049250313e-16,0.012270107222593857,2.220446049250313e-16
44.0,2.220446049250313e-16,0.8111402481858411,2.220446049250313e-16,2.220446049250313e-16,0.090260687949973,0.9370139804453171,2.220446049250313e-16,2.220446049250313e-16,2.220446049250313e-16,2.220446049250313e-16,0.29374077268037374,0.6060654348126288,2.220446049250313e-16,0.7079923521160391,2.220446049250313e-16,0.012270107222593857,2.220446049250313e-16
45.0,0.9339465809206272,2.220446049250313e-16,2.220446049250313e-16,0.3793550544147736,2.220446049250313e-16,2.220446049250313e-16,0.7896869096433492,0.13071743846689168,2.220446049250313e-16,2.220446049250313e-16,2.220446049250313e-16,0.537040219667507,2.220446049250313e-16,2.220446049250313e-16,2.220446049250313e-16,0.1313887075734139,0.542158428639833
46.0,2.220446049250313e-16,0.007817951741991652,2.220446049250313e-16,2.220446049250313e-16,2.220446049250313e-16,2.220446049250313e-16,2.220446049250313e-16,0.08481479155281596,0.872410521895712,0.9275977781160227,0.6386503164731624,0.10297334884570904,2.220446049250313e-16,2.220446049250313e-16,0.003255843202133658,0.14649873942932493,0.5421301211852088
47.0,0.9145420151641391,2.220446049250313e-16,2.220446049250313e-16,0.7252432836272481,2.220446049250313e-16,2.220446049250313e-16,0.33121784517116337,2.220446049250313e-16,2.220446049250313e-16,2.220446049250313e-16,2.220446049250313e-16,0.2767257669411457,0.034185885421695976,2.220446049250313e-16,0.42867430782988125,0.4652472925652091,0.45484137125948587
48.0,0.8350712319509924,2.220446049250313e-16,2.220446049250313e-16,2.220446049250313e-16,2.220446049250313e-16,2.220446049250313e-16,0.4485143286599558,2.220446049250313e-16,0.0009450561653167349,0.020833810920976557,0.02469256360169764,1.1293636465374302,2.220446049250313e-16,0.0032455811817115234,0.008605574813561797,0.1581065529250962,2.220446049250313e-16
49.0,0.8350712319509924,2.220446049250313e-16,2.220446049250313e-16,2.220446049250313e-16,2.220446049250313e-16,2.220446049250313e-16,0.4485143286599558,2.220446049250313e-16,0.0009450561653167349,0.020833810920976557,0.02469256360169764,1.1293636465374302,2.220446049250313e-16,0.0032455811817115234,0.008605574813561797,0.1581065529250962,2.220446049250313e-16
50.0,0.6736175803839305,0.8583528450661888,2.220446049250313e-16,2.220446049250313e-16,2.220446049250313e-16,2.220446049250313e-16,2.220446049250313e-16,0.8008812621253332,2.220446049250313e-16,2.220446049250313e-16,2.220446049250313e-16,2.220446049250313e-16,0.22142848436773674,0.07380956820058986,0.7872778158077753,0.09625721013087969,2.220446049250313e-16
51.0,2.220446049250313e-16,2.220446049250313e-16,2.220446049250313e-16,0.062370394759322635,2.220446049250313e-16,0.1674381415804102,0.3326880739198487,0.6933130951936749,0.8940000043519427,0.7218624157086061,2.220446049250313e-16,2.220446049250313e-16,2.220446049250313e-16,2.220446049250313e-16,2.220446049250313e-16,0.1570080250720456,2.220446049250313e-16
52.0,0.8150184524977424,0.7740628505681408,2.220446049250313e-16,0.5908046240145889,2.220446049250313e-16,2.220446049250313e-16,2.220446049250313e-16,0.2977593268886401,2.220446049250313e-16,2.220446049250313e-16,2.220446049250313e-16,2.220446049250313e-16,2.220446049250313e-16,2.220446049250313e-16,0.8258163512002976,0.44160164420445897,2.220446049250313e-16
53.0,0.6706649785330303,0.3961540995200947,0.38190161630622166,2.220446049250313e-16,2.220446049250313e-16,2.220446049250313e-16,2.220446049250313e-16,0.9363508864805143,0.13988424051236067,2.220446049250313e-16,2.220446049250313e-16,2.220446049250313e-16,0.2160753227734935,2.220446049250313e-16,0.7793927751056831,2.220446049250313e-16,2.220446049250313e-16
54.0,0.7332327690799869,0.7519920933665736,2.220446049250313e-16,2.220446049250313e-16,2.220446049250313e-16,2.220446049250313e-16,2.220446049250313e-16,0.02290423568608491,0.08220467518413477,0.021869853584513203,2.220446049250313e-16,0.507289459812992,2.220446049250313e-16,0.2712651540098612,0.8056657390877521,2.220446049250313e-16,2.220446049250313e-16
55.0,2.220446049250313e-16,2.220446049250313e-16,0.7674213984773652,2.220446049250313e-16,0.789508671744374,0.034592087028652435,0.04228632636068687,0.9681374731643064,0.13643289472714148,2.220446049250313e-16,2.220446049250313e-16,2.220446049250313e-16,0.21567058591901103,2.220446049250313e-16,0.7533393340747778,2.220446049250313e-16,2.220446049250313e-16
56.0,2.220446049250313e-16,0.05975672398156028,2.220446049250313e-16,0.30299921822697123,0.8144470195138644,0.02437678311333232,0.03874895286281868,2.220446049250313e-16,0.723094752411044,2.220446049250313e-16,2.220446049250313e-16,2.220446049250313e-16,0.22924456012718541,0.41313795277804527,0.7993658047182784,0.2943842757070377,0.27667786273939793
57.0,2.220446049250313e-16,2.220446049250313e-16,2.220446049250313e-16,2.220446049250313e-16,0.739939204317807,0.022820805044592385,0.7095068656760749,0.8854803888074791,0.889193345869809,0.01649518698529509,2.220446049250313e-16,2.220446049250313e-16,2.220446049250313e-16,2.220446049250313e-16,0.15208380642413663,2.220446049250313e-16,2.220446049250313e-16
58.0,0.3473002043225094,2.220446049250313e-16,0.38190161630622194,2.220446049250313e-16,0.4938311035096936,2.220446049250313e-16,2.220446049250313e-16,2.220446049250313e-16,0.4035802608315766,0.01166822408027067,2.220446049250313e-16,0.5469783846808624,2.220446049250313e-16,0.3053240513128715,0.8256510981244289,2.220446049250313e-16,2.220446049250313e-16
59.0,2.220446049250313e-16,2.220446049250313e-16,2.220446049250313e-16,2.220446049250313e-16,0.21441887376816007,0.4135716275918546,0.5347711258551747,0.8872107425884805,0.8871679997397147,0.016545598557908298,2.220446049250313e-16,2.220446049250313e-16,2.220446049250313e-16,2.220446049250313e-16,0.34438278472259093,2.220446049250313e-16,2.220446049250313e-16
60.0,2.220446049250313e-16,2.220446049250313e-16,0.3855197821711435,2.220446049250313e-16,0.7392358333695129,0.022903868767712998,0.7095389411150437,0.9291611220939663,0.5651330348440584,0.02497617030569878,2.220446049250313e-16,2.220446049250313e-16,2.220446049250313e-16,2.220446049250313e-16,0.1534298660639278,2.220446049250313e-16,2.220446049250313e-16
61.0,2.220446049250313e-16,2.220446049250313e-16,2.220446049250313e-16,0.04480142330145708,0.06502036065433847,0.5695349902034158,0.6022525701101054,0.8466205085398322,0.8948173589385183,0.016415813717002934,2.220446049250313e-16,2.220446049250313e-16,2.220446049250313e-16,2.220446049250313e-16,0.17707721887683284,2.220446049250313e-16,2.220446049250313e-16
62.0,2.220446049250313e-16,2.220446049250313e-16,2.220446049250313e-16,2.220446049250313e-16,0.8144823836263417,0.030272274542145844,0.05659096384478321,0.7164235757226588,0.8070449877175927,2.220446049250313e-16,2.220446049250313e-16,2.220446049250313e-16,0.22110256231963452,2.220446049250313e-16,0.7550166101504545,0.10074729284609509,2.220446049250313e-16
63.0,2.220446049250313e-16,2.220446049250313e-16,2.220446049250313e-16,2.220446049250313e-16,0.791196437220544,0.034517026230028586,0.04261531430518205,0.8604726528775394,0.8865901299365944,0.016608448508366586,2.220446049250313e-16,2.220446049250313e-16,2.220446049250313e-16,2.220446049250313e-16,0.7505907433828476,2.220446049250313e-16,2.220446049250313e-16
64.0,2.220446049250313e-16,2.220446049250313e-16,0.7674213984773652,2.220446049250313e-16,0.789508671744374,0.034592087028652435,0.04228632636068687,0.9681374731643064,0.13643289472714148,2.220446049250313e-16,2.220446049250313e-16,2.220446049250313e-16,0.21567058591901103,2.220446049250313e-16,0.7533393340747778,2.220446049250313e-16,2.220446049250313e-16
65.0,2.220446049250313e-16,0.1777146391138376,0.5876042366867149,2.220446049250313e-16,0.09197780109906513,0.9389609615271777,0.010866201991542989,0.002661531527959686,2.220446049250313e-16,2.220446049250313e-16,2.220446049250313e-16,0.020853665028782595,0.7675374978236593,0.0002194790543961975,2.220446049250313e-16,0.8726528365816412,0.13981763377504242
66.0,2.220446049250313e-16,2.220446049250313e-16,0.7674213984773651,2.220446049250313e-16,2.220446049250313e-16,0.7081964004629665,2.220446049250313e-16,0.003850866278973797,2.220446049250313e-16,0.1106177046907762,2.220446049250313e-16,2.220446049250313e-16,0.7372275219120529,0.009176080929828866,0.007502300407882021,1.118841872476061,2.220446049250313e-16
67.0,2.220446049250313e-16,2.220446049250313e-16,0.7674213984773651,2.220446049250313e-16,2.220446049250313e-16,0.7081964004629665,2.220446049250313e-16,0.003850866278973797,2.220446049250313e-16,0.1106177046907762,2.220446049250313e-16,2.220446049250313e-16,0.7372275219120529,0.009176080929828866,0.007502300407882021,1.118841872476061,2.220446049250313e-16
68.0,2.220446049250313e-16,0.238339988876355,0.5876042366867147,0.2928720806113377,0.0901697751962568,0.9530468912035013,2.220446049250313e-16,2.220446049250313e-16,2.220446049250313e-16,2.220446049250313e-16,2.220446049250313e-16,0.2655339920076458,0.034443697400203165,0.7501091928886994,2.220446049250313e-16,0.17470000567664815,0.4244835342771585
69.0,2.220446049250313e-16,2.220446049250313e-16,0.7674213984773652,0.04241906547114478,0.07257480299249308,0.5569403247610828,0.8231398048610231,0.18699938607128838,2.220446049250313e-16,2.220446049250313e-16,1.3877787807814457e-17,2.220446049250313e-16,0.7178511609367436,2.220446049250313e-16,2.220446049250313e-16,0.6126689591476094,2.220446049250313e-16
