13 0.3738544673482857 0.26080964490906433 0.2719288561345259 0.2954775355326749 0.2881735253286211 0.1279947027236366 0.2523235185148659 0.2523235182743014 0.31159547368553187 0.2736771114835975 0.6831850420041108 0.2674850186751495 0.10887496205940073 0.12799470248817302 0.2772545516022224 0.2794463218915966 0.5460551402798678 0.20529636619830485 0.2772545514219798 0.3058224595002154
23 0.1195125964803788 0.11843999213534158 0.24970320176266655 0.2782477914661 0.3935077797884452 0.4167348832622012 0.05178593332236804 0.05178593333305646 0.41671339042442823 0.24394819086128158 0.2802928108297163 0.5756650277355684 0.41153602577736886 0.41673488304807765 0.26415963792053637 0.16761379333716545 0.43304044236972006 0.21543190606053142 0.2641596377135268 0.3260150721015732
28 -0.007118382842399824 1.7348911314159505e-05 0.3076042205830843 0.12446843991912249 0.29126155473231735 0.6246465747593481 0.0050346250200172795 0.0050346252142721955 0.11910065000764188 0.20550086776444815 0.10887496204141654 0.17433644824008274 0.8722839997801678 0.6246465744610427 0.24669944860507448 0.08166058013906775 0.11040041279118994 0.12347822646708943 0.24669944850697872 0.09601662758028547
42 0.4925586689431173 0.5024109241844139 0.2207035766162914 0.32768649862976396 0.2335554593157976 0.0012470225920939674 0.4602998477482646 0.4602998474662065 0.3411860420899216 0.2547381199383893 0.27012790934173253 0.18718362639376307 -0.005660298203396188 0.00124702257457766 0.24293259589344476 0.42122930411037157 0.2841857237453138 0.244800735343917 0.24293259567074263 0.380898598765517
12 0.5941273639356757 0.4194288819860024 0.25642139301905387 0.3425528773652742 0.17252604399789423 -0.0016171650395732993 0.38352601226159033 0.3835260119634339 0.22300292771188845 0.27801096917907064 0.4763567076015486 0.14195879207145543 0.004547361872805617 -0.001617165135809053 0.25527045823539374 0.40601800651684034 0.3924238682178348 0.17180604845617076 0.255270458621747 0.32396371093287474
45 0.3174033022619216 0.3439041095154038 0.3337433495373459 0.44291034156343834 0.3004181133019854 0.0919267634737921 0.34691966466129365 0.34691966456931983 0.40000035596236444 0.26560874435313 0.29547753542058186 0.4028429082343575 0.12446843992502132 0.09192676332024327 0.2927068968566547 0.35969255378033343 0.31818016130974236 0.2740850515847512 0.29270689688444435 0.39095731158984626
51 0.2716302350086275 0.32421947584230065 0.28000945007531053 0.40000035595857014 0.3439082680195803 0.12041628138833238 0.3199686415478164 0.31996864126843877 0.4650972780998115 0.2535634160289996 0.31159547356992856 0.42161697298433065 0.11910064996336345 0.12041628126005496 0.2780319850766575 0.3139358301353 0.39277505813257646 0.29036507783691107 0.27803198517662414 0.4114236125570099
16 0.31419020405948106 0.3767047140607662 0.3267631945920668 0.39783246211138945 0.33126738728872035 0.08767400306144706 0.3768372378723457 0.3768372375463097 0.4071857123683946 0.25518317404454777 0.2966648004226373 0.3318934447834968 0.10811611757691073 0.08767400296693774 0.2877651730931359 0.3776083661132862 0.3160642238268284 0.30359202052870526 0.2877651729685979 0.3796941917980968
52 0.2716302350086275 0.32421947584230065 0.28000945007531053 0.40000035595857014 0.3439082680195803 0.12041628138833238 0.3199686415478164 0.31996864126843877 0.4650972780998115 0.2535634160289996 0.31159547356992856 0.42161697298433065 0.11910064996336345 0.12041628126005496 0.2780319850766575 0.3139358301353 0.39277505813257646 0.29036507783691107 0.27803198517662414 0.4114236125570099
5 0.3080466733016179 0.21894831302207213 0.41090286655253505 0.2656087446426418 0.3760311841120093 0.2653831383713605 0.1805874283611551 0.18058742810581038 0.2535634164678394 0.5484470533238968 0.27367711176474807 0.14062966889759732 0.20550086780594817 0.26538313807410013 0.484459346339217 0.32086589347694083 0.28091591271687755 0.11463684582863481 0.4844593466304286 0.3223246172701996
68 0.27147478288837557 0.22266434363872747 0.43779026672089566 0.2927068966710141 0.40844865510128 0.26136171052655666 0.19830965887906093 0.19830965855416277 0.2780319850501864 0.4844593461683082 0.27725455146514694 0.17478203080888113 0.24669944862084559 0.26136171035763395 0.4635642160527739 0.3261965733071758 0.27831511863522523 0.14023428663147303 0.4635642159904165 0.3220029804042201
37 -0.0031553337205855667 -0.0009070992555612964 0.22644336581508606 0.09192676327390198 0.2958323648739539 0.7619620245375227 0.0014792577171899323 0.0014792576507312975 0.12041628114824235 0.2653831380581013 0.1279947024612699 0.13434466029487946 0.6246465745687637 0.7619620242375408 0.26136171035889205 0.05704143859662591 0.15352214078815898 0.08928986509275483 0.26136171033757616 0.10300761885978106
46 0.1216172352153651 0.23055802361643396 0.21894872041369254 0.40284290827244573 0.23801295879970027 0.13434466045258814 0.290283820872346 0.2902838205837084 0.4216169730493279 0.14062966879568578 0.2674850186766711 0.724603129989816 0.1743364482588906 0.1343446604101665 0.174782030834942 0.19978985300859106 0.34873638289271736 0.560697157472834 0.17478203081301857 0.31466519408861626
67 0.2666711898735295 0.3889151242688181 0.2639952324769594 0.30287314653808217 0.4020340116653345 0.11136231516560062 0.37743910981327944 0.3774391095703716 0.4731220463072337 0.23335068838423068 0.3121675822106005 0.2816116179426775 0.08653580853828748 0.11136231494305292 0.2666079293478319 0.3510240333093894 0.3852320148777592 0.3480642971166777 0.2666079289406312 0.3839033283603258
19 0.6186001353318606 0.4416909542326155 0.2254667328948311 0.3284545383092439 0.2056828010234642 -0.0008002546199180712 0.3719208236731832 0.37192082353634004 0.2801516493851417 0.3200464749292589 0.3520489769790712 0.13647965192936862 -0.007846751826458765 -0.0008002546820612208 0.27858130152129335 0.42216150028359445 0.33510862926101176 0.14292341617074716 0.27858130163036243 0.3934521575171879
33 0.1688133898568853 0.2373540357677712 0.5055032216018697 0.361568648011606 0.4555021863912109 0.22077794129744613 0.24230543366981425 0.24230543359803966 0.314868205128703 0.2955260470086702 0.269387459268817 0.293727950867233 0.37470761133911135 0.22077794113923416 0.3752294591105512 0.36014626022081103 0.22636991713217547 0.28318777292969266 0.3752294592547641 0.2793571297724263
0 0.6227788379380479 0.4500239862360464 0.23426048377999967 0.3174033024918414 0.2034197029400321 -0.0031553335622787984 0.3870411284823648 0.3870411281930625 0.27163023518601365 0.30804667278884945 0.3738544673483145 0.12161723521327594 -0.0071183827935714225 -0.0031553336821913674 0.2714747832697721 0.4263287024101473 0.31736747247903935 0.15092785986368992 0.27147478336049863 0.37021886628160877
56 0.6161959534043532 0.37114320384007293 0.23360470733553118 0.31230895659856256 0.18795053790135724 0.006324368490241003 0.34859712779478347 0.34859712743301535 0.2734571141877567 0.29165613373273824 0.5478496104904567 0.14291005805302257 0.002953304844164799 0.006324368457235959 0.2556895489476948 0.36358679598157784 0.4235673135184677 0.15350339663675078 0.2556895492763874 0.3247367449779861
44 0.3080466733016179 0.21894831302207213 0.41090286655253505 0.2656087446426418 0.3760311841120093 0.2653831383713605 0.1805874283611551 0.18058742810581038 0.2535634164678394 0.5484470533238968 0.27367711176474807 0.14062966889759732 0.20550086780594817 0.26538313807410013 0.484459346339217 0.32086589347694083 0.28091591271687755 0.11463684582863481 0.4844593466304286 0.3223246172701996
31 0.1688133898568853 0.2373540357677712 0.5055032216018697 0.361568648011606 0.4555021863912109 0.22077794129744613 0.24230543366981425 0.24230543359803966 0.314868205128703 0.2955260470086702 0.269387459268817 0.293727950867233 0.37470761133911135 0.22077794113923416 0.3752294591105512 0.36014626022081103 0.22636991713217547 0.28318777292969266 0.3752294592547641 0.2793571297724263
8 0.3870411283662748 0.5003152740093794 0.22906738226808546 0.346919664742408 0.19901501903162563 0.0014792580377626296 0.5351452433906565 0.5351452431868332 0.3199686414753746 0.18058742817364346 0.2523235184412995 0.2902838207842805 0.005034625171176467 0.001479257919208611 0.19830965890177954 0.38828468772075697 0.2259898194366016 0.3893048709522667 0.19830965876413578 0.31573625226372876
4 0.45002398619497797 0.5085105630144271 0.23440329288345538 0.3439041095792047 0.21472398936695156 -0.0009070990582021193 0.5003152741172229 0.5003152738493254 0.32421947593471423 0.2189483128552647 0.2608096448882279 0.23055802359969027 1.734890933357788e-05 -0.0009070990626552097 0.22266434393741621 0.4166272346827472 0.2458893783383377 0.3023309683440321 0.2226643437706264 0.3465598298553944
11 0.5290191114287115 0.3486062286244442 0.3201242674893235 0.31963346459159053 0.26601577470582105 0.07439076586333 0.30014637414289147 0.30014637403698136 0.25224276331494055 0.39532415126531634 0.4507194895758315 0.13124523420086595 0.06493688272097248 0.07439076574340096 0.35733708194266994 0.40276937104129895 0.3463366499913726 0.14056273553188234 0.35733708202917674 0.3605276248827459
36 0.199140947750521 0.29003429806737774 0.04316650852914744 0.20517145993713845 0.09105182693848299 0.03593256257014731 0.4942402038172353 0.49424020367990584 0.22008616121438443 0.13248989231384972 0.18396436399788332 0.5957641571326469 0.01001699394684035 0.0359325624499877 0.13281360421445457 0.12332587262160134 0.25078533620625854 0.8419572265176473 0.13281360330244615 0.23601216124437865
49 0.11437064813328028 0.12121086925976238 0.3329217657773564 0.38227201007177475 0.25305594296637596 0.3310197983335283 0.04352322875625086 0.04352322870062476 0.3476173527282236 0.20146120234798434 0.2399572043490093 0.7248675979103082 0.5339049769745433 0.3310197981618816 0.22599236271697495 0.19261350082389045 0.3069687529810711 0.30124672331265007 0.22599236290346864 0.25711704328144347
66 0.5849942052684698 0.47206850000375683 0.20962920193328344 0.3222440949538008 0.22727585830222197 0.0005458740398530724 0.3872412359252307 0.3872412356084914 0.3130533885765455 0.3193606839385387 0.269564186911828 0.1511539503191118 -0.011458091858320535 0.0005458739800700208 0.27876156532918306 0.43203477150380143 0.30853030310088375 0.15659567108823874 0.27876156514680484 0.4220795866541735
27 0.15092785986190516 0.3023309683533956 0.18582958600780194 0.27408505164087515 0.19842038912877763 0.08928986525041314 0.38930487103366357 0.389304870878559 0.29036507789097554 0.11463684569482523 0.20529636619704322 0.5606971574716128 0.12347822648195945 0.08928986521327593 0.14023428666563675 0.22956116986247996 0.21885720919785748 0.8749619228764476 0.1402342867859446 0.20739864262629298
30 0.20341970303437507 0.21472398943856064 0.416937017760968 0.3004181134042318 0.4814758533670104 0.2958323650834023 0.19901501906083802 0.19901501891921022 0.34390826815548586 0.3760311840748275 0.2881735253897498 0.23801295883005746 0.29126155477601284 0.2958323649379065 0.40844865523480856 0.303905182173691 0.3220837787359697 0.19842038918361604 0.40844865537966873 0.3302008690598729
25 0.1688133898568853 0.2373540357677712 0.5055032216018697 0.361568648011606 0.4555021863912109 0.22077794129744613 0.24230543366981425 0.24230543359803966 0.314868205128703 0.2955260470086702 0.269387459268817 0.293727950867233 0.37470761133911135 0.22077794113923416 0.3752294591105512 0.36014626022081103 0.22636991713217547 0.28318777292969266 0.3752294592547641 0.2793571297724263
48 0.11437064813328028 0.12121086925976238 0.3329217657773564 0.38227201007177475 0.25305594296637596 0.3310197983335283 0.04352322875625086 0.04352322870062476 0.3476173527282236 0.20146120234798434 0.2399572043490093 0.7248675979103082 0.5339049769745433 0.3310197981618816 0.22599236271697495 0.19261350082389045 0.3069687529810711 0.30124672331265007 0.22599236290346864 0.25711704328144347
35 0.3080466733016179 0.21894831302207213 0.41090286655253505 0.2656087446426418 0.3760311841120093 0.2653831383713605 0.1805874283611551 0.18058742810581038 0.2535634164678394 0.5484470533238968 0.27367711176474807 0.14062966889759732 0.20550086780594817 0.26538313807410013 0.484459346339217 0.32086589347694083 0.28091591271687755 0.11463684582863481 0.4844593466304286 0.3223246172701996
41 0.20341970303437507 0.21472398943856064 0.416937017760968 0.3004181134042318 0.4814758533670104 0.2958323650834023 0.19901501906083802 0.19901501891921022 0.34390826815548586 0.3760311840748275 0.2881735253897498 0.23801295883005746 0.29126155477601284 0.2958323649379065 0.40844865523480856 0.303905182173691 0.3220837787359697 0.19842038918361604 0.40844865537966873 0.3302008690598729
64 0.4645218850475771 0.33926799278342723 0.25176784876934144 0.3141901903191819 0.33369855846923435 0.1108202270693441 0.2623912521984995 0.26239125188752155 0.3809660339657331 0.4129541546801232 0.30436910511075943 0.20780313216118343 0.057363806129062 0.11082022693038146 0.3619571358212306 0.3632146354292215 0.4016823121069245 0.1360028641142753 0.36195713555444975 0.45257374102498793
57 0.4669928936057726 0.4343763687092436 0.19043499651167453 0.3190748950378455 0.25450839434025196 0.01721513071300481 0.402000247724108 0.4020002475944928 0.4011680959741403 0.26188487103076524 0.38972765602116416 0.1999985171695349 -0.002340010957138601 0.017215130598298906 0.24194734571159038 0.3555794199348771 0.43647843238451944 0.2285823058413627 0.2419473460920425 0.3979315895655539
17 0.4811252022097722 0.36225463824264537 0.2717226698894993 0.3101757500579999 0.32674363619969543 0.0961028973305876 0.2876244566534763 0.2876244563641974 0.3532741783362214 0.41138741654134015 0.29690473369998593 0.1714258408894582 0.05331028869268289 0.09610289723992016 0.3640593865231763 0.39159212591472725 0.36572215032239264 0.1439667699499391 0.3640593862617667 0.4350101729234648
10 0.42632870219091934 0.4166272346454475 0.3552299832757817 0.35969255377677045 0.303905182085089 0.05704143868309803 0.3882846876974725 0.3882846874713075 0.31393583014085186 0.3208658932706807 0.27944632176543854 0.19978985293310433 0.08166058020486887 0.057041438658500344 0.3261965733646251 0.45128854786492356 0.2505666008602982 0.2295611698155917 0.3261965732383572 0.3613387308767622
50 0.370218866715021 0.3465598301445425 0.30058492440730333 0.3909573118726257 0.3302008692189702 0.10300761920007062 0.3157362524580094 0.3157362523852498 0.411423612938961 0.3223246172419749 0.30582245966559896 0.3146651942856806 0.0960166275872325 0.10300761911457812 0.32200298085808754 0.3613387312507257 0.3657879023511228 0.20739864284814757 0.3220029807416722 0.42464930954156443
60 0.27194403271304746 0.27439831451342445 0.17315906984828758 0.2940577789536566 0.3931627618806783 0.16913605461280382 0.22320962345109552 0.22320962322175103 0.5290800622035463 0.30326851875880806 0.33420185234631855 0.4172768936940953 0.09616953349844504 0.16913605443110982 0.2842397855485766 0.24865524913214995 0.5241711744082996 0.22030256347576951 0.2842397851970667 0.4573864605994432
7 0.3080466733016179 0.21894831302207213 0.41090286655253505 0.2656087446426418 0.3760311841120093 0.2653831383713605 0.1805874283611551 0.18058742810581038 0.2535634164678394 0.5484470533238968 0.27367711176474807 0.14062966889759732 0.20550086780594817 0.26538313807410013 0.484459346339217 0.32086589347694083 0.28091591271687755 0.11463684582863481 0.4844593466304286 0.3223246172701996
15 0.2342604844246611 0.23440329299412913 0.49376484025472706 0.3337433498906592 0.4169370177019868 0.22644336600360349 0.22906738240377386 0.2290673820558513 0.28000945034980207 0.41090286648841534 0.2719288561779668 0.2189487204757402 0.3076042205352511 0.22644336581465352 0.437790266801323 0.35522998352909413 0.23560944072694603 0.18582958612537295 0.43779026687036987 0.30058492438792656
32 0.1869180977003052 0.38012669420344475 0.29776212764003723 0.3499592896679514 0.2779729729312693 0.07118940454545153 0.4480055053622048 0.4480055051344642 0.35236828465767467 0.12438241356369761 0.24912717265082532 0.4435818681849707 0.12781122559055122 0.0711894044673203 0.18937797505700613 0.3375987923773259 0.22051258804620374 0.6366124500476957 0.18937797523809397 0.257307818715689
24 0.1195125964803788 0.11843999213534158 0.24970320176266655 0.2782477914661 0.3935077797884452 0.4167348832622012 0.05178593332236804 0.05178593333305646 0.41671339042442823 0.24394819086128158 0.2802928108297163 0.5756650277355684 0.41153602577736886 0.41673488304807765 0.26415963792053637 0.16761379333716545 0.43304044236972006 0.21543190606053142 0.2641596377135268 0.3260150721015732
53 0.370218866715021 0.3465598301445425 0.30058492440730333 0.3909573118726257 0.3302008692189702 0.10300761920007062 0.3157362524580094 0.3157362523852498 0.411423612938961 0.3223246172419749 0.30582245966559896 0.3146651942856806 0.0960166275872325 0.10300761911457812 0.32200298085808754 0.3613387312507257 0.3657879023511228 0.20739864284814757 0.3220029807416722 0.42464930954156443
43 0.20341970303437507 0.21472398943856064 0.416937017760968 0.3004181134042318 0.4814758533670104 0.2958323650834023 0.19901501906083802 0.19901501891921022 0.34390826815548586 0.3760311840748275 0.2881735253897498 0.23801295883005746 0.29126155477601284 0.2958323649379065 0.40844865523480856 0.303905182173691 0.3220837787359697 0.19842038918361604 0.40844865537966873 0.3302008690598729
18 0.3674449072446916 0.37121974576214306 0.29484663652291393 0.35546113480598135 0.3529692895817841 0.0997253636352586 0.3381289914546331 0.33812899134599034 0.415887030377892 0.31404058754278097 0.30637671245828657 0.2617988407606306 0.08378520482096924 0.09972536353679856 0.3176522546173517 0.37497516176657164 0.3635513509320083 0.230162063708495 0.3176522541519707 0.41495505765772195
58 0.49561416722077145 0.41239176930202226 0.22025591121651425 0.3738126881712657 0.21583843666496688 0.012094705716126282 0.39407336723126046 0.39407336701413875 0.34767377938371696 0.2713165491011554 0.38047787157758955 0.22570625541044323 0.0020254549608231718 0.012094705656793124 0.2503956661853919 0.36980829357612505 0.4337346049764702 0.21204147326175452 0.2503956664674762 0.39034460341371596
65 0.18214093956280836 0.17121114806929874 0.3299283245818839 0.2847006436280601 0.4659463559938406 0.3705617323449389 0.1292378495302 0.1292378493626817 0.38905963131028787 0.35177932684649277 0.29387675145138265 0.34745390011072746 0.31225560454153084 0.37056173212134874 0.36964368605231396 0.22667222108107632 0.40228661803284765 0.17502823901231995 0.3696436856942489 0.35357399525788197
61 0.17537939238761607 0.2862624138160684 0.2501791107159734 0.4006463851600975 0.32263642891263095 0.13408347044802368 0.3131722382035856 0.31317223799621385 0.48162321920258044 0.18411442635592126 0.3024470894914466 0.5639577463794587 0.14691175540983634 0.13408347030108733 0.22420293160747867 0.2570556153842343 0.39554069962833277 0.40883583376644267 0.22420293151761742 0.37524483975386075
34 -0.007118382842399824 1.7348911314159505e-05 0.3076042205830843 0.12446843991912249 0.29126155473231735 0.6246465747593481 0.0050346250200172795 0.0050346252142721955 0.11910065000764188 0.20550086776444815 0.10887496204141654 0.17433644824008274 0.8722839997801678 0.6246465744610427 0.24669944860507448 0.08166058013906775 0.11040041279118994 0.12347822646708943 0.24669944850697872 0.09601662758028547
54 0.370218866715021 0.3465598301445425 0.30058492440730333 0.3909573118726257 0.3302008692189702 0.10300761920007062 0.3157362524580094 0.3157362523852498 0.411423612938961 0.3223246172419749 0.30582245966559896 0.3146651942856806 0.0960166275872325 0.10300761911457812 0.32200298085808754 0.3613387312507257 0.3657879023511228 0.20739864284814757 0.3220029807416722 0.42464930954156443
9 0.27147478288837557 0.22266434363872747 0.43779026672089566 0.2927068966710141 0.40844865510128 0.26136171052655666 0.19830965887906093 0.19830965855416277 0.2780319850501864 0.4844593461683082 0.27725455146514694 0.17478203080888113 0.24669944862084559 0.26136171035763395 0.4635642160527739 0.3261965733071758 0.27831511863522523 0.14023428663147303 0.4635642159904165 0.3220029804042201
69 -0.007118382842399824 1.7348911314159505e-05 0.3076042205830843 0.12446843991912249 0.29126155473231735 0.6246465747593481 0.0050346250200172795 0.0050346252142721955 0.11910065000764188 0.20550086776444815 0.10887496204141654 0.17433644824008274 0.8722839997801678 0.6246465744610427 0.24669944860507448 0.08166058013906775 0.11040041279118994 0.12347822646708943 0.24669944850697872 0.09601662758028547
29 -0.007118382842399824 1.7348911314159505e-05 0.3076042205830843 0.12446843991912249 0.29126155473231735 0.6246465747593481 0.0050346250200172795 0.0050346252142721955 0.11910065000764188 0.20550086776444815 0.10887496204141654 0.17433644824008274 0.8722839997801678 0.6246465744610427 0.24669944860507448 0.08166058013906775 0.11040041279118994 0.12347822646708943 0.24669944850697872 0.09601662758028547
21 0.39869793394274655 0.43717315471137214 0.1462728979476281 0.3053219515901525 0.28933500649252597 0.027224357255510097 0.3979800017480983 0.3979800015430936 0.48048752586376287 0.26176188227267594 0.30757468369248187 0.26506466369192855 -0.0045592364052909 0.02722435713720565 0.23749937598919293 0.3296049104596934 0.42951524934194146 0.2543228321622276 0.23749937563907633 0.4453629179269754
14 0.2560622364448047 0.33815408192673985 0.33640097644581346 0.44780689800979845 0.274295342439618 0.10132720533091488 0.3341340824207361 0.33413408228611313 0.3127930796514733 0.22813817306543133 0.33006252891127585 0.3975595513488275 0.13544944834837194 0.10132720519010341 0.2727180056324344 0.34827270531843796 0.47821857038287546 0.3414800228982974 0.2727180056134922 0.35270551014071455
59 -0.0031553337205855667 -0.0009070992555612964 0.22644336581508606 0.09192676327390198 0.2958323648739539 0.7619620245375227 0.0014792577171899323 0.0014792576507312975 0.12041628114824235 0.2653831380581013 0.1279947024612699 0.13434466029487946 0.6246465745687637 0.7619620242375408 0.26136171035889205 0.05704143859662591 0.15352214078815898 0.08928986509275483 0.26136171033757616 0.10300761885978106
20 0.42910128931437186 0.34760355622143 0.2833926156523896 0.3556724035932701 0.3287968512021325 0.10300838276765532 0.29197649271108966 0.2919764925753246 0.38769087605197866 0.3739414630390102 0.30393254296155114 0.24909104208073707 0.0751860834295389 0.10300838263344331 0.3471246384133502 0.37121338069158777 0.37567994893220186 0.16123223579554208 0.3471246382946266 0.4384836038664842
3 0.27147478288837557 0.22266434363872747 0.43779026672089566 0.2927068966710141 0.40844865510128 0.26136171052655666 0.19830965887906093 0.19830965855416277 0.2780319850501864 0.4844593461683082 0.27725455146514694 0.17478203080888113 0.24669944862084559 0.26136171035763395 0.4635642160527739 0.3261965733071758 0.27831511863522523 0.14023428663147303 0.4635642159904165 0.3220029804042201
38 -0.0031553337205855667 -0.0009070992555612964 0.22644336581508606 0.09192676327390198 0.2958323648739539 0.7619620245375227 0.0014792577171899323 0.0014792576507312975 0.12041628114824235 0.2653831380581013 0.1279947024612699 0.13434466029487946 0.6246465745687637 0.7619620242375408 0.26136171035889205 0.05704143859662591 0.15352214078815898 0.08928986509275483 0.26136171033757616 0.10300761885978106
2 0.28951713038608673 0.4200169693296421 0.3667140038122753 0.386311157674864 0.28925453647366656 0.05050053439406194 0.45428232086458864 0.4542823206172218 0.32880035300421956 0.19292562539615607 0.26368529889667125 0.33042457309830314 0.11735877879891991 0.05050053426712784 0.25012962204086314 0.4219661479872982 0.19955021682288976 0.43393369768376916 0.250129622082401 0.2922657023279923
55 0.31736747247904334 0.24588937835328517 0.23560944058527108 0.3181801614222612 0.32208377867158966 0.15352214096995867 0.22598981948675995 0.22598981924888942 0.3927750582224193 0.280915912589657 0.5460551402798863 0.3487363828915277 0.11040041280978265 0.15352214082769097 0.2783151188297776 0.2505666009343132 0.6037201309791438 0.21885720919892493 0.27831511862750175 0.3657879021344071
47 0.1216172352153651 0.23055802361643396 0.21894872041369254 0.40284290827244573 0.23801295879970027 0.13434466045258814 0.290283820872346 0.2902838205837084 0.4216169730493279 0.14062966879568578 0.2674850186766711 0.724603129989816 0.1743364482588906 0.1343446604101665 0.174782030834942 0.19978985300859106 0.34873638289271736 0.560697157472834 0.17478203081301857 0.31466519408861626
6 0.3870411283662748 0.5003152740093794 0.22906738226808546 0.346919664742408 0.19901501903162563 0.0014792580377626296 0.5351452433906565 0.5351452431868332 0.3199686414753746 0.18058742817364346 0.2523235184412995 0.2902838207842805 0.005034625171176467 0.001479257919208611 0.19830965890177954 0.38828468772075697 0.2259898194366016 0.3893048709522667 0.19830965876413578 0.31573625226372876
1 0.27147478288837557 0.22266434363872747 0.43779026672089566 0.2927068966710141 0.40844865510128 0.26136171052655666 0.19830965887906093 0.19830965855416277 0.2780319850501864 0.4844593461683082 0.27725455146514694 0.17478203080888113 0.24669944862084559 0.26136171035763395 0.4635642160527739 0.3261965733071758 0.27831511863522523 0.14023428663147303 0.4635642159904165 0.3220029804042201
39 -0.0031553337205855667 -0.0009070992555612964 0.22644336581508606 0.09192676327390198 0.2958323648739539 0.7619620245375227 0.0014792577171899323 0.0014792576507312975 0.12041628114824235 0.2653831380581013 0.1279947024612699 0.13434466029487946 0.6246465745687637 0.7619620242375408 0.26136171035889205 0.05704143859662591 0.15352214078815898 0.08928986509275483 0.26136171033757616 0.10300761885978106
63 0.14139533348759922 0.11439618274196756 0.15903577429190724 0.16991406986019147 0.45121489022931544 0.46788288664063626 0.04203971719881895 0.04203971706175912 0.4348621083376298 0.30247890213527734 0.29726213298590026 0.4633756880841959 0.3030857233350264 0.46788288641584663 0.28064948004816853 0.15839530045088715 0.5038047823548307 0.1789490570094307 0.2806494797955558 0.34932947820905513
22 0.1216172352153651 0.23055802361643396 0.21894872041369254 0.40284290827244573 0.23801295879970027 0.13434466045258814 0.290283820872346 0.2902838205837084 0.4216169730493279 0.14062966879568578 0.2674850186766711 0.724603129989816 0.1743364482588906 0.1343446604101665 0.174782030834942 0.19978985300859106 0.34873638289271736 0.560697157472834 0.17478203081301857 0.31466519408861626
62 0.4942108924739981 0.503738635348219 0.1197096081942979 0.33344872171919254 0.18706640282820022 -0.026593579134955636 0.47240444952385463 0.4724044493823311 0.392040029783166 0.23056004763189042 0.2724718422121612 0.23896769043480418 -0.04047152564430201 -0.026593579131526473 0.19739539828619992 0.35557611028662195 0.3448153122505993 0.2367951464874286 0.19739539801741066 0.4175394850589466
26 0.1688133898568853 0.2373540357677712 0.5055032216018697 0.361568648011606 0.4555021863912109 0.22077794129744613 0.24230543366981425 0.24230543359803966 0.314868205128703 0.2955260470086702 0.269387459268817 0.293727950867233 0.37470761133911135 0.22077794113923416 0.3752294591105512 0.36014626022081103 0.22636991713217547 0.28318777292969266 0.3752294592547641 0.2793571297724263
40 0.20341970303437507 0.21472398943856064 0.416937017760968 0.3004181134042318 0.4814758533670104 0.2958323650834023 0.19901501906083802 0.19901501891921022 0.34390826815548586 0.3760311840748275 0.2881735253897498 0.23801295883005746 0.29126155477601284 0.2958323649379065 0.40844865523480856 0.303905182173691 0.3220837787359697 0.19842038918361604 0.40844865537966873 0.3302008690598729
