1 0.14471197647576528 0.22264039311846198 0.14471197536100291 0.4332627290093366 0.23698435376204993 0.14471197527352805 0.32376287652583763 0.37775792724129387 0.23698435371349655 0.2226403945340085 0.4814259564580463 0.4814259559939241 0.14471197520517162 0.48283141234281096 0.2226403939131624 0.16202024566001633 0.32376287724177943 0.48142595690476364 0.3531299589559093 0.18908086449681868
6 0.29631834405224566 0.05753700175715628 0.2963183430629797 0.3503740247472828 0.08968059045974013 0.29631834360504894 0.5057429443240254 0.4035805172929074 0.08968059046429865 0.057537003156062735 0.32376287672724363 0.323762876283208 0.2963183434632008 0.2677841398141022 0.05753700278375562 0.32061867980581915 0.5057429451075022 0.32376287720020125 0.4749642740678996 0.3331831788247398
51 0.5404279130675115 0.039693122970920404 0.5404279124245421 0.16795087910377002 0.03729362612502617 0.5404279128900058 0.29631834326411893 0.22400848453059546 0.037293626443194436 0.03969312443887562 0.14471197532925986 0.14471197483157688 0.5404279126381432 0.1353022581801125 0.03969312426595596 0.46483935289269457 0.2963183438638854 0.14471197581230197 0.2513206599131589 0.4581232758087328
11 0.14471197647576528 0.22264039311846198 0.14471197536100291 0.4332627290093366 0.23698435376204993 0.14471197527352805 0.32376287652583763 0.37775792724129387 0.23698435371349655 0.2226403945340085 0.4814259564580463 0.4814259559939241 0.14471197520517162 0.48283141234281096 0.2226403939131624 0.16202024566001633 0.32376287724177943 0.48142595690476364 0.3531299589559093 0.18908086449681868
13 0.22400848527380932 0.09451268608004293 0.22400848416695646 0.3381412128417549 0.06655178368043806 0.22400848418982747 0.4035805169631216 0.6082291636559051 0.06655178376751848 0.09451268745916891 0.3777579271653804 0.3777579269190862 0.22400848455629754 0.4214766008861397 0.09451268729606505 0.25290757892023064 0.40358051748331897 0.37775792761869653 0.4916377400372669 0.2053589968620922
2 0.29631834405224566 0.05753700175715628 0.2963183430629797 0.3503740247472828 0.08968059045974013 0.29631834360504894 0.5057429443240254 0.4035805172929074 0.08968059046429865 0.057537003156062735 0.32376287672724363 0.323762876283208 0.2963183434632008 0.2677841398141022 0.05753700278375562 0.32061867980581915 0.5057429451075022 0.32376287720020125 0.4749642740678996 0.3331831788247398
10 0.29631834405224566 0.05753700175715628 0.2963183430629797 0.3503740247472828 0.08968059045974013 0.29631834360504894 0.5057429443240254 0.4035805172929074 0.08968059046429865 0.057537003156062735 0.32376287672724363 0.323762876283208 0.2963183434632008 0.2677841398141022 0.05753700278375562 0.32061867980581915 0.5057429451075022 0.32376287720020125 0.4749642740678996 0.3331831788247398
49 0.039693124359298296 0.6308498619764542 0.03969312387007371 0.2146969004034786 0.5047338985169215 0.03969312363028705 0.057537002337401236 0.09451268705549182 0.5047338984842066 0.63084986315054 0.22264039406538164 0.22264039374103156 0.03969312351079592 0.25734425317772647 0.6308498620253189 0.04158295185397472 0.05753700287139301 0.2226403941734033 0.06952895170734363 0.08441814392553326
15 0.14471197647576528 0.22264039311846198 0.14471197536100291 0.4332627290093366 0.23698435376204993 0.14471197527352805 0.32376287652583763 0.37775792724129387 0.23698435371349655 0.2226403945340085 0.4814259564580463 0.4814259559939241 0.14471197520517162 0.48283141234281096 0.2226403939131624 0.16202024566001633 0.32376287724177943 0.48142595690476364 0.3531299589559093 0.18908086449681868
61 0.46483935378691255 0.04158295105980431 0.4648393525774965 0.21232267016814982 0.043875350005696485 0.4648393528334027 0.3206186794584846 0.2529075789202308 0.04387535007616492 0.041582952476003576 0.16202024557351483 0.16202024538479526 0.4648393527770877 0.1370186722902995 0.04158295196573472 0.6787126681639265 0.3206186799257257 0.1620202461187269 0.2762916061682297 0.42131985017571816
30 0.13530225860551634 0.2573442527525369 0.13530225803255502 0.377966423493988 0.19591657371770568 0.13530225806098994 0.2677841394765438 0.42147660088615546 0.19591657368011198 0.2573442535381806 0.48283141248156836 0.4828314118310095 0.1353022579607662 0.5672002831570266 0.25734425300207303 0.13701867229029296 0.26778414001272194 0.48283141238127225 0.3561486805443114 0.1438745360556149
53 0.039693124359298296 0.6308498619764542 0.03969312387007371 0.2146969004034786 0.5047338985169215 0.03969312363028705 0.057537002337401236 0.09451268705549182 0.5047338984842066 0.63084986315054 0.22264039406538164 0.22264039374103156 0.03969312351079592 0.25734425317772647 0.6308498620253189 0.04158295185397472 0.05753700287139301 0.2226403941734033 0.06952895170734363 0.08441814392553326
24 0.037293626554224586 0.5047338980264549 0.0372936262116872 0.2839783774818289 0.6709803361875026 0.037293626005441886 0.08968059027156877 0.06655178358803995 0.670980336178519 0.5047338985674571 0.2369843536407809 0.2369843534075645 0.03729362598232617 0.19591657351543568 0.5047338980943368 0.043875349835414884 0.08968059048457638 0.23698435373967341 0.0715264974332128 0.12112546093503501
31 0.5404279130675115 0.039693122970920404 0.5404279124245421 0.16795087910377002 0.03729362612502617 0.5404279128900058 0.29631834326411893 0.22400848453059546 0.037293626443194436 0.03969312443887562 0.14471197532925986 0.14471197483157688 0.5404279126381432 0.1353022581801125 0.03969312426595596 0.46483935289269457 0.2963183438638854 0.14471197581230197 0.2513206599131589 0.4581232758087328
17 0.20978901935170882 0.08260577624673801 0.20978901632624788 0.3061916465057541 0.07881762805740411 0.20978901623852345 0.4061086661705989 0.5402387479988737 0.07881762815111154 0.08260577991668458 0.3843282555212835 0.3843282551782455 0.20978901651488857 0.3839847217672652 0.08260577954409873 0.4051974047763879 0.4061086674330716 0.3843282561736847 0.5095940631691472 0.22581954205477991
60 0.12946662175130957 0.331141490524678 0.12946662049855462 0.4515183330677426 0.26383528024616626 0.12946662048020785 0.14472625641581802 0.4406863521071107 0.2638352803948155 0.33114149196658454 0.3662203056331307 0.3662203051943238 0.12946662020286095 0.429170082554037 0.3311414918069159 0.39365318870679544 0.14472625697274666 0.36622030590774585 0.279279251356579 0.22097151694172235
62 0.12946662175130957 0.331141490524678 0.12946662049855462 0.4515183330677426 0.26383528024616626 0.12946662048020785 0.14472625641581802 0.4406863521071107 0.2638352803948155 0.33114149196658454 0.3662203056331307 0.3662203051943238 0.12946662020286095 0.429170082554037 0.3311414918069159 0.39365318870679544 0.14472625697274666 0.36622030590774585 0.279279251356579 0.22097151694172235
68 0.039693124359298296 0.6308498619764542 0.03969312387007371 0.2146969004034786 0.5047338985169215 0.03969312363028705 0.057537002337401236 0.09451268705549182 0.5047338984842066 0.63084986315054 0.22264039406538164 0.22264039374103156 0.03969312351079592 0.25734425317772647 0.6308498620253189 0.04158295185397472 0.05753700287139301 0.2226403941734033 0.06952895170734363 0.08441814392553326
55 0.3205494008470095 0.14886848464069538 0.3205494040071956 0.5312659120610186 0.12251494616469605 0.32054940382853564 0.3242735509859036 0.592091934084378 0.1225149461484176 0.1488684806780692 0.26356718603343693 0.2635671856798274 0.32054940374881913 0.2721274545867782 0.14886848035306147 0.4131210218647418 0.32427354985262946 0.26356718564939785 0.21940558612663447 0.3798048490726069
63 0.039693124359298296 0.6308498619764542 0.03969312387007371 0.2146969004034786 0.5047338985169215 0.03969312363028705 0.057537002337401236 0.09451268705549182 0.5047338984842066 0.63084986315054 0.22264039406538164 0.22264039374103156 0.03969312351079592 0.25734425317772647 0.6308498620253189 0.04158295185397472 0.05753700287139301 0.2226403941734033 0.06952895170734363 0.08441814392553326
69 0.039693124359298296 0.6308498619764542 0.03969312387007371 0.2146969004034786 0.5047338985169215 0.03969312363028705 0.057537002337401236 0.09451268705549182 0.5047338984842066 0.63084986315054 0.22264039406538164 0.22264039374103156 0.03969312351079592 0.25734425317772647 0.6308498620253189 0.04158295185397472 0.05753700287139301 0.2226403941734033 0.06952895170734363 0.08441814392553326
42 0.38376434272159604 0.13888745661327545 0.38376434423099287 0.4824591830500643 0.15721447847464234 0.38376434416391764 0.2882927247287933 0.5054230907122305 0.15721447859513743 0.13888745499788627 0.23994753778172742 0.23994753712248473 0.3837643438710387 0.14312953778000978 0.13888745459531784 0.45628086979900373 0.2882927243837748 0.23994753762519597 0.074247857159941 0.487103748350745
50 0.13530225860551634 0.2573442527525369 0.13530225803255502 0.377966423493988 0.19591657371770568 0.13530225806098994 0.2677841394765438 0.42147660088615546 0.19591657368011198 0.2573442535381806 0.48283141248156836 0.4828314118310095 0.1353022579607662 0.5672002831570266 0.25734425300207303 0.13701867229029296 0.26778414001272194 0.48283141238127225 0.3561486805443114 0.1438745360556149
39 0.037293626554224586 0.5047338980264549 0.0372936262116872 0.2839783774818289 0.6709803361875026 0.037293626005441886 0.08968059027156877 0.06655178358803995 0.670980336178519 0.5047338985674571 0.2369843536407809 0.2369843534075645 0.03729362598232617 0.19591657351543568 0.5047338980943368 0.043875349835414884 0.08968059048457638 0.23698435373967341 0.0715264974332128 0.12112546093503501
38 0.037293626554224586 0.5047338980264549 0.0372936262116872 0.2839783774818289 0.6709803361875026 0.037293626005441886 0.08968059027156877 0.06655178358803995 0.670980336178519 0.5047338985674571 0.2369843536407809 0.2369843534075645 0.03729362598232617 0.19591657351543568 0.5047338980943368 0.043875349835414884 0.08968059048457638 0.23698435373967341 0.0715264974332128 0.12112546093503501
4 0.29631834405224566 0.05753700175715628 0.2963183430629797 0.3503740247472828 0.08968059045974013 0.29631834360504894 0.5057429443240254 0.4035805172929074 0.08968059046429865 0.057537003156062735 0.32376287672724363 0.323762876283208 0.2963183434632008 0.2677841398141022 0.05753700278375562 0.32061867980581915 0.5057429451075022 0.32376287720020125 0.4749642740678996 0.3331831788247398
58 0.26823376807184646 0.1389192573316381 0.2682337699424525 0.4827796782500081 0.09465628110004438 0.2682337700906232 0.3459332839894034 0.6461097585960632 0.09465628106674416 0.1389192544882327 0.3132658373901195 0.3132658371665254 0.26823377005735916 0.36694478740180037 0.1389192542462929 0.3459495496338082 0.34593328331921636 0.3132658371605789 0.3372358168913541 0.2867043774442598
27 0.039693124359298296 0.6308498619764542 0.03969312387007371 0.2146969004034786 0.5047338985169215 0.03969312363028705 0.057537002337401236 0.09451268705549182 0.5047338984842066 0.63084986315054 0.22264039406538164 0.22264039374103156 0.03969312351079592 0.25734425317772647 0.6308498620253189 0.04158295185397472 0.05753700287139301 0.2226403941734033 0.06952895170734363 0.08441814392553326
59 0.037293626554224586 0.5047338980264549 0.0372936262116872 0.2839783774818289 0.6709803361875026 0.037293626005441886 0.08968059027156877 0.06655178358803995 0.670980336178519 0.5047338985674571 0.2369843536407809 0.2369843534075645 0.03729362598232617 0.19591657351543568 0.5047338980943368 0.043875349835414884 0.08968059048457638 0.23698435373967341 0.0715264974332128 0.12112546093503501
46 0.5404279130675115 0.039693122970920404 0.5404279124245421 0.16795087910377002 0.03729362612502617 0.5404279128900058 0.29631834326411893 0.22400848453059546 0.037293626443194436 0.03969312443887562 0.14471197532925986 0.14471197483157688 0.5404279126381432 0.1353022581801125 0.03969312426595596 0.46483935289269457 0.2963183438638854 0.14471197581230197 0.2513206599131589 0.4581232758087328
64 0.039693124359298296 0.6308498619764542 0.03969312387007371 0.2146969004034786 0.5047338985169215 0.03969312363028705 0.057537002337401236 0.09451268705549182 0.5047338984842066 0.63084986315054 0.22264039406538164 0.22264039374103156 0.03969312351079592 0.25734425317772647 0.6308498620253189 0.04158295185397472 0.05753700287139301 0.2226403941734033 0.06952895170734363 0.08441814392553326
8 0.25132066069812653 0.06952895075493716 0.2513206594438784 0.33734860886931944 0.07152649760133258 0.25132065988230734 0.4749642737880406 0.491637740037246 0.0715264974942715 0.0695289522267015 0.35312995903129796 0.35312995846845757 0.2513206595538594 0.35614868054430365 0.06952895188497106 0.2762916061682504 0.4749642742937275 0.35312995927098945 0.5232784306256184 0.25460041231852076
54 0.039693124359298296 0.6308498619764542 0.03969312387007371 0.2146969004034786 0.5047338985169215 0.03969312363028705 0.057537002337401236 0.09451268705549182 0.5047338984842066 0.63084986315054 0.22264039406538164 0.22264039374103156 0.03969312351079592 0.25734425317772647 0.6308498620253189 0.04158295185397472 0.05753700287139301 0.2226403941734033 0.06952895170734363 0.08441814392553326
41 0.38376434272159604 0.13888745661327545 0.38376434423099287 0.4824591830500643 0.15721447847464234 0.38376434416391764 0.2882927247287933 0.5054230907122305 0.15721447859513743 0.13888745499788627 0.23994753778172742 0.23994753712248473 0.3837643438710387 0.14312953778000978 0.13888745459531784 0.45628086979900373 0.2882927243837748 0.23994753762519597 0.074247857159941 0.487103748350745
9 0.14471197647576528 0.22264039311846198 0.14471197536100291 0.4332627290093366 0.23698435376204993 0.14471197527352805 0.32376287652583763 0.37775792724129387 0.23698435371349655 0.2226403945340085 0.4814259564580463 0.4814259559939241 0.14471197520517162 0.48283141234281096 0.2226403939131624 0.16202024566001633 0.32376287724177943 0.48142595690476364 0.3531299589559093 0.18908086449681868
23 0.037293626554224586 0.5047338980264549 0.0372936262116872 0.2839783774818289 0.6709803361875026 0.037293626005441886 0.08968059027156877 0.06655178358803995 0.670980336178519 0.5047338985674571 0.2369843536407809 0.2369843534075645 0.03729362598232617 0.19591657351543568 0.5047338980943368 0.043875349835414884 0.08968059048457638 0.23698435373967341 0.0715264974332128 0.12112546093503501
25 0.13530225860551634 0.2573442527525369 0.13530225803255502 0.377966423493988 0.19591657371770568 0.13530225806098994 0.2677841394765438 0.42147660088615546 0.19591657368011198 0.2573442535381806 0.48283141248156836 0.4828314118310095 0.1353022579607662 0.5672002831570266 0.25734425300207303 0.13701867229029296 0.26778414001272194 0.48283141238127225 0.3561486805443114 0.1438745360556149
19 0.14471197647576528 0.22264039311846198 0.14471197536100291 0.4332627290093366 0.23698435376204993 0.14471197527352805 0.32376287652583763 0.37775792724129387 0.23698435371349655 0.2226403945340085 0.4814259564580463 0.4814259559939241 0.14471197520517162 0.48283141234281096 0.2226403939131624 0.16202024566001633 0.32376287724177943 0.48142595690476364 0.3531299589559093 0.18908086449681868
32 0.039693124359298296 0.6308498619764542 0.03969312387007371 0.2146969004034786 0.5047338985169215 0.03969312363028705 0.057537002337401236 0.09451268705549182 0.5047338984842066 0.63084986315054 0.22264039406538164 0.22264039374103156 0.03969312351079592 0.25734425317772647 0.6308498620253189 0.04158295185397472 0.05753700287139301 0.2226403941734033 0.06952895170734363 0.08441814392553326
47 0.039693124359298296 0.6308498619764542 0.03969312387007371 0.2146969004034786 0.5047338985169215 0.03969312363028705 0.057537002337401236 0.09451268705549182 0.5047338984842066 0.63084986315054 0.22264039406538164 0.22264039374103156 0.03969312351079592 0.25734425317772647 0.6308498620253189 0.04158295185397472 0.05753700287139301 0.2226403941734033 0.06952895170734363 0.08441814392553326
40 0.2599397385317527 0.10540069264659034 0.25993973821312744 0.4151544047803191 0.09939099426931643 0.25993973834710027 0.4021711392697887 0.6202957369865191 0.09939099428842778 0.10540069311634645 0.35986680054712944 0.3598667999293975 0.2599397378586805 0.3281343318611046 0.10540069258458179 0.3183632680616397 0.4021711396560936 0.3598668007056799 0.35795311541592534 0.26502012625125104
7 0.14471197647576528 0.22264039311846198 0.14471197536100291 0.4332627290093366 0.23698435376204993 0.14471197527352805 0.32376287652583763 0.37775792724129387 0.23698435371349655 0.2226403945340085 0.4814259564580463 0.4814259559939241 0.14471197520517162 0.48283141234281096 0.2226403939131624 0.16202024566001633 0.32376287724177943 0.48142595690476364 0.3531299589559093 0.18908086449681868
44 0.2136234437590133 0.28710781661011936 0.21362344251918705 0.47797381105464354 0.43353263672796605 0.2136234416639102 0.17063968028757664 0.519569353041955 0.43353263686193333 0.2871078177614295 0.32105693259688395 0.32105693221664544 0.2136234416041933 0.12594639581037415 0.28710781737172003 0.31607519299186226 0.1706396811554994 0.3210569328722135 -0.07304976476262481 0.41280293330237916
14 0.2601777323295408 0.10317244960366218 0.2601777330122095 0.414850992264257 0.08225274633414341 0.26017773285090146 0.41893196441079145 0.5722604585700763 0.08225274639470637 0.10317244881823844 0.3366403968857873 0.33664039651618427 0.26017773289789525 0.36357260359934723 0.10317244822085599 0.31163898133908813 0.4189319643579955 0.3366403971435833 0.4359217221130683 0.27083349460331674
3 0.14471197647576528 0.22264039311846198 0.14471197536100291 0.4332627290093366 0.23698435376204993 0.14471197527352805 0.32376287652583763 0.37775792724129387 0.23698435371349655 0.2226403945340085 0.4814259564580463 0.4814259559939241 0.14471197520517162 0.48283141234281096 0.2226403939131624 0.16202024566001633 0.32376287724177943 0.48142595690476364 0.3531299589559093 0.18908086449681868
48 0.039693124359298296 0.6308498619764542 0.03969312387007371 0.2146969004034786 0.5047338985169215 0.03969312363028705 0.057537002337401236 0.09451268705549182 0.5047338984842066 0.63084986315054 0.22264039406538164 0.22264039374103156 0.03969312351079592 0.25734425317772647 0.6308498620253189 0.04158295185397472 0.05753700287139301 0.2226403941734033 0.06952895170734363 0.08441814392553326
45 0.13530225860551634 0.2573442527525369 0.13530225803255502 0.377966423493988 0.19591657371770568 0.13530225806098994 0.2677841394765438 0.42147660088615546 0.19591657368011198 0.2573442535381806 0.48283141248156836 0.4828314118310095 0.1353022579607662 0.5672002831570266 0.25734425300207303 0.13701867229029296 0.26778414001272194 0.48283141238127225 0.3561486805443114 0.1438745360556149
52 0.039693124359298296 0.6308498619764542 0.03969312387007371 0.2146969004034786 0.5047338985169215 0.03969312363028705 0.057537002337401236 0.09451268705549182 0.5047338984842066 0.63084986315054 0.22264039406538164 0.22264039374103156 0.03969312351079592 0.25734425317772647 0.6308498620253189 0.04158295185397472 0.05753700287139301 0.2226403941734033 0.06952895170734363 0.08441814392553326
66 0.5404279130675115 0.039693122970920404 0.5404279124245421 0.16795087910377002 0.03729362612502617 0.5404279128900058 0.29631834326411893 0.22400848453059546 0.037293626443194436 0.03969312443887562 0.14471197532925986 0.14471197483157688 0.5404279126381432 0.1353022581801125 0.03969312426595596 0.46483935289269457 0.2963183438638854 0.14471197581230197 0.2513206599131589 0.4581232758087328
67 0.039693124359298296 0.6308498619764542 0.03969312387007371 0.2146969004034786 0.5047338985169215 0.03969312363028705 0.057537002337401236 0.09451268705549182 0.5047338984842066 0.63084986315054 0.22264039406538164 0.22264039374103156 0.03969312351079592 0.25734425317772647 0.6308498620253189 0.04158295185397472 0.05753700287139301 0.2226403941734033 0.06952895170734363 0.08441814392553326
56 0.18041433708801438 0.31340374075945515 0.18041433791822178 0.5747684631917909 0.3195940152205547 0.1804143380039322 0.2224167631588208 0.48342411007036673 0.31959401502687856 0.3134037398623668 0.3612438280796377 0.3612438277398665 0.1804143376484829 0.33683050804291836 0.3134037389873186 0.2660862849273822 0.2224167628180785 0.3612438281942605 0.18558893605155705 0.3060083762267282
0 0.29631834405224566 0.05753700175715628 0.2963183430629797 0.3503740247472828 0.08968059045974013 0.29631834360504894 0.5057429443240254 0.4035805172929074 0.08968059046429865 0.057537003156062735 0.32376287672724363 0.323762876283208 0.2963183434632008 0.2677841398141022 0.05753700278375562 0.32061867980581915 0.5057429451075022 0.32376287720020125 0.4749642740678996 0.3331831788247398
21 0.16795087957405577 0.21469689997098712 0.16795087885818408 0.5281783120447572 0.28397837759422356 0.16795087908316936 0.3503740245436023 0.3381412128417518 0.2839783776384431 0.21469690069448114 0.43326272894371637 0.433262728568825 0.16795087885292326 0.3779664234939685 0.21469690017123214 0.21232267016814432 0.35037402489388736 0.4332627292838068 0.3373486088693303 0.28960175391428716
65 0.13530225860551634 0.2573442527525369 0.13530225803255502 0.377966423493988 0.19591657371770568 0.13530225806098994 0.2677841394765438 0.42147660088615546 0.19591657368011198 0.2573442535381806 0.48283141248156836 0.4828314118310095 0.1353022579607662 0.5672002831570266 0.25734425300207303 0.13701867229029296 0.26778414001272194 0.48283141238127225 0.3561486805443114 0.1438745360556149
28 0.039693124359298296 0.6308498619764542 0.03969312387007371 0.2146969004034786 0.5047338985169215 0.03969312363028705 0.057537002337401236 0.09451268705549182 0.5047338984842066 0.63084986315054 0.22264039406538164 0.22264039374103156 0.03969312351079592 0.25734425317772647 0.6308498620253189 0.04158295185397472 0.05753700287139301 0.2226403941734033 0.06952895170734363 0.08441814392553326
29 0.039693124359298296 0.6308498619764542 0.03969312387007371 0.2146969004034786 0.5047338985169215 0.03969312363028705 0.057537002337401236 0.09451268705549182 0.5047338984842066 0.63084986315054 0.22264039406538164 0.22264039374103156 0.03969312351079592 0.25734425317772647 0.6308498620253189 0.04158295185397472 0.05753700287139301 0.2226403941734033 0.06952895170734363 0.08441814392553326
37 0.4581232764376644 0.08441814281354193 0.45812327523087903 0.28960175391428855 0.12112546101418498 0.4581232758204803 0.33318317859742663 0.20535899686208792 0.12112546117426426 0.08441814461433811 0.1890808644454216 0.1890808640940067 0.4581232756774578 0.14387453605562683 0.08441814411802345 0.4213198501757235 0.33318317902835837 0.18908086504405386 0.25460041231855257 0.6256359085374914
26 0.5404279130675115 0.039693122970920404 0.5404279124245421 0.16795087910377002 0.03729362612502617 0.5404279128900058 0.29631834326411893 0.22400848453059546 0.037293626443194436 0.03969312443887562 0.14471197532925986 0.14471197483157688 0.5404279126381432 0.1353022581801125 0.03969312426595596 0.46483935289269457 0.2963183438638854 0.14471197581230197 0.2513206599131589 0.4581232758087328
16 0.24536958364518097 0.08793729215526551 0.24536958133577624 0.37171081525043664 0.10210857355245445 0.2453695815340249 0.41528220976637265 0.4640954455827723 0.10210857361011852 0.08793729434794402 0.33489774957283414 0.3348977490540828 0.24536958142250423 0.29981382436340515 0.0879372940518579 0.5258871577270543 0.4152822105827416 0.33489774994479543 0.44814848068299845 0.30787290837619175
36 0.16795087957405577 0.21469689997098712 0.16795087885818408 0.5281783120447572 0.28397837759422356 0.16795087908316936 0.3503740245436023 0.3381412128417518 0.2839783776384431 0.21469690069448114 0.43326272894371637 0.433262728568825 0.16795087885292326 0.3779664234939685 0.21469690017123214 0.21232267016814432 0.35037402489388736 0.4332627292838068 0.3373486088693303 0.28960175391428716
34 0.039693124359298296 0.6308498619764542 0.03969312387007371 0.2146969004034786 0.5047338985169215 0.03969312363028705 0.057537002337401236 0.09451268705549182 0.5047338984842066 0.63084986315054 0.22264039406538164 0.22264039374103156 0.03969312351079592 0.25734425317772647 0.6308498620253189 0.04158295185397472 0.05753700287139301 0.2226403941734033 0.06952895170734363 0.08441814392553326
57 0.3877972249248132 0.13608499505453425 0.38779722757505114 0.49601308200907196 0.1280872759833033 0.38779722785953885 0.3254162885606216 0.4310440351698681 0.12808727616584967 0.13608499154236692 0.20220920396189246 0.20220920367120504 0.3877972276335314 0.20443427836052988 0.13608499129812873 0.4504490589921996 0.325416287514946 0.2022092036452168 0.20697342801618637 0.5027597704047403
5 0.14471197647576528 0.22264039311846198 0.14471197536100291 0.4332627290093366 0.23698435376204993 0.14471197527352805 0.32376287652583763 0.37775792724129387 0.23698435371349655 0.2226403945340085 0.4814259564580463 0.4814259559939241 0.14471197520517162 0.48283141234281096 0.2226403939131624 0.16202024566001633 0.32376287724177943 0.48142595690476364 0.3531299589559093 0.18908086449681868
33 0.039693124359298296 0.6308498619764542 0.03969312387007371 0.2146969004034786 0.5047338985169215 0.03969312363028705 0.057537002337401236 0.09451268705549182 0.5047338984842066 0.63084986315054 0.22264039406538164 0.22264039374103156 0.03969312351079592 0.25734425317772647 0.6308498620253189 0.04158295185397472 0.05753700287139301 0.2226403941734033 0.06952895170734363 0.08441814392553326
22 0.4581232764376644 0.08441814281354193 0.45812327523087903 0.28960175391428855 0.12112546101418498 0.4581232758204803 0.33318317859742663 0.20535899686208792 0.12112546117426426 0.08441814461433811 0.1890808644454216 0.1890808640940067 0.4581232756774578 0.14387453605562683 0.08441814411802345 0.4213198501757235 0.33318317902835837 0.18908086504405386 0.25460041231855257 0.6256359085374914
43 0.2136234437590133 0.28710781661011936 0.21362344251918705 0.47797381105464354 0.43353263672796605 0.2136234416639102 0.17063968028757664 0.519569353041955 0.43353263686193333 0.2871078177614295 0.32105693259688395 0.32105693221664544 0.2136234416041933 0.12594639581037415 0.28710781737172003 0.31607519299186226 0.1706396811554994 0.3210569328722135 -0.07304976476262481 0.41280293330237916
12 0.25132066069812653 0.06952895075493716 0.2513206594438784 0.33734860886931944 0.07152649760133258 0.25132065988230734 0.4749642737880406 0.491637740037246 0.0715264974942715 0.0695289522267015 0.35312995903129796 0.35312995846845757 0.2513206595538594 0.35614868054430365 0.06952895188497106 0.2762916061682504 0.4749642742937275 0.35312995927098945 0.5232784306256184 0.25460041231852076
20 0.16795087957405577 0.21469689997098712 0.16795087885818408 0.5281783120447572 0.28397837759422356 0.16795087908316936 0.3503740245436023 0.3381412128417518 0.2839783776384431 0.21469690069448114 0.43326272894371637 0.433262728568825 0.16795087885292326 0.3779664234939685 0.21469690017123214 0.21232267016814432 0.35037402489388736 0.4332627292838068 0.3373486088693303 0.28960175391428716
35 0.16795087957405577 0.21469689997098712 0.16795087885818408 0.5281783120447572 0.28397837759422356 0.16795087908316936 0.3503740245436023 0.3381412128417518 0.2839783776384431 0.21469690069448114 0.43326272894371637 0.433262728568825 0.16795087885292326 0.3779664234939685 0.21469690017123214 0.21232267016814432 0.35037402489388736 0.4332627292838068 0.3373486088693303 0.28960175391428716
18 0.25132066069812653 0.06952895075493716 0.2513206594438784 0.33734860886931944 0.07152649760133258 0.25132065988230734 0.4749642737880406 0.491637740037246 0.0715264974942715 0.0695289522267015 0.35312995903129796 0.35312995846845757 0.2513206595538594 0.35614868054430365 0.06952895188497106 0.2762916061682504 0.4749642742937275 0.35312995927098945 0.5232784306256184 0.25460041231852076
