1 0
2 2
2 3
2 4
292 4
6 5
8 7
10 9
17 9
17 10
292 10
12 11
72 11
12 12
72 12
12 13
72 13
12 14
72 14
12 15
72 15
17 16
190 16
215 16
161 16
181 17
17 18
18 18
17 19
181 19
17 20
181 20
17 21
72 21
366 21
420 21
17 22
160 22
17 23
72 23
181 23
215 23
288 23
17 24
17 25
264 25
328 25
372 25
17 26
207 26
215 26
17 27
72 27
181 27
210 27
17 28
72 28
17 29
181 29
190 29
17 30
17 31
17 32
181 32
215 32
288 32
17 33
72 33
181 33
396 33
17 34
88 34
215 34
264 34
328 34
372 34
36 35
36 36
36 37
36 38
36 39
36 40
36 41
215 41
43 42
45 44
45 45
47 46
366 47
47 48
18 49
51 50
51 52
54 53
56 55
72 55
215 55
72 56
181 56
135 56
288 56
56 57
72 57
59 58
59 60
138 60
61 61
292 61
61 62
61 63
61 64
337 64
61 65
337 65
61 66
172 66
61 67
61 68
337 68
61 69
172 69
61 70
337 70
72 71
181 71
161 71
292 71
72 72
72 73
292 73
396 73
72 74
181 74
72 75
88 75
72 76
72 77
72 78
72 79
181 79
288 79
420 79
72 80
143 80
145 80
72 81
148 81
72 82
149 82
72 83
72 84
160 84
219 84
72 85
135 85
219 85
72 86
87 86
72 87
87 87
72 88
88 88
72 89
201 89
328 89
72 90
201 90
90 90
72 91
72 92
72 93
93 93
366 93
72 94
210 94
72 95
210 95
72 96
210 96
72 97
212 97
72 98
212 98
72 99
72 100
234 100
72 101
105 101
72 102
102 102
72 103
105 103
72 104
105 104
72 105
276 105
72 106
102 106
72 107
276 107
111 107
72 108
109 108
72 109
109 109
72 110
90 110
72 111
111 111
72 112
111 112
72 113
143 113
145 113
72 114
72 115
143 115
72 116
292 116
396 116
72 117
190 117
276 117
72 118
326 118
72 119
326 119
72 120
143 120
147 120
337 120
72 121
72 122
122 122
72 123
181 123
215 123
260 123
123 123
374 123
72 124
72 125
143 125
145 125
72 126
72 127
143 127
72 128
389 128
72 129
72 130
417 130
132 131
219 131
132 132
219 132
134 133
134 135
135 135
136 136
136 137
138 138
138 139
138 140
138 141
138 142
143 144
147 146
396 146
148 148
150 150
152 151
154 151
215 151
249 151
219 151
152 153
215 153
249 153
219 153
155 155
155 156
155 157
155 158
158 158
160 159
160 161
160 162
164 163
164 164
88 164
166 165
366 165
366 166
166 167
215 167
167 167
366 167
166 168
181 168
215 168
85 169
85 170
172 170
85 171
172 171
85 172
172 172
135 172
85 173
172 173
85 174
172 174
85 175
172 175
172 176
172 177
172 178
172 179
172 180
181 181
181 182
181 183
288 183
181 184
288 184
181 185
288 185
420 185
181 186
215 186
288 186
181 187
215 187
288 187
181 188
181 189
288 189
190 191
288 191
292 191
396 191
190 192
190 193
190 194
88 195
88 196
88 197
88 198
88 199
88 200
203 202
204 204
204 205
206 205
249 205
308 205
93 208
215 208
366 208
93 209
209 209
366 209
212 211
214 213
214 214
215 215
215 216
292 216
298 216
215 217
215 218
215 219
215 220
215 221
306 221
366 221
222 222
135 223
291 223
292 223
135 224
249 224
292 224
135 225
135 226
249 226
228 227
366 227
229 229
231 230
231 231
233 232
236 235
237 237
237 238
237 239
237 240
237 241
237 242
237 243
237 244
237 245
237 246
237 247
237 248
249 249
249 250
249 251
249 252
249 253
249 254
249 255
249 256
249 257
249 258
260 259
260 260
105 261
105 262
264 263
372 263
264 264
328 264
264 265
328 265
372 265
264 266
328 266
372 266
268 267
271 267
268 268
268 269
268 270
268 271
271 271
271 272
308 272
271 273
275 274
276 277
278 278
280 279
281 281
209 282
209 283
283 283
285 284
285 286
111 287
288 289
288 290
375 290
292 293
324 293
292 294
298 294
292 295
292 296
298 297
298 298
298 299
300 300
396 300
302 301
302 302
302 303
302 304
302 305
308 307
308 308
308 309
308 310
308 311
308 312
308 313
308 314
308 315
308 316
308 317
308 318
308 319
308 320
308 321
323 322
324 324
324 325
326 326
328 327
328 329
328 330
328 331
328 332
328 333
335 334
335 335
337 336
337 337
337 338
337 339
337 340
337 341
337 342
337 343
337 344
337 345
337 346
337 347
337 348
337 349
337 350
337 351
337 352
337 353
337 354
337 355
120 356
120 357
120 358
120 359
120 360
120 361
120 362
120 363
120 364
120 365
366 367
366 368
366 369
369 370
371 371
371 372
372 372
372 373
375 375
377 376
379 378
379 379
379 380
384 380
379 381
384 381
379 382
384 383
384 384
384 385
384 386
384 387
384 388
391 390
158 390
393 392
395 394
395 395
396 396
396 397
396 398
396 399
396 400
396 401
396 402
396 403
396 404
396 405
396 406
396 407
396 408
396 409
396 410
396 411
396 412
396 413
396 414
396 415
396 416
419 418
422 421
