0 0
1 1
2 2
3 0
4 1
5 2
6 0
7 1
8 2
9 0
10 1
11 2
12 0
13 1
14 2
15 0
16 1
17 2
18 0
19 1
20 2
21 0
22 1
23 2
24 0
25 1
26 2
27 0
28 1
29 2
30 6
31 7
32 8
33 9
34 9
35 3
36 4
37 5
38 5
39 5
40 10
41 11
42 11
43 12
44 12
45 6
46 7
47 8
48 9
49 9
50 3
51 4
52 5
53 5
54 5
55 10
56 11
57 11
58 12
59 12
60 6
61 7
62 8
63 9
64 9
65 3
66 4
67 5
68 5
69 5
70 10
71 11
72 11
73 12
74 12
75 6
76 7
77 8
78 9
79 9
80 3
81 4
82 5
83 5
84 5
85 10
86 11
87 11
88 12
89 12
90 6
91 7
92 8
93 9
94 9
95 3
96 4
97 5
98 5
99 5
100 10
101 11
102 11
103 12
104 12
105 6
106 7
107 8
108 9
109 9
110 3
111 4
112 5
113 5
114 5
115 10
116 11
117 11
118 12
119 12
120 6
121 7
122 8
123 9
124 9
125 3
126 4
127 5
128 5
129 5
130 10
131 11
132 11
133 12
134 12
135 6
136 7
137 8
138 9
139 9
140 3
141 4
142 5
143 5
144 5
145 10
146 11
147 11
148 12
149 12
150 6
151 7
152 8
153 9
154 9
155 3
156 4
157 5
158 5
159 5
160 10
161 11
162 11
163 12
164 12
165 6
166 7
167 8
168 9
169 9
170 3
171 4
172 5
173 5
174 5
175 10
176 11
177 11
178 12
179 12
