0 1
0 20
1 2
2 3
2 25
3 4
4 5
4 30
5 6
6 7
6 35
7 8
8 9
8 40
9 10
10 11
10 45
10 53
11 12
12 13
12 50
13 14
14 15
14 52
14 55
15 16
16 17
16 60
17 18
18 19
18 65
19 0
20 21
21 22
23 22
24 22
26 25
26 27
26 28
26 29
29 60
31 30
31 32
31 33
31 34
33 61
35 36
36 37
38 19
38 37
39 37
40 41
40 42
41 43
42 44
43 42
44 41
46 45
46 47
46 48
46 49
47 59
50 2
51 38
51 50
51 52
51 53
51 54
55 56
55 57
57 2
57 21
57 59
58 57
59 56
60 61
60 62
61 28
61 63
62 64
63 53
63 59
63 62
64 61
64 69
65 66
65 67
66 68
67 69
68 67
69 66
