0 29 2
1 0 2
2 1 2
3 2 2
4 3 2
5 4 2
6 5 2
7 6 2
8 7 2
9 8 2
10 9 2
11 10 2
12 11 2
13 12 2
14 13 2
15 14 2
16 15 2
17 16 2
18 17 2
19 18 2
20 19 2
21 20 2
22 21 2
23 22 2
24 23 2
25 24 2
26 25 2
27 26 2
28 27 2
29 28 2
30 0 1
30 31 5
32 31 5
33 31 5
34 31 5
35 1 1
35 36 5
37 35 1
37 36 5
38 36 5
39 36 5
40 2 1
41 40 9
41 44 11
42 40 9
42 43 11
43 41 10
44 42 10
45 3 1
45 46 5
45 47 1
47 46 5
48 46 5
49 45 1
49 46 6
50 4 1
50 51 5
52 51 5
53 51 6
54 51 5
55 5 1
56 55 9
56 59 11
57 55 9
57 58 11
58 56 10
59 57 10
59 58 1
60 6 1
60 61 5
62 61 5
62 62 1
63 61 5
64 61 5
65 7 1
65 66 5
67 66 5
68 66 5
69 66 5
70 8 1
71 70 9
71 74 11
72 70 9
72 71 1
72 73 11
73 71 10
74 72 10
75 9 1
75 76 5
76 76 1
77 76 5
78 76 5
79 76 5
80 10 1
80 81 5
80 84 1
81 82 1
82 81 5
83 81 5
84 81 5
85 11 1
86 85 10
86 89 11
87 85 9
87 88 11
88 86 10
89 87 10
90 12 1
90 91 5
91 91 1
92 91 5
93 91 4
94 91 5
95 13 1
95 96 6
97 96 5
97 98 1
98 96 5
99 96 5
100 14 1
101 100 9
101 104 11
102 100 9
102 103 11
103 101 11
104 102 10
105 15 1
105 106 5
107 106 5
108 106 5
109 106 5
110 16 1
110 111 5
112 111 5
113 111 5
114 111 5
115 17 1
116 115 9
116 119 11
117 115 9
117 118 11
118 116 10
119 117 10
120 18 1
120 121 5
120 123 1
122 121 5
123 121 5
124 121 5
125 19 1
125 126 5
127 126 5
128 126 5
129 126 5
130 20 1
130 130 1
130 132 1
131 130 9
131 134 11
132 130 9
132 133 11
132 134 1
133 130 1
133 131 10
134 132 10
134 134 1
135 21 1
135 136 5
135 139 1
136 137 1
137 136 5
138 136 5
139 136 5
140 22 1
140 141 5
142 141 5
143 141 5
144 141 5
145 23 1
146 145 9
146 149 11
147 145 9
147 148 11
148 146 10
149 147 10
150 24 1
150 151 5
152 151 5
153 151 5
154 151 5
154 152 1
155 25 1
155 156 5
156 155 1
157 156 5
158 156 5
159 156 5
160 26 1
161 160 9
161 164 11
162 160 9
162 163 11
163 161 10
164 162 10
165 27 1
165 166 5
167 166 5
168 166 5
169 166 5
170 28 1
170 171 5
172 171 5
173 171 5
174 171 6
175 29 1
176 175 9
176 179 11
177 175 9
177 178 11
178 176 10
179 177 10
