0 1 1
0 20 1
1 2 1
2 3 1
2 25 1
3 4 1
4 5 1
4 30 1
5 6 1
6 7 1
6 35 1
7 8 1
8 9 1
8 40 1
9 10 1
10 11 1
10 45 1
11 12 1
12 13 1
12 50 1
13 14 1
14 15 1
14 55 1
15 16 1
16 17 1
16 60 1
17 18 1
18 19 1
18 65 1
20 21 2
20 22 2
21 23 3
22 24 3
23 22 4
24 21 4
25 26 2
25 27 2
26 28 3
27 29 3
28 27 4
29 26 4
31 30 2
31 32 2
31 33 2
31 34 2
35 36 2
35 37 2
36 38 3
37 39 3
38 37 4
39 36 4
40 41 2
40 42 2
41 43 3
42 44 3
43 42 4
44 41 4
45 46 2
46 47 2
48 47 3
49 47 3
51 50 2
51 52 2
51 53 2
51 54 2
55 56 2
56 57 2
58 57 3
59 57 3
60 61 2
61 62 2
63 62 3
64 62 3
65 66 2
65 67 2
66 68 3
67 69 3
68 67 4
69 66 4
