0 29
1 0
2 1
3 2
4 3
5 4
6 5
7 6
8 7
9 8
10 9
11 10
12 11
13 12
14 13
15 14
16 15
17 16
18 17
19 18
20 19
21 20
22 21
23 22
24 23
25 24
26 25
27 26
28 27
29 28
30 0
30 31
32 31
33 31
34 31
35 2
35 36
37 36
38 36
39 36
40 4
41 40
42 41
42 43
42 44
45 6
46 45
46 49
47 45
47 48
48 46
49 47
50 8
51 50
52 51
52 53
52 54
55 10
56 55
56 59
57 55
57 58
58 56
59 57
60 12
60 61
62 61
63 61
64 61
65 14
65 66
67 66
68 66
69 66
70 16
70 71
72 71
73 71
74 71
75 18
76 75
77 76
77 78
77 79
80 20
80 81
82 81
83 81
84 81
85 22
85 86
87 86
88 86
89 86
90 24
91 90
92 91
92 93
92 94
95 26
96 95
97 96
97 98
97 99
100 28
101 100
102 101
102 103
102 104
