0 0
1 1
2 0
3 1
4 0
5 1
6 0
7 1
8 0
9 1
10 0
11 1
12 0
13 1
14 0
15 1
16 0
17 1
18 0
19 1
20 0
21 1
22 0
23 1
24 0
25 1
26 0
27 1
28 0
29 1
30 2
31 3
32 4
33 4
34 4
35 9
36 10
37 10
38 11
39 11
40 9
41 10
42 10
43 11
44 11
45 2
46 3
47 4
48 4
49 4
50 9
51 10
52 10
53 11
54 11
55 9
56 10
57 10
58 11
59 11
60 2
61 3
62 4
63 4
64 4
65 9
66 10
67 10
68 11
69 11
70 9
71 10
72 10
73 11
74 11
75 2
76 3
77 4
78 4
79 4
80 9
81 10
82 10
83 11
84 11
85 9
86 10
87 10
88 11
89 11
90 2
91 3
92 4
93 4
94 4
95 9
96 10
97 10
98 11
99 11
100 9
101 10
102 10
103 11
104 11
105 2
106 3
107 4
108 4
109 4
110 9
111 10
112 10
113 11
114 11
115 9
116 10
117 10
118 11
119 11
120 2
121 3
122 4
123 4
124 4
125 9
126 10
127 10
128 11
129 11
130 9
131 10
132 10
133 11
134 11
135 2
136 3
137 4
138 4
139 4
140 9
141 10
142 10
143 11
144 11
145 9
146 10
147 10
148 11
149 11
150 2
151 3
152 4
153 4
154 4
155 9
156 10
157 10
158 11
159 11
160 9
161 10
162 10
163 11
164 11
165 2
166 3
167 4
168 4
169 4
170 9
171 10
172 10
173 11
174 11
175 9
176 10
177 10
178 11
179 11
