0 1 2
0 30 1
1 2 2
1 35 1
2 3 2
2 40 1
3 4 2
3 45 1
4 5 2
4 50 1
5 6 2
5 55 1
6 7 2
6 60 1
7 8 2
7 65 1
8 9 2
8 70 1
9 10 2
9 75 1
10 11 2
10 80 1
11 12 2
11 85 1
12 13 2
12 90 1
13 14 2
13 95 1
14 15 2
14 100 1
15 16 2
15 105 1
16 17 2
16 110 1
17 18 2
17 115 1
18 19 2
18 120 1
19 20 2
19 125 1
20 21 2
20 130 1
21 22 2
21 135 1
22 23 2
22 140 1
23 24 2
23 145 1
24 25 2
24 150 1
25 26 2
25 155 1
26 27 2
26 160 1
27 28 2
27 165 1
28 29 2
28 170 1
29 0 2
29 175 1
30 31 9
30 32 9
31 33 10
32 34 10
33 32 11
34 31 11
35 36 6
36 37 7
38 37 8
39 37 8
40 41 9
40 42 9
41 43 10
42 44 10
43 42 11
44 40 1
44 41 11
45 46 9
45 47 9
46 48 10
47 49 10
48 46 1
48 47 10
49 46 11
50 51 6
51 52 7
53 52 8
54 52 8
55 56 9
55 57 9
56 58 10
57 59 10
58 57 11
59 56 11
60 61 9
60 62 9
60 64 1
61 63 10
62 64 10
63 61 1
63 62 11
64 61 11
65 66 6
66 66 1
66 67 7
67 68 1
68 67 8
69 67 8
70 71 9
70 72 9
71 73 10
72 74 10
73 72 11
74 71 11
75 76 9
75 77 9
76 78 10
77 79 10
78 75 1
78 77 11
79 76 11
80 81 6
81 82 7
83 82 8
84 82 8
85 86 9
85 87 9
86 88 10
87 89 10
88 87 11
89 86 11
90 91 9
90 92 9
91 93 10
92 94 10
93 92 11
94 91 11
95 96 5
96 97 7
98 96 1
98 97 7
99 97 8
100 101 9
100 102 9
101 103 10
102 104 10
103 102 11
103 104 1
104 101 11
105 106 9
105 107 9
106 108 10
107 108 1
107 109 10
108 107 11
109 106 11
110 111 6
111 112 7
113 112 7
114 112 8
115 116 9
115 117 9
116 118 10
117 119 10
118 117 12
119 116 11
120 121 9
120 122 9
121 123 10
121 124 1
122 124 10
123 122 11
124 121 11
125 126 6
126 127 7
128 127 8
129 127 8
130 131 9
130 132 9
131 130 1
131 133 10
132 134 10
133 132 11
134 131 11
135 136 9
135 137 9
136 138 10
137 139 10
138 137 11
139 136 11
140 141 6
141 142 7
143 142 8
144 142 8
145 146 9
145 147 9
146 148 10
147 149 10
148 147 11
149 146 11
150 151 9
150 152 9
151 153 10
152 152 1
152 154 10
153 152 11
154 151 11
155 156 6
156 157 7
156 159 1
158 157 8
159 157 8
160 161 9
160 162 9
160 164 1
161 163 10
162 163 1
162 164 10
163 162 11
164 161 11
165 166 9
165 167 9
165 168 1
166 168 10
167 169 10
168 167 11
169 166 11
170 171 6
171 172 7
173 172 8
174 172 8
175 176 9
175 177 9
176 178 10
177 179 10
178 177 11
179 176 11
