0 1 1
0 20 1
1 2 1
2 3 1
2 25 1
3 4 1
4 5 1
4 30 1
5 6 1
6 7 1
6 35 1
7 8 1
8 9 1
8 40 1
9 10 1
10 11 1
10 45 1
11 12 1
12 13 1
12 50 1
13 14 1
14 15 1
14 55 1
15 16 1
16 17 1
16 60 1
17 18 1
18 19 1
18 65 1
21 20 2
21 22 2
21 23 2
21 24 2
25 26 2
25 27 2
26 28 3
27 29 3
28 27 4
29 26 4
30 31 2
30 32 2
31 33 3
32 34 3
33 32 4
34 31 4
35 36 2
35 37 2
36 38 3
37 39 3
38 37 4
39 36 4
40 41 2
41 42 2
43 42 3
44 42 3
46 45 2
46 47 2
46 48 2
46 49 2
51 50 2
51 52 2
51 53 2
51 54 2
55 56 2
55 57 2
56 58 3
57 59 3
58 57 4
59 56 4
60 61 2
60 62 2
61 63 3
62 64 3
63 62 4
64 61 4
66 65 2
66 67 2
66 68 2
66 69 2
