0 1 1
0 20 1
1 2 1
2 3 1
2 25 1
3 4 1
4 5 1
4 30 1
5 6 1
6 7 1
6 35 1
7 8 1
8 9 1
8 40 1
9 10 1
10 11 1
10 45 1
11 12 1
12 13 1
12 50 1
13 14 1
14 15 1
14 55 1
15 16 1
16 17 1
16 60 1
17 18 1
18 19 1
18 65 1
20 21 2
21 22 2
23 22 3
24 22 3
26 25 2
26 27 2
26 28 2
26 29 2
30 31 2
31 32 2
33 32 3
34 32 3
35 36 2
35 37 2
36 38 3
37 39 3
38 37 4
39 36 4
40 41 2
41 42 2
43 42 3
44 42 3
45 46 2
46 47 2
48 47 3
49 47 3
51 50 2
51 52 2
51 53 2
51 54 2
56 55 2
56 57 2
56 58 2
56 59 2
61 60 2
61 62 2
61 63 2
61 64 2
65 66 2
65 67 2
66 68 3
67 69 3
68 67 4
69 66 4
