0 1
0 20
1 2
2 3
2 25
3 4
4 5
4 30
5 6
6 7
6 35
6 45
7 8
8 9
8 40
9 10
10 11
10 45
11 12
12 13
12 50
13 14
14 15
14 55
15 3
15 16
16 0
16 17
16 60
17 18
18 19
18 65
19 0
20 21
20 22
21 2
21 23
22 24
23 22
24 21
25 26
25 27
26 16
26 28
27 29
28 27
29 26
30 31
30 32
31 31
31 33
32 34
33 32
34 31
36 35
36 37
36 38
36 39
37 25
41 40
41 42
41 43
41 44
41 60
43 22
45 46
46 47
48 47
49 47
49 69
51 50
51 52
51 53
51 54
53 3
56 55
56 57
56 58
56 59
60 61
60 62
61 63
62 64
63 62
64 61
65 66
66 67
68 67
69 67
