0 0
1 1
2 2
3 0
4 1
5 2
6 0
7 1
8 2
9 0
10 1
11 2
12 0
13 1
14 2
15 0
16 1
17 2
18 0
19 1
20 2
21 0
22 1
23 2
24 0
25 1
26 2
27 0
28 1
29 2
30 6
31 7
32 8
33 9
34 9
35 10
36 11
37 11
38 12
39 12
40 3
41 4
42 5
43 5
44 5
45 6
46 7
47 8
48 9
49 9
50 10
51 11
52 11
53 12
54 12
55 3
56 4
57 5
58 5
59 5
60 6
61 7
62 8
63 9
64 9
65 10
66 11
67 11
68 12
69 12
70 3
71 4
72 5
73 5
74 5
75 6
76 7
77 8
78 9
79 9
80 10
81 11
82 11
83 12
84 12
85 3
86 4
87 5
88 5
89 5
90 6
91 7
92 8
93 9
94 9
95 10
96 11
97 11
98 12
99 12
100 3
101 4
102 5
103 5
104 5
105 6
106 7
107 8
108 9
109 9
110 10
111 11
112 11
113 12
114 12
115 3
116 4
117 5
118 5
119 5
120 6
121 7
122 8
123 9
124 9
125 10
126 11
127 11
128 12
129 12
130 3
131 4
132 5
133 5
134 5
135 6
136 7
137 8
138 9
139 9
140 10
141 11
142 11
143 12
144 12
145 3
146 4
147 5
148 5
149 5
150 6
151 7
152 8
153 9
154 9
155 10
156 11
157 11
158 12
159 12
160 3
161 4
162 5
163 5
164 5
165 6
166 7
167 8
168 9
169 9
170 10
171 11
172 11
173 12
174 12
175 3
176 4
177 5
178 5
179 5
