0 29 1
1 0 1
2 1 1
3 2 1
4 3 1
5 4 1
6 5 1
7 6 1
8 7 1
9 8 1
10 9 1
11 10 1
12 11 1
13 12 1
14 13 1
15 14 1
16 15 1
17 16 1
18 17 1
19 18 1
20 19 1
21 20 1
22 21 1
23 22 1
24 23 1
25 24 1
26 25 1
27 26 1
28 27 1
29 28 1
30 0 1
30 31 1
32 31 1
32 34 1
33 31 1
34 31 1
35 1 1
36 35 1
36 39 1
37 35 1
37 38 1
38 36 1
39 35 1
39 37 1
40 2 1
41 40 1
42 41 1
42 43 1
42 44 1
45 3 1
45 46 1
47 46 1
47 49 1
48 46 1
49 46 1
50 4 1
51 50 1
51 54 1
52 50 1
52 53 1
53 51 1
53 53 1
54 52 1
55 5 1
56 55 1
56 56 1
57 56 1
57 58 1
57 59 1
59 55 1
60 6 1
60 61 1
62 61 1
63 61 1
64 61 1
64 64 1
65 7 1
66 65 1
66 69 1
67 65 1
67 68 1
68 66 1
69 67 1
70 8 1
71 70 1
72 71 1
72 73 1
72 74 1
75 9 1
75 76 1
77 76 1
78 76 1
79 75 1
79 76 1
80 10 1
81 80 1
81 84 1
82 80 1
82 83 1
83 81 1
84 82 1
85 11 1
86 85 1
87 86 1
87 88 1
87 89 1
89 87 1
90 12 1
92 91 1
93 91 1
94 91 1
94 93 1
95 13 1
95 96 1
96 95 1
96 99 1
97 95 1
97 98 1
98 96 1
99 97 1
100 14 1
100 104 1
101 100 1
102 101 1
102 103 1
102 104 1
105 15 1
105 106 1
107 106 1
108 106 1
109 106 1
110 16 1
110 112 1
111 110 1
111 114 1
112 110 1
112 113 1
112 114 1
113 111 1
114 112 1
115 17 1
115 118 1
116 115 1
117 116 1
117 118 1
117 119 1
118 119 1
120 18 1
120 121 1
122 121 1
122 123 1
123 120 1
123 121 1
124 121 1
125 19 1
126 126 1
126 129 1
127 125 1
127 126 1
127 128 1
128 126 1
128 128 1
129 127 1
130 20 1
130 132 1
131 130 1
132 131 1
132 133 1
132 134 1
135 21 1
135 136 1
137 136 1
138 136 1
139 136 1
140 22 1
141 140 1
141 144 1
142 140 1
142 143 1
143 141 1
144 142 1
145 23 1
146 145 1
147 146 1
147 148 1
147 149 1
149 148 1
150 24 1
150 151 1
152 151 1
153 151 1
154 151 1
155 25 1
156 159 1
157 155 1
157 158 1
158 156 1
159 157 1
160 26 1
161 160 1
162 161 1
162 163 1
162 164 1
165 27 1
165 166 1
166 169 1
167 166 1
168 166 1
169 165 1
169 166 1
170 28 1
170 172 1
171 170 1
171 174 1
172 170 1
172 173 1
173 171 1
174 172 1
175 29 1
176 175 1
176 176 1
177 176 1
177 178 1
177 179 1
