0 19 1
1 0 1
2 1 1
3 2 1
4 3 1
5 4 1
6 5 1
7 6 1
8 7 1
9 8 1
10 9 1
11 10 1
12 11 1
13 12 1
14 13 1
15 14 1
16 15 1
17 16 1
18 17 1
19 18 1
20 0 1
20 21 2
22 21 2
23 21 2
24 21 2
25 2 1
26 25 2
27 26 2
27 28 3
27 29 3
30 4 1
30 31 2
32 31 2
33 31 2
34 31 2
35 6 1
36 35 2
36 39 4
37 35 2
37 38 4
38 36 3
39 37 3
40 8 1
40 41 2
42 41 2
43 41 2
44 41 2
45 10 1
46 45 2
46 49 4
47 45 2
47 48 4
48 46 3
49 47 3
50 12 1
51 50 2
51 54 4
52 50 2
52 53 4
53 51 3
54 52 3
55 14 1
55 56 2
57 56 2
58 56 2
59 56 2
60 16 1
60 61 2
62 61 2
63 61 2
64 61 2
65 18 1
66 65 2
67 66 2
67 68 3
67 69 3
