0 0
1 1
2 0
3 1
4 0
5 1
6 0
7 1
8 0
9 1
10 0
11 1
12 0
13 1
14 0
15 1
16 0
17 1
18 0
19 1
20 0
21 1
22 0
23 1
24 0
25 1
26 0
27 1
28 0
29 1
30 9
31 10
32 11
33 12
34 12
35 9
36 10
37 11
38 12
39 12
40 13
41 14
42 14
43 15
44 15
45 9
46 10
47 11
48 12
49 12
50 9
51 10
52 11
53 12
54 12
55 13
56 14
57 14
58 15
59 15
60 9
61 10
62 11
63 12
64 12
65 9
66 10
67 11
68 12
69 12
70 13
71 14
72 14
73 15
74 15
75 9
76 10
77 11
78 12
79 12
80 9
81 10
82 11
83 12
84 12
85 13
86 14
87 14
88 15
89 15
90 9
91 10
92 11
93 12
94 12
95 9
96 10
97 11
98 12
99 12
100 13
101 14
102 14
103 15
104 15
105 9
106 10
107 11
108 12
109 12
110 9
111 10
112 11
113 12
114 12
115 13
116 14
117 14
118 15
119 15
120 9
121 10
122 11
123 12
124 12
125 9
126 10
127 11
128 12
129 12
130 13
131 14
132 14
133 15
134 15
135 9
136 10
137 11
138 12
139 12
140 9
141 10
142 11
143 12
144 12
145 13
146 14
147 14
148 15
149 15
150 9
151 10
152 11
153 12
154 12
155 9
156 10
157 11
158 12
159 12
160 13
161 14
162 14
163 15
164 15
165 9
166 10
167 11
168 12
169 12
170 9
171 10
172 11
173 12
174 12
175 13
176 14
177 14
178 15
179 15
