0 19 1
1 0 1
2 1 1
3 2 1
4 3 1
5 4 1
6 5 1
7 6 1
8 7 1
9 8 1
10 9 1
11 10 1
12 11 1
13 12 1
14 13 1
15 14 1
16 15 1
17 16 1
18 17 1
19 18 1
20 0 1
20 21 2
22 21 2
23 21 2
24 21 2
25 2 1
25 26 2
27 26 2
28 26 2
29 26 2
30 4 1
30 31 2
32 31 2
33 31 2
34 31 2
35 6 1
35 36 2
37 36 2
38 36 2
39 36 2
40 8 1
40 41 2
42 41 2
43 41 2
44 41 2
45 10 1
46 45 2
46 49 4
47 45 2
47 48 4
48 46 3
49 47 3
50 12 1
50 51 2
52 51 2
53 51 2
54 51 2
55 14 1
55 56 2
57 56 2
58 56 2
59 56 2
60 16 1
61 60 2
62 61 2
62 63 3
62 64 3
65 18 1
65 66 2
67 66 2
68 66 2
69 66 2
