0 29
1 0
2 1
3 2
4 3
5 4
6 5
7 6
8 7
9 8
10 9
11 10
12 11
13 12
14 13
15 14
16 15
17 16
18 17
19 18
20 19
21 20
22 21
23 22
24 23
25 24
26 25
27 26
28 27
29 28
30 0
31 30
31 34
32 30
32 33
33 31
34 32
35 2
36 35
37 36
37 38
37 39
40 4
40 41
42 41
43 41
44 41
45 6
45 46
47 46
48 46
49 46
50 8
51 50
52 51
52 53
52 54
55 10
56 55
57 56
57 58
57 59
60 12
60 61
62 61
63 61
64 61
65 14
66 65
66 69
67 65
67 68
68 66
69 67
70 16
71 70
72 71
72 73
72 74
75 18
75 76
77 76
78 76
79 76
80 20
80 81
82 81
83 81
84 81
85 22
86 85
86 89
87 85
87 88
88 86
89 87
90 24
91 90
91 94
92 90
92 93
93 91
94 92
95 26
95 96
97 96
98 96
99 96
100 28
101 100
102 101
102 103
102 104
