0 1 1
0 20 1
1 2 1
2 3 1
2 25 1
3 4 1
4 5 1
4 30 1
5 6 1
6 7 1
6 35 1
7 8 1
8 9 1
8 40 1
9 10 1
10 11 1
10 45 1
11 12 1
12 13 1
12 50 1
13 14 1
14 15 1
14 55 1
15 16 1
16 17 1
16 60 1
17 18 1
18 19 1
18 65 1
19 0 1
21 20 2
21 22 2
21 23 2
21 24 2
26 25 2
26 27 2
26 28 2
26 29 2
30 31 2
30 32 2
31 33 3
32 34 3
33 32 4
34 31 4
36 35 2
36 37 2
36 38 2
36 39 2
40 41 2
41 42 2
43 42 3
44 42 3
45 46 2
45 47 2
46 48 3
47 49 3
48 47 4
49 46 4
50 51 2
51 52 2
53 52 3
54 52 3
56 55 2
56 57 2
56 58 2
56 59 2
60 61 2
60 62 2
61 63 3
62 64 3
63 62 4
64 61 4
65 66 2
65 67 2
66 68 3
67 69 3
68 67 4
69 66 4
