0 1 1
0 20 1
1 2 1
2 3 1
2 25 1
3 4 1
4 5 1
4 30 1
5 6 1
6 7 1
6 35 1
7 8 1
8 9 1
8 40 1
9 10 1
10 11 1
10 45 1
11 12 1
12 13 1
12 50 1
13 14 1
14 15 1
14 55 1
15 16 1
16 17 1
16 60 1
17 18 1
18 19 1
18 65 1
19 0 1
21 20 2
21 22 2
21 23 2
21 24 2
25 26 2
25 27 2
26 28 3
27 29 3
28 27 4
29 26 4
30 31 2
31 32 2
33 32 3
34 32 3
35 36 2
36 37 2
38 37 3
39 37 3
40 41 2
41 42 2
43 42 3
44 42 3
45 46 2
45 47 2
46 48 3
47 49 3
48 47 4
49 46 4
51 50 2
51 52 2
51 53 2
51 54 2
56 55 2
56 57 2
56 58 2
56 59 2
61 60 2
61 62 2
61 63 2
61 64 2
66 65 2
66 67 2
66 68 2
66 69 2
