0 29
1 0
2 1
3 2
4 3
5 4
6 5
7 6
8 7
9 8
10 9
11 10
12 11
13 12
14 13
15 14
16 15
17 16
18 17
19 18
20 19
21 20
22 21
23 22
24 23
25 24
26 25
27 26
28 27
29 28
30 0
31 30
31 34
32 30
32 33
33 31
34 32
35 2
36 35
37 36
37 38
37 39
40 4
40 41
42 41
43 41
44 41
45 6
46 45
46 49
47 45
47 48
48 46
49 47
50 8
51 50
51 54
52 50
52 53
53 51
54 52
55 10
55 56
57 56
58 56
59 56
60 12
60 61
62 61
63 61
64 61
65 14
66 65
67 66
67 68
67 69
70 16
71 70
71 74
72 70
72 73
73 71
74 72
75 18
76 75
77 76
77 78
77 79
80 20
81 80
82 81
82 83
82 84
85 22
86 85
86 89
87 85
87 88
88 86
89 87
90 24
90 91
92 91
93 91
94 91
95 26
95 96
97 96
98 96
99 96
100 28
101 100
102 101
102 103
102 104
