0 29
1 0
2 1
3 2
4 3
5 4
6 5
7 6
8 7
9 8
10 9
11 10
12 11
13 12
14 13
15 14
16 15
17 16
18 17
19 18
20 19
21 20
22 21
23 22
24 23
25 24
26 25
27 26
28 27
29 28
30 0
31 30
32 31
32 33
32 34
35 2
36 35
36 39
37 35
37 38
38 36
39 37
40 4
41 40
42 41
42 43
42 44
45 6
46 45
47 46
47 48
47 49
50 8
51 50
52 51
52 53
52 54
55 10
56 55
56 59
57 55
57 58
58 56
59 57
60 12
61 60
62 61
62 63
62 64
65 14
66 65
67 66
67 68
67 69
70 16
71 70
71 74
72 70
72 73
73 71
74 72
75 18
76 75
77 76
77 78
77 79
80 20
81 80
82 81
82 83
82 84
85 22
86 85
87 86
87 88
87 89
90 24
91 90
92 91
92 93
92 94
95 26
96 95
96 99
97 95
97 98
98 96
99 97
100 28
101 100
102 101
102 103
102 104
