0 0
1 1
2 2
3 0
4 1
5 2
6 0
7 1
8 2
9 0
10 1
11 2
12 0
13 1
14 2
15 0
16 1
17 2
18 0
19 1
20 2
21 0
22 1
23 2
24 0
25 1
26 2
27 0
28 1
29 2
30 3
31 4
32 5
33 5
34 5
35 10
36 11
37 11
38 12
39 12
40 6
41 7
42 8
43 9
44 9
45 3
46 4
47 5
48 5
49 5
50 10
51 11
52 11
53 12
54 12
55 6
56 7
57 8
58 9
59 9
60 3
61 4
62 5
63 5
64 5
65 10
66 11
67 11
68 12
69 12
70 6
71 7
72 8
73 9
74 9
75 3
76 4
77 5
78 5
79 5
80 10
81 11
82 11
83 12
84 12
85 6
86 7
87 8
88 9
89 9
90 3
91 4
92 5
93 5
94 5
95 10
96 11
97 11
98 12
99 12
100 6
101 7
102 8
103 9
104 9
105 3
106 4
107 5
108 5
109 5
110 10
111 11
112 11
113 12
114 12
115 6
116 7
117 8
118 9
119 9
120 3
121 4
122 5
123 5
124 5
125 10
126 11
127 11
128 12
129 12
130 6
131 7
132 8
133 9
134 9
135 3
136 4
137 5
138 5
139 5
140 10
141 11
142 11
143 12
144 12
145 6
146 7
147 8
148 9
149 9
150 3
151 4
152 5
153 5
154 5
155 10
156 11
157 11
158 12
159 12
160 6
161 7
162 8
163 9
164 9
165 3
166 4
167 5
168 5
169 5
170 10
171 11
172 11
173 12
174 12
175 6
176 7
177 8
178 9
179 9
