0 1
0 20
1 2
2 3
2 25
3 4
4 5
4 30
5 6
5 62
6 7
6 35
7 8
8 9
8 40
9 10
10 11
10 45
11 12
12 13
12 50
13 14
14 15
14 55
15 16
16 7
16 17
16 60
17 18
18 3
18 19
18 65
19 0
20 21
21 22
23 22
24 22
25 26
25 27
26 28
27 29
27 63
28 27
29 26
30 31
30 32
31 33
32 34
33 32
34 31
35 36
35 37
36 38
37 39
38 37
39 36
40 40
41 40
41 42
41 43
41 44
42 67
43 64
45 46
46 47
48 19
48 47
49 21
49 47
50 51
51 19
51 52
53 52
54 52
55 56
56 57
57 22
58 6
58 57
59 57
60 19
60 35
60 61
61 62
63 62
64 62
66 45
66 65
66 67
66 68
66 69
