0 29
1 0
2 1
3 2
4 3
5 4
6 5
7 6
8 7
9 8
10 9
11 10
12 11
13 12
14 13
15 14
16 15
17 16
18 17
19 18
20 19
21 20
22 21
23 22
24 23
25 24
26 25
27 26
28 27
29 28
30 0
31 30
31 34
32 30
32 33
33 31
34 32
35 2
35 36
37 36
38 36
39 36
40 4
41 40
42 41
42 43
42 44
45 6
46 45
47 46
47 48
47 49
50 8
51 50
51 54
52 50
52 53
53 51
54 52
55 10
55 56
57 56
58 56
59 56
60 12
60 61
62 61
63 61
64 61
65 14
66 65
67 66
67 68
67 69
70 16
71 70
72 71
72 73
72 74
75 18
76 75
77 76
77 78
77 79
80 20
81 80
81 84
82 80
82 83
83 81
84 82
85 22
85 86
87 86
88 86
89 86
90 24
90 91
92 91
93 91
94 91
95 26
96 95
96 99
97 95
97 98
98 96
99 97
100 28
101 100
102 101
102 103
102 104
