0 1
0 20
1 2
1 58
2 3
2 25
3 4
4 5
4 30
5 6
6 7
6 35
7 8
8 9
8 40
8 68
9 10
10 11
10 45
11 12
11 26
12 13
12 50
13 14
14 15
14 55
15 16
16 9
16 17
16 60
17 18
18 19
18 65
19 0
19 68
20 21
20 22
21 23
22 21
22 24
23 22
24 21
25 26
25 27
26 28
26 31
27 29
28 27
29 26
31 30
31 32
31 33
31 34
35 36
35 37
36 38
37 39
38 37
39 36
40 41
40 42
41 43
42 38
42 44
43 42
44 41
46 45
46 47
46 48
49 24
50 51
50 52
50 58
51 53
52 54
53 52
54 51
56 55
56 57
56 58
56 59
60 61
61 62
63 62
64 62
65 62
66 65
66 67
66 68
66 69
