0 0
1 1
2 2
3 0
4 1
5 2
6 0
7 1
8 2
9 0
10 1
11 2
12 0
13 1
14 2
15 0
16 1
17 2
18 0
19 1
20 2
21 0
22 1
23 2
24 0
25 1
26 2
27 0
28 1
29 2
30 6
31 7
32 8
33 8
34 8
35 13
36 14
37 14
38 15
39 15
40 9
41 10
42 11
43 12
44 12
45 6
46 7
47 8
48 8
49 8
50 13
51 14
52 14
53 15
54 15
55 9
56 10
57 11
58 12
59 12
60 6
61 7
62 8
63 8
64 8
65 13
66 14
67 14
68 15
69 15
70 9
71 10
72 11
73 12
74 12
75 6
76 7
77 8
78 8
79 8
80 13
81 14
82 14
83 15
84 15
85 9
86 10
87 11
88 12
89 12
90 6
91 7
92 8
93 8
94 8
95 13
96 14
97 14
98 15
99 15
100 9
101 10
102 11
103 12
104 12
105 6
106 7
107 8
108 8
109 8
110 13
111 14
112 14
113 15
114 15
115 9
116 10
117 11
118 12
119 12
120 6
121 7
122 8
123 8
124 8
125 13
126 14
127 14
128 15
129 15
130 9
131 10
132 11
133 12
134 12
135 6
136 7
137 8
138 8
139 8
140 13
141 14
142 14
143 15
144 15
145 9
146 10
147 11
148 12
149 12
150 6
151 7
152 8
153 8
154 8
155 13
156 14
157 14
158 15
159 15
160 9
161 10
162 11
163 12
164 12
165 6
166 7
167 8
168 8
169 8
170 13
171 14
172 14
173 15
174 15
175 9
176 10
177 11
178 12
179 12
