1 0 1
2 1 1
3 2 1
4 3 1
5 4 1
6 5 1
7 6 1
8 7 1
9 8 1
10 9 1
11 10 1
12 11 1
13 12 1
14 13 1
15 14 1
16 15 1
17 16 1
18 17 1
19 18 1
20 0 1
20 21 2
22 21 2
23 21 2
24 21 2
25 2 1
25 26 2
27 26 2
28 26 2
29 26 2
30 4 1
31 30 2
32 31 2
32 33 3
32 34 3
35 6 1
36 35 2
37 36 2
37 38 3
37 39 3
40 8 1
40 41 2
42 41 2
43 41 2
44 41 2
45 10 1
45 46 2
47 46 2
48 46 2
49 46 2
50 12 1
51 50 2
52 51 2
52 53 3
52 54 3
55 14 1
56 55 2
57 56 2
57 58 3
57 59 3
60 16 1
60 61 2
62 61 2
63 61 2
64 61 2
65 18 1
66 65 2
66 69 4
67 65 2
67 68 4
68 66 3
69 67 3
