0 0
1 1
2 0
3 1
4 0
5 1
6 0
7 1
8 0
9 1
10 0
11 1
12 0
13 1
14 0
15 1
16 0
17 1
18 0
19 1
20 0
21 1
22 0
23 1
24 0
25 1
26 0
27 1
28 0
29 1
30 9
31 10
32 10
33 11
34 11
35 9
36 10
37 10
38 11
39 11
40 2
41 3
42 4
43 4
44 4
45 9
46 10
47 10
48 11
49 11
50 9
51 10
52 10
53 11
54 11
55 2
56 3
57 4
58 4
59 4
60 9
61 10
62 10
63 11
64 11
65 9
66 10
67 10
68 11
69 11
70 2
71 3
72 4
73 4
74 4
75 9
76 10
77 10
78 11
79 11
80 9
81 10
82 10
83 11
84 11
85 2
86 3
87 4
88 4
89 4
90 9
91 10
92 10
93 11
94 11
95 9
96 10
97 10
98 11
99 11
100 2
101 3
102 4
103 4
104 4
105 9
106 10
107 10
108 11
109 11
110 9
111 10
112 10
113 11
114 11
115 2
116 3
117 4
118 4
119 4
120 9
121 10
122 10
123 11
124 11
125 9
126 10
127 10
128 11
129 11
130 2
131 3
132 4
133 4
134 4
135 9
136 10
137 10
138 11
139 11
140 9
141 10
142 10
143 11
144 11
145 2
146 3
147 4
148 4
149 4
150 9
151 10
152 10
153 11
154 11
155 9
156 10
157 10
158 11
159 11
160 2
161 3
162 4
163 4
164 4
165 9
166 10
167 10
168 11
169 11
170 9
171 10
172 10
173 11
174 11
175 2
176 3
177 4
178 4
179 4
