0 0
1 1
2 0
3 1
4 0
5 1
6 0
7 1
8 0
9 1
10 0
11 1
12 0
13 1
14 0
15 1
16 0
17 1
18 0
19 1
20 0
21 1
22 0
23 1
24 0
25 1
26 0
27 1
28 0
29 1
30 2
31 3
32 4
33 4
34 4
35 2
36 3
37 4
38 4
39 4
40 5
41 6
42 7
43 8
44 8
45 2
46 3
47 4
48 4
49 4
50 2
51 3
52 4
53 4
54 4
55 5
56 6
57 7
58 8
59 8
60 2
61 3
62 4
63 4
64 4
65 2
66 3
67 4
68 4
69 4
70 5
71 6
72 7
73 8
74 8
75 2
76 3
77 4
78 4
79 4
80 2
81 3
82 4
83 4
84 4
85 5
86 6
87 7
88 8
89 8
90 2
91 3
92 4
93 4
94 4
95 2
96 3
97 4
98 4
99 4
100 5
101 6
102 7
103 8
104 8
105 2
106 3
107 4
108 4
109 4
110 2
111 3
112 4
113 4
114 4
115 5
116 6
117 7
118 8
119 8
120 2
121 3
122 4
123 4
124 4
125 2
126 3
127 4
128 4
129 4
130 5
131 6
132 7
133 8
134 8
135 2
136 3
137 4
138 4
139 4
140 2
141 3
142 4
143 4
144 4
145 5
146 6
147 7
148 8
149 8
150 2
151 3
152 4
153 4
154 4
155 2
156 3
157 4
158 4
159 4
160 5
161 6
162 7
163 8
164 8
165 2
166 3
167 4
168 4
169 4
170 2
171 3
172 4
173 4
174 4
175 5
176 6
177 7
178 8
179 8
