0 1
0 20
1 2
2 3
2 25
3 4
4 5
4 30
4 46
5 6
6 6
6 7
6 35
7 8
8 9
8 40
9 10
9 50
10 11
10 45
11 12
12 6
12 13
12 50
13 14
14 15
14 55
15 16
16 17
16 60
17 18
18 19
18 65
19 0
20 21
20 22
21 23
21 39
22 24
23 22
23 30
24 21
25 26
26 27
28 9
28 27
29 27
31 30
31 32
31 33
31 34
35 36
35 37
36 38
37 39
38 37
39 2
39 36
40 41
41 41
41 42
43 24
43 42
44 42
45 46
45 47
46 48
47 36
47 49
48 47
49 46
50 25
50 41
50 51
50 52
51 53
52 54
53 24
53 52
54 51
56 2
56 55
56 57
56 58
56 59
60 61
60 62
61 63
62 64
63 62
64 61
65 66
65 67
66 41
66 68
67 69
68 67
69 66
