0 0
1 1
2 0
3 1
4 0
5 1
6 0
7 1
8 0
9 1
10 0
11 1
12 0
13 1
14 0
15 1
16 0
17 1
18 0
19 1
20 0
21 1
22 0
23 1
24 0
25 1
26 0
27 1
28 0
29 1
30 5
31 6
32 7
33 8
34 8
35 5
36 6
37 7
38 8
39 8
40 9
41 10
42 10
43 11
44 11
45 5
46 6
47 7
48 8
49 8
50 5
51 6
52 7
53 8
54 8
55 9
56 10
57 10
58 11
59 11
60 5
61 6
62 7
63 8
64 8
65 5
66 6
67 7
68 8
69 8
70 9
71 10
72 10
73 11
74 11
75 5
76 6
77 7
78 8
79 8
80 5
81 6
82 7
83 8
84 8
85 9
86 10
87 10
88 11
89 11
90 5
91 6
92 7
93 8
94 8
95 5
96 6
97 7
98 8
99 8
100 9
101 10
102 10
103 11
104 11
105 5
106 6
107 7
108 8
109 8
110 5
111 6
112 7
113 8
114 8
115 9
116 10
117 10
118 11
119 11
120 5
121 6
122 7
123 8
124 8
125 5
126 6
127 7
128 8
129 8
130 9
131 10
132 10
133 11
134 11
135 5
136 6
137 7
138 8
139 8
140 5
141 6
142 7
143 8
144 8
145 9
146 10
147 10
148 11
149 11
150 5
151 6
152 7
153 8
154 8
155 5
156 6
157 7
158 8
159 8
160 9
161 10
162 10
163 11
164 11
165 5
166 6
167 7
168 8
169 8
170 5
171 6
172 7
173 8
174 8
175 9
176 10
177 10
178 11
179 11
