0 19 1
1 0 1
2 1 1
3 2 1
4 3 1
5 4 1
6 5 1
7 6 1
8 7 1
9 8 1
10 9 1
11 10 1
12 11 1
13 12 1
14 13 1
15 14 1
16 15 1
17 16 1
18 17 1
19 18 1
20 0 1
21 20 2
21 24 4
22 20 2
22 23 4
23 21 3
24 22 3
25 2 1
26 25 2
27 26 2
27 28 3
27 29 3
30 4 1
30 31 2
32 31 2
33 31 2
34 31 2
35 6 1
36 35 2
37 36 2
37 38 3
37 39 3
40 8 1
41 40 2
42 41 2
42 43 3
42 44 3
45 10 1
46 45 2
46 49 4
47 45 2
47 48 4
48 46 3
49 47 3
50 12 1
51 50 2
52 51 2
52 53 3
52 54 3
55 14 1
56 55 2
57 56 2
57 58 3
57 59 3
60 16 1
60 61 2
62 61 2
63 61 2
64 61 2
65 18 1
66 65 2
66 69 4
67 65 2
67 68 4
68 66 3
69 67 3
