1 0 1
2 1 1
3 2 1
4 3 1
5 4 1
6 5 1
7 6 1
8 7 1
9 8 1
10 9 1
11 10 1
12 11 1
13 12 1
14 13 1
15 14 1
16 15 1
17 16 1
18 17 1
19 18 1
20 0 1
20 21 2
22 21 2
23 21 2
24 21 2
25 2 1
26 25 2
26 29 4
27 25 2
27 28 4
28 26 3
29 27 3
30 4 1
31 30 2
31 34 4
32 30 2
32 33 4
33 31 3
34 32 3
35 6 1
36 35 2
36 39 4
37 35 2
37 38 4
38 36 3
39 37 3
40 8 1
41 40 2
42 41 2
42 43 3
42 44 3
45 10 1
45 46 2
47 46 2
48 46 2
49 46 2
50 12 1
50 51 2
52 51 2
53 51 2
54 51 2
55 14 1
56 55 2
56 59 4
57 55 2
57 58 4
58 56 3
59 57 3
60 16 1
61 60 2
61 64 4
62 60 2
62 63 4
63 61 3
64 62 3
65 18 1
65 66 2
67 66 2
68 66 2
69 66 2
