0 1
0 20
1 2
2 3
2 25
3 4
4 5
4 30
5 6
6 7
6 35
7 8
7 44
8 9
8 40
9 10
10 11
10 45
11 12
12 13
12 50
13 14
14 15
14 55
15 16
16 17
16 60
17 18
18 19
18 65
19 0
21 20
21 22
21 23
21 24
24 36
25 8
25 26
25 27
26 28
27 29
28 27
29 26
30 31
30 32
31 33
32 34
32 46
33 32
34 31
35 61
36 35
36 37
36 38
36 39
41 40
41 42
41 43
41 44
43 44
45 46
46 47
48 47
49 47
50 51
50 52
51 53
51 56
52 54
53 52
54 11
54 51
55 56
56 57
57 61
58 54
58 57
59 37
59 57
60 61
61 10
61 62
63 62
64 33
64 62
64 63
65 66
65 67
66 68
67 69
68 67
69 46
69 66
