0 29
1 0
2 1
3 2
4 3
5 4
6 5
7 6
8 7
9 8
10 9
11 10
12 11
13 12
14 13
15 14
16 15
17 16
18 17
19 18
20 19
21 20
22 21
23 22
24 23
25 24
26 25
27 26
28 27
29 28
30 0
31 30
31 34
32 30
32 33
33 31
34 32
35 2
35 36
37 36
38 36
39 36
40 4
41 40
41 44
42 40
42 43
43 41
44 42
45 6
46 45
47 46
47 48
47 49
50 8
50 51
52 51
53 51
54 51
55 10
56 55
57 56
57 58
57 59
60 12
60 61
62 61
63 61
64 61
65 14
65 66
67 66
68 66
69 66
70 16
71 70
72 71
72 73
72 74
75 18
76 75
76 79
77 75
77 78
78 76
79 77
80 20
80 81
82 81
83 81
84 81
85 22
85 86
87 86
88 86
89 86
90 24
91 90
92 91
92 93
92 94
95 26
95 96
97 96
98 96
99 96
100 28
100 101
102 101
103 101
104 101
