0 29 1
1 0 1
2 1 1
3 2 1
4 3 1
5 4 1
6 5 1
7 6 1
8 7 1
9 8 1
10 9 1
11 10 1
12 11 1
13 12 1
14 13 1
15 14 1
16 15 1
17 16 1
18 17 1
19 18 1
20 19 1
21 20 1
22 21 1
23 22 1
24 23 1
25 24 1
26 25 1
27 26 1
28 27 1
29 28 1
30 0 1
31 30 1
32 31 1
32 33 1
32 34 1
35 1 1
36 35 1
36 39 1
37 35 1
37 38 1
39 37 1
40 2 1
41 40 1
41 44 1
42 40 1
42 43 1
43 41 1
44 40 1
44 42 1
45 3 1
46 45 1
47 46 1
47 48 1
47 49 1
50 4 1
51 50 1
51 54 1
52 50 1
52 53 1
53 51 1
54 52 1
55 5 1
55 59 1
56 55 1
56 59 1
57 55 1
57 58 1
59 57 1
60 6 1
61 60 1
62 61 1
62 63 1
62 64 1
65 7 1
66 65 1
66 69 1
67 65 1
67 68 1
68 66 1
70 8 1
71 70 1
71 74 1
72 70 1
72 73 1
73 71 1
74 72 1
75 9 1
76 75 1
76 76 1
77 76 1
77 78 1
77 79 1
80 10 1
81 80 1
81 84 1
82 80 1
82 83 1
83 81 1
84 82 1
85 11 1
86 85 1
86 89 1
87 85 1
87 88 1
88 86 1
89 87 1
90 12 1
91 90 1
92 91 1
92 93 1
92 94 1
93 90 1
94 92 1
95 13 1
96 95 1
96 99 1
97 95 1
97 98 1
98 95 1
98 96 1
99 97 1
100 14 1
101 100 1
101 104 1
102 100 1
102 103 1
103 101 1
103 104 1
104 102 1
105 15 1
106 105 1
107 106 1
107 108 1
107 109 1
108 109 1
110 16 1
111 110 1
111 114 1
112 110 1
112 113 1
113 111 1
114 112 1
115 17 1
115 119 1
116 115 1
116 119 1
117 115 1
117 118 1
118 117 1
119 117 1
120 18 1
120 123 1
121 120 1
122 121 1
122 123 1
122 124 1
125 19 1
126 125 1
126 129 1
127 125 1
127 128 1
128 126 1
129 127 1
130 20 1
131 130 1
131 134 1
132 130 1
132 133 1
133 131 1
134 132 1
135 21 1
136 135 1
137 136 1
137 138 1
137 139 1
140 22 1
141 140 1
141 144 1
142 140 1
143 141 1
144 142 1
145 23 1
146 145 1
146 149 1
147 145 1
147 148 1
148 146 1
149 147 1
150 24 1
150 151 1
151 150 1
151 152 1
152 151 1
152 153 1
152 154 1
154 150 1
155 25 1
156 155 1
156 159 1
157 155 1
157 158 1
158 156 1
159 157 1
160 26 1
161 160 1
161 164 1
162 160 1
162 163 1
162 164 1
163 161 1
164 162 1
165 27 1
166 165 1
166 168 1
167 166 1
167 168 1
167 169 1
170 28 1
171 170 1
171 174 1
172 170 1
172 173 1
173 171 1
174 172 1
175 29 1
176 175 1
176 179 1
177 175 1
177 178 1
178 176 1
179 177 1
179 178 1
