0 1 1
0 20 1
1 2 1
2 3 1
2 25 1
3 4 1
4 5 1
4 30 1
5 6 1
6 7 1
6 35 1
7 8 1
8 9 1
8 40 1
9 10 1
10 11 1
10 45 1
11 12 1
12 13 1
12 50 1
13 14 1
14 15 1
14 55 1
15 16 1
16 17 1
16 60 1
17 18 1
18 19 1
18 65 1
19 0 1
21 20 2
21 22 2
21 23 2
21 24 2
25 26 2
26 27 2
28 27 3
29 27 3
30 31 2
31 32 2
33 32 3
34 32 3
36 35 2
36 37 2
36 38 2
36 39 2
40 41 2
40 42 2
41 43 3
42 44 3
43 42 4
44 41 4
45 46 2
46 47 2
48 47 3
49 47 3
50 51 2
50 52 2
51 53 3
52 54 3
53 52 4
54 51 4
55 56 2
56 57 2
58 57 3
59 57 3
60 61 2
61 62 2
63 62 3
64 62 3
65 66 2
65 67 2
66 68 3
67 69 3
68 67 4
69 66 4
