0 29
1 0
2 1
3 2
4 3
5 4
6 5
7 6
8 7
9 8
10 9
11 10
12 11
13 12
14 13
15 14
16 15
17 16
18 17
19 18
20 19
21 20
22 21
23 22
24 23
25 24
26 25
27 26
28 27
29 28
30 0
31 30
32 31
32 33
32 34
35 2
35 36
37 36
38 36
39 36
40 4
40 41
42 41
43 41
44 41
45 6
46 45
47 46
47 48
47 49
50 8
51 50
51 54
52 50
52 53
53 51
54 52
55 10
56 55
57 56
57 58
57 59
60 12
61 60
62 61
62 63
62 64
65 14
65 66
67 66
68 66
69 66
70 16
71 70
72 71
72 73
72 74
75 18
76 75
76 79
77 75
77 78
78 76
79 77
80 20
81 80
81 84
82 80
82 83
83 81
84 82
85 22
86 85
87 86
87 88
87 89
90 24
91 90
91 94
92 90
92 93
93 91
94 92
95 26
96 95
97 96
97 98
97 99
100 28
101 100
102 101
102 103
102 104
