1 0 1
2 1 1
3 2 1
4 3 1
5 4 1
6 5 1
7 6 1
8 7 1
9 8 1
10 9 1
11 10 1
12 11 1
13 12 1
14 13 1
15 14 1
16 15 1
17 16 1
18 17 1
19 18 1
20 0 1
21 20 2
21 24 4
22 20 2
22 23 4
23 21 3
24 22 3
25 2 1
25 26 2
27 26 2
28 26 2
29 26 2
30 4 1
31 30 2
31 34 4
32 30 2
32 33 4
33 31 3
34 32 3
35 6 1
36 35 2
36 39 4
37 35 2
37 38 4
38 36 3
39 37 3
40 8 1
40 41 2
42 41 2
43 41 2
44 41 2
45 10 1
45 46 2
47 46 2
48 46 2
49 46 2
50 12 1
51 50 2
51 54 4
52 50 2
52 53 4
53 51 3
54 52 3
55 14 1
56 55 2
56 59 4
57 55 2
57 58 4
58 56 3
59 57 3
60 16 1
61 60 2
61 64 4
62 60 2
62 63 4
63 61 3
64 62 3
65 18 1
65 66 2
67 66 2
68 66 2
69 66 2
