0 0
1 1
2 2
3 0
4 1
5 2
6 0
7 1
8 2
9 0
10 1
11 2
12 0
13 1
14 2
15 0
16 1
17 2
18 0
19 1
20 2
21 0
22 1
23 2
24 0
25 1
26 2
27 0
28 1
29 2
30 9
31 10
32 11
33 12
34 12
35 6
36 7
37 8
38 8
39 8
40 13
41 14
42 14
43 15
44 15
45 9
46 10
47 11
48 12
49 12
50 6
51 7
52 8
53 8
54 8
55 13
56 14
57 14
58 15
59 15
60 9
61 10
62 11
63 12
64 12
65 6
66 7
67 8
68 8
69 8
70 13
71 14
72 14
73 15
74 15
75 9
76 10
77 11
78 12
79 12
80 6
81 7
82 8
83 8
84 8
85 13
86 14
87 14
88 15
89 15
90 9
91 10
92 11
93 12
94 12
95 6
96 7
97 8
98 8
99 8
100 13
101 14
102 14
103 15
104 15
105 9
106 10
107 11
108 12
109 12
110 6
111 7
112 8
113 8
114 8
115 13
116 14
117 14
118 15
119 15
120 9
121 10
122 11
123 12
124 12
125 6
126 7
127 8
128 8
129 8
130 13
131 14
132 14
133 15
134 15
135 9
136 10
137 11
138 12
139 12
140 6
141 7
142 8
143 8
144 8
145 13
146 14
147 14
148 15
149 15
150 9
151 10
152 11
153 12
154 12
155 6
156 7
157 8
158 8
159 8
160 13
161 14
162 14
163 15
164 15
165 9
166 10
167 11
168 12
169 12
170 6
171 7
172 8
173 8
174 8
175 13
176 14
177 14
178 15
179 15
