0 0
1 1
2 0
3 1
4 0
5 1
6 0
7 1
8 0
9 1
10 0
11 1
12 0
13 1
14 0
15 1
16 0
17 1
18 0
19 1
20 0
21 1
22 0
23 1
24 0
25 1
26 0
27 1
28 0
29 1
30 2
31 3
32 4
33 4
34 4
35 5
36 6
37 7
38 8
39 8
40 5
41 6
42 7
43 8
44 8
45 2
46 3
47 4
48 4
49 4
50 5
51 6
52 7
53 8
54 8
55 5
56 6
57 7
58 8
59 8
60 2
61 3
62 4
63 4
64 4
65 5
66 6
67 7
68 8
69 8
70 5
71 6
72 7
73 8
74 8
75 2
76 3
77 4
78 4
79 4
80 5
81 6
82 7
83 8
84 8
85 5
86 6
87 7
88 8
89 8
90 2
91 3
92 4
93 4
94 4
95 5
96 6
97 7
98 8
99 8
100 5
101 6
102 7
103 8
104 8
105 2
106 3
107 4
108 4
109 4
110 5
111 6
112 7
113 8
114 8
115 5
116 6
117 7
118 8
119 8
120 2
121 3
122 4
123 4
124 4
125 5
126 6
127 7
128 8
129 8
130 5
131 6
132 7
133 8
134 8
135 2
136 3
137 4
138 4
139 4
140 5
141 6
142 7
143 8
144 8
145 5
146 6
147 7
148 8
149 8
150 2
151 3
152 4
153 4
154 4
155 5
156 6
157 7
158 8
159 8
160 5
161 6
162 7
163 8
164 8
165 2
166 3
167 4
168 4
169 4
170 5
171 6
172 7
173 8
174 8
175 5
176 6
177 7
178 8
179 8
