0 0
1 1
2 0
3 1
4 0
5 1
6 0
7 1
8 0
9 1
10 0
11 1
12 0
13 1
14 0
15 1
16 0
17 1
18 0
19 1
20 0
21 1
22 0
23 1
24 0
25 1
26 0
27 1
28 0
29 1
30 6
31 7
32 8
33 8
34 8
35 9
36 10
37 11
38 12
39 12
40 9
41 10
42 11
43 12
44 12
45 6
46 7
47 8
48 8
49 8
50 9
51 10
52 11
53 12
54 12
55 9
56 10
57 11
58 12
59 12
60 6
61 7
62 8
63 8
64 8
65 9
66 10
67 11
68 12
69 12
70 9
71 10
72 11
73 12
74 12
75 6
76 7
77 8
78 8
79 8
80 9
81 10
82 11
83 12
84 12
85 9
86 10
87 11
88 12
89 12
90 6
91 7
92 8
93 8
94 8
95 9
96 10
97 11
98 12
99 12
100 9
101 10
102 11
103 12
104 12
105 6
106 7
107 8
108 8
109 8
110 9
111 10
112 11
113 12
114 12
115 9
116 10
117 11
118 12
119 12
120 6
121 7
122 8
123 8
124 8
125 9
126 10
127 11
128 12
129 12
130 9
131 10
132 11
133 12
134 12
135 6
136 7
137 8
138 8
139 8
140 9
141 10
142 11
143 12
144 12
145 9
146 10
147 11
148 12
149 12
150 6
151 7
152 8
153 8
154 8
155 9
156 10
157 11
158 12
159 12
160 9
161 10
162 11
163 12
164 12
165 6
166 7
167 8
168 8
169 8
170 9
171 10
172 11
173 12
174 12
175 9
176 10
177 11
178 12
179 12
