0 0
1 1
2 0
3 1
4 0
5 1
6 0
7 1
8 0
9 1
10 0
11 1
12 0
13 1
14 0
15 1
16 0
17 1
18 0
19 1
20 0
21 1
22 0
23 1
24 0
25 1
26 0
27 1
28 0
29 1
30 9
31 10
32 10
33 11
34 11
35 5
36 6
37 7
38 8
39 8
40 5
41 6
42 7
43 8
44 8
45 9
46 10
47 10
48 11
49 11
50 5
51 6
52 7
53 8
54 8
55 5
56 6
57 7
58 8
59 8
60 9
61 10
62 10
63 11
64 11
65 5
66 6
67 7
68 8
69 8
70 5
71 6
72 7
73 8
74 8
75 9
76 10
77 10
78 11
79 11
80 5
81 6
82 7
83 8
84 8
85 5
86 6
87 7
88 8
89 8
90 9
91 10
92 10
93 11
94 11
95 5
96 6
97 7
98 8
99 8
100 5
101 6
102 7
103 8
104 8
105 9
106 10
107 10
108 11
109 11
110 5
111 6
112 7
113 8
114 8
115 5
116 6
117 7
118 8
119 8
120 9
121 10
122 10
123 11
124 11
125 5
126 6
127 7
128 8
129 8
130 5
131 6
132 7
133 8
134 8
135 9
136 10
137 10
138 11
139 11
140 5
141 6
142 7
143 8
144 8
145 5
146 6
147 7
148 8
149 8
150 9
151 10
152 10
153 11
154 11
155 5
156 6
157 7
158 8
159 8
160 5
161 6
162 7
163 8
164 8
165 9
166 10
167 10
168 11
169 11
170 5
171 6
172 7
173 8
174 8
175 5
176 6
177 7
178 8
179 8
