0 0
1 1
2 2
3 0
4 1
5 2
6 0
7 1
8 2
9 0
10 1
11 2
12 0
13 1
14 2
15 0
16 1
17 2
18 0
19 1
20 2
21 0
22 1
23 2
24 0
25 1
26 2
27 0
28 1
29 2
30 10
31 11
32 11
33 12
34 12
35 6
36 7
37 8
38 9
39 9
40 3
41 4
42 5
43 5
44 5
45 10
46 11
47 11
48 12
49 12
50 6
51 7
52 8
53 9
54 9
55 3
56 4
57 5
58 5
59 5
60 10
61 11
62 11
63 12
64 12
65 6
66 7
67 8
68 9
69 9
70 3
71 4
72 5
73 5
74 5
75 10
76 11
77 11
78 12
79 12
80 6
81 7
82 8
83 9
84 9
85 3
86 4
87 5
88 5
89 5
90 10
91 11
92 11
93 12
94 12
95 6
96 7
97 8
98 9
99 9
100 3
101 4
102 5
103 5
104 5
105 10
106 11
107 11
108 12
109 12
110 6
111 7
112 8
113 9
114 9
115 3
116 4
117 5
118 5
119 5
120 10
121 11
122 11
123 12
124 12
125 6
126 7
127 8
128 9
129 9
130 3
131 4
132 5
133 5
134 5
135 10
136 11
137 11
138 12
139 12
140 6
141 7
142 8
143 9
144 9
145 3
146 4
147 5
148 5
149 5
150 10
151 11
152 11
153 12
154 12
155 6
156 7
157 8
158 9
159 9
160 3
161 4
162 5
163 5
164 5
165 10
166 11
167 11
168 12
169 12
170 6
171 7
172 8
173 9
174 9
175 3
176 4
177 5
178 5
179 5
