0 0
1 1
2 2
3 0
4 1
5 2
6 0
7 1
8 2
9 0
10 1
11 2
12 0
13 1
14 2
15 0
16 1
17 2
18 0
19 1
20 2
21 0
22 1
23 2
24 0
25 1
26 2
27 0
28 1
29 2
30 10
31 11
32 11
33 12
34 12
35 3
36 4
37 5
38 5
39 5
40 6
41 7
42 8
43 9
44 9
45 10
46 11
47 11
48 12
49 12
50 3
51 4
52 5
53 5
54 5
55 6
56 7
57 8
58 9
59 9
60 10
61 11
62 11
63 12
64 12
65 3
66 4
67 5
68 5
69 5
70 6
71 7
72 8
73 9
74 9
75 10
76 11
77 11
78 12
79 12
80 3
81 4
82 5
83 5
84 5
85 6
86 7
87 8
88 9
89 9
90 10
91 11
92 11
93 12
94 12
95 3
96 4
97 5
98 5
99 5
100 6
101 7
102 8
103 9
104 9
105 10
106 11
107 11
108 12
109 12
110 3
111 4
112 5
113 5
114 5
115 6
116 7
117 8
118 9
119 9
120 10
121 11
122 11
123 12
124 12
125 3
126 4
127 5
128 5
129 5
130 6
131 7
132 8
133 9
134 9
135 10
136 11
137 11
138 12
139 12
140 3
141 4
142 5
143 5
144 5
145 6
146 7
147 8
148 9
149 9
150 10
151 11
152 11
153 12
154 12
155 3
156 4
157 5
158 5
159 5
160 6
161 7
162 8
163 9
164 9
165 10
166 11
167 11
168 12
169 12
170 3
171 4
172 5
173 5
174 5
175 6
176 7
177 8
178 9
179 9
