0 1 
0 30 
1 2 
1 35 
2 3 
2 40 
3 4 
3 45 
4 5 
4 50 
5 6 
5 55 
6 7 
6 60 
7 8 
7 65 
8 9 
8 70 
9 10 
9 75 
10 11 
10 80 
11 12 
11 85 
12 13 
12 90 
13 14 
13 95 
14 15 
14 100 
15 16 
15 105 
16 17 
16 110 
17 18 
17 115 
18 19 
18 120 
19 20 
19 125 
20 21 
20 130 
21 22 
21 135 
22 23 
22 140 
23 24 
23 145 
24 25 
24 150 
25 26 
25 155 
26 27 
26 160 
27 28 
27 165 
28 29 
28 170 
29 0 
29 175 
30 31 
30 32 
31 33 
32 31 
32 34 
33 31 
33 32 
34 31 
34 34 
35 36 
36 37 
38 37 
39 37 
40 41 
42 40 
42 41 
42 44 
43 42 
44 41 
45 46 
45 47 
46 48 
47 49 
48 47 
50 51 
53 52 
54 52 
55 56 
55 57 
56 58 
57 59 
58 57 
59 56 
59 59 
60 61 
60 62 
61 63 
62 64 
63 62 
64 61 
65 66 
65 68 
66 67 
68 67 
69 67 
70 71 
70 72 
71 73 
72 74 
73 72 
74 71 
75 76 
76 78 
77 79 
78 77 
79 76 
80 81 
81 82 
83 82 
84 82 
85 87 
86 88 
87 89 
88 87 
89 86 
90 91 
90 92 
91 93 
92 93 
92 94 
93 92 
94 91 
95 96 
95 98 
96 97 
97 97 
98 97 
99 97 
100 101 
100 102 
101 103 
102 104 
103 102 
104 101 
105 106 
105 107 
106 108 
107 109 
109 106 
110 111 
111 112 
113 110 
113 112 
114 112 
115 116 
115 117 
115 118 
116 118 
117 119 
118 117 
119 116 
120 121 
120 122 
121 123 
122 124 
123 122 
124 121 
125 126 
126 127 
128 127 
128 128 
129 127 
130 131 
130 132 
131 133 
132 134 
133 132 
134 131 
135 136 
135 137 
136 138 
137 139 
138 135 
138 137 
139 136 
140 141 
141 142 
143 142 
144 142 
145 146 
145 147 
146 148 
147 149 
148 147 
149 146 
150 151 
150 152 
150 153 
151 153 
152 154 
153 152 
154 151 
155 156 
156 155 
156 157 
158 157 
159 157 
160 161 
160 162 
161 162 
161 163 
163 162 
164 161 
164 162 
165 166 
165 167 
166 168 
167 169 
168 167 
169 166 
169 169 
170 171 
171 172 
173 172 
174 172 
175 176 
175 177 
176 178 
177 179 
178 177 
178 178 
179 176 
179 179 
