0 0
1 1
2 0
3 1
4 0
5 1
6 0
7 1
8 0
9 1
10 0
11 1
12 0
13 1
14 0
15 1
16 0
17 1
18 0
19 1
20 0
21 1
22 0
23 1
24 0
25 1
26 0
27 1
28 0
29 1
30 13
31 14
32 14
33 15
34 15
35 6
36 7
37 8
38 8
39 8
40 6
41 7
42 8
43 8
44 8
45 13
46 14
47 14
48 15
49 15
50 6
51 7
52 8
53 8
54 8
55 6
56 7
57 8
58 8
59 8
60 13
61 14
62 14
63 15
64 15
65 6
66 7
67 8
68 8
69 8
70 6
71 7
72 8
73 8
74 8
75 13
76 14
77 14
78 15
79 15
80 6
81 7
82 8
83 8
84 8
85 6
86 7
87 8
88 8
89 8
90 13
91 14
92 14
93 15
94 15
95 6
96 7
97 8
98 8
99 8
100 6
101 7
102 8
103 8
104 8
105 13
106 14
107 14
108 15
109 15
110 6
111 7
112 8
113 8
114 8
115 6
116 7
117 8
118 8
119 8
120 13
121 14
122 14
123 15
124 15
125 6
126 7
127 8
128 8
129 8
130 6
131 7
132 8
133 8
134 8
135 13
136 14
137 14
138 15
139 15
140 6
141 7
142 8
143 8
144 8
145 6
146 7
147 8
148 8
149 8
150 13
151 14
152 14
153 15
154 15
155 6
156 7
157 8
158 8
159 8
160 6
161 7
162 8
163 8
164 8
165 13
166 14
167 14
168 15
169 15
170 6
171 7
172 8
173 8
174 8
175 6
176 7
177 8
178 8
179 8
