0 1 1
0 20 1
1 2 1
2 3 1
2 25 1
3 4 1
4 5 1
4 30 1
5 6 1
6 7 1
6 35 1
7 8 1
8 9 1
8 40 1
9 10 1
10 11 1
10 45 1
11 12 1
12 13 1
12 50 1
13 14 1
14 15 1
14 55 1
15 16 1
16 17 1
16 60 1
17 18 1
18 19 1
18 65 1
20 21 2
21 22 2
23 22 3
24 22 3
25 26 2
26 27 2
28 27 3
29 27 3
31 30 2
31 32 2
31 33 2
31 34 2
36 35 2
36 37 2
36 38 2
36 39 2
40 41 2
40 42 2
41 43 3
42 44 3
43 42 4
44 41 4
46 45 2
46 47 2
46 48 2
46 49 2
50 51 2
50 52 2
51 53 3
52 54 3
53 52 4
54 51 4
55 56 2
55 57 2
56 58 3
57 59 3
58 57 4
59 56 4
60 61 2
60 62 2
61 63 3
62 64 3
63 62 4
64 61 4
66 65 2
66 67 2
66 68 2
66 69 2
