0 0
1 1
2 0
3 1
4 0
5 1
6 0
7 1
8 0
9 1
10 0
11 1
12 0
13 1
14 0
15 1
16 0
17 1
18 0
19 1
20 0
21 1
22 0
23 1
24 0
25 1
26 0
27 1
28 0
29 1
30 13
31 14
32 14
33 15
34 15
35 9
36 10
37 11
38 12
39 12
40 13
41 14
42 14
43 15
44 15
45 13
46 14
47 14
48 15
49 15
50 9
51 10
52 11
53 12
54 12
55 13
56 14
57 14
58 15
59 15
60 13
61 14
62 14
63 15
64 15
65 9
66 10
67 11
68 12
69 12
70 13
71 14
72 14
73 15
74 15
75 13
76 14
77 14
78 15
79 15
80 9
81 10
82 11
83 12
84 12
85 13
86 14
87 14
88 15
89 15
90 13
91 14
92 14
93 15
94 15
95 9
96 10
97 11
98 12
99 12
100 13
101 14
102 14
103 15
104 15
105 13
106 14
107 14
108 15
109 15
110 9
111 10
112 11
113 12
114 12
115 13
116 14
117 14
118 15
119 15
120 13
121 14
122 14
123 15
124 15
125 9
126 10
127 11
128 12
129 12
130 13
131 14
132 14
133 15
134 15
135 13
136 14
137 14
138 15
139 15
140 9
141 10
142 11
143 12
144 12
145 13
146 14
147 14
148 15
149 15
150 13
151 14
152 14
153 15
154 15
155 9
156 10
157 11
158 12
159 12
160 13
161 14
162 14
163 15
164 15
165 13
166 14
167 14
168 15
169 15
170 9
171 10
172 11
173 12
174 12
175 13
176 14
177 14
178 15
179 15
