0 1 2
0 30 1
1 2 2
1 35 1
2 3 2
2 40 1
3 4 2
3 45 1
4 5 2
4 50 1
5 6 2
5 55 1
6 7 2
6 60 1
7 8 2
7 65 1
8 9 2
8 70 1
9 10 2
9 75 1
10 11 2
10 80 1
11 12 2
11 85 1
12 13 2
12 90 1
13 14 2
13 95 1
14 15 2
14 100 1
15 16 2
15 105 1
16 17 2
16 110 1
17 18 2
17 115 1
18 19 2
18 120 1
19 20 2
19 125 1
20 21 2
20 130 1
21 22 2
21 135 1
22 23 2
22 140 1
23 24 2
23 145 1
24 25 2
24 150 1
25 26 2
25 155 1
26 27 2
26 160 1
27 28 2
27 165 1
28 29 2
28 170 1
29 0 2
29 175 1
30 31 6
31 32 7
33 32 8
34 32 8
36 35 5
36 37 5
36 38 5
36 39 5
38 37 1
39 35 1
39 38 1
40 41 9
40 42 9
41 43 10
42 44 10
43 42 11
44 41 11
44 42 1
45 46 6
46 47 7
48 47 8
49 47 8
51 50 5
51 52 5
51 53 5
51 54 5
55 56 9
55 57 9
56 57 1
56 58 10
57 59 10
58 57 11
59 56 11
60 61 6
61 62 7
63 62 8
63 63 1
64 62 8
66 65 5
66 66 1
66 67 5
66 68 5
66 69 5
67 66 1
70 71 9
70 72 9
71 73 10
72 74 10
73 72 11
74 71 11
75 76 6
76 77 7
78 77 8
79 77 8
80 81 1
81 80 5
81 82 5
81 83 5
81 84 5
85 86 9
85 87 9
86 88 10
87 89 10
88 87 11
89 86 10
90 91 6
91 92 7
93 92 8
94 92 8
96 95 5
96 97 5
96 98 5
96 99 4
97 97 1
98 98 1
100 101 9
100 102 9
101 102 1
101 103 11
102 104 10
103 102 11
103 103 1
104 101 11
105 106 6
106 107 7
108 107 8
109 105 1
109 107 8
111 110 5
111 112 5
111 113 5
111 114 5
115 116 8
115 117 9
116 118 10
117 119 10
118 117 11
119 116 11
120 121 6
120 123 1
121 122 7
123 122 8
124 122 8
126 125 5
126 127 5
126 128 5
126 129 5
129 126 1
130 131 9
130 132 9
131 133 10
132 134 10
133 132 11
134 131 11
135 136 6
136 137 7
137 136 1
138 137 8
139 137 8
141 140 5
141 142 5
141 143 5
141 144 5
145 146 9
145 147 9
146 148 10
147 145 1
147 149 10
148 147 11
149 146 11
150 151 6
150 153 1
151 152 7
153 152 8
154 152 8
156 155 5
156 157 5
156 158 5
156 159 5
160 161 9
160 162 9
161 163 9
162 161 1
162 164 10
163 162 11
164 160 1
164 161 11
165 166 6
165 167 1
166 167 7
168 167 8
169 166 1
169 167 8
171 170 5
171 172 6
171 173 5
171 174 5
175 176 9
175 177 9
176 178 10
177 179 9
178 177 11
179 176 11
