0 29 2
1 0 2
2 1 2
3 2 2
4 3 2
5 4 2
6 5 2
7 6 2
8 7 2
9 8 2
10 9 2
11 10 2
12 11 2
13 12 2
14 13 2
15 14 2
16 15 2
17 16 2
18 17 2
19 18 2
20 19 2
21 20 2
22 21 2
23 22 2
24 23 2
25 24 2
26 25 2
27 26 2
28 27 2
29 28 2
30 0 1
31 30 9
31 34 11
32 30 9
32 33 11
33 31 10
34 32 10
35 1 1
36 35 9
36 39 11
37 35 9
37 38 11
38 36 10
39 37 10
40 2 1
40 41 5
42 41 5
43 41 5
44 41 5
45 3 1
46 45 9
46 49 11
47 45 9
47 48 11
48 46 10
49 47 10
50 4 1
51 50 9
51 54 11
52 50 9
52 53 11
53 51 10
54 52 10
55 5 1
55 56 5
57 56 5
58 56 5
59 56 5
60 6 1
61 60 9
61 64 11
62 60 9
62 63 11
63 61 10
64 62 10
65 7 1
66 65 9
66 69 11
67 65 9
67 68 11
68 66 10
69 67 10
70 8 1
70 71 5
72 71 5
73 71 5
74 71 5
75 9 1
76 75 9
76 79 11
77 75 9
77 78 11
78 76 10
79 77 10
80 10 1
81 80 9
81 84 11
82 80 9
82 83 11
83 81 10
84 82 10
85 11 1
85 86 5
87 86 5
88 86 5
89 86 5
90 12 1
91 90 9
91 94 11
92 90 9
92 93 11
93 91 10
94 92 10
95 13 1
96 95 9
96 99 11
97 95 9
97 98 11
98 96 10
99 97 10
100 14 1
100 101 5
102 101 5
103 101 5
104 101 5
105 15 1
106 105 9
106 109 11
107 105 9
107 108 11
108 106 10
109 107 10
110 16 1
111 110 9
111 114 11
112 110 9
112 113 11
113 111 10
114 112 10
115 17 1
115 116 5
117 116 5
118 116 5
119 116 5
120 18 1
121 120 9
121 124 11
122 120 9
122 123 11
123 121 10
124 122 10
125 19 1
126 125 9
126 129 11
127 125 9
127 128 11
128 126 10
129 127 10
130 20 1
130 131 5
132 131 5
133 131 5
134 131 5
135 21 1
136 135 9
136 139 11
137 135 9
137 138 11
138 136 10
139 137 10
140 22 1
141 140 9
141 144 11
142 140 9
142 143 11
143 141 10
144 142 10
145 23 1
145 146 5
147 146 5
148 146 5
149 146 5
150 24 1
151 150 9
151 154 11
152 150 9
152 153 11
153 151 10
154 152 10
155 25 1
156 155 9
156 159 11
157 155 9
157 158 11
158 156 10
159 157 10
160 26 1
160 161 5
162 161 5
163 161 5
164 161 5
165 27 1
166 165 9
166 169 11
167 165 9
167 168 11
168 166 10
169 167 10
170 28 1
171 170 9
171 174 11
172 170 9
172 173 11
173 171 10
174 172 10
175 29 1
175 176 5
177 176 5
178 176 5
179 176 5
