0 0
1 1
2 2
3 0
4 1
5 2
6 0
7 1
8 2
9 0
10 1
11 2
12 0
13 1
14 2
15 0
16 1
17 2
18 0
19 1
20 2
21 0
22 1
23 2
24 0
25 1
26 2
27 0
28 1
29 2
30 3
31 4
32 5
33 5
34 5
35 6
36 7
37 8
38 9
39 9
40 10
41 11
42 11
43 12
44 12
45 3
46 4
47 5
48 5
49 5
50 6
51 7
52 8
53 9
54 9
55 10
56 11
57 11
58 12
59 12
60 3
61 4
62 5
63 5
64 5
65 6
66 7
67 8
68 9
69 9
70 10
71 11
72 11
73 12
74 12
75 3
76 4
77 5
78 5
79 5
80 6
81 7
82 8
83 9
84 9
85 10
86 11
87 11
88 12
89 12
90 3
91 4
92 5
93 5
94 5
95 6
96 7
97 8
98 9
99 9
100 10
101 11
102 11
103 12
104 12
105 3
106 4
107 5
108 5
109 5
110 6
111 7
112 8
113 9
114 9
115 10
116 11
117 11
118 12
119 12
120 3
121 4
122 5
123 5
124 5
125 6
126 7
127 8
128 9
129 9
130 10
131 11
132 11
133 12
134 12
135 3
136 4
137 5
138 5
139 5
140 6
141 7
142 8
143 9
144 9
145 10
146 11
147 11
148 12
149 12
150 3
151 4
152 5
153 5
154 5
155 6
156 7
157 8
158 9
159 9
160 10
161 11
162 11
163 12
164 12
165 3
166 4
167 5
168 5
169 5
170 6
171 7
172 8
173 9
174 9
175 10
176 11
177 11
178 12
179 12
