0 1 2
0 30 1
1 2 2
1 35 1
2 3 2
2 40 1
3 4 2
3 45 1
4 5 2
4 50 1
5 6 2
5 55 1
6 7 2
6 60 1
7 8 2
7 65 1
8 9 2
8 70 1
9 10 2
9 75 1
10 11 2
10 80 1
11 12 2
11 85 1
12 13 2
12 90 1
13 14 2
13 95 1
14 15 2
14 100 1
15 16 2
15 105 1
16 17 2
16 110 1
17 18 2
17 115 1
18 19 2
18 120 1
19 20 2
19 125 1
20 21 2
20 130 1
21 22 2
21 135 1
22 23 2
22 140 1
23 24 2
23 145 1
24 25 2
24 150 1
25 26 2
25 155 1
26 27 2
26 160 1
27 28 2
27 165 1
28 29 2
28 170 1
29 0 2
29 175 1
30 31 9
30 32 9
31 33 10
32 34 10
33 32 11
34 31 11
35 36 6
36 37 7
38 37 8
39 37 8
41 40 5
41 42 5
41 43 5
41 44 5
45 46 9
45 47 9
46 48 10
47 49 10
48 47 11
49 46 11
50 51 6
51 52 7
53 52 8
54 52 8
56 55 5
56 57 5
56 58 5
56 59 5
60 61 9
60 62 9
61 63 10
62 64 10
63 62 11
64 61 11
65 66 6
66 67 7
68 67 8
69 67 8
71 70 5
71 72 5
71 73 5
71 74 5
75 76 9
75 77 9
76 78 10
77 79 10
78 77 11
79 76 11
80 81 6
81 82 7
83 82 8
84 82 8
86 85 5
86 87 5
86 88 5
86 89 5
90 91 9
90 92 9
91 93 10
92 94 10
93 92 11
94 91 11
95 96 6
96 97 7
98 97 8
99 97 8
101 100 5
101 102 5
101 103 5
101 104 5
105 106 9
105 107 9
106 108 10
107 109 10
108 107 11
109 106 11
110 111 6
111 112 7
113 112 8
114 112 8
116 115 5
116 117 5
116 118 5
116 119 5
120 121 9
120 122 9
121 123 10
122 124 10
123 122 11
124 121 11
125 126 6
126 127 7
128 127 8
129 127 8
131 130 5
131 132 5
131 133 5
131 134 5
135 136 9
135 137 9
136 138 10
137 139 10
138 137 11
139 136 11
140 141 6
141 142 7
143 142 8
144 142 8
146 145 5
146 147 5
146 148 5
146 149 5
150 151 9
150 152 9
151 153 10
152 154 10
153 152 11
154 151 11
155 156 6
156 157 7
158 157 8
159 157 8
161 160 5
161 162 5
161 163 5
161 164 5
165 166 9
165 167 9
166 168 10
167 169 10
168 167 11
169 166 11
170 171 6
171 172 7
173 172 8
174 172 8
176 175 5
176 177 5
176 178 5
176 179 5
