1 0 1
2 1 1
3 2 1
4 3 1
5 4 1
6 5 1
7 6 1
8 7 1
9 8 1
10 9 1
11 10 1
12 11 1
13 12 1
14 13 1
15 14 1
16 15 1
17 16 1
18 17 1
19 18 1
20 0 1
21 20 2
22 21 2
22 23 3
22 24 3
25 2 1
25 26 2
27 26 2
28 26 2
29 26 2
30 4 1
31 30 2
32 31 2
32 33 3
32 34 3
35 6 1
36 35 2
36 39 4
37 35 2
37 38 4
38 36 3
39 37 3
40 8 1
41 40 2
42 41 2
42 43 3
42 44 3
45 10 1
46 45 2
47 46 2
47 48 3
47 49 3
50 12 1
50 51 2
52 51 2
53 51 2
54 51 2
55 14 1
55 56 2
57 56 2
58 56 2
59 56 2
60 16 1
60 61 2
62 61 2
63 61 2
64 61 2
65 18 1
66 65 2
66 69 4
67 65 2
67 68 4
68 66 3
69 67 3
