0 29
1 0
2 1
3 2
4 3
5 4
6 5
7 6
8 7
9 8
10 9
11 10
12 11
13 12
14 13
15 14
16 15
17 16
18 17
19 18
20 19
21 20
22 21
23 22
24 23
25 24
26 25
27 26
28 27
29 28
30 0
31 30
32 31
32 33
32 34
35 2
35 36
37 36
38 36
39 36
40 4
41 40
41 44
42 40
42 43
43 41
44 42
45 6
46 45
47 46
47 48
47 49
50 8
50 51
52 51
53 51
54 51
55 10
56 55
56 59
57 55
57 58
58 56
59 57
60 12
61 60
61 64
62 60
62 63
63 61
64 62
65 14
65 66
67 66
68 66
69 66
70 16
70 71
72 71
73 71
74 71
75 18
76 75
77 76
77 78
77 79
80 20
81 80
82 81
82 83
82 84
85 22
86 85
87 86
87 88
87 89
90 24
90 91
92 91
93 91
94 91
95 26
96 95
96 99
97 95
97 98
98 96
99 97
100 28
101 100
101 104
102 100
102 103
103 101
104 102
