0 1 
0 30 
1 2 
1 35 
2 3 
2 40 
3 4 
3 45 
4 5 
4 50 
5 6 
5 55 
6 7 
6 60 
7 8 
7 65 
8 9 
8 70 
9 10 
9 75 
10 11 
10 80 
11 12 
11 85 
12 13 
12 90 
13 14 
13 95 
14 15 
14 100 
15 16 
15 105 
16 17 
16 110 
17 18 
17 115 
18 19 
18 120 
19 20 
19 125 
20 21 
20 130 
21 22 
21 135 
22 23 
22 140 
23 24 
23 145 
24 25 
24 150 
25 26 
25 155 
26 27 
26 160 
27 28 
27 165 
28 29 
28 170 
29 0 
29 175 
30 31 
31 32 
33 32 
34 32 
36 35 
36 37 
36 38 
36 39 
41 40 
41 42 
41 43 
41 44 
43 40 
46 47 
47 48 
48 47 
49 47 
51 50 
51 52 
51 53 
51 54 
56 55 
56 57 
56 58 
56 59 
60 61 
61 62 
63 61 
63 62 
64 62 
66 65 
66 67 
66 68 
66 69 
71 70 
71 72 
71 73 
71 74 
74 72 
75 76 
76 77 
78 77 
79 77 
81 80 
81 82 
81 83 
81 84 
86 85 
86 87 
86 88 
86 89 
90 91 
91 92 
93 92 
94 92 
96 95 
96 97 
96 98 
96 99 
99 98 
101 100 
101 102 
101 103 
101 104 
104 101 
105 106 
106 107 
108 107 
109 107 
111 110 
111 112 
111 113 
111 114 
116 115 
116 117 
116 118 
116 119 
120 121 
121 122 
123 122 
124 122 
126 125 
126 127 
126 128 
126 129 
131 130 
131 132 
131 133 
131 134 
135 136 
136 137 
138 137 
139 137 
141 140 
141 142 
141 143 
141 144 
146 145 
146 147 
146 148 
146 149 
150 151 
151 152 
153 152 
154 152 
156 155 
156 157 
156 158 
156 159 
161 160 
161 162 
161 163 
161 164 
165 166 
166 167 
168 166 
168 167 
169 167 
169 168 
171 170 
171 172 
171 173 
171 174 
176 175 
176 177 
176 178 
176 179 
